correlation level (red against blue): 
-0.600543
0.297322
0.805095
0.685037
-0.463366
0.327188
-0.60312
-0.459863
0.220978
0.549498
0.704078
0.427577
-0.420942
0.0805235
0.399241
0.111346
-0.355144
0.291331
0.424668
0.290206
0.465871
0.193668
0.710372
-0.135762
-0.338273
0.246754
0.299689
-0.40442
-0.170343
0.183477
0.186372
-0.121729
0.539315
0.518074
-0.162441
0.204673
0.163967
-0.0487058
0.341973
0.594123
0.740193
-0.114568
0.36119
-0.110227
0.687027
0.487942
0.130532
0.37261
0.483112
0.1061
-0.205398
-0.509452
0.481615
0.346914
0.346228
-0.119744
-0.22983
0.212952
-0.230238
-0.0829369
-0.210192
-0.523142
-0.405168
0.0534683
0.230067
-0.0727404
0.496938
-0.421218
0.406742
0.17157
-0.428516
0.208106
0.269019
0.365775
-0.299085
0.0915991
-0.12237
-0.197983
0.280856
0.131435
0.151112
-0.272185
0.139179
-0.339631
-0.0505496
0.710718
0.295931
0.267401
0.12252
0.0371696
0.21742
-0.532815
0.225499
-0.401132
0.033952
-0.514
-0.341977
-0.021976
-0.181716
-0.0714952
0.0790555
-0.0494501
-0.0556002
0.449787
-0.31819
-0.102303
0.0471218
-0.113485
0.325792
0.0461843
0.335801
0.496627
0.062206
-0.351914
0.252284
-0.660619
0.134296
0.0671343
0.188723
0.427647
0.0856719
-0.429929
0.118486
0.217378
-0.0670108
-0.0373895
-0.0627163
0.331195
0.399422
0.0293349
0.0730266
0.156812
0.521183
0.179286
0.0539342
-0.0168091
0.0783082
0.234196
-0.413983
0.471292
-0.377879
0.00125263
0.362306
-0.0724838
-0.0582989
0.169667
0.34896
0.214582
-0.309138
0.267162
0.073195
0.414637
0.404509
-0.0202654
0.049637
0.0637929
-0.00458142
0.478665
0.360561
0.225902
0.0406604
-0.0209359
0.0855476
0.396864
0.589863
0.160392
0.416749
0.211051
0.204059
0.0221343
-0.0923184
-0.367835
0.0645111
0.284548
0.162545
0.246832
0.326341
-0.316026
0.533285
0.315418
0.332118
0.358637
0.337364
0.159556
-0.150286
-0.303635
0.559453
0.316462
0.276919
-0.232106
-0.0885576
0.166429
0.0641146
0.149538
0.330037
0.347934
-0.0476234
-0.248629
0.22129
-0.519915
0.648707
0.0183977
0.384878
0.0914951
-0.0277514
0.439946
0.200648
-0.207088
-0.0576431
0.544047
-0.353012
0.461413
0.254912
0.187692
0.317478
-0.244396
-0.0118506
0.324179
0.103775
0.410409
-0.0154254
0.177491
0.47822
-0.041564
0.309473
0.116138
-0.00618873
-0.0219707
0.339344
-0.0712595
0.259779
0.704187
0.204349
0.166376
-0.0862935
-0.126763
-0.115965
-0.0963283
0.00922472
-0.204047
-0.065515
0.127161
-0.0474963
0.103694
0.366144
-0.396588
-0.289591
0.392132
-0.284528
-0.152279
0.309676
-0.103375
-0.131305
0.0659536
-0.00934311
-0.555077
0.158428
0.367172
0.389313
0.802195
0.237104
0.276389
-0.372703
0.187414
0.289874
-0.183184
-0.217098
0.0986126
-0.190809
0.0468527
0.121242
-0.156832
-0.0704972
0.175023
0.114208
-0.299872
-0.126067
-0.20721
0.0171015
-0.0029555
0.166399
0.284631
0.159774
0.159015
-0.034093
-0.279602
0.469585
0.113405
0.198143
0.0620281
0.602016
0.209662
-0.0404597
-0.114782
0.461229
-0.170912
0.162723
0.301157
0.11988
0.0148725
-0.106055
-0.0954373
-0.00750449
-0.0235209
0.275515
0.0555013
-0.105146
-0.0401851
0.186662
-0.128349
0.302683
-0.19862
-0.173405
0.209357
0.172771
0.146796
0.139801
0.275984
-0.0459934
0.379982
-0.127981
-0.0821281
-0.297459
-0.0999864
0.0573956
0.48261
0.0560086
0.141805
-0.118719
0.117135
0.389897
0.45105
0.0245863
0.0587047
0.0117097
0.00640847
0.0523204
0.548125
0.0440368
0.146193
-0.121931
0.02536
-0.419693
-0.0268347
0.559974
-0.444832
0.359557
0.177535
0.00538052
0.390739
-0.117858
0.192145
0.0616877
0.284529
0.170104
0.204228
0.0244121
-0.127071
0.0567799
-0.303709
0.0971902
0.0602675
-0.0448307
0.332671
0.0928296
0.260653
0.0465007
0.164886
-0.0190674
0.243648
-0.228853
-0.118976
0.470378
-0.10714
-0.0349863
-0.165902
0.594302
-0.273962
0.288307
-0.131585
0.30063
-0.0894127
-0.278098
0.196526
-0.063885
0.0459255
0.608984
0.11677
-0.313481
0.0856636
-0.357162
0.166901
0.0768916
-0.154915
0.4926
0.0789224
0.362929
0.306284
-0.508703
-0.201661
0.196622
0.135081
-0.312591
-0.121106
0.168465
-0.189726
0.209292
-0.107395
0.612323
-0.256087
-0.12298
0.531278
0.525598
-0.134201
0.209503
0.147405
0.243777
0.0995681
-0.0663973
0.228274
0.00378679
0.239
-0.344575
-0.121426
0.206772
0.298686
0.210574
-0.324384
0.0325271
0.195042
0.491437
0.0359905
0.0469162
-0.073938
-0.169813
-0.028385
-0.09907
0.218064
-0.194531
-0.211253
0.0256658
-0.324557
0.183912
0.0641502
0.550399
0.162156
-0.301839
0.0558044
-0.16836
-0.113469
0.420687
0.0883415
-0.138985
0.482102
0.159362
-0.257509
-0.135932
0.279995
-0.00480809
0.0490886
0.380083
-0.276683
0.157618
-0.02834
-0.198536
-0.148262
0.178288
-0.192995
0.513129
-0.264542
0.150163
-0.0337845
0.170877
-0.181146
-0.203422
-0.0897965
0.00637825
0.0522707
0.122709
0.214049
0.245829
-0.33645
0.21864
0.272915
0.292927
0.327698
0.550159
-0.0696606
0.0131263
0.322425
0.107935
0.467736
0.143266
0.0251343
0.394395
-0.0817002
0.147612
0.0960459
