"[DEBUG]index 0 centroid... "
0 0.250935
1 0.329804
2 0.279131
3 0.409458
4 0.342906
5 0.174691
6 0.306542
7 0.435654
8 0.0926355
9 0.013215
10 0.0524673
11 0.0106542
12 0.124178
13 -0.0680467
14 0.00805607
15 0.0531308
16 0.0329439
17 0.0133084
18 0.146654
19 0.174056
20 0.115252
21 0.319738
22 0.185206
23 0.278757
24 0.34228
25 0.316878
26 0.430748
27 0.0789532
28 0.286897
29 0.208692
"[DEBUG]index 1 centroid... "
0 0.0571695
1 0.187593
2 0.208763
3 0.32839
4 0.0979831
5 0.196356
6 0.351339
7 0.104814
8 0.193525
9 0.368068
10 -0.0122034
11 0.000118649
12 0.00922034
13 0.279542
14 0.259661
15 0.474932
16 0.385593
17 0.456085
18 0.619458
19 0.497407
20 0.648085
21 0.371729
22 0.535542
23 0.384542
24 0.253949
25 0.338187
26 0.115441
27 0.340915
28 0.360169
29 0.286356
"[DEBUG]index 2 centroid... "
0 0.134626
1 0.0665868
2 0.148143
3 0.0995227
4 0.168549
5 0.0533036
6 0.0996291
7 0.179914
8 0.0817543
9 0.0988247
10 0.130038
11 0.0903569
12 0.190138
13 0.102455
14 0.096892
15 0.140156
16 0.127715
17 0.0909734
18 0.0467355
19 0.0900219
20 0.178371
21 0.0689859
22 0.153862
23 0.0293756
24 0.121699
25 0.0660281
26 0.134064
27 0.110734
28 0.0501408
29 0.124161
"[DEBUG]index 3 centroid... "
0 0.0939333
1 0.1063
2 -0.100533
3 -0.205833
4 0.395533
5 -0.176533
6 -0.0483667
7 0.0404
8 -0.0910333
9 0.1803
10 0.0706
11 0.128
12 -0.0480333
13 0.203567
14 0.4573
15 0.0552666
16 0.271167
17 0.154733
18 0.204567
19 0.189067
20 0.266633
21 0.102067
22 0.275267
23 0.267967
24 0.4018
25 0.0633333
26 0.393433
27 0.254133
28 0.0973334
29 0.188767
"[DEBUG]index 4 centroid... "
0 0.130978
1 0.15983
2 0.12363
3 0.113036
4 0.143449
5 0.104581
6 0.0774476
7 0.159132
8 0.112169
9 0.138808
10 0.145092
11 0.12892
12 0.0914222
13 0.142889
14 0.114767
15 0.117606
16 0.116044
17 0.161999
18 0.106529
19 0.123709
20 0.168711
21 0.050049
22 0.146721
23 0.149249
24 0.118834
25 0.110665
26 0.128916
27 0.0976404
28 0.121703
29 0.0964235
"[DEBUG]index 5 centroid... "
0 0.132759
1 0.120874
2 0.12327
3 0.135936
4 0.179761
5 0.153834
6 0.141347
7 0.207238
8 0.120281
9 0.108334
10 0.167597
11 0.14209
12 0.0923028
13 0.20154
14 0.135759
15 0.164206
16 0.155923
17 0.137142
18 0.153678
19 0.0777835
20 0.167786
21 0.154162
22 0.144576
23 0.17356
24 0.153352
25 0.134199
26 0.145158
27 0.17805
28 0.190142
29 0.199547
"[DEBUG]index 6 centroid... "
0 0.162293
1 0.124839
2 0.121288
3 0.15883
4 0.181021
5 0.116927
6 0.142617
7 0.167761
8 0.0523079
9 0.150808
10 0.0847367
11 0.0173496
12 0.154494
13 0.123022
14 0.0926
15 0.147291
16 0.137579
17 0.139229
18 0.101422
19 0.166948
20 0.197886
21 0.138787
22 0.23286
23 0.237111
24 0.19543
25 0.217164
26 0.206123
27 0.193059
28 0.216381
29 0.191445
"[DEBUG]index 7 centroid... "
0 0.148077
1 0.216962
2 0.143628
3 0.259891
4 0.232942
5 0.213667
6 0.172526
7 0.162961
8 0.233199
9 0.184321
10 0.167808
11 0.23625
12 0.25009
13 0.270321
14 0.20157
15 0.102397
16 0.191263
17 0.195436
18 0.299404
19 0.281147
20 0.168404
21 0.371602
22 0.448782
23 0.287135
24 0.481769
25 0.435064
26 0.433051
27 0.381872
28 0.218211
29 0.144269
"[DEBUG]index 8 centroid... "
0 0.145893
1 0.13979
2 0.137557
3 0.119965
4 0.158436
5 0.118914
6 0.110146
7 0.15542
8 0.0565083
9 0.163831
10 0.114654
11 0.125021
12 0.148914
13 0.0899467
14 0.121898
15 0.0666879
16 0.146048
17 0.0657226
18 0.115797
19 0.172845
20 0.0657686
21 0.186151
22 0.168893
23 0.133909
24 0.159645
25 0.158783
26 0.160448
27 0.162403
28 0.168917
29 0.180473
"[DEBUG]index 9 centroid... "
0 0.125915
1 0.155696
2 0.12617
3 0.12229
4 0.200721
5 0.0934904
6 0.157895
7 0.154268
8 0.0531588
9 0.120704
10 0.150673
11 0.0630867
12 0.141666
13 0.106486
14 0.173963
15 0.102201
16 0.11341
17 0.157277
18 0.20298
19 0.119739
20 0.179711
21 0.1879
22 0.156955
23 0.207289
24 0.142817
25 0.173606
26 0.188632
27 0.167489
28 0.185831
29 0.149957
"[DEBUG]index 10 centroid... "
0 0.133226
1 0.158315
2 0.159773
3 0.143568
4 0.233135
5 0.177691
6 0.200106
7 0.242525
8 0.0826074
9 0.129173
10 0.167929
11 0.133761
12 0.234533
13 0.111964
14 0.164002
15 0.132045
16 0.0832165
17 0.175735
18 0.167942
19 0.129942
20 0.145509
21 0.178016
22 0.133149
23 0.184067
24 0.152437
25 0.128845
26 0.23679
27 0.140859
28 0.179997
29 0.135695
"[DEBUG]index 11 centroid... "
0 0.180085
1 0.12456
2 0.131244
3 0.150875
4 0.173515
5 0.114705
6 0.120353
7 0.131212
8 0.100822
9 0.13375
10 0.0751385
11 0.117687
12 0.119281
13 0.0817393
14 0.173159
15 0.118601
16 0.148715
17 0.117244
18 0.0635468
19 0.101238
20 0.0782407
21 0.110217
22 0.100266
23 0.120787
24 0.145179
25 0.115167
26 0.109856
27 0.143614
28 0.1088
29 0.133743
"[DEBUG]index 12 centroid... "
0 0.152634
1 0.149259
2 0.171418
3 0.136255
4 0.168838
5 0.108899
6 0.115365
7 0.166822
8 0.0620237
9 0.135693
10 0.14049
11 0.0992305
12 0.156616
13 0.111553
14 0.14286
15 0.172446
16 0.0710979
17 0.150917
18 0.135134
19 0.0588633
20 0.187409
21 0.171567
22 0.116096
23 0.184516
24 0.165642
25 0.153472
26 0.17719
27 0.157527
28 0.171026
29 0.168797
"[DEBUG]index 13 centroid... "
0 0.161228
1 0.157228
2 0.139634
3 0.129785
4 0.212899
5 0.119518
6 0.0607682
7 0.0315458
8 0.0784672
9 0.0694673
10 0.0935046
11 0.133471
12 0.0752038
13 0.0964448
14 0.130624
15 0.0863177
16 0.0962729
17 0.0327103
18 0.114804
19 0.202534
20 0.0922505
21 0.182542
22 0.235097
23 0.174587
24 0.209867
25 0.253933
26 0.293103
27 0.261922
28 0.274819
29 0.286907
"[DEBUG]index 14 centroid... "
0 0.190432
1 0.10809
2 0.141445
3 0.0643382
4 0.163434
5 0.0306817
6 0.0271501
7 0.141768
8 0.153083
9 0.171598
10 0.132593
11 0.107251
12 0.17298
13 0.0853309
14 0.101573
15 0.144559
16 0.12234
17 0.0680524
18 0.108736
19 0.104411
20 0.109953
21 0.146635
22 0.0890634
23 0.153302
24 0.117367
25 0.0718608
26 0.119788
27 0.0749765
28 0.190496
29 0.122456
"[DEBUG]index 15 centroid... "
0 0.196433
1 0.154636
2 0.16592
3 0.132926
4 0.18024
5 0.194146
6 0.117736
7 0.154519
8 0.15475
9 0.0850882
10 0.133554
11 0.0504024
12 0.0981824
13 0.154423
14 0.0348339
15 0.163972
16 0.124221
17 0.117554
18 0.16561
19 0.136344
20 0.212359
21 0.139635
22 0.123838
23 0.227717
24 0.175781
25 0.241428
26 0.20626
27 0.173827
28 0.18673
29 0.208744
"[DEBUG]index 16 centroid... "
0 0.134511
1 0.148002
2 0.156826
3 0.124892
4 0.189123
5 0.141875
6 0.100007
7 0.172432
8 0.0762977
9 0.157066
10 0.134278
11 0.124526
12 0.204512
13 0.150039
14 0.177744
15 0.199559
16 0.1149
17 0.170012
18 0.171851
19 0.0858061
20 0.189906
21 0.147724
22 0.13867
23 0.154889
24 0.152521
25 0.158968
26 0.13173
27 0.167603
28 0.122843
29 0.14743
"[DEBUG]index 17 centroid... "
0 0.151724
1 0.188733
2 0.193881
3 0.0952667
4 0.165872
5 0.141301
6 0.175406
7 0.269449
8 0.10519
9 0.194227
10 0.211009
11 0.0876211
12 0.224561
13 0.171019
14 0.168477
15 0.12508
16 0.162858
17 0.1997
18 0.0716951
19 0.159496
20 0.221609
21 0.0768266
22 0.174696
23 0.191147
24 0.141231
25 0.186954
26 0.163953
27 0.135639
28 0.158582
29 0.190557
"[DEBUG]index 18 centroid... "
0 0.175405
1 0.166905
2 0.184365
3 0.183021
4 0.192218
5 0.144898
6 0.162565
7 0.193952
8 0.0705525
9 0.155896
10 0.206234
11 0.078155
12 0.178861
13 0.194691
14 0.105361
15 0.180356
16 0.168455
17 0.0737272
18 0.157225
19 0.169599
20 0.147359
21 0.136222
22 0.20128
23 0.168579
24 0.128364
25 0.130594
26 0.166145
27 0.156123
28 0.16666
29 0.195467
"[DEBUG]index 19 centroid... "
0 0.194055
1 0.161266
2 0.242873
3 0.190079
4 0.253548
5 0.194827
6 0.170894
7 0.287227
8 0.200843
9 0.177921
10 0.186249
11 0.197861
12 0.188618
13 0.244142
14 0.155831
15 0.232382
16 0.172318
17 0.203542
18 0.184757
19 0.12717
20 0.184361
21 0.203955
22 0.185737
23 0.18167
24 0.153006
25 0.21249
26 0.231928
27 0.223203
28 0.1851
29 0.186158
"[DEBUG]index 20 centroid... "
0 0.264246
1 0.183029
2 0.111038
3 0.133073
4 0.169038
5 0.044783
6 0.104246
7 0.19893
8 0.108416
9 0.101123
10 0.122827
11 0.0654252
12 0.137757
13 0.176466
14 0.138625
15 0.230452
16 0.178393
17 0.00697948
18 0.125525
19 0.153657
20 0.255352
21 0.218252
22 0.165956
23 0.113818
24 0.179548
25 0.222769
26 0.179542
27 0.192355
28 0.195713
29 0.130677
"[DEBUG]index 21 centroid... "
0 0.155598
1 0.15336
2 0.159486
3 0.133367
4 0.180997
5 0.110998
6 0.113771
7 0.179361
8 0.0433682
9 0.163594
10 0.158197
11 0.0644576
12 0.198615
13 0.161217
14 0.118805
15 0.174369
16 0.169442
17 0.132378
18 0.191272
19 0.182489
20 0.143837
21 0.211579
22 0.176967
23 0.164398
24 0.196493
25 0.157411
26 0.169095
27 0.156724
28 0.150682
29 0.159214
"[DEBUG]index 22 centroid... "
0 0.170578
1 0.181949
2 0.161866
3 0.157386
4 0.194356
5 0.134938
6 0.136172
7 0.167157
8 0.0649771
9 0.12655
10 0.177136
11 0.13922
12 0.124307
13 0.155927
14 0.164891
15 0.10253
16 0.168957
17 0.150909
18 0.122162
19 0.219159
20 0.138584
21 0.123858
22 0.220525
23 0.185569
24 0.193531
25 0.233175
26 0.202008
27 0.183202
28 0.17026
29 0.203435
"[DEBUG]index 23 centroid... "
0 0.158027
1 0.156741
2 0.136932
3 0.149256
4 0.188203
5 0.104752
6 0.122268
7 0.188031
8 0.11012
9 0.127426
10 0.135
11 0.0849353
12 0.10737
13 0.135334
14 0.0434549
15 0.156543
16 0.108789
17 0.15132
18 0.20038
19 0.160794
20 0.185027
21 0.21533
22 0.18635
23 0.216884
24 0.193696
25 0.208324
26 0.210842
27 0.215872
28 0.180946
29 0.156474
"[DEBUG]index 24 centroid... "
0 0.162653
1 0.158241
2 0.148146
3 0.12966
4 0.189225
5 0.0985838
6 0.130554
7 0.20684
8 0.0468793
9 0.178014
10 0.138174
11 0.0757433
12 0.166039
13 0.0944234
14 0.166354
15 0.0847223
16 0.138345
17 0.176412
18 0.0688998
19 0.189862
20 0.164339
21 0.147117
22 0.184967
23 0.177627
24 0.201082
25 0.195157
26 0.194413
27 0.207437
28 0.178746
29 0.180426
"[DEBUG]index 25 centroid... "
0 0.134142
1 0.132003
2 0.13125
3 0.127352
4 0.188242
5 0.10312
6 0.0942705
7 0.129276
8 0.028067
9 0.110476
10 0.0849784
11 0.097051
12 0.131823
13 0.147679
14 0.193382
15 0.177405
16 0.221852
17 0.212154
18 0.230443
19 0.266902
20 0.224121
21 0.248383
22 0.274867
23 0.228651
24 0.211876
25 0.193865
26 0.187182
27 0.151713
28 0.155546
29 0.179219
"[DEBUG]index 26 centroid... "
0 0.134591
1 0.168807
2 0.146098
3 0.111776
4 0.165095
5 0.13467
6 0.158578
7 0.308707
8 0.0765462
9 0.184509
10 0.163272
11 0.155364
12 0.19942
13 0.0911662
14 0.207478
15 0.201058
16 0.197343
17 0.195269
18 0.201858
19 0.196565
20 0.225435
21 0.186127
22 0.0252296
23 0.106997
24 0.13171
25 0.0553192
26 0.0797836
27 0.210702
28 0.132443
29 0.0818786
"[DEBUG]index 27 centroid... "
0 0.208916
1 0.200975
2 0.169434
3 0.164093
4 0.17272
5 0.121647
6 0.146724
7 0.165218
8 0.0544191
9 0.138775
10 0.181649
11 0.0647336
12 0.122208
13 0.0853682
14 0.141876
15 0.0987886
16 0.0922235
17 0.116672
18 0.103218
19 0.117454
20 0.0881522
21 0.16071
22 0.174446
23 0.160067
24 0.179512
25 0.222943
26 0.185111
27 0.238889
28 0.228229
29 0.187286
"[DEBUG]index 28 centroid... "
0 0.21846
1 0.163358
2 0.186404
3 0.165857
4 0.173866
5 0.134409
6 0.198358
7 0.195892
8 0.0650089
9 0.172599
10 0.11881
11 0.096216
12 0.182072
13 0.0130499
14 0.186864
15 0.115655
16 0.103104
17 0.149607
18 0.114843
19 0.124154
20 0.10199
21 0.157366
22 0.12147
23 0.186037
24 0.199141
25 0.144517
26 0.166601
27 0.201071
28 0.214605
29 0.174604
"[DEBUG]index 29 centroid... "
0 0.144744
1 0.200266
2 0.193301
3 0.161125
4 0.185383
5 0.0998993
6 0.169994
7 0.14829
8 0.0760554
9 0.204217
10 0.1233
11 0.0794448
12 0.122586
13 0.0489354
14 0.144502
15 0.140003
16 0.0901581
17 0.155719
18 0.165938
19 0.115358
20 0.170603
21 0.197622
22 0.228836
23 0.203559
24 0.25493
25 0.235976
26 0.249128
27 0.208953
28 0.230858
29 0.197149
"[DEBUG]index 30 centroid... "
0 0.157177
1 0.104004
2 0.109351
3 0.0899674
4 0.164109
5 0.11318
6 0.0853442
7 0.162814
8 0.0898886
9 0.108556
10 0.114892
11 0.127253
12 0.120704
13 0.162307
14 0.105906
15 0.158023
16 0.178302
17 0.028231
18 0.157124
19 0.0905526
20 0.120317
21 0.135084
22 0.065517
23 0.139077
24 0.154104
25 0.100817
26 0.163003
27 0.110147
28 0.110678
29 0.1106
"[DEBUG]index 31 centroid... "
0 0.142084
1 0.140456
2 0.153889
3 0.141468
4 0.171495
5 0.131483
6 0.115532
7 0.178687
8 0.102833
9 0.144384
10 0.149997
11 0.159369
12 0.145105
13 0.173759
14 0.179949
15 0.146186
16 0.217817
17 0.182234
18 0.171016
19 0.206258
20 0.203934
21 0.211028
22 0.219105
23 0.208302
24 0.208682
25 0.206609
26 0.198858
27 0.190549
28 0.186547
29 0.186695
"[DEBUG]index 32 centroid... "
0 0.15782
1 0.111778
2 0.192597
3 0.0999722
4 0.155886
5 0.103385
6 0.143709
7 0.200253
8 0.0296211
9 0.0972955
10 0.118326
11 0.132067
12 0.158526
13 0.0789071
14 0.186927
15 0.0775036
16 0.140273
17 0.141012
18 0.0721152
19 0.138725
20 0.149015
21 0.109711
22 0.131712
23 0.115871
24 0.102944
25 0.0991685
26 0.127186
27 0.15865
28 0.169991
29 0.186907
"[DEBUG]index 33 centroid... "
0 0.158336
1 0.158595
2 0.140222
3 0.127701
4 0.159535
5 0.110011
6 0.133896
7 0.135722
8 0.0581837
9 0.13383
10 0.0724014
11 0.101941
12 0.142307
13 0.12435
14 0.198479
15 0.187886
16 0.129233
17 0.195858
18 0.169181
19 0.164371
20 0.200438
21 0.130127
22 0.180746
23 0.194562
24 0.171971
25 0.195317
26 0.19862
27 0.184376
28 0.175543
29 0.175593
"[DEBUG]index 34 centroid... "
0 0.178339
1 0.151818
2 0.147732
3 0.149811
4 0.198609
5 0.125717
6 0.152416
7 0.181771
8 0.092224
9 0.13865
10 0.168896
11 0.100798
12 0.151927
13 0.158418
14 0.0642526
15 0.18589
16 0.157421
17 0.0779118
18 0.199603
19 0.149541
20 0.137433
21 0.187977
22 0.165828
23 0.159766
24 0.142941
25 0.130804
26 0.193447
27 0.155675
28 0.199612
29 0.177428
"[DEBUG]index 35 centroid... "
0 0.170495
1 0.157116
2 0.115347
3 0.132968
4 0.159811
5 0.153484
6 0.144019
7 0.16026
8 0.0989839
9 0.0702742
10 0.0596899
11 0.1354
12 0.0947054
13 0.17042
14 0.168602
15 0.0536187
16 0.139038
17 0.10781
18 0.0666736
19 0.0927033
20 0.117389
21 0.0465833
22 0.113542
23 0.142233
24 0.108226
25 0.157587
26 0.126118
27 0.102956
28 0.161714
29 0.162363
"[DEBUG]index 36 centroid... "
0 0.110095
1 0.121839
2 0.137253
3 0.107625
4 0.1515
5 0.118088
6 0.0835585
7 0.14946
8 0.128291
9 0.062447
10 0.160098
11 0.118706
12 0.076265
13 0.178186
14 0.166326
15 0.124645
16 0.148687
17 0.159375
18 0.187778
19 0.149215
20 0.210064
21 0.234884
22 0.17666
23 0.213645
24 0.198935
25 0.18072
26 0.177102
27 0.162187
28 0.162249
29 0.15351
"[DEBUG]index 37 centroid... "
0 0.127551
1 0.114661
2 0.140583
3 0.0932383
4 0.148545
5 0.0898693
6 0.106987
7 0.168677
8 0.0649126
9 0.111967
10 0.154029
11 0.0930926
12 0.156239
13 0.150129
14 0.0674734
15 0.121223
16 0.128923
17 0.0514311
18 0.148763
19 0.124844
20 0.111572
21 0.154676
22 0.137189
23 0.158062
24 0.166337
25 0.186485
26 0.187374
27 0.191885
28 0.187686
29 0.184632
"[DEBUG]index 38 centroid... "
0 0.135058
1 0.166574
2 0.171755
3 0.110522
4 0.186071
5 0.117876
6 0.126486
7 0.181992
8 0.0923905
9 0.143359
10 0.146838
11 0.181877
12 0.139248
13 0.147738
14 0.186199
15 0.0657709
16 0.217594
17 0.176989
18 0.119246
19 0.170366
20 0.150405
21 0.121616
22 0.111994
23 0.165481
24 0.133075
25 0.117488
26 0.154104
27 0.118409
28 0.156868
29 0.151677
"[DEBUG]index 39 centroid... "
0 0.141819
1 0.149569
2 0.160459
3 0.130135
4 0.173818
5 0.107458
6 0.121665
7 0.150696
8 0.0239154
9 0.157121
10 0.138929
11 0.091259
12 0.160461
13 0.089752
14 0.123644
15 0.128235
16 0.0389452
17 0.13717
18 0.126616
19 0.0534232
20 0.160896
21 0.109536
22 0.127197
23 0.166278
24 0.154922
25 0.142588
26 0.161971
27 0.155682
28 0.202787
29 0.180435
"[DEBUG]index 40 centroid... "
0 0.159792
1 0.100794
2 0.123329
3 0.0625161
4 0.176857
5 0.111958
6 0.0840423
7 0.106452
8 -0.0265867
9 0.143825
10 0.132855
11 -0.0196552
12 0.0978852
13 0.12803
14 0.0901654
15 0.308367
16 0.210786
17 0.245917
18 0.293087
19 0.365097
20 0.271575
21 0.310194
22 0.332712
23 0.286268
24 0.267653
25 0.195143
26 0.228337
27 0.117609
28 0.230627
29 0.214161
"[DEBUG]index 41 centroid... "
0 0.174437
1 0.168762
2 0.174001
3 0.165481
4 0.194727
5 0.178712
6 0.122637
7 0.169832
8 0.116568
9 0.0762881
10 0.12511
11 0.050229
12 0.0981959
13 0.185671
14 0.123532
15 0.153232
16 0.182844
17 0.160795
18 0.1788
19 0.228714
20 0.247311
21 0.267483
22 0.305586
23 0.279681
24 0.314523
25 0.297768
26 0.291335
27 0.258973
28 0.228203
29 0.202662
"[DEBUG]index 42 centroid... "
0 0.148635
1 0.141918
2 0.132909
3 0.110512
4 0.16617
5 0.114139
6 0.0932566
7 0.154111
8 0.0848415
9 0.0681565
10 0.20643
11 0.101049
12 0.073075
13 0.185515
14 0.147064
15 0.164862
16 0.207197
17 0.135639
18 0.19523
19 0.165605
20 0.137923
21 0.204959
22 0.19731
23 0.165846
24 0.257604
25 0.173196
26 0.159863
27 0.198242
28 0.183203
29 0.194152
"[DEBUG]index 43 centroid... "
0 0.0968638
1 0.109843
2 0.104416
3 0.108299
4 0.147102
5 0.101995
6 0.111503
7 0.171669
8 0.0634872
9 0.15824
10 0.138868
11 0.0919806
12 0.168769
13 0.186835
14 0.0739072
15 0.207356
16 0.134497
17 0.128746
18 0.166821
19 0.0781815
20 0.134398
21 0.167346
22 0.0596936
23 0.154212
24 0.144615
25 0.111735
26 0.141183
27 0.12211
28 0.128274
29 0.114074
"[DEBUG]index 44 centroid... "
0 0.150757
1 0.166118
2 0.14631
3 0.131405
4 0.160237
5 0.111433
6 0.108604
7 0.134995
8 0.0569058
9 0.133613
10 0.0914693
11 0.145351
12 0.134314
13 0.141924
14 0.13176
15 0.131277
16 0.101391
17 0.0969056
18 0.0934875
19 0.0719893
20 0.136587
21 0.106379
22 0.128053
23 0.131655
24 0.146461
25 0.136515
26 0.12661
27 0.138518
28 0.14568
29 0.142597
"[DEBUG]index 45 centroid... "
0 0.129591
1 0.122683
2 0.144632
3 0.123907
4 0.148743
5 0.106917
6 0.096826
7 0.133965
8 0.0250085
9 0.152757
10 0.0802943
11 0.124999
12 0.101751
13 0.0551707
14 0.146334
15 0.0714059
16 0.135741
17 0.0868929
18 0.119083
19 0.0881833
20 0.0854097
21 0.151029
22 0.0544964
23 0.100417
24 0.135084
25 0.091984
26 0.146325
27 0.117036
28 0.134697
29 0.104257
"[DEBUG]index 46 centroid... "
0 0.152702
1 0.154689
2 0.166936
3 0.132095
4 0.17792
5 0.132167
6 0.145617
7 0.18776
8 0.120203
9 0.10369
10 0.162657
11 0.114247
12 0.124156
13 0.181215
14 0.135313
15 0.131983
16 0.16102
17 0.176663
18 0.129459
19 0.189468
20 0.185779
21 0.107419
22 0.177517
23 0.173016
24 0.172692
25 0.199428
26 0.177803
27 0.158814
28 0.168132
29 0.195163
"[DEBUG]index 47 centroid... "
0 0.144966
1 0.130948
2 0.134159
3 0.122638
4 0.162324
5 0.101932
6 0.112475
7 0.173175
8 0.038772
9 0.150227
10 0.150799
11 0.0506991
12 0.183877
13 0.122845
14 0.118955
15 0.123907
16 0.0896814
17 0.115069
18 0.0755123
19 0.112123
20 0.0847612
21 0.10352
22 0.121238
23 0.114212
24 0.154191
25 0.143696
26 0.127258
27 0.143969
28 0.130161
29 0.135592
"[DEBUG]index 48 centroid... "
0 0.154859
1 0.159022
2 0.153718
3 0.120062
4 0.176901
5 0.0998692
6 0.0892923
7 0.141999
8 0.0324037
9 0.12359
10 0.10142
11 0.103508
12 0.183554
13 0.0994427
14 0.155146
15 0.174034
16 0.111982
17 0.187115
18 0.153686
19 0.140173
20 0.192511
21 0.160164
22 0.181881
23 0.167867
24 0.165408
25 0.174369
26 0.16164
27 0.158178
28 0.159354
29 0.153651
"[DEBUG]index 49 centroid... "
0 0.103936
1 0.095254
2 0.136515
3 0.0428163
4 0.20244
5 0.0904833
6 0.0519063
7 0.181056
8 0.106499
9 0.143052
10 0.173356
11 0.0994982
12 0.135653
13 0.177753
14 0.0829433
15 0.187895
16 0.147713
17 0.122984
18 0.204237
19 0.207
20 0.226413
21 0.229795
22 0.210254
23 0.170601
24 0.228252
25 0.172382
26 0.19957
27 0.170131
28 0.139877
29 0.170527
"[DEBUG]index 50 centroid... "
0 0.152307
1 0.170144
2 0.139964
3 0.1583
4 0.17746
5 0.135797
6 0.15704
7 0.183214
8 0.0745688
9 0.159097
10 0.207398
11 0.0640007
12 0.188339
13 0.187887
14 0.0718915
15 0.198955
16 0.181425
17 0.0819065
18 0.21286
19 0.121036
20 0.168917
21 0.185126
22 0.122087
23 0.193185
24 0.171674
25 0.161717
26 0.172608
27 0.166438
28 0.147437
29 0.17188
"[DEBUG]index 51 centroid... "
0 0.144898
1 0.133597
2 0.165878
3 0.124593
4 0.170062
5 0.119336
6 0.137898
7 0.171216
8 0.0749961
9 0.15487
10 0.106949
11 0.0933914
12 0.161541
13 0.121369
14 0.126538
15 0.128558
16 0.134021
17 0.0996157
18 0.12535
19 0.102909
20 0.0848011
21 0.169945
22 0.104642
23 0.104792
24 0.140757
25 0.127482
26 0.150872
27 0.161643
28 0.130886
29 0.113158
"[DEBUG]index 52 centroid... "
0 0.140245
1 0.117014
2 0.13369
3 0.118043
4 0.16094
5 0.116262
6 0.151232
7 0.163907
8 0.0270578
9 0.179225
10 0.181171
11 0.00509102
12 0.197626
13 0.11417
14 0.0748054
15 0.169937
16 0.0709304
17 0.170079
18 0.162363
19 0.115645
20 0.203002
21 0.165655
22 0.170832
23 0.200065
24 0.192523
25 0.205099
26 0.173479
27 0.177729
28 0.160285
29 0.184088
"[DEBUG]index 53 centroid... "
0 0.186227
1 0.212167
2 0.317677
3 0.123036
4 0.208092
5 0.15039
6 0.256582
7 0.121976
8 0.126048
9 0.21649
10 0.256765
11 0.160378
12 0.155191
13 0.248291
14 0.141618
15 0.227888
16 0.207725
17 0.272665
18 0.139566
19 0.235697
20 0.225
21 0.248498
22 0.0989801
23 0.255916
24 0.132175
25 0.22045
26 0.172629
27 0.225637
28 0.161159
29 0.256705
"[DEBUG]index 54 centroid... "
0 0.312516
1 0.215625
2 0.162844
3 0.332328
4 0.433
5 0.308719
6 0.199328
7 0.252391
8 0.338953
9 0.392281
10 0.339578
11 0.162531
12 0.419266
13 0.356187
14 0.348859
15 0.358109
16 0.625813
17 0.174344
18 0.431984
19 0.360922
20 0.44925
21 0.56389
22 0.723015
23 0.518906
24 0.500797
25 0.421813
26 0.261719
27 0.219656
28 0.291734
29 0.275016
"[DEBUG]index 55 centroid... "
0 0.209914
1 0.194825
2 0.153817
3 0.0880484
4 0.114188
5 0.0824086
6 0.154621
7 0.0874705
8 0.0256774
9 0.0724463
10 0.13528
11 0.0215188
12 0.154094
13 0.180035
14 0.244301
15 0.091086
16 0.131761
17 0.172863
18 0.0510887
19 0.193191
20 0.112997
21 0.0362984
22 0.135363
23 0.140239
24 0.138661
25 0.259613
26 0.148992
27 0.112613
28 0.128142
29 0.231522
"[DEBUG]index 56 centroid... "
0 0.146461
1 0.147306
2 0.162165
3 0.118979
4 0.164554
5 0.104407
6 0.130561
7 0.206368
8 0.00405828
9 0.137316
10 0.146549
11 0.0163618
12 0.203885
13 0.047322
14 0.110319
15 0.149697
16 0.0875903
17 0.101955
18 0.215397
19 0.138801
20 0.139819
21 0.210399
22 0.157701
23 0.218566
24 0.223816
25 0.209486
26 0.252061
27 0.190705
28 0.208454
29 0.224642
"[DEBUG]index 57 centroid... "
0 0.178041
1 0.137461
2 0.154411
3 0.128886
4 0.160133
5 0.150106
6 0.0933229
7 0.103325
8 0.117949
9 0.0950587
10 0.165343
11 0.063982
12 0.114388
13 0.119726
14 0.137098
15 0.13097
16 0.0846023
17 0.179253
18 0.101869
19 0.109459
20 0.117462
21 0.119527
22 0.151419
23 0.15296
24 0.170631
25 0.147808
26 0.172919
27 0.17108
28 0.171741
29 0.17757
"[DEBUG]index 58 centroid... "
0 0.131098
1 0.135138
2 0.113421
3 0.100687
4 0.14308
5 0.0888393
6 0.111164
7 0.174141
8 0.0355361
9 0.148148
10 0.0732662
11 0.119945
12 0.156454
13 0.0342013
14 0.173177
15 0.0788147
16 0.127276
17 0.153994
18 0.0374578
19 0.1469
20 0.149089
21 0.121564
22 0.116752
23 0.13826
24 0.13748
25 0.152815
26 0.176963
27 0.180818
28 0.134588
29 0.139487
"[DEBUG]index 59 centroid... "
0 0.133784
1 0.121486
2 0.156149
3 0.111276
4 0.161511
5 0.110402
6 0.113205
7 0.173957
8 0.0833581
9 0.0951134
10 0.116516
11 0.099294
12 0.0957772
13 0.12444
14 0.0920228
15 0.101355
16 0.100774
17 0.0880791
18 0.111402
19 0.121202
20 0.0810614
21 0.158981
22 0.125667
23 0.118922
24 0.179991
25 0.137904
26 0.151653
27 0.143141
28 0.141815
29 0.156533
"[DEBUG]index 60 centroid... "
0 0.135531
1 0.0881578
2 0.173618
3 0.13328
4 0.126729
5 0.0748697
6 0.0317709
7 0.125953
8 0.0107342
9 0.138171
10 0.0471365
11 0.0767658
12 0.0821435
13 -0.000129333
14 0.156693
15 0.0323585
16 0.0780347
17 0.112831
18 0.0601557
19 0.181246
20 0.138568
21 0.203516
22 0.219128
23 0.207365
24 0.19633
25 0.250696
26 0.227034
27 0.176513
28 0.215695
29 0.23549
"[DEBUG]index 61 centroid... "
0 0.153374
1 0.150241
2 0.109638
3 0.108811
4 0.167592
5 0.134845
6 0.112574
7 0.155484
8 0.0241008
9 0.101108
10 0.131169
11 0.117416
12 0.156956
13 0.0976278
14 0.130617
15 0.124224
16 0.0874895
17 0.122539
18 0.123881
19 0.0200263
20 0.135627
21 0.0541957
22 0.102131
23 0.0959089
24 0.101238
25 0.0993299
26 0.0711363
27 0.105483
28 0.097232
29 0.117865
"[DEBUG]index 62 centroid... "
0 0.129857
1 0.148435
2 0.155719
3 0.127916
4 0.140413
5 0.0851573
6 0.130183
7 0.162215
8 0.0913824
9 0.12456
10 0.113879
11 0.130547
12 0.114724
13 0.15281
14 0.114426
15 0.0759142
16 0.117907
17 0.0501789
18 0.147384
19 0.104177
20 0.117654
21 0.134436
22 0.126676
23 0.124883
24 0.117191
25 0.134341
26 0.13367
27 0.155714
28 0.14923
29 0.12523
"[DEBUG]index 63 centroid... "
0 0.22656
1 0.316953
2 0.284591
3 0.223716
4 0.260881
5 0.254805
6 0.242779
7 0.240452
8 0.162652
9 0.172309
10 0.222605
11 0.248281
12 0.142574
13 0.166324
14 0.186158
15 0.0925154
16 0.089536
17 0.0568733
18 0.120972
19 0.202215
20 0.119451
21 0.211934
22 0.181186
23 0.201589
24 0.195175
25 0.196654
26 0.201376
27 0.176376
28 0.185873
29 0.197562
"[DEBUG]index 64 centroid... "
0 0.158924
1 0.159717
2 0.13936
3 0.110409
4 0.190148
5 0.131444
6 0.115903
7 0.121144
8 0.05473
9 0.114623
10 0.0568156
11 0.0996909
12 0.0414284
13 0.111561
14 0.15979
15 0.0549579
16 0.158423
17 0.0680257
18 0.0794958
19 0.139506
20 0.0510796
21 0.133271
22 0.0969656
23 0.121406
24 0.132184
25 0.118899
26 0.14085
27 0.141555
28 0.139054
29 0.171689
"[DEBUG]index 65 centroid... "
0 0.138754
1 0.153344
2 0.128321
3 0.133746
4 0.146708
5 0.120519
6 0.114175
7 0.175656
8 0.0355461
9 0.169286
10 0.0750238
11 0.110079
12 0.141718
13 0.113934
14 0.172307
15 0.14295
16 0.132954
17 0.141727
18 0.13907
19 0.188287
20 0.16322
21 0.112347
22 0.173426
23 0.177692
24 0.189474
25 0.217992
26 0.175384
27 0.121181
28 0.170201
29 0.114549
"[DEBUG]index 66 centroid... "
0 0.128906
1 0.149367
2 0.157602
3 0.136736
4 0.191115
5 0.115369
6 0.101719
7 0.104993
8 0.0742477
9 0.105778
10 0.0753051
11 0.0780625
12 0.0863807
13 0.0834051
14 0.0773875
15 0.143431
16 0.0470271
17 0.12406
18 0.101592
19 0.089453
20 0.180395
21 0.0876136
22 0.0946179
23 0.152597
24 0.109226
25 0.122343
26 0.140615
27 0.0895356
28 0.118531
29 0.166675
"[DEBUG]index 67 centroid... "
0 0.0928037
1 0.0891633
2 0.159262
3 0.124906
4 0.173673
5 0.105713
6 0.0437378
7 0.14758
8 0.0660403
9 0.183018
10 0.172148
11 -0.00505365
12 0.125126
13 0.119557
14 0.150751
15 0.212412
16 0.078189
17 0.128834
18 0.153905
19 0.0875536
20 0.129317
21 0.200244
22 0.116238
23 0.142078
24 0.145921
25 0.181323
26 0.173151
27 0.137873
28 0.110533
29 0.118277
"[DEBUG]index 68 centroid... "
0 0.140186
1 0.150878
2 0.14429
3 0.115861
4 0.185517
5 0.143881
6 0.13949
7 0.188239
8 0.132811
9 0.143159
10 0.169864
11 0.150065
12 0.154052
13 0.141706
14 0.12769
15 0.160022
16 0.132203
17 0.136524
18 0.167904
19 0.123127
20 0.175543
21 0.185028
22 0.16959
23 0.199457
24 0.196135
25 0.22578
26 0.219098
27 0.205414
28 0.203784
29 0.225
"[DEBUG]index 69 centroid... "
0 0.159032
1 0.201054
2 0.202273
3 0.16395
4 0.22459
5 0.0239852
6 0.141552
7 0.0991926
8 0.0602904
9 0.183074
10 -0.0299624
11 0.159782
12 0.149165
13 0.0524134
14 0.186351
15 -0.00841228
16 0.122873
17 0.146818
18 -0.0770194
19 0.189683
20 0.151349
21 0.049049
22 0.167211
23 0.130428
24 0.0924932
25 0.143907
26 0.190342
27 0.201399
28 0.144791
29 0.150281
"[DEBUG]index 70 centroid... "
0 0.151848
1 0.167888
2 0.147732
3 0.165026
4 0.17408
5 0.152657
6 0.0913289
7 0.149253
8 0.107048
9 0.115314
10 0.130462
11 0.127094
12 0.136144
13 0.160609
14 0.18316
15 0.147001
16 0.158005
17 0.175407
18 0.147458
19 0.129807
20 0.193743
21 0.186145
22 0.197783
23 0.218315
24 0.198724
25 0.210626
26 0.18496
27 0.161224
28 0.177111
29 0.174477
"[DEBUG]index 71 centroid... "
0 0.143176
1 0.144985
2 0.129624
3 0.111564
4 0.178387
5 0.12178
6 0.0977798
7 0.149579
8 0.0652184
9 0.133197
10 0.133789
11 0.103475
12 0.156659
13 0.147055
14 0.132901
15 0.1366
16 0.136578
17 0.131057
18 0.137417
19 0.108883
20 0.13567
21 0.12746
22 0.0893698
23 0.154767
24 0.125554
25 0.0946263
26 0.154114
27 0.120786
28 0.113448
29 0.128788
"[DEBUG]index 72 centroid... "
0 0.162745
1 0.138133
2 0.131211
3 0.116871
4 0.131893
5 0.125246
6 0.116732
7 0.13862
8 0.0651358
9 0.130578
10 0.0740322
11 0.126512
12 0.098893
13 0.131418
14 0.138814
15 0.0972284
16 0.16987
17 0.13584
18 0.155488
19 0.167074
20 0.182067
21 0.232244
22 0.204941
23 0.216276
24 0.220304
25 0.217392
26 0.235199
27 0.268825
28 0.195195
29 0.212342
"[DEBUG]index 73 centroid... "
0 0.17998
1 0.218036
2 0.206516
3 0.12647
4 0.230625
5 0.142039
6 0.135718
7 0.152334
8 0.0353721
9 0.139081
10 0.0737591
11 0.0922015
12 0.158351
13 0.141697
14 0.101168
15 0.14031
16 0.0944076
17 0.0874273
18 0.152254
19 0.112423
20 0.0887891
21 0.163307
22 0.168364
23 0.0898388
24 0.151861
25 0.150252
26 0.134578
27 0.192406
28 0.160106
29 0.16745
"[DEBUG]index 74 centroid... "
0 0.157776
1 0.146641
2 0.129647
3 0.107781
4 0.135845
5 0.0914329
6 0.115296
7 0.160416
8 0.0501439
9 0.132039
10 0.147215
11 0.02314
12 0.124468
13 0.0831712
14 0.0820871
15 0.147151
16 0.150776
17 0.182204
18 0.196738
19 0.207236
20 0.231948
21 0.214708
22 0.228804
23 0.238441
24 0.241596
25 0.237745
26 0.24089
27 0.199901
28 0.189634
29 0.173733
"[DEBUG]index 75 centroid... "
0 0.192814
1 0.129946
2 0.14317
3 0.0951183
4 0.12657
5 0.109796
6 0.0396362
7 0.0790394
8 0.0279659
9 0.142948
10 0.161832
11 0.144319
12 0.0922544
13 0.160331
14 0.155536
15 0.105416
16 0.178654
17 0.0675018
18 0.131007
19 0.148511
20 0.056405
21 0.0823584
22 0.146129
23 0.0902867
24 0.0881577
25 0.0835089
26 0.0791093
27 0.08681
28 0.0764731
29 0.102937
"[DEBUG]index 76 centroid... "
0 0.175584
1 0.12882
2 0.159687
3 0.125977
4 0.179948
5 0.113472
6 0.163342
7 0.213671
8 0.121216
9 0.122852
10 0.12925
11 0.168852
12 0.0815663
13 0.087358
14 0.138113
15 0.100998
16 0.15823
17 0.151123
18 0.136182
19 0.202677
20 0.157786
21 0.21459
22 0.247867
23 0.271163
24 0.267139
25 0.252539
26 0.245743
27 0.284939
28 0.243566
29 0.2179
"[DEBUG]index 77 centroid... "
0 0.172774
1 0.177542
2 0.166592
3 0.15743
4 0.183534
5 0.120025
6 0.11509
7 0.198312
8 0.0104951
9 0.174237
10 0.158729
11 0.0335951
12 0.175084
13 0.174555
14 0.0744435
15 0.152527
16 0.147267
17 0.0237999
18 0.171173
19 0.105883
20 0.0823237
21 0.202908
22 0.0760702
23 0.152012
24 0.164261
25 0.11757
26 0.18568
27 0.125184
28 0.140847
29 0.16339
"[DEBUG]index 78 centroid... "
0 0.16078
1 0.165234
2 0.135699
3 0.136245
4 0.163241
5 0.122026
6 0.134097
7 0.161498
8 0.0900387
9 0.146052
10 0.0861852
11 0.0378593
12 0.0744075
13 0.0277979
14 0.0809585
15 0.0760217
16 0.0827415
17 0.139624
18 0.141908
19 0.17567
20 0.202011
21 0.224497
22 0.239283
23 0.24043
24 0.219312
25 0.263757
26 0.258856
27 0.228153
28 0.210644
29 0.198481
"[DEBUG]index 79 centroid... "
0 0.111318
1 0.15009
2 0.204425
3 0.126204
4 0.225904
5 0.139575
6 0.104862
7 0.193114
8 0.0465114
9 0.17282
10 0.181639
11 0.197544
12 0.224701
13 0.146048
14 0.261332
15 0.197234
16 0.200524
17 0.242499
18 0.173922
19 0.193301
20 0.168256
21 0.175613
22 0.194787
23 0.168341
24 0.219724
25 0.183969
26 0.176487
27 0.112486
28 0.124204
29 0.181048
"[DEBUG]index 80 centroid... "
0 0.115207
1 0.133484
2 0.142721
3 0.0891483
4 0.148705
5 0.0722735
6 0.106175
7 0.191216
8 0.042282
9 0.147284
10 0.113175
11 0.135377
12 0.136393
13 0.0862497
14 0.177457
15 0.166532
16 0.166806
17 0.174063
18 0.16647
19 0.233423
20 0.181666
21 0.222254
22 0.237205
23 0.230654
24 0.18214
25 0.221601
26 0.184573
27 0.20067
28 0.191341
29 0.158767
"[DEBUG]index 81 centroid... "
0 0.151706
1 0.117733
2 0.188789
3 0.0985807
4 0.175417
5 0.145123
6 0.141724
7 0.155764
8 0.0611106
9 0.115079
10 0.126178
11 0.119223
12 0.146161
13 0.0802862
14 0.129815
15 0.101517
16 0.0908972
17 0.131717
18 0.0681456
19 0.161918
20 0.11552
21 0.0896504
22 0.108502
23 0.108662
24 0.166886
25 0.207138
26 0.166598
27 0.170389
28 0.149214
29 0.188742
"[DEBUG]index 82 centroid... "
0 0.112414
1 0.0810797
2 0.100118
3 0.0959652
4 0.163289
5 0.104409
6 0.125927
7 0.152082
8 0.0847408
9 0.128921
10 0.0795816
11 0.152183
12 0.208147
13 0.155526
14 0.206772
15 0.1186
16 0.148049
17 0.137681
18 0.0856141
19 0.102627
20 0.202688
21 0.0888301
22 0.168644
23 0.151579
24 0.138682
25 0.175042
26 0.216432
27 0.1904
28 0.20257
29 0.243378
"[DEBUG]index 83 centroid... "
0 0.145713
1 0.163101
2 0.179875
3 0.114528
4 0.200695
5 0.100068
6 0.101047
7 0.191018
8 0.100289
9 0.151267
10 0.132085
11 0.111231
12 0.155859
13 0.155105
14 0.147862
15 0.16234
16 0.103069
17 0.120341
18 0.163378
19 0.146669
20 0.131878
21 0.194362
22 0.169
23 0.114139
24 0.161269
25 0.115729
26 0.119893
27 0.133928
28 0.152864
29 0.156608
"[DEBUG]index 84 centroid... "
0 0.110278
1 0.142707
2 0.126088
3 0.121517
4 0.173584
5 0.0739454
6 0.0663301
7 0.09498
8 -0.0131144
9 0.0830936
10 0.0627278
11 0.100078
12 0.106094
13 -0.0104168
14 0.231321
15 0.210422
16 0.22387
17 0.302158
18 0.220568
19 0.269754
20 0.277458
21 0.239425
22 0.264099
23 0.265969
24 0.233134
25 0.220404
26 0.187238
27 0.196139
28 0.115496
29 0.0908969
"[DEBUG]index 85 centroid... "
0 0.12315
1 0.141102
2 0.149325
3 0.194005
4 0.165344
5 0.169029
6 0.0875699
7 0.133953
8 0.106857
9 0.0864753
10 0.115057
11 0.0678314
12 0.0929783
13 0.146547
14 0.0949531
15 0.140079
16 0.165067
17 0.0882852
18 0.124509
19 0.126214
20 0.119546
21 0.090535
22 0.115589
23 0.135733
24 0.116657
25 0.170017
26 0.15692
27 0.118771
28 0.150756
29 0.158722
"[DEBUG]index 86 centroid... "
0 0.1215
1 0.127453
2 0.137159
3 0.0940197
4 0.153781
5 0.0913902
6 0.0767648
7 0.138508
8 0.0347563
9 0.112025
10 0.115982
11 0.119405
12 0.203313
13 0.175661
14 0.214249
15 0.232268
16 0.24779
17 0.230273
18 0.276754
19 0.217429
20 0.227125
21 0.281023
22 0.204449
23 0.205941
24 0.18877
25 0.153173
26 0.149554
27 0.127425
28 0.149834
29 0.146393
"[DEBUG]index 87 centroid... "
0 0.134175
1 0.139043
2 0.169952
3 0.0781907
4 0.163289
5 0.122442
6 0.0792549
7 0.172599
8 0.0320633
9 0.14283
10 0.16125
11 0.0913147
12 0.1502
13 0.114474
14 0.179898
15 0.151181
16 0.0694428
17 0.116339
18 0.0749048
19 0.135913
20 0.192108
21 0.159297
22 0.175754
23 0.16949
24 0.128989
25 0.126329
26 0.220058
27 0.139421
28 0.160129
29 0.130385
"[DEBUG]index 88 centroid... "
0 0.141106
1 0.113943
2 0.147391
3 0.104766
4 0.156216
5 0.0826084
6 0.0853968
7 0.108139
8 0.014449
9 0.103566
10 0.0807254
11 0.0807834
12 0.134533
13 0.146561
14 0.129554
15 0.129386
16 0.113762
17 0.118259
18 0.169926
19 0.105488
20 0.137144
21 0.186003
22 0.13926
23 0.171483
24 0.184216
25 0.157922
26 0.212927
27 0.1454
28 0.157633
29 0.165975
"[DEBUG]index 89 centroid... "
0 0.154211
1 0.15907
2 0.154608
3 0.155342
4 0.159136
5 0.132214
6 0.116746
7 0.170833
8 0.0554831
9 0.045945
10 0.13935
11 0.0984766
12 0.16268
13 0.196716
14 0.121235
15 0.224764
16 0.185364
17 0.200219
18 0.250731
19 0.167737
20 0.228131
21 0.299634
22 0.242347
23 0.244642
24 0.274489
25 0.255391
26 0.224357
27 0.210488
28 0.2311
29 0.195601
"[DEBUG]index 90 centroid... "
0 0.126045
1 0.150567
2 0.158487
3 0.128919
4 0.13255
5 0.0978046
6 0.151915
7 0.148477
8 0.103187
9 0.106377
10 0.1037
11 0.0820433
12 0.0939199
13 0.1417
14 0.107811
15 0.187492
16 0.157972
17 0.0854368
18 0.138423
19 0.131855
20 0.142186
21 0.145786
22 0.186249
23 0.147022
24 0.189161
25 0.15475
26 0.160496
27 0.18839
28 0.187284
29 0.17976
"[DEBUG]index 91 centroid... "
0 0.169586
1 0.115175
2 0.147023
3 0.129029
4 0.1574
5 0.120873
6 0.0996297
7 0.0893068
8 0.0648488
9 0.114776
10 0.0881535
11 0.146217
12 0.119188
13 0.110264
14 0.13574
15 0.0375646
16 0.0773168
17 0.0990159
18 0.0859996
19 0.0415717
20 0.146605
21 0.110494
22 0.0626429
23 0.177316
24 0.0879574
25 0.119129
26 0.0875237
27 0.116704
28 0.124375
29 0.138796
"[DEBUG]index 92 centroid... "
0 0.16089
1 0.149226
2 0.168149
3 0.160428
4 0.17401
5 0.113171
6 0.132673
7 0.207349
8 0.0465839
9 0.116895
10 0.146648
11 0.0124824
12 0.185768
13 0.0854547
14 0.0495931
15 0.14701
16 0.0422227
17 0.112213
18 0.122845
19 0.0838816
20 0.159056
21 0.144771
22 0.138585
23 0.176755
24 0.185356
25 0.167999
26 0.186937
27 0.197191
28 0.190107
29 0.196463
"[DEBUG]index 93 centroid... "
0 0.164497
1 0.175564
2 0.182399
3 0.164258
4 0.203873
5 0.117374
6 0.158621
7 0.241529
8 0.0876742
9 0.201003
10 0.18369
11 0.0687482
12 0.179924
13 0.162896
14 0.140851
15 0.106068
16 0.181152
17 0.133066
18 0.146735
19 0.22683
20 0.126204
21 0.198198
22 0.151679
23 0.211391
24 0.197286
25 0.185015
26 0.227079
27 0.205936
28 0.22281
29 0.222032
"[DEBUG]index 94 centroid... "
0 0.152448
1 0.171097
2 0.136439
3 0.0976176
4 0.193875
5 0.0946713
6 0.130931
7 0.213761
8 0.0195713
9 0.171898
10 0.122192
11 0.0595079
12 0.189297
13 0.107648
14 0.121788
15 0.202109
16 0.176729
17 0.167918
18 0.220175
19 0.220747
20 0.191442
21 0.238771
22 0.293477
23 0.280725
24 0.274105
25 0.288682
26 0.27747
27 0.252674
28 0.251506
29 0.238758
"[DEBUG]index 95 centroid... "
0 0.0993121
1 0.100447
2 0.142601
3 0.0812617
4 0.140109
5 0.0878373
6 0.140244
7 0.142079
8 0.0444672
9 0.179635
10 0.0732517
11 0.0770216
12 0.141717
13 0.0595606
14 0.182955
15 0.132448
16 0.0608348
17 0.178529
18 0.143029
19 0.0675776
20 0.160177
21 0.0952815
22 0.138046
23 0.142055
24 0.137874
25 0.129953
26 0.194021
27 0.176907
28 0.158603
29 0.14824
"[DEBUG]index 96 centroid... "
0 0.129811
1 0.142921
2 0.16071
3 0.102972
4 0.182946
5 0.104214
6 0.0817293
7 0.143292
8 0.076153
9 0.0979884
10 0.127254
11 0.146394
12 0.107844
13 0.10789
14 0.174527
15 0.0913037
16 0.128844
17 0.134334
18 0.124735
19 0.0725817
20 0.169474
21 0.158737
22 0.0607903
23 0.19164
24 0.130835
25 0.145505
26 0.167346
27 0.111309
28 0.149325
29 0.122158
"[DEBUG]index 97 centroid... "
0 0.159716
1 0.155325
2 0.114215
3 0.125586
4 0.164277
5 0.105365
6 0.117384
7 0.197069
8 0.0244156
9 0.173425
10 0.133913
11 0.0492406
12 0.156599
13 0.0826252
14 0.120607
15 0.139828
16 0.110244
17 0.130675
18 0.140712
19 0.0398002
20 0.127653
21 0.111788
22 0.0573208
23 0.142986
24 0.116336
25 0.122974
26 0.115682
27 0.143759
28 0.11051
29 0.13138
"[DEBUG]index 98 centroid... "
0 0.136591
1 0.124632
2 0.182537
3 0.133999
4 0.172287
5 0.158257
6 0.161111
7 0.223907
8 0.0454304
9 0.157213
10 0.152009
11 0.13755
12 0.0561335
13 0.11131
14 0.090424
15 -0.0151853
16 0.138069
17 0.0404361
18 0.0450614
19 0.172235
20 0.0696043
21 0.111977
22 0.130501
23 0.117681
24 0.170854
25 0.207348
26 0.211252
27 0.213761
28 0.213663
29 0.160184
"[DEBUG]index 99 centroid... "
0 0.150572
1 0.134203
2 0.155221
3 0.129179
4 0.162253
5 0.119144
6 0.128188
7 0.176028
8 0.0805474
9 0.123618
10 0.14368
11 0.141414
12 0.142686
13 0.137369
14 0.173994
15 0.0872304
16 0.147904
17 0.184164
18 0.0696434
19 0.167052
20 0.16315
21 0.121496
22 0.173936
23 0.149312
24 0.15291
25 0.149388
26 0.166189
27 0.149742
28 0.158204
29 0.175188
