correlation level (red against blue): 
-0.70446
-0.366525
-0.350094
-0.149682
-0.43823
-0.593455
-0.704265
0.010611
-0.676331
-0.619265
-0.378888
-0.532477
-0.645287
-0.404313
0.0779414
-0.527679
-0.586594
-0.52943
-0.684615
-0.376775
-0.455502
-0.702766
-0.628806
-0.595503
-0.695606
-0.579724
-0.39057
-0.443128
-0.781126
-0.517065
-0.500787
-0.516206
-0.49353
-0.714928
-0.627562
-0.513994
-0.520296
-0.598561
-0.562919
-0.715577
-0.719328
-0.646178
-0.556676
-0.553141
-0.720551
-0.735413
-0.457352
-0.698928
-0.630785
-0.374872
-0.632365
-0.52906
-0.68485
-0.0287194
-0.324731
-0.538483
-0.732969
-0.386245
-0.624821
-0.492344
-0.660986
-0.776241
-0.564907
-0.642898
-0.654724
-0.633857
-0.520309
-0.469914
-0.290795
-0.77982
-0.525077
-0.587408
-0.571768
-0.598058
-0.593719
-0.513194
-0.516702
-0.766357
-0.545911
-0.586105
-0.605167
-0.57153
-0.405063
-0.417516
-0.610229
-0.473533
-0.511261
-0.4061
-0.627974
-0.669381
-0.42874
-0.534828
-0.725817
-0.730728
-0.674086
-0.523806
-0.524557
-0.739179
-0.784505
-0.682019
