"[DEBUG]index 0 centroid... "
0 1.19626
1 1.23364
2 0.971963
3 1.53271
4 1.19626
5 1.35514
6 1.34579
7 0.64486
8 2.04673
9 2.93458
10 3.17757
11 4.63551
12 7.18692
13 7.21495
14 10
15 10.4393
16 6.8785
17 6.86916
18 5.07477
19 3.73832
20 2.6729
21 2.2243
22 2.03738
23 1.41121
24 1.05607
25 1.35514
26 1.5514
27 1.08411
28 1.1215
29 1.14953
"[DEBUG]index 1 centroid... "
0 3.38983
1 3.11864
2 4.05085
3 5
4 3.0678
5 3.61017
6 2.72881
7 2.10169
8 4.69492
9 1.9322
10 0.966102
11 0.847458
12 0.542373
13 0.186441
14 0.20339
15 0.169492
16 0.237288
17 0.220339
18 0.20339
19 0.322034
20 0.694915
21 0.423729
22 0.966102
23 0.813559
24 1
25 1.47458
26 1.83051
27 1.50847
28 1.55932
29 1.72881
"[DEBUG]index 2 centroid... "
0 2.29421
1 2.08138
2 1.82786
3 1.96088
4 1.77778
5 2.17527
6 1.88732
7 1.62285
8 7.68701
9 3.41002
10 1.87793
11 0.893584
12 0.599374
13 0.528951
14 0.798122
15 2.01721
16 3.72613
17 6.61815
18 15.0188
19 7.01721
20 3.54304
21 1.53834
22 0.904538
23 2.49922
24 1.9061
25 2.19249
26 2.71049
27 2.40219
28 2.34585
29 1.98279
"[DEBUG]index 3 centroid... "
0 3.2
1 2.53333
2 2.96667
3 2.76667
4 2.6
5 3.03333
6 3.2
7 2.56667
8 10.3667
9 2.43333
10 3.4
11 1.3
12 0.766667
13 2.2
14 4.5
15 6.3
16 6.66667
17 2.43333
18 1
19 0.733333
20 0.0666667
21 0.766667
22 0.833333
23 2.23333
24 3.06667
25 3.4
26 3.1
27 3.96667
28 2.33333
29 2.53333
"[DEBUG]index 4 centroid... "
0 2.09788
1 1.96931
2 1.55454
3 1.6769
4 1.70012
5 1.94069
6 2.28121
7 1.34923
8 15.3845
9 3.52468
10 1.94193
11 0.88511
12 2.1883
13 1.59311
14 4.75819
15 5.31149
16 1.69266
17 0.907922
18 2.22646
19 1.82538
20 3.87599
21 17.4558
22 4.83866
23 2.46744
24 2.4579
25 2.18872
26 1.99005
27 1.90958
28 2.2555
29 2.2219
"[DEBUG]index 5 centroid... "
0 2.51825
1 2.56853
2 2.08643
3 2.16736
4 3.91012
5 2.7562
6 2.60468
7 1.64497
8 21.3729
9 4.26102
10 3.46901
11 4.47796
12 23.593
13 3.6312
14 2.68285
15 1.30785
16 1.47383
17 3.54029
18 2.9511
19 21.9428
20 5.14532
21 5.03788
22 2.60847
23 3.56921
24 2.15565
25 2.25103
26 2.30751
27 2.40048
28 2.07404
29 1.9511
"[DEBUG]index 6 centroid... "
0 2.02033
1 2.03049
2 1.80589
3 1.92073
4 1.62957
5 1.73018
6 1.74898
7 1.46291
8 12.6514
9 2.40752
10 10.313
11 12.3252
12 2.76982
13 1.5625
14 0.791159
15 1.56402
16 3.94817
17 3.36992
18 1.50711
19 0.753049
20 1.40752
21 3.50254
22 1.24441
23 1.58638
24 1.54522
25 1.47713
26 1.4248
27 1.30488
28 1.34451
29 1.30081
"[DEBUG]index 7 centroid... "
0 2.53846
1 2.28205
2 2.71154
3 2.37821
4 2.38462
5 2.39103
6 1.98077
7 1.83974
8 9.45513
9 2.98077
10 5.50641
11 3.35897
12 9.66026
13 9.41667
14 3.32051
15 1.58974
16 0.762821
17 0.346154
18 0.384615
19 0.846154
20 0.865385
21 1.71795
22 4.62179
23 1.51923
24 1.91026
25 2.08333
26 1.64103
27 2.14744
28 2.08333
29 1.58974
"[DEBUG]index 8 centroid... "
0 2.42349
1 2.36077
2 1.94766
3 2.03584
4 2.10805
5 2.45321
6 2.52941
7 1.78364
8 26.0649
9 3.49774
10 2.08205
11 2.08543
12 1.77646
13 5.9607
14 1.57695
15 8.66007
16 1.57367
17 8.64721
18 2.08197
19 1.74647
20 7.14184
21 1.76794
22 0.874479
23 2.35953
24 2.04471
25 2.07061
26 2.0314
27 2.06564
28 2.1037
29 1.92442
"[DEBUG]index 9 centroid... "
0 2.77174
1 2.37207
2 2.1689
3 2.22575
4 2.12458
5 2.1944
6 2.24833
7 1.61162
8 20.2609
9 3.45318
10 6.30936
11 7.12124
12 1.92768
13 0.831522
14 1.28846
15 7.53135
16 1.62375
17 0.872074
18 1.46237
19 7.15594
20 1.56062
21 0.801421
22 1.78554
23 1.89339
24 2.01212
25 1.90301
26 2.14089
27 1.96154
28 2.03512
29 1.85452
"[DEBUG]index 10 centroid... "
0 2.29136
1 2.40329
2 1.73498
3 1.99095
4 2.03128
5 1.98601
6 2.50617
7 1.72099
8 17.679
9 3.56955
10 1.81481
11 0.823868
12 1.42881
13 6.59835
14 1.39918
15 0.818107
16 1.82305
17 6.493
18 6.08313
19 1.74403
20 0.784362
21 1.2749
22 8.12016
23 1.78107
24 2.26667
25 2.1893
26 2.13004
27 2.00329
28 1.83128
29 1.89794
"[DEBUG]index 11 centroid... "
0 1.79871
1 1.84532
2 1.41784
3 1.61712
4 1.34472
5 1.61872
6 1.69626
7 1.59663
8 8.67577
9 2.40378
10 9.18602
11 3.31458
12 1.53676
13 1.71916
14 0.826838
15 1.57975
16 3.25151
17 1.73564
18 3.95581
19 5.98112
20 18.5974
21 6.15307
22 3.68582
23 1.86742
24 1.74568
25 1.63399
26 1.67778
27 1.67015
28 1.82845
29 1.74729
"[DEBUG]index 12 centroid... "
0 2.21434
1 2.14265
2 1.74051
3 1.77035
4 1.82053
5 2.00546
6 2.3068
7 1.76381
8 17.7428
9 3.4015
10 1.94025
11 1.75518
12 4.34225
13 1.68011
14 1.85958
15 3.32104
16 20.3227
17 4.28516
18 1.89093
19 5.45614
20 1.77847
21 1.51539
22 4.28502
23 1.89222
24 2.24986
25 2.03272
26 1.86145
27 1.98504
28 1.80127
29 1.7971
"[DEBUG]index 13 centroid... "
0 28.3234
1 6.54953
2 4.81121
3 6.58505
4 16.914
5 5.44673
6 12.4953
7 6.7757
8 69.2505
9 3.13271
10 57.9308
11 4.41495
12 50.6019
13 25.6299
14 11.4187
15 5.97009
16 2.68224
17 14.2411
18 12.3664
19 6.96822
20 0.708411
21 0.407477
22 0.626168
23 1.33084
24 1.7757
25 1.58692
26 1.65421
27 1.36636
28 1.53271
29 1.14579
"[DEBUG]index 14 centroid... "
0 3.01085
1 3.53345
2 2.51175
3 2.37975
4 2.53707
5 3.30018
6 3.2387
7 2.22242
8 15.9078
9 4.0868
10 2.15552
11 1.03797
12 0.38698
13 0.996383
14 1.05787
15 2.25316
16 9.85895
17 2.4557
18 1.09946
19 0.990958
20 2.31284
21 1.56962
22 8.11935
23 2.79204
24 3.28933
25 2.72694
26 2.89873
27 2.70163
28 2.62387
29 2.81193
"[DEBUG]index 15 centroid... "
0 1.43962
1 1.60581
2 1.36349
3 1.47442
4 1.23823
5 1.28285
6 1.9517
7 1.44535
8 7.90626
9 18.4814
10 6.14982
11 3.42775
12 1.63815
13 2.81621
14 8.76422
15 2.76136
16 1.37045
17 2.92591
18 1.18666
19 3.15227
20 1.09046
21 3.17929
22 2.79206
23 1.27302
24 1.465
25 1.29308
26 1.30618
27 1.17929
28 1.23659
29 1.17192
"[DEBUG]index 16 centroid... "
0 2.68044
1 2.60297
2 2.16346
3 2.1264
4 2.20504
5 2.28922
6 2.40581
7 1.8102
8 23.8035
9 4.25759
10 1.92434
11 1.00103
12 0.954293
13 1.56875
14 2.05139
15 0.727695
16 2.25965
17 0.876824
18 1.97792
19 10.0293
20 1.3725
21 1.9419
22 0.805036
23 2.21097
24 2.10536
25 2.06933
26 2.29012
27 2.30587
28 2.23292
29 2.15688
"[DEBUG]index 17 centroid... "
0 2.44272
1 2.68741
2 2.05387
3 2.11457
4 1.93968
5 2.0478
6 2.14264
7 1.71737
8 18.3672
9 4.40212
10 1.90364
11 9.23217
12 1.58346
13 0.859636
14 0.71434
15 1.96775
16 0.923748
17 1.75531
18 8.32891
19 2.10888
20 2.09939
21 7.20561
22 6.58763
23 2.23634
24 2.46813
25 2.34105
26 2.35053
27 2.11115
28 2.38088
29 2.33612
"[DEBUG]index 18 centroid... "
0 1.96208
1 2.05115
2 1.6505
3 1.75985
4 1.57172
5 2.1067
6 2.27513
7 1.51117
8 13.7372
9 4.4177
10 1.67402
11 4.66255
12 1.62493
13 1.70664
14 4.41946
15 1.72457
16 3.71752
17 16.5285
18 4.11817
19 2.09847
20 3.87066
21 15.2566
22 3.33422
23 1.96208
24 2.22898
25 1.94709
26 2.12022
27 1.84333
28 2.03939
29 2.08848
"[DEBUG]index 19 centroid... "
0 1.80597
1 1.85672
2 1.73134
3 1.76716
4 1.69403
5 1.86716
6 2.08209
7 1.70448
8 10.7687
9 2.86119
10 1.72836
11 0.923881
12 1.66866
13 2.79254
14 13.1522
15 3.23881
16 2.18209
17 3.85224
18 11.2507
19 10.994
20 3.93731
21 1.75075
22 5.12985
23 1.79254
24 2.04328
25 1.75821
26 2.12537
27 1.75672
28 2.0597
29 1.80149
"[DEBUG]index 20 centroid... "
0 4.04399
1 4.21701
2 3.54839
3 3.66862
4 3.04106
5 3.82405
6 3.53666
7 2.22874
8 16.9736
9 6.82405
10 2.57478
11 3.22581
12 3.09384
13 0.906158
14 0.472141
15 0.900293
16 2.62463
17 10.3959
18 2.6305
19 2.86217
20 1.14369
21 0.419355
22 0.997067
23 3.58651
24 3.13196
25 3.62463
26 3.14663
27 3.34018
28 2.83578
29 2.83871
"[DEBUG]index 21 centroid... "
0 2.61327
1 2.55359
2 2.16286
3 2.39112
4 2.26777
5 2.44891
6 2.37215
7 1.9818
8 30.3352
9 4.86865
10 2.13666
11 9.52539
12 2.07837
13 1.68971
14 1.90516
15 0.812942
16 1.5883
17 2.10534
18 0.875808
19 2.08091
20 6.72384
21 1.58799
22 1.94791
23 2.17909
24 1.94464
25 1.9264
26 1.90239
27 1.99692
28 2.0701
29 2.03332
"[DEBUG]index 22 centroid... "
0 2.67043
1 2.40047
2 1.98687
3 2.09953
4 2.00499
5 2.35688
6 2.54123
7 1.63918
8 18.5168
9 3.36318
10 1.77416
11 4.36712
12 4.93592
13 1.80804
14 3.46376
15 21.661
16 3.45772
17 1.81723
18 0.97479
19 0.913078
20 1.64522
21 4.43225
22 1.60688
23 2.5386
24 2.1833
25 1.98529
26 1.86843
27 1.84533
28 1.81644
29 1.76208
"[DEBUG]index 23 centroid... "
0 2.41391
1 2.21694
2 2.09456
3 2.0933
4 2.07004
5 2.26321
6 2.45588
7 1.66296
8 16.5353
9 3.22225
10 2.05689
11 2.25335
12 5.31656
13 3.44425
14 19.3952
15 3.49482
16 1.98129
17 0.969153
18 1.36435
19 4.11353
20 1.29178
21 1.60582
22 0.859418
23 1.96865
24 1.7689
25 1.65866
26 1.76814
27 1.5646
28 1.54766
29 1.61947
"[DEBUG]index 24 centroid... "
0 2.77226
1 2.65096
2 2.11255
3 2.37052
4 2.11157
5 2.40164
6 2.47122
7 1.85881
8 26.3144
9 3.99063
10 2.10689
11 8.26983
12 1.59447
13 5.45929
14 1.51888
15 8.66413
16 1.79551
17 1.87269
18 7.5111
19 1.73663
20 0.879056
21 1.81469
22 1.60693
23 2.21952
24 2.03192
25 2.10423
26 2.11078
27 1.95288
28 1.96835
29 1.881
"[DEBUG]index 25 centroid... "
0 2.87009
1 2.68452
2 2.34251
3 2.31637
4 2.18655
5 2.33885
6 2.36637
7 1.84394
8 24.1556
9 3.91702
10 9.00921
11 1.82662
12 0.891375
13 0.647193
14 1.47876
15 1.89336
16 0.658382
17 1.81246
18 1.99406
19 0.612932
20 1.58669
21 1.53956
22 0.579463
23 1.96782
24 1.66818
25 1.81998
26 1.93376
27 1.82672
28 1.94415
29 1.94237
"[DEBUG]index 26 centroid... "
0 2.76517
1 3.05277
2 2.75989
3 2.30343
4 2.49868
5 2.92348
6 3.09763
7 1.64116
8 15.8391
9 4.04749
10 2.02902
11 1.12401
12 2.11082
13 9.46438
14 1.40106
15 0.82058
16 0.3219
17 0.849604
18 2.63325
19 1.58047
20 9.92612
21 1.66755
22 8.50923
23 2.53034
24 2.98945
25 2.41425
26 2.73879
27 2.85488
28 2.59631
29 2.68865
"[DEBUG]index 27 centroid... "
0 1.77553
1 2.05814
2 1.68655
3 1.89788
4 1.51567
5 1.73458
6 1.79929
7 1.51466
8 9.81951
9 2.78868
10 8.5455
11 8.54348
12 2.88625
13 1.62386
14 3.23003
15 1.52679
16 3.10415
17 5.11274
18 20.0258
19 6.01314
20 3.31749
21 1.57735
22 3.68402
23 1.38827
24 1.42872
25 1.72952
26 1.74317
27 1.68655
28 1.62588
29 1.56522
"[DEBUG]index 28 centroid... "
0 2.03039
1 2.1318
2 1.84735
3 2.01307
4 1.75194
5 2.03039
6 2.00106
7 1.42473
8 14.8272
9 3.06396
10 5.32827
11 4.89223
12 3.71661
13 18.7435
14 3.57739
15 1.54947
16 4.8523
17 1.2629
18 4.56537
19 1.46608
20 5.63816
21 1.49823
22 4.94028
23 1.76643
24 1.94417
25 1.76749
26 1.69329
27 1.69152
28 1.67703
29 1.62155
"[DEBUG]index 29 centroid... "
0 1.95238
1 1.94363
2 1.71234
3 1.95578
4 1.64869
5 1.84937
6 2.09038
7 2.03984
8 12.7959
9 2.46356
10 13.1905
11 3.64674
12 1.8207
13 1.8965
14 4.04276
15 3.00632
16 14.001
17 3.92323
18 1.92274
19 3.97279
20 3.83139
21 1.50097
22 0.826045
23 1.70165
24 1.73081
25 1.79397
26 1.60301
27 1.66958
28 1.63217
29 1.44801
"[DEBUG]index 30 centroid... "
0 2.20483
1 2.24155
2 1.81159
3 1.86151
4 1.86087
5 2.22931
6 2.34364
7 1.64348
8 18.218
9 4.67118
10 1.89597
11 0.84219
12 2.31659
13 0.632206
14 1.95717
15 0.743961
16 2.03221
17 7.68277
18 1.52238
19 7.10982
20 6.48663
21 1.3314
22 7.42899
23 2.04155
24 2.26795
25 2.19066
26 2.11079
27 2.29436
28 2.28857
29 2.1694
"[DEBUG]index 31 centroid... "
0 3.06437
1 2.86279
2 2.47722
3 2.40717
4 2.52792
5 2.61754
6 2.63163
7 1.76032
8 29.3937
9 4.6289
10 2.58618
11 2.2124
12 11.5141
13 1.53017
14 0.926466
15 2.04507
16 1.88375
17 0.969289
18 1.97985
19 0.886429
20 2.06056
21 1.73416
22 0.922285
23 2.38793
24 2.11834
25 2.09803
26 2.0782
27 2.13705
28 2.0708
29 2.06625
"[DEBUG]index 32 centroid... "
0 1.83717
1 1.83558
2 1.43844
3 1.79428
4 1.50913
5 2.06831
6 2.29865
7 1.48292
8 12.7649
9 2.46068
10 1.70294
11 0.894361
12 0.699762
13 1.62748
14 2.62907
15 13.2907
16 10.6386
17 2.94678
18 4.81732
19 1.54885
20 4.22081
21 3.71009
22 1.64813
23 1.96108
24 1.94361
25 1.96982
26 1.78237
27 1.76251
28 1.67196
29 1.67117
"[DEBUG]index 33 centroid... "
0 2.37047
1 2.66209
2 2.07243
3 2.41749
4 1.86259
5 1.88259
6 2.48394
7 1.53271
8 16.077
9 2.717
10 16.4752
11 5.07666
12 1.91574
13 2.06542
14 1.80564
15 0.725467
16 0.903768
17 0.686916
18 2.11098
19 4.91005
20 1.50643
21 5.86142
22 1.55447
23 1.9264
24 1.74241
25 2.22284
26 1.72956
27 1.66034
28 1.79425
29 1.79176
"[DEBUG]index 34 centroid... "
0 2.13487
1 2.17496
2 1.85548
3 1.98218
4 1.96882
5 2.45904
6 2.52908
7 1.90027
8 15.9933
9 3.21381
10 1.87775
11 1.12051
12 1.79733
13 3.49988
14 18.4637
15 4.59762
16 1.82628
17 5.78768
18 1.6147
19 0.885919
20 1.98045
21 1.38728
22 5.5511
23 2.32789
24 2.21208
25 2.28112
26 1.99035
27 1.89978
28 1.84806
29 1.93121
"[DEBUG]index 35 centroid... "
0 2.16761
1 1.96361
2 1.8083
3 1.79549
4 1.64787
5 1.67709
6 2.14659
7 1.25628
8 14.2732
9 3.70528
10 5.4777
11 3.78678
12 16.9872
13 3.35469
14 1.78063
15 4.13173
16 1.39211
17 4.84111
18 1.61353
19 5.20297
20 3.54741
21 14.9308
22 4.18708
23 2.16966
24 2.24141
25 1.85085
26 1.67248
27 1.72168
28 1.94106
29 2.01999
"[DEBUG]index 36 centroid... "
0 2.5683
1 2.49503
2 2.97387
3 2.2042
4 2.44703
5 2.92985
6 2.6359
7 1.83584
8 14.7935
9 16.6981
10 5.8756
11 2.0142
12 8.74297
13 1.36893
14 0.752343
15 0.785288
16 1.53962
17 1.78188
18 0.73019
19 1.99176
20 0.781028
21 1.45498
22 4.68276
23 1.63533
24 2.02045
25 1.9841
26 1.66544
27 1.7495
28 1.61772
29 1.83953
"[DEBUG]index 37 centroid... "
0 2.52084
1 2.55697
2 2.03356
3 2.14927
4 1.95707
5 2.43111
6 2.584
7 1.77742
8 18.5706
9 4.31143
10 1.98507
11 2.01263
12 1.75296
13 1.83007
14 5.05379
15 1.97765
16 4.6634
17 20.5165
18 4.01387
19 1.9531
20 1.18733
21 1.75755
22 0.941353
23 1.92192
24 2.04381
25 2.15147
26 2.14379
27 1.87458
28 1.96644
29 1.79641
"[DEBUG]index 38 centroid... "
0 2.71459
1 2.49841
2 2.05369
3 2.12187
4 2.07806
5 2.37725
6 2.61922
7 1.76192
8 23.1042
9 3.64465
10 2.05104
11 0.877958
12 1.85676
13 0.798128
14 1.66937
15 10.5662
16 2.02261
17 2.09679
18 7.73631
19 1.84723
20 1.00053
21 1.9071
22 7.33116
23 2.27323
24 2.63582
25 2.72572
26 2.38979
27 2.37919
28 2.22854
29 2.27835
"[DEBUG]index 39 centroid... "
0 2.23773
1 2.2291
2 1.76462
3 1.91325
4 1.85686
5 2.10716
6 2.17205
7 1.61259
8 18.773
9 3.55646
10 2.07183
11 5.28353
12 1.44642
13 4.51132
14 1.47547
15 4.72589
16 5.34646
17 2.1188
18 4.16329
19 22.0759
20 3.5821
21 1.83397
22 2.02983
23 1.81081
24 1.77613
25 1.79589
26 1.91181
27 2.02512
28 1.84797
29 1.76148
"[DEBUG]index 40 centroid... "
0 4.69153
1 4.48387
2 4.0746
3 4.68145
4 3.55847
5 4.4496
6 3.90726
7 3.02621
8 15.7379
9 6.34476
10 2.17339
11 10.5444
12 2.66331
13 2.27621
14 2.62298
15 1.05847
16 0.364919
17 0.883065
18 0.97379
19 2.72379
20 0.790323
21 0.352823
22 0.858871
23 2.24597
24 2.3246
25 2.49597
26 2.74395
27 2.54839
28 2.43347
29 2.8125
"[DEBUG]index 41 centroid... "
0 1.82747
1 2.07736
2 1.79348
3 1.87201
4 1.74449
5 1.73582
6 2.54243
7 1.76676
8 7.25738
9 21.3542
10 5.22996
11 25.6894
12 6.66081
13 3.33615
14 3.97961
15 3.33638
16 1.31763
17 0.88256
18 1.34224
19 1.27872
20 2.42053
21 1.24801
22 0.745663
23 1.24121
24 1.21472
25 1.21894
26 1.19409
27 1.1962
28 1.20886
29 1.12635
"[DEBUG]index 42 centroid... "
0 2.50399
1 2.51629
2 2.07181
3 2.12766
4 1.63198
5 2.01695
6 2.65326
7 1.63331
8 14.1267
9 16.9884
10 4.12467
11 2.0748
12 5.96543
13 1.24069
14 1.67985
15 0.884973
16 1.71177
17 6.71576
18 5.11536
19 1.57945
20 5.92586
21 1.61702
22 0.81383
23 1.76828
24 1.71742
25 2.01496
26 1.81715
27 1.90027
28 1.83344
29 1.7736
"[DEBUG]index 43 centroid... "
0 2.84235
1 2.86816
2 2.42594
3 2.48187
4 2.42225
5 2.83436
6 2.95144
7 2.12784
8 21.5169
9 4.30762
10 2.06238
11 2.66411
12 1.0212
13 2.07222
14 9.98802
15 1.95882
16 1.11709
17 1.06269
18 0.712354
19 2.82883
20 0.926859
21 2.1973
22 8.47787
23 2.42348
24 2.80455
25 2.90166
26 2.39766
27 2.41272
28 2.4662
29 2.5378
"[DEBUG]index 44 centroid... "
0 2.14417
1 2.10855
2 1.81801
3 1.80207
4 1.65146
5 1.9632
6 2.09922
7 1.51679
8 20.1216
9 3.42961
10 6.39773
11 1.94708
12 0.945726
13 1.61448
14 0.653155
15 1.99915
16 1.35889
17 7.80868
18 1.481
19 7.5307
20 1.38552
21 6.59498
22 1.52595
23 2.11703
24 1.90587
25 1.95472
26 1.99152
27 1.94895
28 1.93351
29 2.01509
"[DEBUG]index 45 centroid... "
0 2.1552
1 2.08186
2 1.82061
3 1.86521
4 1.76769
5 2.07175
6 2.155
7 1.69019
8 20.1479
9 2.85887
10 6.42161
11 1.85411
12 1.73221
13 5.73796
14 1.24638
15 7.25689
16 1.48484
17 1.67453
18 0.761744
19 1.42676
20 6.44817
21 1.36174
22 7.17205
23 2.18751
24 2.10426
25 1.97839
26 1.6884
27 1.91992
28 1.88959
29 1.81804
"[DEBUG]index 46 centroid... "
0 2.31431
1 2.26119
2 1.83828
3 1.88237
4 1.9444
5 2.00733
6 2.40408
7 1.47739
8 25.5656
9 4.02887
10 2.19161
11 1.94925
12 7.69155
13 1.28014
14 6.97981
15 1.65873
16 0.938423
17 1.8482
18 6.74411
19 1.92794
20 1.91395
21 6.80591
22 1.64238
23 2.2754
24 2.02504
25 1.91936
26 2.0494
27 1.93414
28 2.10556
29 2.04759
"[DEBUG]index 47 centroid... "
0 2.42614
1 2.48999
2 1.96983
3 2.08821
4 1.99944
5 2.22963
6 2.22473
7 1.74426
8 23.5279
9 4.59171
10 2.04523
11 7.15591
12 1.71493
13 0.942103
14 1.88988
15 1.5607
16 7.92544
17 1.83772
18 9.12006
19 1.7437
20 7.12644
21 1.7395
22 1.97739
23 2.25854
24 2.07568
25 2.21213
26 2.22886
27 2.30328
28 2.21941
29 2.03402
"[DEBUG]index 48 centroid... "
0 2.14677
1 2.16507
2 1.64808
3 1.81319
4 2.09648
5 2.1259
6 2.3085
7 1.79404
8 38.5691
9 3.39103
10 1.97819
11 2.18228
12 1.72908
13 4.8136
14 1.86798
15 1.85197
16 6.21193
17 1.87843
18 1.96184
19 1.93473
20 1.56616
21 5.29632
22 1.59529
23 2.11519
24 2.02066
25 1.95665
26 1.82827
27 1.8009
28 1.86858
29 1.86819
"[DEBUG]index 49 centroid... "
0 3.21948
1 3.36745
2 3.0111
3 2.9963
4 2.78422
5 3.33416
6 3.34032
7 2.27867
8 18.3785
9 4.05179
10 1.79778
11 0.92725
12 2.28237
13 1.5561
14 10.0777
15 1.69667
16 2.63995
17 0.824908
18 0.377312
19 0.731196
20 1.93711
21 2.10604
22 0.651048
23 2.90629
24 2.48459
25 2.46239
26 2.30456
27 2.48459
28 2.4439
29 2.16646
"[DEBUG]index 50 centroid... "
0 2.67048
1 2.63523
2 2.05366
3 2.42245
4 2.21587
5 2.26999
6 2.61543
7 1.76836
8 26.8778
9 4.59038
10 2.06603
11 8.10747
12 8.4175
13 1.4424
14 8.53178
15 1.95284
16 1.84661
17 7.39524
18 1.39493
19 2.04051
20 0.919437
21 1.64806
22 7.2236
23 2.1285
24 2.35983
25 2.42864
26 2.06371
27 1.90923
28 1.90629
29 1.94619
"[DEBUG]index 51 centroid... "
0 2.19513
1 2.00778
2 1.81864
3 1.89006
4 1.61373
5 1.77215
6 2.12131
7 1.55287
8 19.6339
9 2.94374
10 6.59018
11 1.79549
12 0.801476
13 1.62251
14 5.74142
15 1.44453
16 2.05786
17 1.5014
18 7.72127
19 1.42199
20 6.77015
21 1.32801
22 6.82901
23 1.83958
24 1.96449
25 1.89705
26 1.84058
27 1.90802
28 2.00279
29 1.94154
"[DEBUG]index 52 centroid... "
0 3.62772
1 3.53773
2 2.7544
3 2.87669
4 2.8121
5 2.95097
6 2.9677
7 2.23591
8 22.6258
9 5.57634
10 2.19965
11 9.78523
12 2.04404
13 0.912948
14 2.54066
15 1.88931
16 9.34586
17 2.1904
18 1.0276
19 2.65986
20 0.631533
21 2.09733
22 0.833823
23 2.81107
24 2.75264
25 2.37038
26 2.6123
27 2.44363
28 2.28861
29 2.23855
"[DEBUG]index 53 centroid... "
0 2.86454
1 2.39442
2 2.12749
3 1.86056
4 1.97211
5 2.19522
6 2.19522
7 1.21912
8 10.5976
9 3.07171
10 1.91633
11 0.74502
12 0.394422
13 0.40239
14 0.601594
15 2.58566
16 0.585657
17 0.752988
18 1.86853
19 3.17928
20 10.5418
21 4.03586
22 1.76096
23 2.45817
24 2.10757
25 1.91235
26 2.32669
27 1.98008
28 2.73307
29 2.13944
"[DEBUG]index 54 centroid... "
0 5.28125
1 4.03125
2 5.32812
3 3.28125
4 3.875
5 3.60938
6 3.53125
7 3.5
8 12.7656
9 4.875
10 2.53125
11 8.70312
12 2.73438
13 1.07812
14 0.96875
15 4.76562
16 0.640625
17 1.20312
18 0.3125
19 0.125
20 0.625
21 0.828125
22 2.57812
23 2.64062
24 3.03125
25 3.25
26 2.65625
27 2.45312
28 3.1875
29 2.59375
"[DEBUG]index 55 centroid... "
0 2.83065
1 2.90054
2 2.33333
3 2.33871
4 2.18011
5 2.55108
6 2.71774
7 1.44892
8 13.3145
9 4.93548
10 1.90054
11 6.74462
12 5.82796
13 1.68011
14 0.819892
15 2.05376
16 0.879032
17 0.486559
18 0.91129
19 1.6371
20 5.3414
21 14.3468
22 4.68817
23 2.51075
24 2.66667
25 2.19892
26 2.16129
27 2.26075
28 2.64247
29 2.20968
"[DEBUG]index 56 centroid... "
0 2.95668
1 2.84668
2 2.31941
3 2.46338
4 2.27485
5 2.73855
6 2.78404
7 2.02711
8 20.8744
9 4.65971
10 2.15394
11 8.25989
12 1.44624
13 7.2119
14 2.08663
15 1.93768
16 7.16236
17 9.0134
18 1.77532
19 0.897476
20 1.85385
21 0.583048
22 2.05859
23 1.96261
24 2.18916
25 2.35494
26 1.94671
27 1.97725
28 1.96042
29 1.78965
"[DEBUG]index 57 centroid... "
0 1.79682
1 2.09455
2 1.80152
3 1.44424
4 1.46842
5 1.71923
6 1.92927
7 1.56622
8 6.81884
9 18.1523
10 5.11476
11 3.22808
12 1.51714
13 0.846626
14 1.28726
15 2.55179
16 10.6619
17 2.65175
18 3.8376
19 1.51029
20 0.736196
21 1.26886
22 2.57344
23 1.3349
24 1.90473
25 1.64128
26 1.55576
27 1.53555
28 1.47528
29 1.3782
"[DEBUG]index 58 centroid... "
0 2.70895
1 2.65277
2 2.11896
3 2.40824
4 2.24657
5 2.71454
6 2.99009
7 1.92984
8 21.9794
9 3.47204
10 2.09685
11 0.820285
12 1.81037
13 5.70768
14 1.74301
15 9.10422
16 8.55745
17 1.69522
18 9.23157
19 1.5971
20 2.18124
21 0.833503
22 1.87722
23 2.591
24 2.36807
25 2.72089
26 2.52999
27 2.35638
28 2.2336
29 2.02313
"[DEBUG]index 59 centroid... "
0 2.06558
1 2.12721
2 1.71417
3 1.82436
4 1.79638
5 1.91436
6 2.23925
7 1.24571
8 17.996
9 3.67947
10 2.08604
11 1.97176
12 5.77224
13 1.63038
14 4.44339
15 1.56822
16 5.53787
17 1.95566
18 2.00066
19 3.7184
20 20.06
21 4.06044
22 2.00409
23 2.21246
24 2.01531
25 1.78319
26 1.83452
27 1.84811
28 2.04078
29 1.74096
"[DEBUG]index 60 centroid... "
0 1.87067
1 2.00713
2 2.02851
3 2.01324
4 1.78921
5 2.01222
6 2.0112
7 1.58452
8 9.85438
9 2.25764
10 10.5937
11 3.43381
12 3.29837
13 10.7729
14 2.66701
15 10.7933
16 3.15886
17 3.93992
18 1.37678
19 0.705703
20 0.698574
21 1.22912
22 3.42159
23 1.50305
24 1.53157
25 1.63646
26 1.40937
27 1.42974
28 1.42159
29 1.26578
"[DEBUG]index 61 centroid... "
0 1.91046
1 1.85353
2 1.57178
3 1.71436
4 1.55426
5 1.89927
6 1.9854
7 1.54355
8 13.2302
9 3.19903
10 1.95766
11 1.17421
12 1.85499
13 4.32311
14 1.83942
15 0.890511
16 1.92409
17 1.70122
18 3.90852
19 13.8749
20 2.85839
21 13.4876
22 4.29051
23 2.14891
24 2.14696
25 1.87251
26 2.10657
27 2.1309
28 2.18832
29 2.28954
"[DEBUG]index 62 centroid... "
0 2.82089
1 2.68786
2 2.2769
3 2.27627
4 2.21601
5 2.54128
6 2.76063
7 1.88365
8 21.244
9 4.22873
10 2.27148
11 0.988532
12 2.5221
13 0.880734
14 1.78565
15 9.39992
16 1.78753
17 8.49625
18 1.75021
19 8.34571
20 1.62698
21 0.947873
22 0.957048
23 2.4191
24 2.29712
25 2.65138
26 2.5955
27 2.70121
28 2.32902
29 2.39992
"[DEBUG]index 63 centroid... "
0 1.48454
1 1.32253
2 1.05449
3 1.08689
4 1.20029
5 1.40648
6 1.5891
7 1.28424
8 6.49632
9 2.83505
10 1.70398
11 1.6053
12 2.80854
13 2.89838
14 1.64359
15 2.56112
16 5.07217
17 13.1694
18 9.00589
19 9.36819
20 12.9293
21 5.13991
22 3.34462
23 1.6215
24 1.94845
25 1.64801
26 1.80854
27 1.75258
28 1.87187
29 1.57732
"[DEBUG]index 64 centroid... "
0 2.15086
1 2.13945
2 1.80424
3 1.90323
4 1.78453
5 2.02653
6 2.13945
7 1.56387
8 24.3333
9 3.43465
10 7.33388
11 1.56906
12 7.77712
13 1.61841
14 1.52579
15 6.49333
16 1.50445
17 6.77712
18 6.35877
19 1.69413
20 7.11618
21 1.51704
22 6.38071
23 2.00519
24 2.18242
25 2.10418
26 2.03156
27 2.16449
28 2.04964
29 1.91701
"[DEBUG]index 65 centroid... "
0 1.95071
1 1.87422
2 1.90935
3 1.77734
4 1.52691
5 1.60397
6 1.8017
7 1.47139
8 12.2748
9 2.28442
10 12.953
11 2.98017
12 1.62493
13 0.855524
14 1.39547
15 5.04533
16 1.48329
17 0.634561
18 0.848159
19 0.622096
20 1.40057
21 3.63909
22 4.60567
23 1.53031
24 1.86346
25 1.60963
26 1.47309
27 1.49178
28 1.41076
29 1.66969
"[DEBUG]index 66 centroid... "
0 2.14659
1 1.9396
2 1.71293
3 1.78894
4 1.68035
5 1.84968
6 2.31049
7 1.51442
8 20.8724
9 3.47201
10 7.32372
11 1.72039
12 7.45945
13 1.35799
14 6.26332
15 1.28775
16 6.44214
17 1.33424
18 6.16356
19 7.05701
20 1.66882
21 5.87173
22 6.55819
23 1.97116
24 2.32813
25 1.88191
26 1.92637
27 1.88531
28 1.88293
29 1.79776
"[DEBUG]index 67 centroid... "
0 2.95244
1 2.92439
2 2.24024
3 2.56463
4 2.06829
5 2.4439
6 2.53171
7 1.62195
8 13.0963
9 3.93902
10 1.92927
11 8.18171
12 1.62195
13 0.632927
14 0.457317
15 0.663415
16 1.96463
17 2.08171
18 4.21585
19 14.4
20 4.05122
21 2.52073
22 0.940244
23 2.47927
24 2.0122
25 2.33902
26 2.50854
27 2.43659
28 2.41341
29 2.37561
"[DEBUG]index 68 centroid... "
0 2.28066
1 2.25788
2 1.84421
3 2.00266
4 1.95236
5 1.8988
6 2.05252
7 1.3829
8 18.1907
9 3.94555
10 2.15786
11 3.9787
12 21.2048
13 2.62361
14 1.9534
15 1.78192
16 4.40864
17 4.3323
18 1.39577
19 4.6751
20 1.58781
21 1.69433
22 0.880752
23 1.84184
24 1.66297
25 1.63989
26 1.69167
27 1.76313
28 1.63175
29 1.5563
"[DEBUG]index 69 centroid... "
0 1.79613
1 1.73349
2 1.71298
3 1.61276
4 1.57517
5 1.88155
6 2.04784
7 1.53303
8 11.8223
9 2.19362
10 10.7153
11 3.21298
12 1.7221
13 4.03645
14 2.32688
15 11.7107
16 3.53872
17 3.14806
18 12.5809
19 3.72893
20 2.99431
21 12.0068
22 3.53872
23 1.85991
24 2.11731
25 1.81321
26 1.99658
27 1.68223
28 1.77677
29 1.83827
"[DEBUG]index 70 centroid... "
0 1.90409
1 1.91814
2 1.72423
3 1.66985
4 1.30475
5 1.65133
6 2.04721
7 1.48999
8 12.6719
9 16.3125
10 3.55751
11 1.80669
12 1.44607
13 4.22946
14 1.03018
15 1.49328
16 0.654317
17 1.42964
18 4.50015
19 4.27218
20 1.37287
21 0.667463
22 1.32537
23 1.38572
24 1.51867
25 1.48133
26 1.54198
27 1.47983
28 1.52047
29 1.40902
"[DEBUG]index 71 centroid... "
0 2.38976
1 2.38548
2 1.90848
3 1.89416
4 2.06701
5 2.17721
6 2.29925
7 1.61413
8 24.9535
9 3.96233
10 1.92754
11 2.09822
12 2.20251
13 0.694062
14 1.91128
15 0.705035
16 2.06382
17 0.792747
18 2.09378
19 0.828858
20 1.97416
21 1.43054
22 9.17418
23 1.88474
24 2.31263
25 2.16546
26 2.01665
27 2.00833
28 2.04755
29 2.08623
"[DEBUG]index 72 centroid... "
0 2.90134
1 2.82018
2 2.34532
3 2.49363
4 2.31604
5 2.33832
6 2.67791
7 1.80968
8 20.5678
9 3.4443
10 7.64704
11 1.62572
12 8.66327
13 1.53119
14 6.78931
15 6.80904
16 1.9373
17 0.807129
18 1.69223
19 0.693189
20 1.75461
21 0.574157
22 1.81922
23 2.15913
24 1.87778
25 1.91407
26 1.95863
27 1.86346
28 1.80204
29 1.64481
"[DEBUG]index 73 centroid... "
0 2.1209
1 1.87348
2 1.73477
3 1.99063
4 1.65417
5 1.7732
6 1.79194
7 1.51078
8 10.7741
9 2.03936
10 11.3533
11 4.07779
12 2.01406
13 3.59888
14 11.9494
15 2.86785
16 1.68135
17 0.943768
18 1.56326
19 3.26148
20 11.2165
21 3.34677
22 1.58575
23 1.89784
24 1.61762
25 1.8538
26 1.49859
27 1.70759
28 1.72446
29 1.64292
"[DEBUG]index 74 centroid... "
0 1.91343
1 1.94915
2 1.81929
3 1.91536
4 1.6662
5 1.65458
6 1.51575
7 1.47704
8 10.1788
9 2.49639
10 5.92715
11 19.1995
12 5.58772
13 2.73975
14 1.65089
15 0.793243
16 0.83565
17 1.17526
18 3.01144
19 1.40507
20 0.841105
21 1.38765
22 2.72726
23 1.25673
24 1.35017
25 1.35369
26 1.29087
27 1.34489
28 1.31058
29 1.34383
"[DEBUG]index 75 centroid... "
0 2.76165
1 2.89427
2 2.68996
3 2.52509
4 2.34588
5 2.97312
6 2.6828
7 1.67921
8 15.966
9 5.20789
10 1.8405
11 0.991039
12 2.83513
13 0.66129
14 0.444444
15 1.03584
16 1.43548
17 9.0448
18 1.93548
19 0.854839
20 2.12007
21 8.00179
22 1.76523
23 2.72939
24 3.37814
25 2.65591
26 2.49283
27 2.59498
28 2.30824
29 2.67563
"[DEBUG]index 76 centroid... "
0 2.04127
1 2.34741
2 2.08829
3 1.8858
4 2.04031
5 2.02879
6 2.35701
7 1.77063
8 8.52111
9 3.14012
10 1.73129
11 3.24568
12 9.64203
13 2.8618
14 6.04798
15 17.2553
16 6
17 3.17083
18 2.01248
19 1.44722
20 0.799424
21 0.471209
22 0.860845
23 1.71689
24 1.71497
25 1.45202
26 1.63436
27 1.55086
28 1.32726
29 1.43282
"[DEBUG]index 77 centroid... "
0 2.2195
1 2.14002
2 1.84502
3 1.8698
4 1.79523
5 2.31697
6 2.25549
7 1.75082
8 23.0407
9 4.54628
10 1.83871
11 7.74708
12 1.87494
13 1.70617
14 6.28612
15 6.34666
16 1.69448
17 8.00818
18 1.64025
19 7.44413
20 6.6115
21 1.58252
22 7.22557
23 2.20337
24 2.13417
25 2.22464
26 2.02454
27 2.09935
28 2.00725
29 2.06124
"[DEBUG]index 78 centroid... "
0 1.47624
1 1.44425
2 1.45481
3 1.48245
4 1.4251
5 1.51299
6 1.58039
7 1.16099
8 7.02205
9 2.61052
10 1.54012
11 2.94637
12 5.42064
13 20.1705
14 5.32643
15 2.75795
16 1.33999
17 2.60203
18 0.930635
19 1.20727
20 1.08438
21 2.48432
22 1.20002
23 1.30914
24 1.22942
25 1.12393
26 1.0851
27 1.06957
28 1.15322
29 1.09991
"[DEBUG]index 79 centroid... "
0 3.21128
1 3.44658
2 2.55102
3 2.71549
4 2.27251
5 2.30732
6 2.76951
7 1.56423
8 19.4154
9 4.67707
10 1.95438
11 2.44178
12 0.530612
13 2.012
14 0.57623
15 0.34934
16 0.731092
17 1.61224
18 10.1489
19 1.53902
20 2.06002
21 1.81393
22 1.69268
23 2.11044
24 2.56303
25 2.56543
26 2.94238
27 2.5042
28 2.94118
29 2.2449
"[DEBUG]index 80 centroid... "
0 3.35086
1 3.04431
2 2.78062
3 2.6691
4 2.69053
5 3.11907
6 3.14707
7 2.10226
8 20.7115
9 4.2917
10 2.38203
11 0.933285
12 2.09277
13 9.16362
14 1.87874
15 2.30314
16 0.647918
17 2.28707
18 2.04553
19 0.695642
20 0.70392
21 1.62454
22 0.665936
23 2.55783
24 2.24495
25 2.29462
26 2.28634
27 2.30825
28 2.03944
29 2.31166
"[DEBUG]index 81 centroid... "
0 2.30432
1 2.03612
2 1.71538
3 1.91297
4 1.78161
5 2.12206
6 2.07499
7 1.69677
8 12.2146
9 3.26163
10 2.17734
11 2.01204
12 2.98522
13 14.0208
14 3.15709
15 1.85495
16 2.28626
17 3.63492
18 14.6273
19 3.57033
20 1.98851
21 1.8659
22 0.751505
23 1.91188
24 1.86097
25 1.79256
26 1.84839
27 1.78489
28 1.74986
29 1.5769
"[DEBUG]index 82 centroid... "
0 2.27672
1 2.15239
2 1.89386
3 1.9856
4 1.89538
5 2.3442
6 2.14632
7 1.65201
8 19.9621
9 2.94693
10 7.33207
11 1.66566
12 0.86884
13 1.34723
14 5.80895
15 6.71114
16 1.99166
17 1.74905
18 7.54511
19 6.69598
20 1.48749
21 2.22062
22 0.58605
23 1.99014
24 1.99014
25 1.98711
26 1.98711
27 1.88021
28 2.16603
29 2.04094
"[DEBUG]index 83 centroid... "
0 3.02359
1 2.95652
2 2.16785
3 2.20222
4 2.36737
5 2.70239
6 2.84024
7 1.64948
8 18.4088
9 3.74284
10 2.18166
11 0.778564
12 2.10246
13 0.778901
14 0.82575
15 1.63937
16 9.57398
17 2.3758
18 1.01314
19 1.97203
20 8.11156
21 1.41591
22 0.898888
23 2.68655
24 2.45736
25 2.54769
26 2.40411
27 2.34479
28 2.62892
29 2.33704
"[DEBUG]index 84 centroid... "
0 4.19324
1 4.50347
2 3.55373
3 3.54333
4 3.42201
5 3.31629
6 3.26343
7 2.69757
8 16.6785
9 4.21231
10 8.74523
11 2.70104
12 1.03206
13 2.89688
14 0.794627
15 0.939341
16 3.16811
17 0.705373
18 2.95321
19 0.881283
20 0.370884
21 0.848354
22 0.870884
23 2.69497
24 2.54939
25 2.67071
26 2.56846
27 2.53899
28 2.67158
29 2.51473
"[DEBUG]index 85 centroid... "
0 1.58427
1 1.67867
2 1.4542
3 1.33986
4 1.21014
5 1.29545
6 1.73566
7 1.30979
8 6.63427
9 15.5094
10 5.15909
11 3.0049
12 1.51434
13 0.543357
14 1.25315
15 0.623427
16 1.23916
17 3.13357
18 1.36818
19 1.48357
20 2.76154
21 7.54545
22 2.65629
23 1.5007
24 1.52587
25 1.31993
26 1.33846
27 1.4021
28 1.42692
29 1.40105
"[DEBUG]index 86 centroid... "
0 3.41244
1 3.16383
2 2.69324
3 2.63397
4 2.85645
5 2.84829
6 2.84762
7 2.19271
8 30.4851
9 4.79344
10 1.85684
11 0.94945
12 0.683628
13 1.48394
14 0.65436
15 2.34424
16 0.627325
17 2.24069
18 0.703402
19 1.7892
20 1.5336
21 0.590571
22 1.76591
23 2.0858
24 2.13562
25 2.31961
26 2.39077
27 2.44652
28 2.54393
29 2.27582
"[DEBUG]index 87 centroid... "
0 2.00433
1 2.14905
2 1.74523
3 1.95841
4 1.7435
5 1.83709
6 1.86222
7 1.33449
8 16.7132
9 3.68284
10 1.66811
11 7.12478
12 6.92808
13 5.40035
14 1.5052
15 0.631716
16 1.59965
17 1.19584
18 1.62045
19 0.532929
20 1.67071
21 5.51386
22 6.78076
23 1.95667
24 2.17591
25 1.90208
26 1.73137
27 1.61958
28 1.7331
29 1.72617
"[DEBUG]index 88 centroid... "
0 2.59235
1 2.35518
2 2.19051
3 2.26962
4 1.96803
5 1.96045
6 2.47159
7 1.88796
8 15.9533
9 2.88408
10 17.6001
11 3.88376
12 2.21279
13 0.99774
14 1.87391
15 0.954634
16 1.99144
17 6.46642
18 1.91072
19 5.08218
20 2.02728
21 0.784792
22 1.90781
23 1.73523
24 1.8216
25 2.17404
26 1.85567
27 2.04311
28 1.74685
29 1.80061
"[DEBUG]index 89 centroid... "
0 2.40701
1 2.375
2 2.04464
3 2.03158
4 1.6372
5 2.03789
6 2.38894
7 1.7108
8 14.2125
9 17.4116
10 2.89743
11 1.78027
12 0.795949
13 1.20427
14 4.59168
15 1.23868
16 4.91964
17 1.66551
18 0.742596
19 1.46821
20 1.29116
21 0.636977
22 1.32295
23 1.5098
24 1.56381
25 1.50784
26 1.57078
27 1.48323
28 1.4571
29 1.48105
"[DEBUG]index 90 centroid... "
0 2.45125
1 2.18083
2 1.82625
3 1.89125
4 1.91417
5 1.94375
6 2.2825
7 1.48958
8 20.0996
9 3.05542
10 7.54542
11 1.34125
12 7.97583
13 1.28833
14 6.78333
15 1.34542
16 6.01833
17 5.69958
18 1.36833
19 0.860833
20 1.55333
21 5.6075
22 1.33542
23 2.075
24 2.04667
25 1.90625
26 1.8075
27 1.71042
28 1.85417
29 1.99958
"[DEBUG]index 91 centroid... "
0 2.02789
1 2.1345
2 1.61269
3 1.67611
4 1.94377
5 2.34278
6 2.38686
7 1.73549
8 19.3108
9 2.90688
10 1.76428
11 0.82726
12 1.52632
13 5.63383
14 1.41565
15 8.39001
16 1.4152
17 7.88304
18 1.36707
19 7.7175
20 1.43995
21 6.21547
22 6.36932
23 2.10751
24 2.37652
25 2.10886
26 1.95052
27 2.01125
28 1.97436
29 2.12955
"[DEBUG]index 92 centroid... "
0 2.01513
1 2.10227
2 1.78675
3 1.82045
4 1.66865
5 2.1025
6 2.39578
7 1.60147
8 12.415
9 3.35863
10 1.7402
11 4.41412
12 1.60812
13 3.69594
14 14.4215
15 2.58817
16 14.6434
17 3.25224
18 4.50355
19 1.67118
20 1.57716
21 1.58794
22 3.57028
23 1.78514
24 1.98899
25 1.87503
26 1.73355
27 1.61087
28 1.58909
29 1.55469
"[DEBUG]index 93 centroid... "
0 1.98852
1 1.90601
2 1.73376
3 1.94772
4 1.69054
5 1.91689
6 2.00453
7 1.61529
8 13.7818
9 3.65881
10 3.67694
11 16.5485
12 3.95648
13 1.95437
14 3.47658
15 16.019
16 3.04775
17 1.79903
18 4.02448
19 1.39529
20 4.10275
21 1.38682
22 4.41614
23 1.76337
24 1.90904
25 1.78302
26 1.62587
27 1.72862
28 1.62617
29 1.66304
"[DEBUG]index 94 centroid... "
0 2.62074
1 2.56673
2 2.25948
3 2.50168
4 2.19443
5 2.37302
6 2.43231
7 1.747
8 21.6625
9 3.36438
10 6.62218
11 8.42535
12 1.58929
13 6.39558
14 7.7266
15 1.51824
16 0.799568
17 1.62362
18 1.49808
19 0.728757
20 1.46471
21 1.45871
22 1.47192
23 1.82765
24 1.71099
25 1.69491
26 1.54705
27 1.57609
28 1.55161
29 1.52832
"[DEBUG]index 95 centroid... "
0 2.8123
1 2.82325
2 2.09337
3 2.31455
4 2.20444
5 2.31455
6 2.68513
7 1.99968
8 20.0876
9 2.98068
10 8.03606
11 2.07147
12 0.895686
13 1.95428
14 0.714102
15 1.90406
16 8.96008
17 1.67997
18 8.27238
19 7.12782
20 1.75724
21 0.946877
22 2.1246
23 2.25531
24 2.32099
25 2.42241
26 2.48197
27 2.4604
28 2.37411
29 2.16645
"[DEBUG]index 96 centroid... "
0 2.40285
1 2.22967
2 1.95659
3 2.71153
4 2.38746
5 3.86151
6 2.67639
7 1.78571
8 33.3261
9 4.1401
10 2.42145
11 1.89228
12 9.15549
13 5.13482
14 2.22692
15 7.86174
16 1.85645
17 1.30891
18 1.5062
19 9.73817
20 2.07947
21 2.45292
22 9.26481
23 2.29192
24 2.46187
25 2.2949
26 1.89297
27 2.27905
28 2.01332
29 2.19614
"[DEBUG]index 97 centroid... "
0 2.32673
1 2.35896
2 1.98039
3 2.11959
4 1.94914
5 2.22112
6 2.57736
7 1.9802
8 22.3361
9 4.2615
10 2.04271
11 9.19006
12 1.60571
13 5.81149
14 2.00019
15 1.92681
16 0.985828
17 1.84818
18 1.77169
19 8.50631
20 1.65114
21 7.28616
22 8.68181
23 2.30635
24 2.33295
25 2.11143
26 3.07727
27 2.46651
28 2.1522
29 2.13395
"[DEBUG]index 98 centroid... "
0 1.839
1 1.82686
2 1.61165
3 1.77913
4 1.52751
5 1.84061
6 2.11003
7 1.69337
8 11.4078
9 3.57686
10 1.64887
11 3.98786
12 3.89078
13 1.56715
14 3.48058
15 13.8568
16 2.82524
17 11.3091
18 11.1448
19 2.85841
20 3.93447
21 1.68608
22 0.822816
23 2.03641
24 1.68608
25 1.81553
26 1.8034
27 1.64887
28 1.73544
29 1.54531
"[DEBUG]index 99 centroid... "
0 2.26359
1 2.13015
2 1.75418
3 1.87534
4 1.68387
5 1.79499
6 2.09791
7 1.4816
8 18.126
9 3.96257
10 2.48213
11 1.99218
12 4.53119
13 2.07962
14 0.928209
15 2.29319
16 1.92736
17 4.25185
18 21.0422
19 4.61768
20 2.03013
21 5.8302
22 1.65965
23 1.90336
24 1.8506
25 1.95031
26 2.07486
27 1.99672
28 1.89184
29 1.90833
