"[DEBUG]index 0 centroid... "
0 0.239326
1 0.303357
2 0.408663
3 0.461357
4 0.137286
5 0.224959
6 0.177582
7 0.295245
8 0.207582
9 0.0658469
10 0.229031
11 0.381214
12 0.0417551
13 0.139235
14 0.174531
15 -0.0389796
16 0.0484184
17 0.0669082
18 0.186571
19 0.201663
20 0.194296
21 0.115541
22 0.239571
23 0.126235
24 0.13698
25 0.0489489
26 0.118347
27 0.184765
28 0.276102
29 0.3105
"[DEBUG]index 1 centroid... "
0 0.13524
1 0.154146
2 0.252031
3 0.0104167
4 -0.0546146
5 0.112823
6 0.0499583
7 0.159667
8 0.0424583
9 0.155885
10 0.084875
11 0.119542
12 0.164542
13 0.16149
14 0.10551
15 0.065
16 0.167948
17 0.32299
18 0.0840521
19 0.0996146
20 0.0332396
21 0.175563
22 0.182875
23 0.131396
24 0.0864792
25 0.164208
26 0.188948
27 0.17499
28 0.105219
29 0.202021
"[DEBUG]index 2 centroid... "
0 0.232556
1 0.19871
2 0.243192
3 0.201302
4 0.183041
5 0.233587
6 0.222561
7 0.259737
8 0.227543
9 0.240197
10 0.272646
11 0.215626
12 0.223723
13 0.186451
14 0.24384
15 0.223794
16 0.188534
17 0.181716
18 0.110635
19 0.16536
20 0.219637
21 0.230771
22 0.229952
23 0.190256
24 0.210172
25 0.214365
26 0.199698
27 0.254657
28 0.25676
29 0.21214
"[DEBUG]index 3 centroid... "
0 0.151111
1 -0.139333
2 -0.1138
3 0.146933
4 0.0773111
5 0.0956666
6 0.128444
7 0.2502
8 0.00362225
9 0.131422
10 0.0838444
11 0.324289
12 0.198444
13 0.165111
14 0.0190889
15 -0.05
16 0.236578
17 0.204978
18 0.223756
19 0.195311
20 0.278689
21 0.284378
22 0.203644
23 0.264489
24 0.0957333
25 0.0241111
26 0.0139333
27 0.3166
28 -0.0718222
29 0.0818444
"[DEBUG]index 4 centroid... "
0 0.196003
1 0.156982
2 0.170199
3 0.195399
4 0.206222
5 0.143105
6 0.200937
7 0.200643
8 0.113277
9 0.173157
10 0.182652
11 0.181936
12 0.198938
13 0.191444
14 0.145108
15 0.175409
16 0.202611
17 0.198175
18 0.198527
19 0.251202
20 0.197576
21 0.112656
22 0.184424
23 0.207384
24 0.196279
25 0.209434
26 0.18367
27 0.200197
28 0.152874
29 0.165456
"[DEBUG]index 5 centroid... "
0 0.214801
1 0.203921
2 0.183154
3 0.194776
4 0.227415
5 0.19082
6 0.218828
7 0.225784
8 0.189312
9 0.197609
10 0.215385
11 0.186452
12 0.184332
13 0.27522
14 0.245738
15 0.211899
16 0.189555
17 0.216612
18 0.195284
19 0.145482
20 0.221968
21 0.22134
22 0.197338
23 0.216997
24 0.232888
25 0.188115
26 0.20618
27 0.179193
28 0.204676
29 0.211248
"[DEBUG]index 6 centroid... "
0 0.217385
1 0.205547
2 0.210115
3 0.174471
4 0.206274
5 0.189264
6 0.218836
7 0.169477
8 0.125355
9 0.192703
10 0.115345
11 0.0983844
12 0.238566
13 0.193935
14 0.210849
15 0.180962
16 0.171275
17 0.177704
18 0.198937
19 0.232606
20 0.234297
21 0.249671
22 0.242589
23 0.245875
24 0.23793
25 0.231345
26 0.23863
27 0.198694
28 0.227895
29 0.228728
"[DEBUG]index 7 centroid... "
0 0.270853
1 0.20912
2 0.28937
3 0.257586
4 0.308702
5 0.269421
6 0.226551
7 0.318664
8 0.275137
9 0.211188
10 0.187233
11 0.310778
12 0.282209
13 0.0910445
14 0.296774
15 0.0914657
16 0.159158
17 0.0798288
18 0.238699
19 0.31913
20 0.285685
21 0.238452
22 0.242634
23 0.220839
24 0.255072
25 0.249425
26 0.136233
27 0.360812
28 0.235089
29 0.328253
"[DEBUG]index 8 centroid... "
0 0.203849
1 0.212887
2 0.207913
3 0.222234
4 0.226071
5 0.20305
6 0.226399
7 0.198803
8 0.142945
9 0.204133
10 0.227746
11 0.228866
12 0.222725
13 0.194359
14 0.166455
15 0.136109
16 0.158771
17 0.173216
18 0.221136
19 0.245203
20 0.19274
21 0.223472
22 0.240683
23 0.191406
24 0.201427
25 0.202999
26 0.218328
27 0.212068
28 0.215657
29 0.22605
"[DEBUG]index 9 centroid... "
0 0.196196
1 0.21872
2 0.18509
3 0.220192
4 0.228221
5 0.203842
6 0.217902
7 0.203035
8 0.130651
9 0.206678
10 0.212215
11 0.19845
12 0.250141
13 0.270813
14 0.243367
15 0.188675
16 0.238919
17 0.256069
18 0.20822
19 0.203067
20 0.242564
21 0.260233
22 0.24968
23 0.244641
24 0.225738
25 0.229735
26 0.216942
27 0.211157
28 0.230502
29 0.224763
"[DEBUG]index 10 centroid... "
0 0.21062
1 0.202086
2 0.201546
3 0.222986
4 0.214517
5 0.196971
6 0.215473
7 0.199939
8 0.151572
9 0.201812
10 0.22584
11 0.238955
12 0.224131
13 0.168501
14 0.2261
15 0.198619
16 0.214747
17 0.178111
18 0.217914
19 0.233418
20 0.232019
21 0.214725
22 0.175374
23 0.222329
24 0.20581
25 0.195094
26 0.212045
27 0.197509
28 0.230516
29 0.202164
"[DEBUG]index 11 centroid... "
0 0.184646
1 0.197028
2 0.214853
3 0.213208
4 0.232364
5 0.205871
6 0.216401
7 0.184193
8 0.156012
9 0.194003
10 0.181485
11 0.256234
12 0.250326
13 0.221055
14 0.21275
15 0.215432
16 0.162854
17 0.200297
18 0.224661
19 0.16432
20 0.146428
21 0.19949
22 0.213622
23 0.199439
24 0.218918
25 0.212242
26 0.236501
27 0.204252
28 0.233241
29 0.220535
"[DEBUG]index 12 centroid... "
0 0.1984
1 0.208821
2 0.206555
3 0.199958
4 0.213846
5 0.184762
6 0.217996
7 0.215693
8 0.132044
9 0.165853
10 0.218979
11 0.21065
12 0.204043
13 0.205284
14 0.221683
15 0.170594
16 0.130547
17 0.225027
18 0.228868
19 0.170841
20 0.216096
21 0.208347
22 0.173923
23 0.186575
24 0.201243
25 0.194829
26 0.205775
27 0.206018
28 0.214015
29 0.209859
"[DEBUG]index 13 centroid... "
0 0.200884
1 0.193941
2 0.186573
3 0.18682
4 0.247036
5 0.221311
6 0.277682
7 0.223678
8 0.169741
9 0.107915
10 0.063035
11 0.181863
12 0.137818
13 0.199258
14 0.273696
15 0.210183
16 0.204118
17 0.156723
18 0.177252
19 0.233464
20 0.268099
21 0.235848
22 0.227536
23 0.264987
24 0.348523
25 0.317416
26 0.303824
27 0.290759
28 0.277334
29 0.230618
"[DEBUG]index 14 centroid... "
0 0.24007
1 0.136952
2 0.159991
3 0.185261
4 0.181554
5 0.174624
6 0.129009
7 0.210702
8 0.122768
9 0.148322
10 0.206656
11 0.163734
12 0.172014
13 0.153357
14 0.171008
15 0.162192
16 0.0878524
17 0.180853
18 0.245718
19 0.184607
20 0.22506
21 0.18098
22 0.114978
23 0.14475
24 0.134363
25 0.173316
26 0.176525
27 0.167867
28 0.233217
29 0.189162
"[DEBUG]index 15 centroid... "
0 0.20988
1 0.209699
2 0.164548
3 0.195195
4 0.215511
5 0.198633
6 0.241995
7 0.23005
8 0.149651
9 0.115245
10 0.187587
11 0.208895
12 0.203962
13 0.179844
14 0.140088
15 0.196257
16 0.210035
17 0.170081
18 0.18691
19 0.182288
20 0.221667
21 0.198236
22 0.185323
23 0.225723
24 0.223612
25 0.226647
26 0.209001
27 0.1984
28 0.249027
29 0.216879
"[DEBUG]index 16 centroid... "
0 0.191335
1 0.192221
2 0.181861
3 0.21644
4 0.22461
5 0.180284
6 0.198741
7 0.206415
8 0.132971
9 0.179654
10 0.222255
11 0.206595
12 0.199528
13 0.190197
14 0.211991
15 0.235947
16 0.229631
17 0.241809
18 0.229938
19 0.174765
20 0.216104
21 0.217671
22 0.214379
23 0.235541
24 0.230392
25 0.203808
26 0.213241
27 0.203118
28 0.194311
29 0.187205
"[DEBUG]index 17 centroid... "
0 0.206808
1 0.16855
2 0.160797
3 0.200924
4 0.214791
5 0.188032
6 0.247678
7 0.223713
8 0.130829
9 0.237195
10 0.271679
11 0.191673
12 0.218368
13 0.24868
14 0.170692
15 0.211397
16 0.242762
17 0.224172
18 0.178865
19 0.253747
20 0.280326
21 0.177466
22 0.182469
23 0.235787
24 0.208206
25 0.205207
26 0.212073
27 0.207063
28 0.194246
29 0.210407
"[DEBUG]index 18 centroid... "
0 0.235813
1 0.242147
2 0.242219
3 0.217449
4 0.234481
5 0.223266
6 0.273011
7 0.231264
8 0.189156
9 0.247038
10 0.244428
11 0.212741
12 0.269535
13 0.244673
14 0.204236
15 0.281351
16 0.240897
17 0.182451
18 0.236532
19 0.277061
20 0.216657
21 0.193248
22 0.265218
23 0.266446
24 0.219495
25 0.232083
26 0.229468
27 0.227295
28 0.229427
29 0.240188
"[DEBUG]index 19 centroid... "
0 0.200478
1 0.192987
2 0.204878
3 0.233306
4 0.25523
5 0.212349
6 0.279119
7 0.24406
8 0.163336
9 0.203889
10 0.257537
11 0.211049
12 0.236292
13 0.227732
14 0.144097
15 0.175881
16 0.19351
17 0.226961
18 0.189939
19 0.18779
20 0.239933
21 0.219063
22 0.192551
23 0.246038
24 0.260379
25 0.20858
26 0.223649
27 0.246081
28 0.224156
29 0.242972
"[DEBUG]index 20 centroid... "
0 0.220899
1 0.250164
2 0.26308
3 0.230897
4 0.231741
5 0.255245
6 0.276042
7 0.235807
8 0.18736
9 0.188845
10 0.285171
11 0.225045
12 0.220238
13 0.221633
14 0.255988
15 0.319666
16 0.250346
17 0.259784
18 0.297529
19 0.309805
20 0.3158
21 0.292247
22 0.33027
23 0.24336
24 0.229859
25 0.27759
26 0.317388
27 0.26359
28 0.242736
29 0.238403
"[DEBUG]index 21 centroid... "
0 0.210932
1 0.198805
2 0.201755
3 0.20594
4 0.210468
5 0.188653
6 0.213276
7 0.204576
8 0.134315
9 0.215315
10 0.231196
11 0.179156
12 0.211662
13 0.216489
14 0.200375
15 0.215482
16 0.200498
17 0.200471
18 0.234103
19 0.220946
20 0.206231
21 0.232932
22 0.229984
23 0.221847
24 0.219326
25 0.223384
26 0.208838
27 0.207358
28 0.20425
29 0.205444
"[DEBUG]index 22 centroid... "
0 0.199956
1 0.201403
2 0.225799
3 0.218835
4 0.213838
5 0.196458
6 0.222004
7 0.217116
8 0.151974
9 0.196806
10 0.230891
11 0.184696
12 0.192159
13 0.236537
14 0.181722
15 0.128697
16 0.22552
17 0.239857
18 0.196569
19 0.210933
20 0.202165
21 0.195587
22 0.219723
23 0.214676
24 0.199331
25 0.22136
26 0.23167
27 0.2207
28 0.221025
29 0.206133
"[DEBUG]index 23 centroid... "
0 0.219708
1 0.203818
2 0.204119
3 0.213021
4 0.216711
5 0.172081
6 0.217341
7 0.225596
8 0.170913
9 0.190553
10 0.218261
11 0.183988
12 0.197188
13 0.169097
14 0.127338
15 0.214272
16 0.230842
17 0.208017
18 0.209713
19 0.175648
20 0.203197
21 0.209954
22 0.234721
23 0.238604
24 0.228513
25 0.232615
26 0.237442
27 0.233341
28 0.242591
29 0.251889
"[DEBUG]index 24 centroid... "
0 0.216606
1 0.210559
2 0.206319
3 0.225328
4 0.22158
5 0.201572
6 0.220457
7 0.200655
8 0.140384
9 0.236311
10 0.246515
11 0.190166
12 0.182935
13 0.173881
14 0.162033
15 0.160224
16 0.224393
17 0.225312
18 0.157761
19 0.214608
20 0.238763
21 0.202837
22 0.204528
23 0.216067
24 0.220163
25 0.217846
26 0.225476
27 0.225939
28 0.228024
29 0.224314
"[DEBUG]index 25 centroid... "
0 0.195713
1 0.195787
2 0.200851
3 0.206484
4 0.204486
5 0.18208
6 0.222252
7 0.197796
8 0.104766
9 0.100514
10 0.150238
11 0.213974
12 0.227955
13 0.213175
14 0.199702
15 0.209101
16 0.252074
17 0.22236
18 0.226605
19 0.26985
20 0.23997
21 0.24531
22 0.261873
23 0.248648
24 0.234358
25 0.252233
26 0.240561
27 0.232282
28 0.225398
29 0.22241
"[DEBUG]index 26 centroid... "
0 0.152363
1 0.184621
2 0.229665
3 0.188585
4 0.235553
5 0.255261
6 0.291604
7 0.259781
8 0.214852
9 0.215955
10 0.333553
11 0.300504
12 0.24057
13 0.174718
14 0.215596
15 0.229097
16 0.23956
17 0.237014
18 0.244713
19 0.207214
20 0.141808
21 0.214169
22 0.204385
23 0.238828
24 0.266637
25 0.233066
26 0.220521
27 0.128196
28 0.203517
29 0.231453
"[DEBUG]index 27 centroid... "
0 0.207723
1 0.206173
2 0.211817
3 0.215901
4 0.174961
5 0.195836
6 0.228789
7 0.211782
8 0.169273
9 0.205346
10 0.162498
11 0.184892
12 0.217522
13 0.17696
14 0.183223
15 0.199946
16 0.191609
17 0.192157
18 0.155387
19 0.189484
20 0.219855
21 0.224348
22 0.177196
23 0.219582
24 0.225495
25 0.211159
26 0.221099
27 0.235883
28 0.245497
29 0.220735
"[DEBUG]index 28 centroid... "
0 0.226628
1 0.249305
2 0.187904
3 0.209471
4 0.209088
5 0.194352
6 0.217954
7 0.209533
8 0.146708
9 0.18985
10 0.21412
11 0.20352
12 0.191864
13 0.135514
14 0.244103
15 0.233663
16 0.188933
17 0.186655
18 0.181872
19 0.159339
20 0.164126
21 0.213306
22 0.214134
23 0.245247
24 0.224328
25 0.236134
26 0.212936
27 0.207633
28 0.23163
29 0.214146
"[DEBUG]index 29 centroid... "
0 0.193085
1 0.224785
2 0.212561
3 0.220296
4 0.225852
5 0.232423
6 0.259381
7 0.178778
8 0.128818
9 0.145895
10 0.15696
11 0.204986
12 0.255229
13 0.205748
14 0.217419
15 0.183048
16 0.149461
17 0.184651
18 0.218618
19 0.179947
20 0.186818
21 0.210703
22 0.220177
23 0.202974
24 0.211085
25 0.198542
26 0.214658
27 0.217245
28 0.223585
29 0.23527
"[DEBUG]index 30 centroid... "
0 0.195661
1 0.206669
2 0.213525
3 0.224004
4 0.237024
5 0.205056
6 0.237275
7 0.244285
8 0.182655
9 0.152504
10 0.230073
11 0.196421
12 0.193351
13 0.205649
14 0.205601
15 0.242347
16 0.21123
17 0.217529
18 0.265733
19 0.209091
20 0.216483
21 0.256114
22 0.202779
23 0.214133
24 0.21241
25 0.219344
26 0.227614
27 0.210169
28 0.221896
29 0.215647
"[DEBUG]index 31 centroid... "
0 0.19971
1 0.200569
2 0.194188
3 0.211377
4 0.218644
5 0.19778
6 0.225812
7 0.235515
8 0.154031
9 0.165483
10 0.195316
11 0.181425
12 0.182311
13 0.233674
14 0.23504
15 0.184071
16 0.20657
17 0.220035
18 0.209912
19 0.226191
20 0.235218
21 0.234852
22 0.250962
23 0.235654
24 0.228801
25 0.235468
26 0.226284
27 0.225716
28 0.228216
29 0.224333
"[DEBUG]index 32 centroid... "
0 0.21405
1 0.161925
2 0.2079
3 0.183585
4 0.19771
5 0.17844
6 0.194252
7 0.187518
8 0.0898364
9 0.143632
10 0.174236
11 0.192883
12 0.204245
13 0.251814
14 0.250805
15 0.111685
16 0.172271
17 0.207254
18 0.206773
19 0.17947
20 0.146085
21 0.158773
22 0.203316
23 0.193541
24 0.17447
25 0.16829
26 0.153779
27 0.194506
28 0.183846
29 0.212831
"[DEBUG]index 33 centroid... "
0 0.201987
1 0.19502
2 0.195871
3 0.214791
4 0.207539
5 0.195747
6 0.230595
7 0.207523
8 0.115371
9 0.0989242
10 0.121352
11 0.20112
12 0.216668
13 0.180978
14 0.212022
15 0.21695
16 0.2118
17 0.227188
18 0.214125
19 0.2218
20 0.23379
21 0.213724
22 0.213181
23 0.244853
24 0.230665
25 0.230378
26 0.229609
27 0.213622
28 0.207
29 0.205148
"[DEBUG]index 34 centroid... "
0 0.19353
1 0.202135
2 0.21305
3 0.203231
4 0.193984
5 0.190056
6 0.215449
7 0.189135
8 0.131365
9 0.195566
10 0.217332
11 0.170107
12 0.216713
13 0.189267
14 0.140669
15 0.236491
16 0.221205
17 0.167422
18 0.203101
19 0.192192
20 0.180838
21 0.195984
22 0.17517
23 0.199167
24 0.183349
25 0.204055
26 0.213526
27 0.209754
28 0.196881
29 0.184057
"[DEBUG]index 35 centroid... "
0 0.2307
1 0.203106
2 0.231984
3 0.222064
4 0.201692
5 0.200142
6 0.240696
7 0.244245
8 0.161634
9 0.16899
10 0.178675
11 0.153121
12 0.190551
13 0.259153
14 0.245058
15 0.212525
16 0.229451
17 0.191487
18 0.169723
19 0.195214
20 0.167802
21 0.153973
22 0.22483
23 0.257283
24 0.219798
25 0.215497
26 0.228012
27 0.214239
28 0.229061
29 0.209124
"[DEBUG]index 36 centroid... "
0 0.209652
1 0.189315
2 0.187419
3 0.188668
4 0.206271
5 0.201722
6 0.225623
7 0.245349
8 0.152374
9 0.0986696
10 0.245563
11 0.240201
12 0.172366
13 0.194951
14 0.215746
15 0.200373
16 0.170891
17 0.214217
18 0.233184
19 0.229484
20 0.252479
21 0.244713
22 0.233036
23 0.267409
24 0.267444
25 0.252425
26 0.2568
27 0.247285
28 0.217267
29 0.240034
"[DEBUG]index 37 centroid... "
0 0.195616
1 0.201927
2 0.204673
3 0.199369
4 0.195695
5 0.189893
6 0.210555
7 0.196661
8 0.119028
9 0.157364
10 0.207908
11 0.167657
12 0.209375
13 0.190997
14 0.16801
15 0.206682
16 0.186076
17 0.13374
18 0.197267
19 0.216255
20 0.185759
21 0.200394
22 0.197472
23 0.196437
24 0.184826
25 0.208106
26 0.205996
27 0.205717
28 0.219377
29 0.215368
"[DEBUG]index 38 centroid... "
0 0.177201
1 0.187578
2 0.193707
3 0.222948
4 0.225309
5 0.191128
6 0.22951
7 0.180488
8 0.106816
9 0.186042
10 0.222651
11 0.197152
12 0.20377
13 0.247944
14 0.221671
15 0.164494
16 0.228725
17 0.252517
18 0.186067
19 0.210224
20 0.240665
21 0.205811
22 0.167863
23 0.198197
24 0.210295
25 0.196091
26 0.191945
27 0.196136
28 0.212495
29 0.191107
"[DEBUG]index 39 centroid... "
0 0.225128
1 0.214026
2 0.183556
3 0.216765
4 0.198765
5 0.179445
6 0.231454
7 0.232245
8 0.138384
9 0.215684
10 0.232143
11 0.200267
12 0.197754
13 0.182982
14 0.212687
15 0.183436
16 0.167463
17 0.248024
18 0.185892
19 0.143899
20 0.211623
21 0.226152
22 0.195118
23 0.212275
24 0.212562
25 0.195798
26 0.193616
27 0.22068
28 0.229415
29 0.220422
"[DEBUG]index 40 centroid... "
0 0.232474
1 0.209249
2 0.17894
3 0.206951
4 0.19968
5 0.208507
6 0.211822
7 0.256778
8 0.100351
9 0.207238
10 0.228671
11 0.171249
12 0.233949
13 0.207562
14 0.167155
15 0.172432
16 0.205692
17 0.237112
18 0.238938
19 0.288409
20 0.255663
21 0.30322
22 0.284606
23 0.289592
24 0.251691
25 0.278439
26 0.281097
27 0.285837
28 0.301867
29 0.252599
"[DEBUG]index 41 centroid... "
0 0.220941
1 0.210634
2 0.205935
3 0.164563
4 0.189253
5 0.191465
6 0.204249
7 0.246804
8 0.172155
9 0.120918
10 0.152363
11 0.109853
12 0.161178
13 0.189865
14 0.159657
15 0.148551
16 0.170063
17 0.191258
18 0.231701
19 0.241569
20 0.260538
21 0.284923
22 0.285343
23 0.282348
24 0.292871
25 0.283211
26 0.266647
27 0.269424
28 0.290873
29 0.256874
"[DEBUG]index 42 centroid... "
0 0.203385
1 0.195403
2 0.217664
3 0.211373
4 0.186547
5 0.190906
6 0.237516
7 0.25132
8 0.152435
9 0.1072
10 0.228681
11 0.236332
12 0.191291
13 0.175219
14 0.190929
15 0.209381
16 0.205361
17 0.15856
18 0.227456
19 0.223685
20 0.178245
21 0.255546
22 0.236007
23 0.247077
24 0.256581
25 0.242063
26 0.232746
27 0.250865
28 0.241786
29 0.241311
"[DEBUG]index 43 centroid... "
0 0.183733
1 0.194609
2 0.189474
3 0.200919
4 0.209353
5 0.199973
6 0.209645
7 0.186074
8 0.117901
9 0.203656
10 0.232842
11 0.196364
12 0.24721
13 0.205892
14 0.142663
15 0.221982
16 0.23064
17 0.220032
18 0.199662
19 0.204259
20 0.237587
21 0.20127
22 0.150309
23 0.208414
24 0.2031
25 0.20455
26 0.200532
27 0.187531
28 0.189662
29 0.19428
"[DEBUG]index 44 centroid... "
0 0.195938
1 0.205202
2 0.21504
3 0.22683
4 0.244329
5 0.208609
6 0.241514
7 0.219148
8 0.141945
9 0.144468
10 0.19117
11 0.213892
12 0.254257
13 0.250599
14 0.224822
15 0.221129
16 0.20703
17 0.18681
18 0.148374
19 0.147651
20 0.185827
21 0.199726
22 0.241098
23 0.231952
24 0.220989
25 0.210287
26 0.213969
27 0.184373
28 0.200235
29 0.208074
"[DEBUG]index 45 centroid... "
0 0.202111
1 0.211256
2 0.209149
3 0.213084
4 0.224255
5 0.192401
6 0.207199
7 0.208476
8 0.131048
9 0.141111
10 0.182053
11 0.252228
12 0.230338
13 0.193121
14 0.204626
15 0.187167
16 0.202906
17 0.22276
18 0.24169
19 0.219976
20 0.176263
21 0.197465
22 0.182434
23 0.198459
24 0.232594
25 0.219873
26 0.210216
27 0.19737
28 0.204061
29 0.193756
"[DEBUG]index 46 centroid... "
0 0.210341
1 0.210367
2 0.216447
3 0.224731
4 0.215253
5 0.201236
6 0.24649
7 0.241496
8 0.158425
9 0.190421
10 0.21832
11 0.173988
12 0.201779
13 0.21856
14 0.188456
15 0.202397
16 0.246694
17 0.21404
18 0.203177
19 0.25094
20 0.238128
21 0.186094
22 0.2206
23 0.227794
24 0.214439
25 0.220485
26 0.218733
27 0.21735
28 0.211746
29 0.215371
"[DEBUG]index 47 centroid... "
0 0.200031
1 0.197935
2 0.199923
3 0.223017
4 0.215601
5 0.194802
6 0.229518
7 0.219152
8 0.146766
9 0.220025
10 0.235507
11 0.200225
12 0.23105
13 0.221798
14 0.205823
15 0.189009
16 0.159939
17 0.149339
18 0.132035
19 0.164327
20 0.180929
21 0.205088
22 0.219791
23 0.21375
24 0.20035
25 0.205961
26 0.196008
27 0.194307
28 0.207237
29 0.211946
"[DEBUG]index 48 centroid... "
0 0.197372
1 0.194395
2 0.199682
3 0.209403
4 0.208816
5 0.175563
6 0.193132
7 0.184846
8 0.115418
9 0.173121
10 0.200189
11 0.200444
12 0.209634
13 0.18271
14 0.20881
15 0.199342
16 0.179501
17 0.21243
18 0.208919
19 0.212369
20 0.21372
21 0.187641
22 0.212154
23 0.214731
24 0.210977
25 0.212879
26 0.211421
27 0.204635
28 0.204231
29 0.20586
"[DEBUG]index 49 centroid... "
0 0.198447
1 0.16964
2 0.190031
3 0.203564
4 0.218032
5 0.191016
6 0.190352
7 0.156033
8 0.159679
9 0.14812
10 0.214052
11 0.179515
12 0.185857
13 0.131688
14 0.128079
15 0.191346
16 0.14947
17 0.192698
18 0.224032
19 0.254601
20 0.163835
21 0.209364
22 0.214181
23 0.207923
24 0.185422
25 0.212929
26 0.237637
27 0.257747
28 0.197089
29 0.215359
"[DEBUG]index 50 centroid... "
0 0.221965
1 0.210469
2 0.215312
3 0.216283
4 0.219506
5 0.198611
6 0.246751
7 0.234108
8 0.133962
9 0.190274
10 0.241678
11 0.179448
12 0.188517
13 0.247649
14 0.177584
15 0.219523
16 0.213835
17 0.179047
18 0.184502
19 0.218574
20 0.237552
21 0.205868
22 0.183537
23 0.223818
24 0.238345
25 0.21669
26 0.236739
27 0.233298
28 0.227642
29 0.224831
"[DEBUG]index 51 centroid... "
0 0.208305
1 0.190477
2 0.210121
3 0.2137
4 0.220791
5 0.206296
6 0.23624
7 0.195775
8 0.120861
9 0.147913
10 0.174226
11 0.216291
12 0.221112
13 0.217923
14 0.212759
15 0.21971
16 0.216124
17 0.199518
18 0.192645
19 0.180652
20 0.154787
21 0.167059
22 0.189086
23 0.211754
24 0.224675
25 0.201555
26 0.203433
27 0.195196
28 0.215075
29 0.203054
"[DEBUG]index 52 centroid... "
0 0.220346
1 0.177718
2 0.202222
3 0.216929
4 0.211773
5 0.190372
6 0.219641
7 0.208561
8 0.143131
9 0.218372
10 0.252031
11 0.175037
12 0.234504
13 0.247115
14 0.200001
15 0.203713
16 0.159272
17 0.225342
18 0.236108
19 0.195536
20 0.210465
21 0.218523
22 0.220774
23 0.222678
24 0.222717
25 0.226827
26 0.224217
27 0.219401
28 0.212547
29 0.216366
"[DEBUG]index 53 centroid... "
0 0.145472
1 0.254386
2 0.182791
3 0.247708
4 0.261952
5 0.219263
6 0.217889
7 0.293085
8 0.185902
9 0.147996
10 0.26873
11 0.20758
12 0.242388
13 0.213894
14 0.200992
15 0.158917
16 0.185593
17 0.219188
18 0.217263
19 0.21628
20 0.152729
21 0.224555
22 0.237511
23 0.215484
24 0.212096
25 0.187668
26 0.237328
27 0.158407
28 0.196236
29 0.0711459
"[DEBUG]index 54 centroid... "
0 0.194822
1 0.14731
2 0.0732113
3 0.213784
4 0.157887
5 0.0772629
6 0.105268
7 0.0403333
8 0.00345539
9 0.185568
10 0.267084
11 0.142901
12 0.0988639
13 0.154028
14 0.225812
15 0.0473286
16 0.0430235
17 0.196038
18 0.248432
19 0.278775
20 0.226873
21 0.167944
22 0.138084
23 0.116404
24 0.0946197
25 0.237864
26 0.343084
27 0.222075
28 0.0266056
29 0.176883
"[DEBUG]index 55 centroid... "
0 0.135841
1 0.175837
2 0.174428
3 0.151385
4 0.217088
5 0.168173
6 0.223875
7 0.213559
8 0.177398
9 0.233556
10 0.191483
11 0.210597
12 0.236302
13 0.204528
14 0.147246
15 0.192816
16 0.216941
17 0.252717
18 0.172165
19 0.23274
20 0.164962
21 0.116279
22 0.157519
23 0.240793
24 0.16654
25 0.17447
26 0.195321
27 0.17062
28 0.173049
29 0.168578
"[DEBUG]index 56 centroid... "
0 0.223986
1 0.222942
2 0.219698
3 0.226561
4 0.221657
5 0.193469
6 0.230535
7 0.217041
8 0.142615
9 0.233656
10 0.226554
11 0.182829
12 0.214135
13 0.171825
14 0.207407
15 0.231214
16 0.149815
17 0.178004
18 0.25235
19 0.234921
20 0.20535
21 0.218223
22 0.215911
23 0.219638
24 0.241235
25 0.245997
26 0.245166
27 0.242754
28 0.233818
29 0.249176
"[DEBUG]index 57 centroid... "
0 0.200034
1 0.170648
2 0.187802
3 0.188677
4 0.193128
5 0.189008
6 0.175105
7 0.220522
8 0.108852
9 0.141428
10 0.18986
11 0.195924
12 0.202117
13 0.202524
14 0.211248
15 0.126287
16 0.135772
17 0.137276
18 0.152798
19 0.17213
20 0.207793
21 0.208047
22 0.212689
23 0.237728
24 0.232152
25 0.17902
26 0.188468
27 0.194037
28 0.196528
29 0.177516
"[DEBUG]index 58 centroid... "
0 0.18434
1 0.176293
2 0.189649
3 0.222346
4 0.201375
5 0.179434
6 0.189743
7 0.168531
8 0.127522
9 0.162014
10 0.199376
11 0.215791
12 0.198701
13 0.195563
14 0.247261
15 0.169316
16 0.17925
17 0.17611
18 0.147761
19 0.171655
20 0.178592
21 0.173964
22 0.210986
23 0.194221
24 0.219957
25 0.204396
26 0.188627
27 0.224384
28 0.22058
29 0.217067
"[DEBUG]index 59 centroid... "
0 0.210473
1 0.214214
2 0.214869
3 0.234789
4 0.237032
5 0.188314
6 0.228911
7 0.223285
8 0.169796
9 0.199459
10 0.22322
11 0.201999
12 0.205547
13 0.201543
14 0.181328
15 0.19974
16 0.195646
17 0.219954
18 0.236765
19 0.198412
20 0.155044
21 0.229572
22 0.230107
23 0.209278
24 0.23324
25 0.226561
26 0.221874
27 0.203393
28 0.227161
29 0.224516
"[DEBUG]index 60 centroid... "
0 0.188341
1 0.169738
2 0.20713
3 0.159286
4 0.169553
5 0.16468
6 0.172332
7 0.148986
8 0.107819
9 0.0978442
10 0.170262
11 0.168113
12 0.172219
13 0.115632
14 0.165824
15 0.10946
16 0.130337
17 0.189865
18 0.181705
19 0.182028
20 0.201299
21 0.185348
22 0.206571
23 0.205773
24 0.221309
25 0.193674
26 0.227807
27 0.238284
28 0.179219
29 0.215962
"[DEBUG]index 61 centroid... "
0 0.16545
1 0.194653
2 0.194685
3 0.220045
4 0.224849
5 0.201182
6 0.234851
7 0.233442
8 0.148059
9 0.207094
10 0.244485
11 0.220917
12 0.182416
13 0.194714
14 0.207048
15 0.205611
16 0.188942
17 0.213198
18 0.18687
19 0.131337
20 0.135584
21 0.113496
22 0.196819
23 0.241908
24 0.202197
25 0.220021
26 0.203424
27 0.170585
28 0.200462
29 0.197711
"[DEBUG]index 62 centroid... "
0 0.203503
1 0.193004
2 0.213198
3 0.212867
4 0.218407
5 0.210094
6 0.216432
7 0.201938
8 0.159083
9 0.184595
10 0.219198
11 0.201456
12 0.218285
13 0.25096
14 0.236964
15 0.167217
16 0.148045
17 0.149586
18 0.185828
19 0.18957
20 0.230215
21 0.210421
22 0.225299
23 0.220925
24 0.202595
25 0.222938
26 0.204197
27 0.230175
28 0.20771
29 0.195527
"[DEBUG]index 63 centroid... "
0 0.22018
1 0.300283
2 0.241216
3 0.253708
4 0.266294
5 0.270415
6 0.229775
7 0.240981
8 0.184661
9 0.204209
10 0.213498
11 0.228155
12 0.194364
13 0.151394
14 0.159966
15 0.199704
16 0.154793
17 0.138279
18 0.170318
19 0.123806
20 0.138845
21 0.216436
22 0.196424
23 0.214869
24 0.191065
25 0.168039
26 0.139254
27 0.217341
28 0.260952
29 0.267661
"[DEBUG]index 64 centroid... "
0 0.194137
1 0.204811
2 0.191296
3 0.212585
4 0.221884
5 0.200748
6 0.232099
7 0.220297
8 0.142892
9 0.115061
10 0.127196
11 0.159919
12 0.179171
13 0.218692
14 0.220059
15 0.18738
16 0.216903
17 0.176717
18 0.199472
19 0.18837
20 0.178295
21 0.196588
22 0.181723
23 0.212684
24 0.20124
25 0.209899
26 0.21292
27 0.207416
28 0.214057
29 0.211133
"[DEBUG]index 65 centroid... "
0 0.197142
1 0.180348
2 0.202285
3 0.218961
4 0.234935
5 0.228351
6 0.207541
7 0.195317
8 0.10621
9 0.108592
10 0.119556
11 0.189717
12 0.239745
13 0.205604
14 0.199763
15 0.14741
16 0.197797
17 0.194677
18 0.18748
19 0.208489
20 0.227114
21 0.19019
22 0.193536
23 0.249525
24 0.219955
25 0.214094
26 0.213657
27 0.213006
28 0.172458
29 0.210585
"[DEBUG]index 66 centroid... "
0 0.204814
1 0.203717
2 0.213542
3 0.214874
4 0.213122
5 0.20083
6 0.234577
7 0.244101
8 0.138656
9 0.121136
10 0.137041
11 0.149517
12 0.162189
13 0.169287
14 0.156279
15 0.15551
16 0.171895
17 0.219042
18 0.170913
19 0.200729
20 0.24283
21 0.194165
22 0.183531
23 0.223359
24 0.197812
25 0.190459
26 0.208741
27 0.203524
28 0.206579
29 0.222489
"[DEBUG]index 67 centroid... "
0 0.297083
1 0.198623
2 0.224252
3 0.218998
4 0.240943
5 0.249557
6 0.240443
7 0.178377
8 0.17795
9 0.255561
10 0.194449
11 0.226037
12 0.232787
13 0.250287
14 0.197638
15 0.269629
16 0.15346
17 0.242069
18 0.271984
19 0.177158
20 0.203796
21 0.222504
22 0.219989
23 0.200333
24 0.217417
25 0.211532
26 0.220729
27 0.180501
28 0.24201
29 0.252457
"[DEBUG]index 68 centroid... "
0 0.206413
1 0.210543
2 0.207664
3 0.20949
4 0.214421
5 0.19549
6 0.243996
7 0.241202
8 0.173683
9 0.183801
10 0.21772
11 0.173897
12 0.187341
13 0.235196
14 0.227345
15 0.209671
16 0.196772
17 0.207738
18 0.206193
19 0.187718
20 0.212929
21 0.22024
22 0.224629
23 0.233746
24 0.229286
25 0.239207
26 0.237856
27 0.242938
28 0.242383
29 0.238176
"[DEBUG]index 69 centroid... "
0 0.264504
1 0.209609
2 0.189674
3 0.209268
4 0.16746
5 0.235922
6 0.256142
7 0.16257
8 0.187657
9 0.208433
10 0.141446
11 0.231421
12 0.202245
13 0.234702
14 0.188801
15 0.127948
16 0.254714
17 0.177799
18 0.12338
19 0.241737
20 0.196053
21 0.116817
22 0.230994
23 0.179219
24 0.200415
25 0.172117
26 0.19581
27 0.18631
28 0.14188
29 0.190988
"[DEBUG]index 70 centroid... "
0 0.21838
1 0.196344
2 0.178475
3 0.192423
4 0.225098
5 0.201257
6 0.209236
7 0.238006
8 0.141848
9 0.117692
10 0.207821
11 0.206166
12 0.149901
13 0.155885
14 0.199674
15 0.204177
16 0.219702
17 0.204595
18 0.170357
19 0.191968
20 0.248383
21 0.263775
22 0.202366
23 0.226746
24 0.23917
25 0.23435
26 0.243333
27 0.2382
28 0.217863
29 0.238318
"[DEBUG]index 71 centroid... "
0 0.191868
1 0.189258
2 0.193181
3 0.203843
4 0.207711
5 0.184635
6 0.203915
7 0.197391
8 0.127806
9 0.185873
10 0.212763
11 0.192481
12 0.213285
13 0.21654
14 0.193511
15 0.175462
16 0.185091
17 0.201581
18 0.205695
19 0.20139
20 0.197045
21 0.184999
22 0.151632
23 0.190745
24 0.202375
25 0.188017
26 0.192981
27 0.195723
28 0.180856
29 0.186811
"[DEBUG]index 72 centroid... "
0 0.196224
1 0.176696
2 0.189043
3 0.213429
4 0.18576
5 0.194238
6 0.213965
7 0.215328
8 0.122955
9 0.102255
10 0.105035
11 0.121098
12 0.148271
13 0.190192
14 0.188046
15 0.168874
16 0.205365
17 0.223012
18 0.196863
19 0.197332
20 0.212131
21 0.234477
22 0.231561
23 0.236599
24 0.253165
25 0.245844
26 0.240005
27 0.239422
28 0.237552
29 0.247921
"[DEBUG]index 73 centroid... "
0 0.1568
1 0.173164
2 0.178646
3 0.211256
4 0.174703
5 0.182284
6 0.207758
7 0.209502
8 0.098646
9 0.16718
10 0.134879
11 0.196387
12 0.262581
13 0.178256
14 0.15226
15 0.213492
16 0.203844
17 0.161866
18 0.191246
19 0.187333
20 0.167466
21 0.204978
22 0.250115
23 0.219573
24 0.211447
25 0.201439
26 0.210827
27 0.192954
28 0.192
29 0.19701
"[DEBUG]index 74 centroid... "
0 0.201342
1 0.177597
2 0.177609
3 0.17212
4 0.164801
5 0.1739
6 0.196398
7 0.155139
8 0.14917
9 0.200857
10 0.166258
11 0.0928425
12 0.15135
13 0.183181
14 0.126219
15 0.166938
16 0.193863
17 0.224413
18 0.204953
19 0.241737
20 0.257104
21 0.254226
22 0.23781
23 0.258241
24 0.24501
25 0.236309
26 0.281108
27 0.262008
28 0.240919
29 0.236709
"[DEBUG]index 75 centroid... "
0 0.193961
1 0.199221
2 0.236632
3 0.251962
4 0.232817
5 0.197328
6 0.276852
7 0.272883
8 0.179078
9 0.246284
10 0.229602
11 0.251326
12 0.195569
13 0.205802
14 0.236034
15 0.223361
16 0.237997
17 0.229259
18 0.23703
19 0.281985
20 0.264813
21 0.238948
22 0.235771
23 0.17379
24 0.213737
25 0.192484
26 0.208311
27 0.259713
28 0.205115
29 0.224191
"[DEBUG]index 76 centroid... "
0 0.232475
1 0.251184
2 0.217209
3 0.273799
4 0.243342
5 0.181635
6 0.208453
7 0.207484
8 0.173831
9 0.18643
10 0.234543
11 0.212127
12 0.129167
13 0.257389
14 0.218504
15 0.156173
16 0.174187
17 0.241422
18 0.191602
19 0.21782
20 0.218085
21 0.195229
22 0.248299
23 0.21563
24 0.287543
25 0.301725
26 0.248325
27 0.262477
28 0.311055
29 0.256903
"[DEBUG]index 77 centroid... "
0 0.222516
1 0.212789
2 0.219364
3 0.239609
4 0.237098
5 0.197611
6 0.270751
7 0.22181
8 0.138817
9 0.246587
10 0.249642
11 0.186706
12 0.233239
13 0.22961
14 0.151936
15 0.199331
16 0.214044
17 0.185127
18 0.227016
19 0.202247
20 0.225287
21 0.237821
22 0.157453
23 0.209953
24 0.221008
25 0.206399
26 0.21225
27 0.205983
28 0.22527
29 0.232078
"[DEBUG]index 78 centroid... "
0 0.194007
1 0.201613
2 0.19034
3 0.192528
4 0.202239
5 0.173931
6 0.209588
7 0.217061
8 0.162421
9 0.202468
10 0.198325
11 0.190781
12 0.158219
13 0.112535
14 0.159452
15 0.178534
16 0.166264
17 0.166181
18 0.179271
19 0.187581
20 0.208202
21 0.223464
22 0.23867
23 0.238596
24 0.228043
25 0.26643
26 0.246243
27 0.248006
28 0.257463
29 0.273622
"[DEBUG]index 79 centroid... "
0 0.178637
1 0.185014
2 0.254999
3 0.23527
4 0.257873
5 0.206782
6 0.207329
7 0.254487
8 0.175159
9 0.205052
10 0.196977
11 0.164437
12 0.219111
13 0.202302
14 0.205307
15 0.200444
16 0.260481
17 0.187327
18 0.167747
19 0.212806
20 0.26033
21 0.206176
22 0.211214
23 0.163118
24 0.205435
25 0.185043
26 0.201006
27 0.232397
28 0.184682
29 0.227658
"[DEBUG]index 80 centroid... "
0 0.187147
1 0.200093
2 0.205696
3 0.211576
4 0.209695
5 0.165131
6 0.21221
7 0.195272
8 0.111957
9 0.179298
10 0.216369
11 0.232012
12 0.212878
13 0.165396
14 0.201126
15 0.217074
16 0.210012
17 0.186802
18 0.198958
19 0.21903
20 0.227607
21 0.227321
22 0.230526
23 0.220084
24 0.228735
25 0.230074
26 0.220032
27 0.223842
28 0.219951
29 0.218511
"[DEBUG]index 81 centroid... "
0 0.204171
1 0.198298
2 0.210675
3 0.196892
4 0.21355
5 0.175386
6 0.210923
7 0.184966
8 0.15811
9 0.205842
10 0.206834
11 0.234955
12 0.184921
13 0.175426
14 0.217424
15 0.199036
16 0.197896
17 0.18428
18 0.159034
19 0.199245
20 0.211452
21 0.194979
22 0.208596
23 0.208026
24 0.196853
25 0.195924
26 0.231207
27 0.236641
28 0.235279
29 0.213799
"[DEBUG]index 82 centroid... "
0 0.208682
1 0.17629
2 0.231086
3 0.231451
4 0.232571
5 0.180166
6 0.203543
7 0.187609
8 0.124362
9 0.126267
10 0.157838
11 0.153766
12 0.247962
13 0.253646
14 0.205784
15 0.209434
16 0.258895
17 0.263208
18 0.175921
19 0.2156
20 0.241742
21 0.211184
22 0.240232
23 0.195158
24 0.206639
25 0.225083
26 0.198161
27 0.228491
28 0.204638
29 0.228392
"[DEBUG]index 83 centroid... "
0 0.223108
1 0.227302
2 0.223626
3 0.238649
4 0.246788
5 0.229014
6 0.246537
7 0.246292
8 0.161425
9 0.197454
10 0.223991
11 0.236984
12 0.214994
13 0.213416
14 0.239176
15 0.231381
16 0.183129
17 0.225774
18 0.267289
19 0.230543
20 0.226063
21 0.265478
22 0.254332
23 0.215053
24 0.228495
25 0.225681
26 0.213365
27 0.203361
28 0.207492
29 0.223458
"[DEBUG]index 84 centroid... "
0 0.188808
1 0.179109
2 0.188421
3 0.204798
4 0.211523
5 0.165652
6 0.179044
7 0.171799
8 0.105832
9 0.108901
10 0.107665
11 0.201756
12 0.242946
13 0.177758
14 0.210259
15 0.189971
16 0.211508
17 0.237759
18 0.244386
19 0.266762
20 0.294723
21 0.258599
22 0.268707
23 0.253162
24 0.225709
25 0.259162
26 0.254934
27 0.238225
28 0.251233
29 0.223941
"[DEBUG]index 85 centroid... "
0 0.164555
1 0.185118
2 0.17123
3 0.189553
4 0.189126
5 0.185951
6 0.224119
7 0.23177
8 0.183505
9 0.148613
10 0.21932
11 0.20158
12 0.236149
13 0.233711
14 0.209822
15 0.183135
16 0.224188
17 0.221078
18 0.203645
19 0.246998
20 0.238424
21 0.225603
22 0.237677
23 0.25422
24 0.228542
25 0.232152
26 0.229603
27 0.206241
28 0.216902
29 0.215845
"[DEBUG]index 86 centroid... "
0 0.172286
1 0.170272
2 0.18075
3 0.192034
4 0.190688
5 0.153117
6 0.181536
7 0.166236
8 0.0984856
9 0.152631
10 0.200008
11 0.18282
12 0.193527
13 0.199752
14 0.207675
15 0.226905
16 0.232602
17 0.238528
18 0.247378
19 0.230779
20 0.250731
21 0.252698
22 0.240238
23 0.233565
24 0.240053
25 0.222166
26 0.199232
27 0.208021
28 0.187899
29 0.202109
"[DEBUG]index 87 centroid... "
0 0.184455
1 0.180655
2 0.18745
3 0.208507
4 0.210793
5 0.225283
6 0.213964
7 0.237424
8 0.173221
9 0.224657
10 0.273087
11 0.201952
12 0.157238
13 0.242543
14 0.220878
15 0.212394
16 0.208097
17 0.165843
18 0.157442
19 0.240985
20 0.226494
21 0.154096
22 0.176227
23 0.260743
24 0.264
25 0.200628
26 0.209489
27 0.215643
28 0.203768
29 0.199967
"[DEBUG]index 88 centroid... "
0 0.223392
1 0.202959
2 0.207309
3 0.229547
4 0.234519
5 0.212493
6 0.241727
7 0.218388
8 0.122966
9 0.118392
10 0.132863
11 0.22189
12 0.256772
13 0.218294
14 0.226806
15 0.231511
16 0.207403
17 0.185824
18 0.203747
19 0.203971
20 0.232188
21 0.252217
22 0.233972
23 0.238516
24 0.221029
25 0.228074
26 0.223219
27 0.213281
28 0.231929
29 0.235983
"[DEBUG]index 89 centroid... "
0 0.167905
1 0.171692
2 0.164998
3 0.164672
4 0.175736
5 0.16309
6 0.19147
7 0.204249
8 0.114898
9 0.124836
10 0.196428
11 0.200726
12 0.150115
13 0.14448
14 0.124132
15 0.188824
16 0.14574
17 0.177267
18 0.215841
19 0.167283
20 0.212177
21 0.260506
22 0.21975
23 0.230054
24 0.25799
25 0.223988
26 0.201519
27 0.206398
28 0.226772
29 0.209602
"[DEBUG]index 90 centroid... "
0 0.200427
1 0.212769
2 0.223718
3 0.207962
4 0.232484
5 0.202195
6 0.216451
7 0.23656
8 0.157336
9 0.111263
10 0.116017
11 0.128167
12 0.159097
13 0.16579
14 0.154293
15 0.213836
16 0.202397
17 0.225772
18 0.230651
19 0.22404
20 0.19538
21 0.198156
22 0.220502
23 0.234932
24 0.220202
25 0.236797
26 0.227952
27 0.212399
28 0.228392
29 0.244276
"[DEBUG]index 91 centroid... "
0 0.193653
1 0.182242
2 0.199726
3 0.202115
4 0.202369
5 0.183281
6 0.194939
7 0.181851
8 0.141087
9 0.210146
10 0.216497
11 0.249126
12 0.226953
13 0.229857
14 0.169222
15 0.130828
16 0.121528
17 0.123212
18 0.121477
19 0.144123
20 0.207767
21 0.221294
22 0.208473
23 0.239102
24 0.221657
25 0.215827
26 0.182237
27 0.181139
28 0.214057
29 0.214056
"[DEBUG]index 92 centroid... "
0 0.228431
1 0.20986
2 0.212615
3 0.209238
4 0.196627
5 0.174476
6 0.205229
7 0.214824
8 0.111593
9 0.205952
10 0.217784
11 0.176585
12 0.241397
13 0.189503
14 0.11922
15 0.10203
16 0.0739773
17 0.156362
18 0.190771
19 0.201149
20 0.210627
21 0.193505
22 0.174924
23 0.207174
24 0.217588
25 0.200859
26 0.209802
27 0.217794
28 0.213311
29 0.233607
"[DEBUG]index 93 centroid... "
0 0.241851
1 0.238431
2 0.203642
3 0.223012
4 0.242104
5 0.214301
6 0.270972
7 0.253057
8 0.166594
9 0.264583
10 0.273905
11 0.183493
12 0.211828
13 0.240564
14 0.171894
15 0.156755
16 0.248836
17 0.234301
18 0.21639
19 0.217924
20 0.183734
21 0.194729
22 0.206205
23 0.218393
24 0.256244
25 0.200936
26 0.233953
27 0.235876
28 0.235429
29 0.235218
"[DEBUG]index 94 centroid... "
0 0.230786
1 0.220487
2 0.234735
3 0.231759
4 0.232266
5 0.200174
6 0.222083
7 0.20439
8 0.115198
9 0.183873
10 0.199739
11 0.20127
12 0.255328
13 0.179652
14 0.168668
15 0.235542
16 0.232178
17 0.180417
18 0.197245
19 0.244687
20 0.290447
21 0.26172
22 0.271044
23 0.282004
24 0.255709
25 0.289639
26 0.280642
27 0.254428
28 0.253928
29 0.270879
"[DEBUG]index 95 centroid... "
0 0.185434
1 0.20131
2 0.205832
3 0.200347
4 0.24147
5 0.205148
6 0.22769
7 0.195884
8 0.0983109
9 0.0886084
10 0.144502
11 0.224917
12 0.232616
13 0.188477
14 0.241163
15 0.199088
16 0.184741
17 0.19907
18 0.165683
19 0.161092
20 0.23717
21 0.216363
22 0.19327
23 0.177968
24 0.175434
25 0.173788
26 0.200426
27 0.177754
28 0.200915
29 0.193785
"[DEBUG]index 96 centroid... "
0 0.214555
1 0.199587
2 0.207549
3 0.206545
4 0.227962
5 0.196213
6 0.23887
7 0.245766
8 0.148558
9 0.177193
10 0.235106
11 0.230194
12 0.194177
13 0.247122
14 0.24804
15 0.204595
16 0.217329
17 0.245431
18 0.207736
19 0.174499
20 0.241322
21 0.2412
22 0.187096
23 0.221329
24 0.225873
25 0.208679
26 0.217642
27 0.211009
28 0.213716
29 0.23006
"[DEBUG]index 97 centroid... "
0 0.182421
1 0.170265
2 0.18432
3 0.196837
4 0.205042
5 0.165252
6 0.192224
7 0.189693
8 0.133517
9 0.21833
10 0.210422
11 0.17072
12 0.168022
13 0.152051
14 0.173741
15 0.18623
16 0.187567
17 0.198926
18 0.180162
19 0.144848
20 0.191012
21 0.181773
22 0.18175
23 0.231012
24 0.201229
25 0.165637
26 0.177387
27 0.185389
28 0.166996
29 0.205342
"[DEBUG]index 98 centroid... "
0 0.255767
1 0.226481
2 0.226547
3 0.243475
4 0.242323
5 0.224237
6 0.281801
7 0.263968
8 0.215183
9 0.280346
10 0.287234
11 0.223814
12 0.221797
13 0.294938
14 0.196177
15 0.15872
16 0.269988
17 0.18991
18 0.20994
19 0.299273
20 0.257648
21 0.262145
22 0.237942
23 0.200897
24 0.253205
25 0.262358
26 0.254616
27 0.283474
28 0.315103
29 0.252264
"[DEBUG]index 99 centroid... "
0 0.210734
1 0.200539
2 0.199315
3 0.211859
4 0.223753
5 0.212151
6 0.244404
7 0.242215
8 0.153105
9 0.180747
10 0.222014
11 0.200735
12 0.204188
13 0.238482
14 0.234979
15 0.206365
16 0.238293
17 0.204664
18 0.143325
19 0.224056
20 0.245659
21 0.201786
22 0.22373
23 0.221971
24 0.190518
25 0.197124
26 0.21966
27 0.197302
28 0.217168
29 0.210959
