correlation level (red against blue): 
-0.483096
-0.162606
-0.614349
-0.356043
-0.695004
-0.49886
-0.781675
-0.0505702
-0.61687
-0.765266
-0.768327
-0.617042
-0.797511
-0.557309
-0.528215
-0.776304
-0.689236
-0.607099
-0.701201
-0.664807
-0.495705
-0.823777
-0.834644
-0.687948
-0.682017
-0.651028
-0.365298
-0.660963
-0.678512
-0.663611
-0.386973
-0.601369
-0.636922
-0.669953
-0.742123
-0.51272
-0.717864
-0.822047
-0.774675
-0.7504
-0.654251
-0.643045
-0.741953
-0.825373
-0.52865
-0.675462
-0.659067
-0.580521
-0.838546
-0.353757
-0.795711
-0.635265
-0.765379
-0.301193
-0.394126
-0.3055
-0.790607
-0.535195
-0.60228
-0.725591
-0.561034
-0.712333
-0.565071
-0.642338
-0.523382
-0.677426
-0.51261
-0.291633
-0.541029
-0.590397
-0.752902
-0.783665
-0.556126
-0.635099
-0.584143
-0.331461
-0.592575
-0.733456
-0.61343
-0.346444
-0.831056
-0.651138
-0.542796
-0.701431
-0.686233
-0.386793
-0.6276
-0.393491
-0.724688
-0.62555
-0.418185
-0.388943
-0.773699
-0.651164
-0.70701
-0.637742
-0.702565
-0.596157
-0.663072
-0.767786
