"[DEBUG]index 0 centroid... "
0 0.979592
1 1.02041
2 1.13265
3 0.785714
4 0.959184
5 1.45918
6 1.12245
7 0.94898
8 1.54082
9 2.68367
10 3.34694
11 4.06122
12 5.94898
13 5.94898
14 8.45918
15 8.28571
16 6.54082
17 5.72449
18 5.07143
19 3.09184
20 2.11224
21 2.27551
22 1.87755
23 1.03061
24 1.45918
25 1
26 1.27551
27 0.959184
28 1.34694
29 0.693878
"[DEBUG]index 1 centroid... "
0 8.3125
1 7.92708
2 6.71875
3 4.90625
4 6.33333
5 5.61458
6 3.5625
7 3.58333
8 10.8229
9 3.97917
10 2.875
11 1.72917
12 0.916667
13 0.78125
14 0.78125
15 0.53125
16 0.46875
17 0.625
18 0.635417
19 1.13542
20 2.375
21 2.44792
22 3.34375
23 3.16667
24 4.375
25 3.80208
26 3.94792
27 4.23958
28 4.09375
29 6
"[DEBUG]index 2 centroid... "
0 2.10104
1 2.33679
2 1.98446
3 1.82642
4 2.04663
5 2.06477
6 2.12306
7 1.53497
8 8.47927
9 3.2215
10 1.82772
11 0.970207
12 0.555699
13 0.546632
14 0.984456
15 1.98575
16 3.95984
17 6.09197
18 14.0026
19 6.10233
20 4.00389
21 1.71114
22 0.810881
23 2.14378
24 2.02332
25 1.95596
26 2.25259
27 2.45596
28 2.33031
29 2.23057
"[DEBUG]index 3 centroid... "
0 3.55556
1 2.57778
2 3.44444
3 2.2
4 3.28889
5 3.55556
6 2.46667
7 1.91111
8 11.0222
9 2.95556
10 2.17778
11 0.933333
12 1.24444
13 1.77778
14 5.8
15 4.55556
16 7.33333
17 1.64444
18 0.822222
19 0.466667
20 0.288889
21 0.355556
22 1.42222
23 3.84444
24 2.55556
25 3.6
26 2.71111
27 3.37778
28 1.84444
29 3.2
"[DEBUG]index 4 centroid... "
0 2.65963
1 2.41576
2 2.31335
3 2.2718
4 2.52452
5 2.84696
6 2.83833
7 1.25068
8 19.6928
9 3.2945
10 2.63283
11 1.3381
12 3.06903
13 1.67552
14 6.21072
15 7.50114
16 1.93211
17 1.15622
18 3.10854
19 2.12421
20 3.62965
21 22.775
22 4.47275
23 2.85786
24 3.27112
25 3.24478
26 2.63579
27 2.58924
28 2.55972
29 2.7089
"[DEBUG]index 5 centroid... "
0 3.09307
1 3.15729
2 2.90338
3 2.81046
4 3.26513
5 2.842
6 2.68286
7 1.59847
8 18.5195
9 4.5351
10 2.92086
11 4.14251
12 21.8602
13 2.61509
14 2.0763
15 1.6499
16 1.72506
17 2.15729
18 3.69793
19 20.004
20 4.0942
21 2.45794
22 2.99886
23 3.28119
24 2.52572
25 2.4811
26 2.58966
27 3.03282
28 2.58241
29 2.87752
"[DEBUG]index 6 centroid... "
0 2.79059
1 2.78342
2 2.72858
3 2.33562
4 2.53319
5 2.58897
6 2.53038
7 1.95263
8 18.1253
9 3.03147
10 13.3119
11 16.378
12 4.3565
13 2.42163
14 1.49486
15 2.08757
16 6.07043
17 5.29947
18 2.2387
19 1.09099
20 2.12621
21 4.95793
22 1.82144
23 2.12496
24 2.13493
25 2.09318
26 1.98753
27 1.90714
28 2.15238
29 1.92459
"[DEBUG]index 7 centroid... "
0 2.99315
1 3.95205
2 3.58562
3 3.07877
4 3.14384
5 2.79795
6 2.21233
7 1.77397
8 12.6781
9 3.55137
10 6.22945
11 3.16438
12 13.3219
13 11.5479
14 4.18493
15 1.80822
16 1.17808
17 0.811644
18 0.667808
19 0.982877
20 1.04795
21 2.01027
22 6.54452
23 2.40411
24 2.82877
25 2.30822
26 2.72603
27 2.84932
28 2.25685
29 2.03082
"[DEBUG]index 8 centroid... "
0 3.35946
1 3.45252
2 3.232
3 2.98758
4 3.54796
5 3.75822
6 3.1283
7 1.91096
8 34.5996
9 3.92283
10 2.83409
11 3.26688
12 2.81962
13 9.47005
14 2.02887
15 11.0882
16 1.99493
17 12.5443
18 2.46257
19 2.21029
20 9.96889
21 2.55011
22 1.18155
23 3.72441
24 3.31899
25 2.98069
26 3.14439
27 3.05526
28 3.0984
29 2.98833
"[DEBUG]index 9 centroid... "
0 4.35557
1 4.08159
2 4.2634
3 3.50697
4 4.04274
5 4.01045
6 3.33508
7 2.17993
8 31.5228
9 4.13116
10 8.74102
11 10.8307
12 3.41613
13 1.26581
14 2.36227
15 13.3374
16 2.58641
17 1.29622
18 2.50442
19 12.4072
20 2.34352
21 1.29006
22 3.23459
23 3.93234
24 3.3202
25 3.35611
26 3.38719
27 3.49518
28 3.39081
29 3.17042
"[DEBUG]index 10 centroid... "
0 3.33479
1 3.51311
2 3.56573
3 3.03495
4 3.60604
5 3.72915
6 3.35862
7 1.94599
8 27.0522
9 4.85981
10 3.36775
11 1.51469
12 2.47597
13 12.0481
14 2.47121
15 1.2087
16 2.59432
17 10.58
18 9.18983
19 2.64972
20 1.42196
21 2.39515
22 13.3705
23 2.42474
24 3.22558
25 3.50913
26 3.91461
27 3.31334
28 3.20254
29 3.34333
"[DEBUG]index 11 centroid... "
0 2.03118
1 2.13957
2 1.95192
3 2.05857
4 1.80099
5 2.0102
6 2.72494
7 2.07343
8 10.6725
9 2.22582
10 11.3776
11 3.96329
12 1.77273
13 2.61247
14 1.21766
15 1.69639
16 6.20455
17 2.48368
18 4.53438
19 5.92541
20 26.4927
21 5.79108
22 5.59732
23 2.38957
24 2.7803
25 2.14103
26 2.18648
27 2.56148
28 2.44843
29 2.91929
"[DEBUG]index 12 centroid... "
0 3.13296
1 3.09498
2 2.85334
3 2.79074
4 3.51694
5 3.2051
6 3.32063
7 2.03432
8 23.8154
9 3.88534
10 2.63319
11 2.53108
12 8.76962
13 2.48791
14 2.68913
15 3.85018
16 27.8925
17 4.12461
18 2.46826
19 7.94159
20 3.02656
21 2.0595
22 7.44161
23 2.66298
24 3.11053
25 3.01911
26 3.04968
27 2.82403
28 2.80382
29 2.65234
"[DEBUG]index 13 centroid... "
0 2.81691
1 3.08074
2 3.09154
3 2.84234
4 2.93261
5 2.70439
6 3.22314
7 1.72409
8 16.1405
9 2.12206
10 16.74
11 2.16211
12 18.1481
13 2.92244
14 6.19135
15 2.0089
16 2.04514
17 4.28353
18 4.822
19 1.76224
20 1.17737
21 0.723458
22 1.00572
23 2.09409
24 1.86777
25 1.90401
26 2.11697
27 2.00445
28 1.83535
29 1.86523
"[DEBUG]index 14 centroid... "
0 3.52851
1 3.40122
2 3.8167
3 3.56314
4 3.53971
5 3.8055
6 3.94807
7 2.02648
8 19.5163
9 3.78921
10 3.15886
11 1.30448
12 0.629328
13 1.59369
14 1.13951
15 2.1945
16 12.2138
17 2.79735
18 1.23625
19 1.51731
20 3.68024
21 1.58248
22 10.9786
23 2.87984
24 3.58248
25 3.60081
26 4.37984
27 3.37984
28 3.54888
29 3.33198
"[DEBUG]index 15 centroid... "
0 1.86953
1 1.90911
2 1.92474
3 1.76042
4 1.65937
5 2.15937
6 2.43932
7 1.50911
8 7.5487
9 20.2383
10 5.73906
11 4.23307
12 1.83958
13 3.2987
14 11.8284
15 2.74896
16 1.28698
17 3.66823
18 1.53307
19 4.1138
20 1.44818
21 3.65208
22 3.28307
23 1.64922
24 1.8763
25 1.69531
26 1.77109
27 1.67448
28 1.84505
29 1.63828
"[DEBUG]index 16 centroid... "
0 3.34606
1 3.42085
2 3.08866
3 2.87298
4 3.70574
5 3.41101
6 3.06039
7 1.65946
8 30.1174
9 3.81896
10 2.71709
11 1.42668
12 1.40519
13 2.3822
14 3.10397
15 0.943754
16 2.93985
17 1.13824
18 2.07527
19 12.4884
20 1.63965
21 2.53755
22 1.12054
23 3.51306
24 2.72898
25 2.75305
26 2.80791
27 2.95162
28 2.9222
29 3.01237
"[DEBUG]index 17 centroid... "
0 3.39421
1 3.49426
2 3.31075
3 3.05831
4 3.24487
5 3.77025
6 3.02341
7 2.03257
8 24.0336
9 4.82987
10 2.25084
11 12.2804
12 2.75091
13 1.114
14 1.49251
15 3.51374
16 1.13363
17 2.25927
18 11.6301
19 2.57845
20 2.28574
21 9.3154
22 9.41704
23 2.45412
24 3.47972
25 3.54268
26 3.37095
27 3.16141
28 3.18947
29 3.21041
"[DEBUG]index 18 centroid... "
0 2.89988
1 3.11309
2 2.76185
3 2.73655
4 2.82187
5 3.36193
6 3.19238
7 1.9947
8 19.8322
9 4.91906
10 2.38367
11 7.70933
12 2.73408
13 2.88134
14 7.34503
15 2.08258
16 3.76039
17 25.5294
18 5.25824
19 2.80881
20 5.33352
21 22.4948
22 4.41655
23 2.80744
24 3.62547
25 3.49036
26 3.33224
27 3.3221
28 3.19467
29 3.09171
"[DEBUG]index 19 centroid... "
0 2.67014
1 2.47938
2 2.24242
3 2.20815
4 2.59762
5 2.91704
6 2.90114
7 1.7233
8 15.4064
9 3.51118
10 2.58768
11 1.66865
12 2.26975
13 3.06259
14 19.6066
15 3.6766
16 2.58222
17 5.24093
18 15.1411
19 14.3219
20 4.11624
21 1.9697
22 7.62543
23 2.62146
24 2.48386
25 2.94386
26 2.86289
27 2.58371
28 3.17238
29 2.59066
"[DEBUG]index 20 centroid... "
0 4.44348
1 4.40696
2 4.54435
3 3.42609
4 3.87652
5 4.34609
6 3.32348
7 1.97043
8 18.1322
9 5.96
10 1.87478
11 3.0487
12 4.53739
13 0.973913
14 0.54087
15 0.93913
16 2.08348
17 10.7757
18 1.96174
19 2.6
20 1.20522
21 0.488696
22 1.00696
23 3.59304
24 2.86783
25 3.38957
26 3.35478
27 3.20522
28 3.02609
29 3.45739
"[DEBUG]index 21 centroid... "
0 3.47697
1 3.50082
2 3.51108
3 3.07167
4 3.56994
5 3.83986
6 3.11725
7 1.91193
8 39.6365
9 4.12334
10 2.44915
11 12.3895
12 3.01804
13 2.41158
14 3.14263
15 1.23129
16 2.5195
17 3.32984
18 1.15384
19 2.4636
20 9.6613
21 2.02287
22 2.56856
23 3.23242
24 3.14193
25 2.73322
26 2.84123
27 2.7645
28 2.84323
29 2.8105
"[DEBUG]index 22 centroid... "
0 4.31873
1 3.71933
2 3.46943
3 3.56227
4 3.71974
5 3.76539
6 3.44625
7 2.0874
8 25.2903
9 3.96481
10 2.33812
11 7.12638
12 8.28703
13 2.11787
14 4.00359
15 29.7802
16 3.78508
17 2.58125
18 2.03683
19 1.57766
20 2.41506
21 7.41875
22 1.91896
23 3.24559
24 3.18199
25 3.09889
26 2.79821
27 2.74005
28 2.65706
29 2.57037
"[DEBUG]index 23 centroid... "
0 2.9349
1 3.08657
2 2.89236
3 2.94299
4 3.36375
5 3.45841
6 2.93849
7 1.79251
8 22.299
9 3.69436
10 2.69326
11 3.04383
12 7.14448
13 3.15866
14 26.0849
15 3.56326
16 2.69915
17 1.54109
18 2.21028
19 6.84693
20 1.97404
21 2.30025
22 1.21568
23 3.18502
24 2.69556
25 2.47499
26 2.48787
27 2.55936
28 2.3968
29 2.40459
"[DEBUG]index 24 centroid... "
0 3.73605
1 3.79063
2 3.66752
3 3.38497
4 3.67475
5 4.22505
6 3.47043
7 2.1118
8 36.0225
9 4.39063
10 2.5119
11 12.0105
12 2.67742
13 7.92258
14 2.3754
15 13.161
16 2.27863
17 2.34619
18 10.2663
19 2.70174
20 1.26042
21 3.05445
22 2.75157
23 3.2272
24 3.07877
25 3.09815
26 3.05558
27 3.02679
28 2.9619
29 2.82767
"[DEBUG]index 25 centroid... "
0 3.88853
1 3.63496
2 3.57032
3 3.04077
4 3.6017
5 3.61619
6 3.01866
7 1.82242
8 34.9621
9 3.38926
10 14.1334
11 2.23624
12 1.4485
13 1.24
14 2.90884
15 2.61393
16 1.02579
17 2.84637
18 3.03706
19 0.958653
20 2.54744
21 2.55357
22 0.92359
23 3.04763
24 2.68539
25 2.6127
26 2.71099
27 2.69505
28 2.69118
29 2.75134
"[DEBUG]index 26 centroid... "
0 3.79011
1 3.97679
2 3.20383
3 3.24823
4 3.72351
5 3.87286
6 3.02321
7 1.778
8 18.1715
9 5.43895
10 2.5449
11 1.38951
12 2.99899
13 11.5005
14 2.03229
15 0.972755
16 0.673057
17 1.41574
18 3.69324
19 1.81029
20 11.9334
21 1.88093
22 10.5308
23 2.73764
24 3.35015
25 3.38143
26 3.43895
27 3.18063
28 3.32795
29 3.31786
"[DEBUG]index 27 centroid... "
0 2.07562
1 2.15463
2 2.184
3 1.85179
4 1.80182
5 2.14922
6 1.85044
7 1.92708
8 11.1941
9 2.56448
10 9.59082
11 9.60061
12 3.35989
13 1.77616
14 5.2262
15 1.92167
16 3.51823
17 5.13065
18 25.1648
19 6.13167
20 4.13403
21 1.85753
22 5.49662
23 1.98785
24 1.83896
25 1.91762
26 2.1499
27 1.99257
28 2.08136
29 1.84132
"[DEBUG]index 28 centroid... "
0 2.87711
1 3.06682
2 3.32168
3 2.69726
4 3.11226
5 3.23835
6 2.45187
7 1.86303
8 21.8342
9 4.05927
10 7.53968
11 7.02663
12 4.70097
13 27.2435
14 3.87314
15 1.77855
16 7.54839
17 2.08538
18 6.58973
19 2.24872
20 8.42166
21 1.73221
22 7.72465
23 2.46928
24 2.81042
25 2.54327
26 2.65975
27 2.61444
28 2.62762
29 2.44009
"[DEBUG]index 29 centroid... "
0 2.95289
1 3.06018
2 2.6728
3 2.51479
4 2.78301
5 3.14752
6 3.16455
7 2.38325
8 19.3619
9 2.35351
10 20.6075
11 3.81981
12 2.48006
13 3.07909
14 5.78972
15 2.88652
16 20.9742
17 3.95426
18 2.19137
19 5.34233
20 6.36021
21 2.00155
22 1.22748
23 2.84182
24 2.38171
25 2.42125
26 2.69807
27 2.4816
28 2.50172
29 2.41695
"[DEBUG]index 30 centroid... "
0 2.72176
1 2.90479
2 2.71866
3 2.52439
4 2.96334
5 3.03681
6 2.80633
7 1.52025
8 22.7105
9 4.69692
10 2.44752
11 1.21215
12 3.20964
13 1.08708
14 2.61325
15 0.793909
16 2.53489
17 10.0457
18 1.55278
19 8.70905
20 7.60497
21 1.52011
22 9.97073
23 2.64474
24 2.71407
25 3.09373
26 3.12064
27 2.89592
28 3.03208
29 2.94722
"[DEBUG]index 31 centroid... "
0 4.36932
1 4.08829
2 4.10611
3 3.68779
4 4.42125
5 4.02913
6 3.62238
7 1.85066
8 40.8939
9 4.63851
10 3.59821
11 2.92291
12 17.4131
13 1.89603
14 1.27867
15 3.37746
16 3.10664
17 1.38635
18 3.15633
19 1.43897
20 3.19982
21 2.76606
22 1.40467
23 3.4052
24 3.33167
25 3.00062
26 3.03501
27 3.1602
28 3.08825
29 3.02792
"[DEBUG]index 32 centroid... "
0 2.07808
1 2.12867
2 1.9188
3 1.94941
4 2.15678
5 2.38226
6 2.43161
7 1.49469
8 14.1605
9 2.7589
10 1.80512
11 0.996877
12 1.04497
13 1.80325
14 3.09057
15 13.584
16 11.5297
17 3.20737
18 5.81824
19 1.57527
20 5.4772
21 5.14616
22 1.40225
23 2.39975
24 2.46908
25 2.39101
26 2.29794
27 2.21237
28 2.14054
29 2.33104
"[DEBUG]index 33 centroid... "
0 3.10132
1 3.05151
2 2.9387
3 2.58888
4 2.71457
5 2.91842
6 2.86149
7 1.58048
8 22.4205
9 2.53211
10 25.0193
11 3.45998
12 2.39553
13 2.9497
14 2.78322
15 1.12376
16 1.28322
17 1.06224
18 2.52371
19 6.12387
20 1.65261
21 6.52404
22 2.04195
23 2.71114
24 2.43616
25 2.42256
26 2.25575
27 2.32191
28 2.35004
29 2.28228
"[DEBUG]index 34 centroid... "
0 2.80528
1 2.9921
2 2.92982
3 2.92438
4 3.33882
5 3.43773
6 3.09795
7 1.82728
8 22.5409
9 3.57862
10 2.69825
11 1.82055
12 2.61878
13 4.02072
14 26.8697
15 3.60286
16 2.15777
17 8.42299
18 2.61248
19 1.19579
20 2.88058
21 2.22452
22 6.71705
23 2.8495
24 2.97415
25 3.10511
26 2.96208
27 2.81222
28 2.65926
29 2.72431
"[DEBUG]index 35 centroid... "
0 2.77233
1 2.87623
2 2.67827
3 2.27936
4 2.6955
5 2.74719
6 2.61656
7 1.48189
8 20.6113
9 4.27057
10 6.25334
11 3.94972
12 23.2069
13 3.44374
14 2.05608
15 6.37412
16 2.13871
17 7.18267
18 2.07226
19 7.49543
20 3.77426
21 20.2008
22 4.59353
23 2.62113
24 3.19726
25 3.01283
26 2.64451
27 2.49719
28 2.78252
29 2.62096
"[DEBUG]index 36 centroid... "
0 3.35589
1 3.23958
2 3.17039
3 2.93489
4 2.91239
5 3.42628
6 3.19139
7 1.9648
8 15.1953
9 17.7104
10 4.92054
11 2.06858
12 9.5145
13 2.06405
14 0.972508
15 1.16722
16 2.28308
17 2.22251
18 1.06828
19 2.7852
20 1.07266
21 1.88399
22 6.46677
23 1.81178
24 2.30302
25 2.36616
26 2.45242
27 2.16647
28 2.3432
29 2.29033
"[DEBUG]index 37 centroid... "
0 3.02447
1 3.23088
2 2.88096
3 2.67203
4 2.99324
5 3.34114
6 3.10296
7 1.90089
8 24.0626
9 4.09369
10 2.41894
11 2.822
12 2.71815
13 2.50893
14 7.97662
15 2.20419
16 4.10814
17 25.824
18 4.03251
19 2.4186
20 1.58999
21 2.74687
22 1.16408
23 2.6594
24 2.58185
25 2.63774
26 2.69388
27 2.61707
28 2.47208
29 2.42284
"[DEBUG]index 38 centroid... "
0 3.51255
1 3.40647
2 3.34136
3 3.22145
4 3.73298
5 3.78093
6 3.61164
7 1.97084
8 29.6926
9 4.02211
10 2.70212
11 1.6777
12 3.64162
13 1.10411
14 2.39569
15 14.0102
16 2.32183
17 2.22199
18 11.4728
19 2.99213
20 1.26472
21 2.54978
22 11.2089
23 2.59102
24 3.49315
25 3.66922
26 3.78737
27 3.31715
28 3.28113
29 3.21344
"[DEBUG]index 39 centroid... "
0 3.01288
1 3.07534
2 2.87387
3 2.69521
4 3.11494
5 3.20442
6 2.89632
7 1.76682
8 24.6753
9 4.02046
10 2.56054
11 7.60747
12 2.44163
13 6.82116
14 1.9125
15 7.73625
16 7.65357
17 2.5766
18 4.06451
19 29.1862
20 3.96058
21 2.54116
22 2.98532
23 3.50126
24 2.75406
25 2.74654
26 2.78914
27 2.84228
28 2.79847
29 2.56451
"[DEBUG]index 40 centroid... "
0 5.69648
1 6.27599
2 5.88532
3 5.83333
4 5.71942
5 6.16131
6 5.22706
7 3.15673
8 20.4358
9 6.78364
10 2.15291
11 12.8387
12 3.23012
13 3.14602
14 4.10092
15 1.43731
16 0.714067
17 1.20413
18 1.47248
19 3.25688
20 0.993119
21 0.704128
22 1.2263
23 3.8815
24 3.11927
25 3.17584
26 3.49771
27 3.45336
28 3.8104
29 3.55734
"[DEBUG]index 41 centroid... "
0 2.33557
1 2.67611
2 2.58532
3 2.40607
4 2.11823
5 2.68953
6 2.67348
7 1.84367
8 7.9892
9 19.3672
10 3.55364
11 20.4646
12 6.82689
13 3.28054
14 4.04788
15 3.78018
16 1.73289
17 1.22143
18 1.71376
19 1.58575
20 3.07444
21 1.5767
22 0.945555
23 1.8444
24 1.72223
25 1.56561
26 1.57393
27 1.60415
28 1.58035
29 1.45278
"[DEBUG]index 42 centroid... "
0 3.76184
1 4.74397
2 2.82194
3 3.04625
4 3.05608
5 3.03061
6 3.38405
7 1.94169
8 17.4895
9 20.1034
10 4.16041
11 2.18744
12 8.33691
13 1.83825
14 2.49687
15 1.24911
16 2.03441
17 7.91667
18 8.20152
19 1.60456
20 8.47565
21 2.54088
22 0.969392
23 2.86394
24 2.70375
25 2.14276
26 2.53619
27 2.59562
28 2.42471
29 2.27212
"[DEBUG]index 43 centroid... "
0 3.76152
1 4.10649
2 3.80053
3 3.61032
4 4.27027
5 4.38797
6 4.04186
7 2.16825
8 29.5551
9 4.02036
10 2.74471
11 3.87853
12 1.34919
13 2.74265
14 13.8638
15 2.29795
16 1.44653
17 1.63399
18 1.43944
19 3.88402
20 1.08098
21 2.27348
22 11.0566
23 2.92405
24 3.60448
25 3.79641
26 3.78817
27 3.30539
28 3.41302
29 3.26227
"[DEBUG]index 44 centroid... "
0 2.86874
1 3.01436
2 2.81633
3 2.4064
4 2.89418
5 2.90383
6 2.6191
7 1.53617
8 26.9767
9 3.26561
10 9.54484
11 2.3033
12 1.24556
13 2.95154
14 1.12414
15 2.41593
16 1.70889
17 11.4445
18 1.62207
19 9.42119
20 1.58314
21 9.6592
22 1.83588
23 2.79522
24 2.64181
25 2.79665
26 2.62819
27 2.84597
28 2.83898
29 2.68074
"[DEBUG]index 45 centroid... "
0 2.96924
1 3.06063
2 2.91579
3 2.59266
4 2.93578
5 3.15157
6 2.59004
7 1.6485
8 28.5219
9 3.16781
10 10.7716
11 2.2619
12 2.42537
13 8.99708
14 1.49933
15 8.16033
16 2.28024
17 2.60823
18 1.12695
19 2.30584
20 9.16602
21 1.50883
22 9.49326
23 2.63653
24 3.13555
25 2.92867
26 2.83159
27 2.65576
28 2.70966
29 2.60591
"[DEBUG]index 46 centroid... "
0 3.68947
1 3.60403
2 3.47385
3 3.21711
4 3.87576
5 3.81679
6 3.34919
7 1.59285
8 37.4356
9 4.59136
10 3.36361
11 3.27775
12 12.3055
13 1.62598
14 12.0411
15 2.69818
16 1.39918
17 3.08977
18 10.637
19 2.37712
20 2.50847
21 10.5247
22 2.54206
23 3.46282
24 3.66848
25 3.41704
26 3.19977
27 3.36111
28 3.26649
29 3.19948
"[DEBUG]index 47 centroid... "
0 3.29232
1 3.46687
2 3.23561
3 2.8725
4 3.35657
5 3.59224
6 3.11613
7 1.89561
8 31.4293
9 4.0565
10 2.38856
11 9.55725
12 3.02332
13 1.21566
14 3.11075
15 2.2748
16 11.0107
17 2.01107
18 12.0934
19 1.82353
20 10.6336
21 2.22049
22 2.77369
23 3.07082
24 3.26217
25 2.87109
26 3.16744
27 3.07106
28 3.14763
29 2.85042
"[DEBUG]index 48 centroid... "
0 3.00342
1 3.069
2 2.94427
3 2.68044
4 3.59138
5 3.41871
6 3.05306
7 1.70851
8 47.8928
9 3.20078
10 2.98136
11 2.92277
12 2.87027
13 7.54325
14 2.34661
15 2.08157
16 8.26731
17 2.60987
18 2.656
19 2.78579
20 2.19906
21 7.14144
22 2.17233
23 2.82405
24 2.83581
25 2.84002
26 2.63207
27 2.67994
28 2.61231
29 2.5481
"[DEBUG]index 49 centroid... "
0 4.43803
1 4.35318
2 4.39449
3 3.96002
4 4.63305
5 4.33674
6 4.13816
7 2.01377
8 25.8139
9 3.77121
10 2.37805
11 1.35406
12 3.32652
13 1.61306
14 13.4256
15 1.71924
16 3.46202
17 1.33096
18 0.632163
19 1.00178
20 2.92137
21 2.3243
22 0.76988
23 3.74323
24 3.44958
25 3.16348
26 3.13239
27 3.23723
28 2.94847
29 3.13594
"[DEBUG]index 50 centroid... "
0 3.74174
1 3.74441
2 3.69571
3 3.34676
4 3.75851
5 4.0835
6 3.74529
7 1.90649
8 35.7621
9 4.99047
10 2.31396
11 10.5682
12 11.9734
13 1.7536
14 10.5275
15 2.8297
16 2.24237
17 10.8198
18 2.49966
19 3.22133
20 1.6006
21 2.63739
22 10.0966
23 2.7656
24 3.1423
25 3.35687
26 3.50642
27 3.15834
28 3.08058
29 2.99815
"[DEBUG]index 51 centroid... "
0 3.16965
1 3.05175
2 3.06201
3 2.62175
4 3.33505
5 3.22246
6 3.09872
7 1.64316
8 30.1856
9 2.96971
10 11.2355
11 2.53106
12 1.41262
13 2.41831
14 10.3468
15 1.70129
16 2.8686
17 2.19213
18 11.601
19 1.79597
20 9.25663
21 1.68827
22 10.244
23 2.50231
24 3.18463
25 2.9194
26 3.25121
27 2.84204
28 2.93459
29 2.74757
"[DEBUG]index 52 centroid... "
0 4.73421
1 4.81135
2 4.3064
3 3.99963
4 4.65045
5 4.94591
6 4.34343
7 2.67091
8 31.3062
9 5.15367
10 2.48992
11 14.0962
12 3.51916
13 1.29806
14 4.15657
15 2.8553
16 11.7283
17 2.85969
18 1.32006
19 4.17895
20 1.14823
21 3.26975
22 1.2611
23 3.98022
24 3.52398
25 3.5089
26 3.48139
27 3.59773
28 3.30634
29 3.38478
"[DEBUG]index 53 centroid... "
0 3.84261
1 2.9405
2 3.00768
3 2.64299
4 3.1286
5 3.04607
6 2.90211
7 1.54894
8 13.6027
9 3.90787
10 2.32438
11 1.07486
12 0.577735
13 0.443378
14 0.729367
15 2.7428
16 0.817658
17 1.26104
18 2.77351
19 3.87332
20 14.0269
21 4.74856
22 2.03263
23 3.28599
24 2.98081
25 3.33973
26 2.94434
27 2.85221
28 3.43954
29 3.30902
"[DEBUG]index 54 centroid... "
0 7.13146
1 4.47418
2 5.76995
3 6.23005
4 5.21596
5 5.723
6 4.77934
7 2.79812
8 15.9249
9 5.38967
10 2.37559
11 11.1502
12 3.41315
13 1.60563
14 1.49296
15 5.89202
16 0.957747
17 1.70892
18 0.821596
19 0.464789
20 0.737089
21 1.23944
22 3.69014
23 4.30047
24 4.35211
25 4.33803
26 3.93897
27 4.35681
28 3.89671
29 4.1784
"[DEBUG]index 55 centroid... "
0 2.95433
1 2.56851
2 2.89663
3 2.21034
4 2.66827
5 2.53966
6 2.46995
7 1.21154
8 13.9651
9 4.04087
10 1.65625
11 6.23077
12 6.61779
13 1.48678
14 0.783654
15 2.27404
16 0.977163
17 0.481971
18 0.975962
19 1.8101
20 4.47236
21 14.8954
22 4.5
23 2.65024
24 3.22115
25 3.23678
26 2.94471
27 2.42548
28 2.86418
29 2.58654
"[DEBUG]index 56 centroid... "
0 4.02958
1 3.94488
2 3.86683
3 3.4937
4 3.75719
5 4.29948
6 3.22975
7 2.40532
8 27.5494
9 4.78332
10 2.66999
11 12.2283
12 2.1536
13 11.5478
14 2.84343
15 2.21549
16 8.89368
17 12.1895
18 2.05239
19 1.43502
20 3.3875
21 1.11273
22 3.06593
23 3.1258
24 2.9709
25 3.15645
26 3.10489
27 3.11915
28 2.83904
29 3.0076
"[DEBUG]index 57 centroid... "
0 1.96938
1 1.9755
2 1.68186
3 1.83736
4 1.64137
5 2.02212
6 2.3229
7 1.50425
8 6.9755
9 18.7829
10 5.29023
11 3.37496
12 1.95475
13 1.04287
14 1.41511
15 2.56142
16 11.3137
17 2.20347
18 4.37155
19 1.71419
20 0.831916
21 1.42974
22 3.63525
23 1.32324
24 1.79993
25 1.70534
26 1.91085
27 1.58591
28 1.65056
29 1.41341
"[DEBUG]index 58 centroid... "
0 3.60511
1 3.36556
2 3.26326
3 3.20353
4 3.73811
5 3.81547
6 3.58672
7 1.97553
8 25.8184
9 4.25946
10 2.90242
11 1.13573
12 3.0456
13 8.72549
14 1.8021
15 9.70482
16 10.7763
17 1.66697
18 12.4817
19 2.12403
20 2.83098
21 1.10366
22 2.76227
23 3.29397
24 3.31479
25 3.09941
26 3.2131
27 2.98632
28 3.13209
29 2.73446
"[DEBUG]index 59 centroid... "
0 2.95945
1 3.03525
2 2.74101
3 2.73204
4 3.05196
5 3.13039
6 2.90531
7 1.28655
8 24.6437
9 3.98453
10 2.8884
11 2.75004
12 10.1205
13 1.95836
14 6.92425
15 2.07357
16 8.79575
17 2.75718
18 2.76952
19 3.79322
20 27.0629
21 4.32532
22 2.72837
23 3.44891
24 3.67562
25 2.68822
26 2.9243
27 2.84314
28 2.97843
29 2.47469
"[DEBUG]index 60 centroid... "
0 2.48186
1 2.6857
2 2.6238
3 2.26628
4 2.65902
5 2.86179
6 2.82231
7 1.82657
8 12.4989
9 2.61473
10 14.1057
11 3.46745
12 3.68997
13 13.8719
14 3.04002
15 13.6435
16 3.26201
17 4.61473
18 2.0699
19 1.13981
20 1.01067
21 1.93437
22 4.32017
23 1.89488
24 1.92636
25 2.26788
26 2.16382
27 2.0619
28 2.01441
29 1.91409
"[DEBUG]index 61 centroid... "
0 2.70366
1 2.51642
2 2.27369
3 2.37012
4 2.69742
5 2.74377
6 2.64298
7 1.56484
8 15.9975
9 4.15939
10 2.55362
11 1.59248
12 2.69763
13 7.06463
14 2.23815
15 1.27307
16 2.98649
17 2.26704
18 3.94431
19 20.2868
20 2.63321
21 18.8136
22 4.81775
23 2.69244
24 3.15274
25 3.0665
26 2.68059
27 3.04613
28 3.0877
29 2.79925
"[DEBUG]index 62 centroid... "
0 3.7572
1 3.74102
2 3.48321
3 3.25749
4 3.89288
5 3.67938
6 3.61764
7 2.051
8 27.9643
9 4.12239
10 2.57572
11 1.63473
12 4.32203
13 1.01659
14 2.18767
15 13.6592
16 2.03879
17 10.6848
18 1.91846
19 12.243
20 2.1441
21 1.42494
22 1.29273
23 4.00421
24 3.11199
25 3.50425
26 3.24602
27 3.77659
28 3.38054
29 3.22712
"[DEBUG]index 63 centroid... "
0 1.67
1 1.495
2 1.48375
3 1.3925
4 1.315
5 2.25375
6 1.92
7 1.27875
8 7.6175
9 3.03375
10 1.81625
11 1.88
12 3.8
13 3.8575
14 1.6575
15 2.99625
16 6.55625
17 16.6562
18 9.40875
19 12.0063
20 15.6325
21 5.1275
22 3.95625
23 2.245
24 1.9825
25 2.06125
26 2.27125
27 2.50125
28 2.1375
29 2.20125
"[DEBUG]index 64 centroid... "
0 2.95262
1 3.08027
2 2.95325
3 2.65678
4 3.0369
5 3.04144
6 2.62191
7 1.64745
8 33.1534
9 3.47999
10 9.75294
11 2.17257
12 13.0319
13 2.02632
14 2.16976
15 8.34056
16 1.9644
17 8.11977
18 8.74784
19 2.00214
20 9.67919
21 1.9533
22 9.2003
23 2.66345
24 3.156
25 3.21797
26 3.18758
27 2.81903
28 3.03648
29 2.78453
"[DEBUG]index 65 centroid... "
0 2.88152
1 2.69307
2 2.77612
3 2.41029
4 2.74746
5 2.64974
6 2.7452
7 1.69194
8 17.4351
9 2.18506
10 19.6509
11 3.05033
12 2.39111
13 1.2636
14 2.08553
15 7.41074
16 1.86256
17 1.007
18 1.34823
19 1.21101
20 1.76574
21 5.01354
22 5.53712
23 1.94629
24 2.59467
25 2.53735
26 2.39291
27 2.22478
28 2.1336
29 2.14308
"[DEBUG]index 66 centroid... "
0 3.06719
1 2.99001
2 3.11915
3 2.71439
4 3.30377
5 3.00363
6 2.95218
7 1.62369
8 31.2488
9 3.0905
10 11.5215
11 2.09907
12 12.3885
13 1.77583
14 9.33374
15 1.75797
16 9.76059
17 1.66979
18 9.25555
19 8.99576
20 1.95864
21 7.16899
22 9.87772
23 2.3979
24 3.29479
25 3.23799
26 3.06971
27 2.92635
28 3.19461
29 2.79348
"[DEBUG]index 67 centroid... "
0 3.13887
1 3.22745
2 2.90902
3 3.00798
4 2.48444
5 3.15962
6 2.92019
7 1.79888
8 14.83
9 4.89864
10 1.834
11 8.97287
12 2.34318
13 0.840383
14 0.588986
15 1.05986
16 2.1684
17 2.35595
18 4.03831
19 15.8021
20 4.38547
21 2.43815
22 1.06305
23 3.59457
24 2.57781
25 2.69513
26 2.96648
27 2.81405
28 2.88827
29 2.85634
"[DEBUG]index 68 centroid... "
0 3.4108
1 3.43172
2 3.23678
3 3.17632
4 3.39127
5 3.11308
6 2.91862
7 1.63078
8 26.9119
9 4.75633
10 3.11083
11 4.72134
12 31.1171
13 3.26407
14 2.55888
15 2.75551
16 6.91528
17 6.31392
18 1.91186
19 6.85114
20 2.53138
21 2.76539
22 1.46057
23 3.16012
24 2.65936
25 2.58339
26 2.70947
27 2.7119
28 2.65061
29 2.5597
"[DEBUG]index 69 centroid... "
0 2.19795
1 2.55502
2 2.43905
3 2.1575
4 2.32416
5 2.59709
6 2.88457
7 2.09115
8 14.3274
9 2.55502
10 14.904
11 3.83981
12 2.42395
13 5.13538
14 3.28587
15 14.938
16 3.72762
17 3.65588
18 16.6408
19 4.31607
20 3.19741
21 16.164
22 4.09277
23 2.30529
24 3.02157
25 2.73517
26 2.55717
27 2.57012
28 2.53776
29 2.3754
"[DEBUG]index 70 centroid... "
0 2.69713
1 2.56656
2 2.4951
3 2.71364
4 2.18643
5 2.86253
6 2.58814
7 1.65016
8 14.3513
9 17.5667
10 4.65506
11 2.09884
12 1.9815
13 6.92655
14 1.49039
15 2.02793
16 1.04407
17 1.72543
18 5.74066
19 5.28509
20 1.64218
21 0.891186
22 2.01396
23 2.10773
24 1.82626
25 1.98059
26 1.96427
27 2.01578
28 1.93562
29 1.88085
"[DEBUG]index 71 centroid... "
0 3.28091
1 3.32118
2 3.21079
3 2.80453
4 3.69179
5 3.39034
6 3.36482
7 1.61023
8 34.1649
9 3.52193
10 2.55896
11 2.87518
12 3.68505
13 1.04132
14 2.96421
15 0.976543
16 2.90258
17 1.0738
18 3.16452
19 1.1771
20 2.64713
21 1.63486
22 12.2392
23 2.06913
24 3.12857
25 2.96237
26 3.28876
27 2.77862
28 2.84238
29 2.77459
"[DEBUG]index 72 centroid... "
0 3.97141
1 3.52645
2 3.73313
3 3.06404
4 3.83958
5 3.25166
6 3.36539
7 1.74973
8 28.3553
9 3.45524
10 12.0757
11 2.03587
12 13.2735
13 1.77543
14 9.65432
15 7.67274
16 2.6012
17 1.06832
18 2.73367
19 1.10152
20 2.68109
21 0.930285
22 2.52431
23 2.9698
24 2.98661
25 2.7024
26 2.65924
27 2.8052
28 2.67284
29 2.44742
"[DEBUG]index 73 centroid... "
0 2.61611
1 2.73739
2 2.87052
3 2.35593
4 2.56231
5 2.85562
6 2.55988
7 1.79362
8 15.2006
9 2.13799
10 16.4404
11 4.55198
12 2.5234
13 3.92675
14 17.9903
15 2.85471
16 2.18632
17 1.67933
18 2.29818
19 3.66261
20 14.2492
21 3.87356
22 2.18967
23 2.87204
24 2.91155
25 2.45106
26 2.4921
27 2.36687
28 2.44802
29 2.46748
"[DEBUG]index 74 centroid... "
0 2.55739
1 2.59549
2 2.57769
3 2.42613
4 2.30706
5 2.52836
6 2.06402
7 1.82061
8 14.2049
9 2.9324
10 6.36689
11 24.7541
12 6.80831
13 3.2237
14 2.39675
15 1.21414
16 1.02556
17 1.62702
18 3.96954
19 1.77009
20 1.07644
21 1.79028
22 3.89
23 1.6343
24 1.76221
25 1.85226
26 1.81333
27 1.77344
28 1.78287
29 1.77607
"[DEBUG]index 75 centroid... "
0 4.60593
1 4.11698
2 3.91968
3 3.7558
4 3.68464
5 4.25013
6 3.58976
7 1.89434
8 22.0916
9 5.91429
10 2.33854
11 1.45606
12 4.60755
13 1.18652
14 0.684097
15 1.29704
16 1.82965
17 11.8404
18 2.35526
19 1.13261
20 3.05175
21 12.0334
22 2.17251
23 3.81779
24 3.84906
25 3.8124
26 3.68248
27 3.79784
28 4.00755
29 4.62049
"[DEBUG]index 76 centroid... "
0 2.56098
1 2.83834
2 2.69881
3 2.75269
4 2.86897
5 2.7924
6 2.84572
7 1.98298
8 10.658
9 3.7958
10 1.78276
11 3.8287
12 12.7113
13 3.20023
14 6.53999
15 21.7107
16 7.1679
17 4.15995
18 2.3755
19 2.40669
20 1.26149
21 0.674986
22 0.990357
23 2.44299
24 2.15485
25 2.13159
26 2.18434
27 2.24277
28 2.18208
29 1.84628
"[DEBUG]index 77 centroid... "
0 3.12903
1 3.20789
2 3.26531
3 3.09075
4 3.49853
5 3.99519
6 3.30148
7 2.12072
8 33.5028
9 4.39044
10 2.23998
11 12.1382
12 2.97524
13 2.01694
14 9.69371
15 9.69257
16 2.13433
17 11.1038
18 2.20731
19 10.4301
20 8.62846
21 1.98754
22 10.393
23 3.34042
24 3.13262
25 3.47638
26 3.35125
27 3.28812
28 3.34107
29 3.10834
"[DEBUG]index 78 centroid... "
0 2.14868
1 2.17767
2 2.23676
3 2.23735
4 2.36397
5 2.40066
6 2.13781
7 1.54736
8 11.7202
9 3.83597
10 2.07997
11 4.49308
12 6.42187
13 27.7668
14 5.37754
15 3.67088
16 1.83228
17 4.70751
18 1.54625
19 1.78617
20 1.63399
21 3.92306
22 1.70481
23 1.90626
24 1.99783
25 1.86581
26 1.69401
27 1.76871
28 1.861
29 1.71245
"[DEBUG]index 79 centroid... "
0 4.23947
1 3.84161
2 3.82401
3 3.31175
4 3.7159
5 3.47643
6 3.53803
7 1.68448
8 22.7134
9 4.93903
10 2.5858
11 2.99874
12 0.810811
13 2.81018
14 0.920176
15 0.461345
16 0.900691
17 2.01069
18 11.8825
19 1.82715
20 2.75927
21 2.59711
22 2.41169
23 3.29478
24 3.10937
25 3.37146
26 3.20805
27 3.49214
28 3.46072
29 3.12948
"[DEBUG]index 80 centroid... "
0 4.59533
1 4.45015
2 4.32143
3 3.92618
4 4.66856
5 4.58838
6 3.90776
7 2.11464
8 28.5758
9 5.00365
10 3.48061
11 1.42639
12 3.01298
13 13.0098
14 2.61595
15 2.77395
16 0.96207
17 3.83751
18 3.03309
19 1.06763
20 1.08239
21 2.61409
22 1.02503
23 3.6913
24 3.19168
25 3.2577
26 3.27102
27 3.35655
28 3.22393
29 3.23046
"[DEBUG]index 81 centroid... "
0 3.13119
1 3.26824
2 2.92231
3 3.07524
4 3.25104
5 3.31569
6 3.06408
7 1.88488
8 17.6276
9 4.88053
10 3.00019
11 2.73743
12 4.00076
13 20.2609
14 4.75784
15 2.55331
16 2.91871
17 4.56541
18 21.8512
19 4.40302
20 2.39338
21 3.23478
22 1.41512
23 3.02722
24 2.69168
25 2.61021
26 2.76068
27 2.69244
28 2.61002
29 2.55595
"[DEBUG]index 82 centroid... "
0 3.32927
1 3.5438
2 3.30463
3 2.7337
4 3.83225
5 3.44574
6 3.39821
7 1.87307
8 29.3168
9 3.60702
10 11.5092
11 2.72797
12 1.33549
13 2.46565
14 10.1426
15 9.04903
16 2.6894
17 2.47909
18 9.71105
19 9.69014
20 1.89721
21 2.86411
22 1.04505
23 3.85938
24 3.10005
25 3.01643
26 2.92907
27 3.28646
28 2.81135
29 2.79915
"[DEBUG]index 83 centroid... "
0 4.54861
1 4.32531
2 3.63093
3 3.5887
4 4.50852
5 4.28022
6 4.35591
7 2.1219
8 27.9472
9 4.46965
10 3.52362
11 1.43864
12 4.46741
13 1.53096
14 1.30103
15 2.45731
16 15.0552
17 3.26318
18 1.49464
19 3.05294
20 13.0897
21 1.98735
22 1.34918
23 4.50597
24 4.40814
25 3.64898
26 3.85402
27 3.99837
28 4.11915
29 3.81852
"[DEBUG]index 84 centroid... "
0 5.79094
1 5.55903
2 4.55065
3 4.84311
4 4.94783
5 5.15994
6 4.36976
7 2.80274
8 22.532
9 3.90784
10 12.8671
11 3.03389
12 1.43869
13 4.61424
14 1.34273
15 1.25552
16 4.47601
17 1.00267
18 3.4147
19 1.33511
20 0.699162
21 1.3035
22 1.29018
23 3.31188
24 3.14928
25 3.06207
26 3.2163
27 3.48363
28 3.17327
29 3.5674
"[DEBUG]index 85 centroid... "
0 1.72776
1 1.8427
2 1.67806
3 1.60971
4 1.5185
5 1.94521
6 2.02994
7 1.39791
8 6.6131
9 16.1909
10 4.73115
11 3.72127
12 1.62666
13 0.722112
14 1.59955
15 0.617622
16 1.21999
17 3.89749
18 1.53714
19 1.44112
20 2.85795
21 8.56651
22 2.63315
23 1.42022
24 1.77972
25 1.62892
26 1.68794
27 1.72663
28 1.53572
29 1.53488
"[DEBUG]index 86 centroid... "
0 4.33694
1 4.05428
2 3.88486
3 3.61611
4 4.56972
5 4.34683
6 3.91462
7 2.07325
8 38.1646
9 4.22639
10 2.55163
11 1.4563
12 1.24688
13 2.40713
14 0.924164
15 3.05129
16 0.861087
17 3.14241
18 0.890629
19 2.72582
20 2.26578
21 0.777546
22 2.52985
23 2.87703
24 2.61745
25 2.84212
26 2.8843
27 2.96678
28 3.02577
29 3.23827
"[DEBUG]index 87 centroid... "
0 2.89905
1 3.09213
2 2.84678
3 2.84188
4 2.9033
5 2.81575
6 2.48024
7 1.39562
8 21.9151
9 4.29173
10 1.95002
11 8.7772
12 9.43123
13 7.86148
14 1.95786
15 0.908527
16 2.21627
17 2.43613
18 2.34531
19 0.849069
20 2.17707
21 8.00719
22 8.36916
23 2.38451
24 2.97615
25 3.08429
26 2.62725
27 2.58412
28 2.5998
29 2.47599
"[DEBUG]index 88 centroid... "
0 3.2762
1 3.2748
2 3.20881
3 2.77934
4 3.09285
5 3.17016
6 3.22441
7 1.94528
8 23.7878
9 2.81641
10 26.3339
11 3.36037
12 2.50613
13 1.70796
14 3.29673
15 1.22259
16 2.6269
17 8.62907
18 1.9336
19 6.48584
20 2.67335
21 1.14376
22 2.84374
23 2.72063
24 2.39627
25 2.62825
26 2.67986
27 2.63253
28 2.67869
29 2.509
"[DEBUG]index 89 centroid... "
0 2.89425
1 2.64241
2 2.5933
3 2.51263
4 2.30095
5 3.10786
6 2.90319
7 1.95125
8 14.6331
9 17.4407
10 3.8739
11 2.0833
12 1.1866
13 1.95458
14 6.30831
15 1.23904
16 6.36549
17 1.89723
18 0.824448
19 2.12119
20 1.97475
21 0.66731
22 1.73185
23 2.12539
24 1.83374
25 1.8704
26 1.96545
27 1.93213
28 2.05647
29 1.86969
"[DEBUG]index 90 centroid... "
0 3.50528
1 3.3551
2 3.26621
3 2.88052
4 3.51519
5 3.15288
6 3.15697
7 1.59201
8 30.0582
9 2.95712
10 11.872
11 1.84411
12 12.4104
13 1.94182
14 10.4726
15 1.71364
16 7.78948
17 8.97447
18 2.21375
19 1.26945
20 2.6699
21 8.81222
22 1.90056
23 3.2591
24 3.41694
25 3.40099
26 3.06809
27 2.99591
28 2.89754
29 2.75426
"[DEBUG]index 91 centroid... "
0 2.87849
1 3.32081
2 2.74169
3 2.81965
4 3.17254
5 3.24784
6 3.12467
7 1.79289
8 26.2148
9 3.92719
10 2.59757
11 1.39727
12 2.66938
13 9.48504
14 1.811
15 10.861
16 1.68085
17 12.7955
18 1.78092
19 10.9814
20 1.6506
21 8.51562
22 8.04006
23 2.80967
24 3.27593
25 3.45013
26 2.98338
27 3.33162
28 3.07796
29 3.14378
"[DEBUG]index 92 centroid... "
0 2.7244
1 2.94024
2 2.77063
3 2.54236
4 2.89558
5 3.19098
6 3.04576
7 2.00166
8 18.2436
9 3.54705
10 2.3721
11 6.31777
12 2.32808
13 3.73499
14 22.1973
15 2.40074
16 20.9527
17 3.48591
18 6.37845
19 2.67072
20 2.50985
21 2.11335
22 5.49144
23 2.34715
24 2.7547
25 2.72449
26 2.71971
27 2.48683
28 2.58812
29 2.40525
"[DEBUG]index 93 centroid... "
0 2.97379
1 3.00235
2 2.92178
3 2.84303
4 2.99112
5 3.35577
6 2.97881
7 2.23882
8 19.2709
9 4.01883
10 3.62829
11 22.7873
12 6.05361
13 2.22651
14 4.56698
15 22.8536
16 3.43088
17 2.24706
18 6.89803
19 2.22309
20 6.87567
21 2.15258
22 7.16253
23 2.89354
24 2.93612
25 3.00225
26 2.92596
27 2.84817
28 2.64937
29 2.36604
"[DEBUG]index 94 centroid... "
0 3.71425
1 3.58448
2 3.6797
3 3.26912
4 3.57598
5 3.88906
6 2.93695
7 2.11149
8 29.748
9 3.43918
10 10.3973
11 10.4939
12 1.97277
13 8.68135
14 11.132
15 1.77703
16 1.16266
17 2.94828
18 2.52508
19 1.02266
20 2.25267
21 2.38326
22 2.04807
23 2.71507
24 2.50023
25 2.48442
26 2.53139
27 2.38189
28 2.34789
29 2.33528
"[DEBUG]index 95 centroid... "
0 3.47928
1 3.45635
2 3.23016
3 2.9759
4 3.38286
5 3.34259
6 3.06276
7 1.88389
8 26.6196
9 3.31761
10 12.4552
11 2.17578
12 1.347
13 3.1674
14 1.08495
15 2.27778
16 11.7344
17 1.74706
18 9.22751
19 8.85994
20 2.30805
21 1.22031
22 3.18445
23 3.1699
24 2.86934
25 3.07011
26 3.1552
27 3.12551
28 3.0144
29 2.92828
"[DEBUG]index 96 centroid... "
0 3.64045
1 3.53435
2 3.47769
3 3.17248
4 3.82157
5 3.67012
6 3.03825
7 1.78379
8 35.1566
9 4.18523
10 3.21901
11 2.98945
12 12.8282
13 6.85207
14 1.74948
15 11.4823
16 2.88305
17 1.32017
18 2.70474
19 12.1939
20 2.21495
21 2.31784
22 11.0652
23 3.28704
24 3.45219
25 3.53643
26 3.48341
27 3.21043
28 3.14924
29 3.08657
"[DEBUG]index 97 centroid... "
0 3.12262
1 3.23989
2 3.40712
3 2.96559
4 3.22085
5 3.54786
6 2.73162
7 1.93811
8 28.8258
9 4.50844
10 2.47828
11 13.0319
12 2.18192
13 9.30287
14 2.46901
15 2.52807
16 1.37872
17 3.06231
18 2.24866
19 12.481
20 1.80012
21 8.25167
22 10.2802
23 2.93643
24 3.14826
25 3.38573
26 3.03266
27 3.03517
28 2.98797
29 2.80112
"[DEBUG]index 98 centroid... "
0 2.93267
1 3.07177
2 2.84203
3 3.13799
4 2.9593
5 3.25379
6 3.33555
7 2.33629
8 17.4403
9 4.75879
10 1.88753
11 6.76471
12 7.44617
13 1.60969
14 5.0936
15 22.5242
16 2.75879
17 16.5061
18 15.8354
19 3.899
20 5.94118
21 2.98224
22 1.36663
23 3.3929
24 2.99408
25 3.09027
26 3.28191
27 3.50019
28 2.8694
29 2.61709
"[DEBUG]index 99 centroid... "
0 2.85091
1 2.91533
2 2.72811
3 2.69204
4 2.75398
5 2.8271
6 2.68572
7 1.57373
8 22.4132
9 4.43123
10 2.84164
11 2.52578
12 8.60386
13 2.06563
14 1.2274
15 3.21379
16 2.66004
17 4.13478
18 26.2259
19 4.09043
20 2.34618
21 7.8503
22 2.69938
23 2.6475
24 2.96332
25 2.87972
26 2.79921
27 2.90485
28 2.80539
29 2.67646
