"[DEBUG]index 0 centroid... "
0 0
1 0
2 0
3 0
4 0
5 0
6 0
7 0
8 6
9 9
10 12
11 15
12 18
13 21
14 24
15 24
16 21
17 18
18 15
19 12
20 9
21 6
22 3
23 0
24 0
25 0
26 0
27 0
28 0
29 0
"[DEBUG]index 1 centroid... "
0 0
1 0
2 0
3 0
4 0
5 0
6 0
7 0
8 6
9 3
10 0
11 -3
12 -6
13 -9
14 -12
15 -15
16 -12
17 -9
18 -9
19 -6
20 -3
21 -3
22 0
23 0
24 0
25 0
26 0
27 0
28 0
29 0
"[DEBUG]index 2 centroid... "
0 0
1 0
2 0
3 0
4 0
5 0
6 0
7 0
8 6
9 3
10 0
11 -3
12 -6
13 -6
14 -3
15 0
16 3
17 6
18 9
19 6
20 3
21 0
22 -3
23 0
24 0
25 0
26 0
27 0
28 0
29 0
"[DEBUG]index 3 centroid... "
0 0
1 0
2 0
3 0
4 0
5 0
6 0
7 0
8 6
9 3
10 0
11 -3
12 -3
13 0
14 3
15 3
16 3
17 0
18 -3
19 -6
20 -9
21 -6
22 -3
23 0
24 0
25 0
26 0
27 0
28 0
29 0
"[DEBUG]index 4 centroid... "
0 0
1 0
2 0
3 0
4 0
5 0
6 0
7 0
8 6
9 3
10 0
11 -3
12 0
13 0
14 3
15 3
16 0
17 -3
18 0
19 0
20 3
21 6
22 3
23 0
24 0
25 0
26 0
27 0
28 0
29 0
"[DEBUG]index 5 centroid... "
0 0
1 0
2 0
3 0
4 0
5 0
6 0
7 0
8 6
9 3
10 0
11 3
12 6
13 3
14 0
15 -3
16 -3
17 0
18 3
19 6
20 3
21 0
22 0
23 0
24 0
25 0
26 0
27 0
28 0
29 0
"[DEBUG]index 6 centroid... "
0 0
1 0
2 0
3 0
4 0
5 0
6 0
7 0
8 6
9 3
10 6
11 6
12 3
13 0
14 -3
15 0
16 3
17 3
18 0
19 -3
20 0
21 3
22 0
23 0
24 0
25 0
26 0
27 0
28 0
29 0
"[DEBUG]index 7 centroid... "
0 0
1 0
2 0
3 0
4 0
5 0
6 0
7 0
8 6
9 3
10 3
11 3
12 6
13 6
14 3
15 0
16 -3
17 -6
18 -6
19 -3
20 -3
21 0
22 3
23 0
24 0
25 0
26 0
27 0
28 0
29 0
"[DEBUG]index 8 centroid... "
0 0
1 0
2 0
3 0
4 0
5 0
6 0
7 0
8 6
9 3
10 0
11 0
12 0
13 3
14 0
15 3
16 0
17 3
18 0
19 0
20 3
21 0
22 -3
23 0
24 0
25 0
26 0
27 0
28 0
29 0
"[DEBUG]index 9 centroid... "
0 0
1 0
2 0
3 0
4 0
5 0
6 0
7 0
8 6
9 3
10 3
11 3
12 0
13 -3
14 0
15 3
16 0
17 -3
18 0
19 3
20 0
21 -3
22 0
23 0
24 0
25 0
26 0
27 0
28 0
29 0
"[DEBUG]index 10 centroid... "
0 0
1 0
2 0
3 0
4 0
5 0
6 0
7 0
8 6
9 3
10 0
11 -3
12 0
13 3
14 0
15 -3
16 0
17 3
18 3
19 0
20 -3
21 0
22 3
23 0
24 0
25 0
26 0
27 0
28 0
29 0
"[DEBUG]index 11 centroid... "
0 0
1 0
2 0
3 0
4 0
5 0
6 0
7 0
8 6
9 3
10 6
11 3
12 0
13 0
14 -3
15 0
16 3
17 0
18 3
19 6
20 9
21 6
22 3
23 0
24 0
25 0
26 0
27 0
28 0
29 0
"[DEBUG]index 12 centroid... "
0 0
1 0
2 0
3 0
4 0
5 0
6 0
7 0
8 6
9 3
10 0
11 0
12 3
13 0
14 0
15 3
16 6
17 3
18 0
19 3
20 0
21 0
22 3
23 0
24 0
25 0
26 0
27 0
28 0
29 0
"[DEBUG]index 13 centroid... "
0 0
1 0
2 0
3 0
4 0
5 0
6 0
7 0
8 6
9 3
10 6
11 3
12 6
13 3
14 3
15 0
16 0
17 3
18 3
19 0
20 -3
21 -6
22 -3
23 0
24 0
25 0
26 0
27 0
28 0
29 0
"[DEBUG]index 14 centroid... "
0 0
1 0
2 0
3 0
4 0
5 0
6 0
7 0
8 6
9 3
10 0
11 -3
12 -6
13 -3
14 -3
15 0
16 3
17 0
18 -3
19 -3
20 0
21 0
22 3
23 0
24 0
25 0
26 0
27 0
28 0
29 0
"[DEBUG]index 15 centroid... "
0 0
1 0
2 0
3 0
4 0
5 0
6 0
7 0
8 6
9 9
10 6
11 3
12 0
13 3
14 6
15 3
16 0
17 3
18 0
19 3
20 0
21 3
22 3
23 0
24 0
25 0
26 0
27 0
28 0
29 0
"[DEBUG]index 16 centroid... "
0 0
1 0
2 0
3 0
4 0
5 0
6 0
7 0
8 6
9 3
10 0
11 -3
12 -3
13 0
14 0
15 -3
16 0
17 -3
18 0
19 3
20 0
21 0
22 -3
23 0
24 0
25 0
26 0
27 0
28 0
29 0
"[DEBUG]index 17 centroid... "
0 0
1 0
2 0
3 0
4 0
5 0
6 0
7 0
8 6
9 3
10 0
11 3
12 0
13 -3
14 -3
15 0
16 -3
17 0
18 3
19 0
20 0
21 3
22 3
23 0
24 0
25 0
26 0
27 0
28 0
29 0
"[DEBUG]index 18 centroid... "
0 0
1 0
2 0
3 0
4 0
5 0
6 0
7 0
8 6
9 3
10 0
11 3
12 0
13 0
14 3
15 0
16 3
17 6
18 3
19 0
20 3
21 6
22 3
23 0
24 0
25 0
26 0
27 0
28 0
29 0
"[DEBUG]index 19 centroid... "
0 0
1 0
2 0
3 0
4 0
5 0
6 0
7 0
8 6
9 3
10 0
11 -3
12 0
13 3
14 6
15 3
16 0
17 3
18 6
19 6
20 3
21 0
22 3
23 0
24 0
25 0
26 0
27 0
28 0
29 0
"[DEBUG]index 20 centroid... "
0 0
1 0
2 0
3 0
4 0
5 0
6 0
7 0
8 6
9 3
10 0
11 0
12 0
13 -3
14 -6
15 -3
16 0
17 3
18 0
19 0
20 -3
21 -6
22 -3
23 0
24 0
25 0
26 0
27 0
28 0
29 0
"[DEBUG]index 21 centroid... "
0 0
1 0
2 0
3 0
4 0
5 0
6 0
7 0
8 6
9 3
10 0
11 3
12 0
13 0
14 0
15 -3
16 0
17 0
18 -3
19 0
20 3
21 0
22 0
23 0
24 0
25 0
26 0
27 0
28 0
29 0
"[DEBUG]index 22 centroid... "
0 0
1 0
2 0
3 0
4 0
5 0
6 0
7 0
8 6
9 3
10 0
11 3
12 3
13 0
14 3
15 6
16 3
17 0
18 -3
19 -3
20 0
21 3
22 0
23 0
24 0
25 0
26 0
27 0
28 0
29 0
"[DEBUG]index 23 centroid... "
0 0
1 0
2 0
3 0
4 0
5 0
6 0
7 0
8 6
9 3
10 0
11 0
12 3
13 3
14 6
15 3
16 0
17 -3
18 0
19 3
20 0
21 0
22 -3
23 0
24 0
25 0
26 0
27 0
28 0
29 0
"[DEBUG]index 24 centroid... "
0 0
1 0
2 0
3 0
4 0
5 0
6 0
7 0
8 6
9 3
10 0
11 3
12 0
13 3
14 0
15 3
16 0
17 0
18 3
19 0
20 -3
21 0
22 0
23 0
24 0
25 0
26 0
27 0
28 0
29 0
"[DEBUG]index 25 centroid... "
0 0
1 0
2 0
3 0
4 0
5 0
6 0
7 0
8 6
9 3
10 3
11 0
12 -3
13 -3
14 0
15 0
16 -3
17 0
18 0
19 -3
20 0
21 0
22 -3
23 0
24 0
25 0
26 0
27 0
28 0
29 0
"[DEBUG]index 26 centroid... "
0 0
1 0
2 0
3 0
4 0
5 0
6 0
7 0
8 6
9 3
10 0
11 -3
12 0
13 3
14 0
15 -3
16 -6
17 -3
18 0
19 0
20 3
21 0
22 3
23 0
24 0
25 0
26 0
27 0
28 0
29 0
"[DEBUG]index 27 centroid... "
0 0
1 0
2 0
3 0
4 0
5 0
6 0
7 0
8 6
9 3
10 6
11 6
12 3
13 0
14 3
15 0
16 3
17 6
18 9
19 6
20 3
21 0
22 3
23 0
24 0
25 0
26 0
27 0
28 0
29 0
"[DEBUG]index 28 centroid... "
0 0
1 0
2 0
3 0
4 0
5 0
6 0
7 0
8 6
9 3
10 3
11 3
12 3
13 6
14 3
15 0
16 3
17 0
18 3
19 0
20 3
21 0
22 3
23 0
24 0
25 0
26 0
27 0
28 0
29 0
"[DEBUG]index 29 centroid... "
0 0
1 0
2 0
3 0
4 0
5 0
6 0
7 0
8 6
9 3
10 6
11 3
12 0
13 0
14 3
15 3
16 6
17 3
18 0
19 3
20 3
21 0
22 -3
23 0
24 0
25 0
26 0
27 0
28 0
29 0
"[DEBUG]index 30 centroid... "
0 0
1 0
2 0
3 0
4 0
5 0
6 0
7 0
8 6
9 3
10 0
11 -3
12 0
13 -3
14 0
15 -3
16 0
17 3
18 0
19 3
20 3
21 0
22 3
23 0
24 0
25 0
26 0
27 0
28 0
29 0
"[DEBUG]index 31 centroid... "
0 0
1 0
2 0
3 0
4 0
5 0
6 0
7 0
8 6
9 3
10 0
11 0
12 3
13 0
14 -3
15 0
16 0
17 -3
18 0
19 -3
20 0
21 0
22 -3
23 0
24 0
25 0
26 0
27 0
28 0
29 0
"[DEBUG]index 32 centroid... "
0 0
1 0
2 0
3 0
4 0
5 0
6 0
7 0
8 6
9 3
10 0
11 -3
12 -3
13 0
14 3
15 6
16 6
17 3
18 3
19 0
20 3
21 3
22 0
23 0
24 0
25 0
26 0
27 0
28 0
29 0
"[DEBUG]index 33 centroid... "
0 0
1 0
2 0
3 0
4 0
5 0
6 0
7 0
8 6
9 3
10 6
11 3
12 0
13 0
14 0
15 -3
16 -3
17 -3
18 0
19 3
20 0
21 3
22 0
23 0
24 0
25 0
26 0
27 0
28 0
29 0
"[DEBUG]index 34 centroid... "
0 0
1 0
2 0
3 0
4 0
5 0
6 0
7 0
8 6
9 3
10 0
11 -3
12 0
13 3
14 6
15 3
16 0
17 3
18 0
19 -3
20 0
21 0
22 3
23 0
24 0
25 0
26 0
27 0
28 0
29 0
"[DEBUG]index 35 centroid... "
0 0
1 0
2 0
3 0
4 0
5 0
6 0
7 0
8 6
9 3
10 3
11 3
12 6
13 3
14 0
15 3
16 0
17 3
18 0
19 3
20 3
21 6
22 3
23 0
24 0
25 0
26 0
27 0
28 0
29 0
"[DEBUG]index 36 centroid... "
0 0
1 0
2 0
3 0
4 0
5 0
6 0
7 0
8 6
9 6
10 3
11 0
12 3
13 0
14 -3
15 -3
16 0
17 0
18 -3
19 0
20 -3
21 0
22 3
23 0
24 0
25 0
26 0
27 0
28 0
29 0
"[DEBUG]index 37 centroid... "
0 0
1 0
2 0
3 0
4 0
5 0
6 0
7 0
8 6
9 3
10 0
11 0
12 0
13 0
14 3
15 0
16 3
17 6
18 3
19 0
20 -3
21 0
22 -3
23 0
24 0
25 0
26 0
27 0
28 0
29 0
"[DEBUG]index 38 centroid... "
0 0
1 0
2 0
3 0
4 0
5 0
6 0
7 0
8 6
9 3
10 0
11 -3
12 0
13 -3
14 0
15 3
16 0
17 0
18 3
19 0
20 -3
21 0
22 3
23 0
24 0
25 0
26 0
27 0
28 0
29 0
"[DEBUG]index 39 centroid... "
0 0
1 0
2 0
3 0
4 0
5 0
6 0
7 0
8 6
9 3
10 0
11 3
12 0
13 3
14 0
15 3
16 3
17 0
18 3
19 6
20 3
21 0
22 0
23 0
24 0
25 0
26 0
27 0
28 0
29 0
"[DEBUG]index 40 centroid... "
0 0
1 0
2 0
3 0
4 0
5 0
6 0
7 0
8 6
9 3
10 0
11 3
12 0
13 0
14 0
15 -3
16 -6
17 -3
18 -3
19 0
20 -3
21 -6
22 -3
23 0
24 0
25 0
26 0
27 0
28 0
29 0
"[DEBUG]index 41 centroid... "
0 0
1 0
2 0
3 0
4 0
5 0
6 0
7 0
8 6
9 9
10 6
11 9
12 6
13 3
14 3
15 3
16 0
17 -3
18 0
19 0
20 3
21 0
22 -3
23 0
24 0
25 0
26 0
27 0
28 0
29 0
"[DEBUG]index 42 centroid... "
0 0
1 0
2 0
3 0
4 0
5 0
6 0
7 0
8 6
9 6
10 3
11 0
12 3
13 0
14 0
15 -3
16 0
17 3
18 3
19 0
20 3
21 0
22 -3
23 0
24 0
25 0
26 0
27 0
28 0
29 0
"[DEBUG]index 43 centroid... "
0 0
1 0
2 0
3 0
4 0
5 0
6 0
7 0
8 6
9 3
10 0
11 0
12 -3
13 0
14 3
15 0
16 -3
17 -3
18 -3
19 0
20 -3
21 0
22 3
23 0
24 0
25 0
26 0
27 0
28 0
29 0
"[DEBUG]index 44 centroid... "
0 0
1 0
2 0
3 0
4 0
5 0
6 0
7 0
8 6
9 3
10 3
11 0
12 -3
13 0
14 -3
15 0
16 0
17 3
18 0
19 3
20 0
21 3
22 0
23 0
24 0
25 0
26 0
27 0
28 0
29 0
"[DEBUG]index 45 centroid... "
0 0
1 0
2 0
3 0
4 0
5 0
6 0
7 0
8 6
9 3
10 3
11 0
12 0
13 3
14 0
15 3
16 0
17 0
18 -3
19 0
20 3
21 0
22 3
23 0
24 0
25 0
26 0
27 0
28 0
29 0
"[DEBUG]index 46 centroid... "
0 0
1 0
2 0
3 0
4 0
5 0
6 0
7 0
8 6
9 3
10 0
11 0
12 3
13 0
14 3
15 0
16 -3
17 0
18 3
19 0
20 0
21 3
22 0
23 0
24 0
25 0
26 0
27 0
28 0
29 0
"[DEBUG]index 47 centroid... "
0 0
1 0
2 0
3 0
4 0
5 0
6 0
7 0
8 6
9 3
10 0
11 3
12 0
13 -3
14 0
15 0
16 3
17 0
18 3
19 0
20 3
21 0
22 0
23 0
24 0
25 0
26 0
27 0
28 0
29 0
"[DEBUG]index 48 centroid... "
0 0
1 0
2 0
3 0
4 0
5 0
6 0
7 0
8 6
9 3
10 0
11 0
12 0
13 3
14 0
15 0
16 3
17 0
18 0
19 0
20 0
21 3
22 0
23 0
24 0
25 0
26 0
27 0
28 0
29 0
"[DEBUG]index 49 centroid... "
0 0
1 0
2 0
3 0
4 0
5 0
6 0
7 0
8 6
9 3
10 0
11 -3
12 0
13 0
14 3
15 0
16 0
17 -3
18 -6
19 -3
20 0
21 0
22 -3
23 0
24 0
25 0
26 0
27 0
28 0
29 0
"[DEBUG]index 50 centroid... "
0 0
1 0
2 0
3 0
4 0
5 0
6 0
7 0
8 6
9 3
10 0
11 3
12 3
13 0
14 3
15 0
16 0
17 3
18 0
19 0
20 -3
21 0
22 3
23 0
24 0
25 0
26 0
27 0
28 0
29 0
"[DEBUG]index 51 centroid... "
0 0
1 0
2 0
3 0
4 0
5 0
6 0
7 0
8 6
9 3
10 3
11 0
12 -3
13 0
14 3
15 0
16 0
17 0
18 3
19 0
20 3
21 0
22 3
23 0
24 0
25 0
26 0
27 0
28 0
29 0
"[DEBUG]index 52 centroid... "
0 0
1 0
2 0
3 0
4 0
5 0
6 0
7 0
8 6
9 3
10 0
11 3
12 0
13 -3
14 0
15 0
16 3
17 0
18 -3
19 0
20 -3
21 0
22 -3
23 0
24 0
25 0
26 0
27 0
28 0
29 0
"[DEBUG]index 53 centroid... "
0 0
1 0
2 0
3 0
4 0
5 0
6 0
7 0
8 6
9 3
10 0
11 -3
12 -6
13 -6
14 -3
15 0
16 -3
17 -3
18 0
19 3
20 6
21 3
22 0
23 0
24 0
25 0
26 0
27 0
28 0
29 0
"[DEBUG]index 54 centroid... "
0 0
1 0
2 0
3 0
4 0
5 0
6 0
7 0
8 6
9 3
10 0
11 3
12 0
13 -3
14 -3
15 0
16 -3
17 -3
18 -6
19 -9
20 -6
21 -3
22 0
23 0
24 0
25 0
26 0
27 0
28 0
29 0
"[DEBUG]index 55 centroid... "
0 0
1 0
2 0
3 0
4 0
5 0
6 0
7 0
8 6
9 3
10 0
11 3
12 3
13 0
14 -3
15 0
16 -3
17 -6
18 -3
19 0
20 3
21 6
22 3
23 0
24 0
25 0
26 0
27 0
28 0
29 0
"[DEBUG]index 56 centroid... "
0 0
1 0
2 0
3 0
4 0
5 0
6 0
7 0
8 6
9 3
10 0
11 3
12 0
13 3
14 0
15 0
16 3
17 3
18 0
19 -3
20 0
21 -3
22 0
23 0
24 0
25 0
26 0
27 0
28 0
29 0
"[DEBUG]index 57 centroid... "
0 0
1 0
2 0
3 0
4 0
5 0
6 0
7 0
8 6
9 9
10 6
11 3
12 0
13 -3
14 0
15 3
16 6
17 3
18 3
19 0
20 -3
21 0
22 3
23 0
24 0
25 0
26 0
27 0
28 0
29 0
"[DEBUG]index 58 centroid... "
0 0
1 0
2 0
3 0
4 0
5 0
6 0
7 0
8 6
9 3
10 0
11 -3
12 0
13 3
14 0
15 3
16 3
17 0
18 3
19 0
20 0
21 -3
22 0
23 0
24 0
25 0
26 0
27 0
28 0
29 0
"[DEBUG]index 59 centroid... "
0 0
1 0
2 0
3 0
4 0
5 0
6 0
7 0
8 6
9 3
10 0
11 0
12 3
13 0
14 3
15 0
16 3
17 0
18 0
19 3
20 6
21 3
22 0
23 0
24 0
25 0
26 0
27 0
28 0
29 0
"[DEBUG]index 60 centroid... "
0 0
1 0
2 0
3 0
4 0
5 0
6 0
7 0
8 6
9 3
10 6
11 3
12 3
13 6
14 3
15 6
16 3
17 3
18 0
19 -3
20 -3
21 0
22 3
23 0
24 0
25 0
26 0
27 0
28 0
29 0
"[DEBUG]index 61 centroid... "
0 0
1 0
2 0
3 0
4 0
5 0
6 0
7 0
8 6
9 3
10 0
11 -3
12 0
13 3
14 0
15 -3
16 0
17 0
18 3
19 6
20 3
21 6
22 3
23 0
24 0
25 0
26 0
27 0
28 0
29 0
"[DEBUG]index 62 centroid... "
0 0
1 0
2 0
3 0
4 0
5 0
6 0
7 0
8 6
9 3
10 0
11 -3
12 0
13 -3
14 0
15 3
16 0
17 3
18 0
19 3
20 0
21 -3
22 -3
23 0
24 0
25 0
26 0
27 0
28 0
29 0
"[DEBUG]index 63 centroid... "
0 0
1 0
2 0
3 0
4 0
5 0
6 0
7 0
8 6
9 3
10 0
11 0
12 3
13 3
14 0
15 3
16 6
17 9
18 9
19 9
20 9
21 6
22 3
23 0
24 0
25 0
26 0
27 0
28 0
29 0
"[DEBUG]index 64 centroid... "
0 0
1 0
2 0
3 0
4 0
5 0
6 0
7 0
8 6
9 3
10 3
11 0
12 3
13 0
14 0
15 3
16 0
17 3
18 3
19 0
20 3
21 0
22 3
23 0
24 0
25 0
26 0
27 0
28 0
29 0
"[DEBUG]index 65 centroid... "
0 0
1 0
2 0
3 0
4 0
5 0
6 0
7 0
8 6
9 3
10 6
11 3
12 0
13 -3
14 0
15 3
16 0
17 -3
18 -3
19 -3
20 0
21 3
22 3
23 0
24 0
25 0
26 0
27 0
28 0
29 0
"[DEBUG]index 66 centroid... "
0 0
1 0
2 0
3 0
4 0
5 0
6 0
7 0
8 6
9 3
10 3
11 0
12 3
13 0
14 3
15 0
16 3
17 0
18 3
19 3
20 0
21 3
22 3
23 0
24 0
25 0
26 0
27 0
28 0
29 0
"[DEBUG]index 67 centroid... "
0 0
1 0
2 0
3 0
4 0
5 0
6 0
7 0
8 6
9 3
10 0
11 3
12 0
13 -3
14 -6
15 -3
16 0
17 0
18 3
19 6
20 3
21 0
22 -3
23 0
24 0
25 0
26 0
27 0
28 0
29 0
"[DEBUG]index 68 centroid... "
0 0
1 0
2 0
3 0
4 0
5 0
6 0
7 0
8 6
9 3
10 0
11 3
12 6
13 3
14 0
15 0
16 3
17 3
18 0
19 3
20 0
21 0
22 -3
23 0
24 0
25 0
26 0
27 0
28 0
29 0
"[DEBUG]index 69 centroid... "
0 0
1 0
2 0
3 0
4 0
5 0
6 0
7 0
8 6
9 3
10 6
11 3
12 0
13 3
14 3
15 6
16 3
17 3
18 6
19 3
20 3
21 6
22 3
23 0
24 0
25 0
26 0
27 0
28 0
29 0
"[DEBUG]index 70 centroid... "
0 0
1 0
2 0
3 0
4 0
5 0
6 0
7 0
8 6
9 6
10 3
11 0
12 0
13 3
14 0
15 0
16 -3
17 0
18 3
19 3
20 0
21 -3
22 0
23 0
24 0
25 0
26 0
27 0
28 0
29 0
"[DEBUG]index 71 centroid... "
0 0
1 0
2 0
3 0
4 0
5 0
6 0
7 0
8 6
9 3
10 0
11 0
12 0
13 -3
14 0
15 -3
16 0
17 -3
18 0
19 -3
20 0
21 0
22 3
23 0
24 0
25 0
26 0
27 0
28 0
29 0
"[DEBUG]index 72 centroid... "
0 0
1 0
2 0
3 0
4 0
5 0
6 0
7 0
8 6
9 3
10 3
11 0
12 3
13 0
14 3
15 3
16 0
17 -3
18 0
19 -3
20 0
21 -3
22 0
23 0
24 0
25 0
26 0
27 0
28 0
29 0
"[DEBUG]index 73 centroid... "
0 0
1 0
2 0
3 0
4 0
5 0
6 0
7 0
8 6
9 3
10 6
11 3
12 0
13 3
14 6
15 3
16 0
17 -3
18 0
19 3
20 6
21 3
22 0
23 0
24 0
25 0
26 0
27 0
28 0
29 0
"[DEBUG]index 74 centroid... "
0 0
1 0
2 0
3 0
4 0
5 0
6 0
7 0
8 6
9 3
10 6
11 9
12 6
13 3
14 0
15 -3
16 -3
17 0
18 3
19 0
20 -3
21 0
22 3
23 0
24 0
25 0
26 0
27 0
28 0
29 0
"[DEBUG]index 75 centroid... "
0 0
1 0
2 0
3 0
4 0
5 0
6 0
7 0
8 6
9 3
10 0
11 -3
12 0
13 -3
14 -6
15 -3
16 0
17 3
18 0
19 -3
20 0
21 3
22 0
23 0
24 0
25 0
26 0
27 0
28 0
29 0
"[DEBUG]index 76 centroid... "
0 0
1 0
2 0
3 0
4 0
5 0
6 0
7 0
8 6
9 3
10 0
11 3
12 6
13 3
14 6
15 9
16 6
17 3
18 0
19 0
20 -3
21 -6
22 -3
23 0
24 0
25 0
26 0
27 0
28 0
29 0
"[DEBUG]index 77 centroid... "
0 0
1 0
2 0
3 0
4 0
5 0
6 0
7 0
8 6
9 3
10 0
11 3
12 0
13 0
14 3
15 3
16 0
17 3
18 0
19 3
20 3
21 0
22 3
23 0
24 0
25 0
26 0
27 0
28 0
29 0
"[DEBUG]index 78 centroid... "
0 0
1 0
2 0
3 0
4 0
5 0
6 0
7 0
8 6
9 3
10 0
11 3
12 6
13 9
14 6
15 3
16 0
17 3
18 0
19 0
20 0
21 3
22 0
23 0
24 0
25 0
26 0
27 0
28 0
29 0
"[DEBUG]index 79 centroid... "
0 0
1 0
2 0
3 0
4 0
5 0
6 0
7 0
8 6
9 3
10 0
11 0
12 -3
13 0
14 -3
15 -6
16 -3
17 0
18 3
19 0
20 0
21 0
22 0
23 0
24 0
25 0
26 0
27 0
28 0
29 0
"[DEBUG]index 80 centroid... "
0 0
1 0
2 0
3 0
4 0
5 0
6 0
7 0
8 6
9 3
10 0
11 -3
12 0
13 3
14 0
15 0
16 -3
17 0
18 0
19 -3
20 -3
21 0
22 -3
23 0
24 0
25 0
26 0
27 0
28 0
29 0
"[DEBUG]index 81 centroid... "
0 0
1 0
2 0
3 0
4 0
5 0
6 0
7 0
8 6
9 3
10 0
11 0
12 3
13 6
14 3
15 0
16 0
17 3
18 6
19 3
20 0
21 0
22 -3
23 0
24 0
25 0
26 0
27 0
28 0
29 0
"[DEBUG]index 82 centroid... "
0 0
1 0
2 0
3 0
4 0
5 0
6 0
7 0
8 6
9 3
10 3
11 0
12 -3
13 0
14 3
15 3
16 0
17 0
18 3
19 3
20 0
21 0
22 -3
23 0
24 0
25 0
26 0
27 0
28 0
29 0
"[DEBUG]index 83 centroid... "
0 0
1 0
2 0
3 0
4 0
5 0
6 0
7 0
8 6
9 3
10 0
11 -3
12 0
13 -3
14 -3
15 0
16 3
17 0
18 -3
19 0
20 3
21 0
22 -3
23 0
24 0
25 0
26 0
27 0
28 0
29 0
"[DEBUG]index 84 centroid... "
0 0
1 0
2 0
3 0
4 0
5 0
6 0
7 0
8 6
9 3
10 3
11 0
12 -3
13 0
14 -3
15 -3
16 0
17 -3
18 0
19 -3
20 -6
21 -3
22 -3
23 0
24 0
25 0
26 0
27 0
28 0
29 0
"[DEBUG]index 85 centroid... "
0 0
1 0
2 0
3 0
4 0
5 0
6 0
7 0
8 6
9 9
10 6
11 3
12 0
13 -3
14 0
15 -3
16 0
17 3
18 0
19 0
20 3
21 6
22 3
23 0
24 0
25 0
26 0
27 0
28 0
29 0
"[DEBUG]index 86 centroid... "
0 0
1 0
2 0
3 0
4 0
5 0
6 0
7 0
8 6
9 3
10 0
11 -3
12 -3
13 0
14 -3
15 0
16 -3
17 0
18 -3
19 0
20 0
21 -3
22 0
23 0
24 0
25 0
26 0
27 0
28 0
29 0
"[DEBUG]index 87 centroid... "
0 0
1 0
2 0
3 0
4 0
5 0
6 0
7 0
8 6
9 3
10 0
11 3
12 3
13 3
14 0
15 -3
16 0
17 0
18 0
19 -3
20 0
21 3
22 3
23 0
24 0
25 0
26 0
27 0
28 0
29 0
"[DEBUG]index 88 centroid... "
0 0
1 0
2 0
3 0
4 0
5 0
6 0
7 0
8 6
9 3
10 6
11 3
12 0
13 -3
14 0
15 -3
16 0
17 3
18 0
19 3
20 0
21 -3
22 0
23 0
24 0
25 0
26 0
27 0
28 0
29 0
"[DEBUG]index 89 centroid... "
0 0
1 0
2 0
3 0
4 0
5 0
6 0
7 0
8 6
9 6
10 3
11 0
12 -3
13 0
14 3
15 0
16 3
17 0
18 -3
19 0
20 0
21 -3
22 0
23 0
24 0
25 0
26 0
27 0
28 0
29 0
"[DEBUG]index 90 centroid... "
0 0
1 0
2 0
3 0
4 0
5 0
6 0
7 0
8 6
9 3
10 3
11 0
12 3
13 0
14 3
15 0
16 3
17 3
18 0
19 -3
20 0
21 3
22 0
23 0
24 0
25 0
26 0
27 0
28 0
29 0
"[DEBUG]index 91 centroid... "
0 0
1 0
2 0
3 0
4 0
5 0
6 0
7 0
8 6
9 3
10 0
11 -3
12 0
13 3
14 0
15 3
16 0
17 3
18 0
19 3
20 0
21 3
22 3
23 0
24 0
25 0
26 0
27 0
28 0
29 0
"[DEBUG]index 92 centroid... "
0 0
1 0
2 0
3 0
4 0
5 0
6 0
7 0
8 6
9 3
10 0
11 3
12 0
13 3
14 6
15 3
16 6
17 3
18 3
19 0
20 0
21 0
22 3
23 0
24 0
25 0
26 0
27 0
28 0
29 0
"[DEBUG]index 93 centroid... "
0 0
1 0
2 0
3 0
4 0
5 0
6 0
7 0
8 6
9 3
10 3
11 6
12 3
13 0
14 3
15 6
16 3
17 0
18 3
19 0
20 3
21 0
22 3
23 0
24 0
25 0
26 0
27 0
28 0
29 0
"[DEBUG]index 94 centroid... "
0 0
1 0
2 0
3 0
4 0
5 0
6 0
7 0
8 6
9 3
10 3
11 3
12 0
13 3
14 3
15 0
16 -3
17 0
18 0
19 -3
20 0
21 0
22 0
23 0
24 0
25 0
26 0
27 0
28 0
29 0
"[DEBUG]index 95 centroid... "
0 0
1 0
2 0
3 0
4 0
5 0
6 0
7 0
8 6
9 3
10 3
11 0
12 -3
13 0
14 -3
15 0
16 3
17 0
18 3
19 3
20 0
21 -3
22 0
23 0
24 0
25 0
26 0
27 0
28 0
29 0
"[DEBUG]index 96 centroid... "
0 0
1 0
2 0
3 0
4 0
5 0
6 0
7 0
8 6
9 3
10 0
11 0
12 3
13 3
14 0
15 3
16 0
17 -3
18 0
19 3
20 0
21 0
22 3
23 0
24 0
25 0
26 0
27 0
28 0
29 0
"[DEBUG]index 97 centroid... "
0 0
1 0
2 0
3 0
4 0
5 0
6 0
7 0
8 6
9 3
10 0
11 3
12 0
13 3
14 0
15 0
16 -3
17 0
18 0
19 3
20 0
21 3
22 3
23 0
24 0
25 0
26 0
27 0
28 0
29 0
"[DEBUG]index 98 centroid... "
0 0
1 0
2 0
3 0
4 0
5 0
6 0
7 0
8 6
9 3
10 0
11 3
12 3
13 0
14 3
15 6
16 3
17 6
18 6
19 3
20 3
21 0
22 -3
23 0
24 0
25 0
26 0
27 0
28 0
29 0
"[DEBUG]index 99 centroid... "
0 0
1 0
2 0
3 0
4 0
5 0
6 0
7 0
8 6
9 3
10 0
11 0
12 3
13 0
14 -3
15 0
16 0
17 3
18 6
19 3
20 0
21 3
22 0
23 0
24 0
25 0
26 0
27 0
28 0
29 0
