"[DEBUG]index 0 centroid... "
0 0.423237
1 0.368268
2 0.28934
3 0.413536
4 0.332691
5 0.353887
6 0.175103
7 0.362155
8 0.417938
9 0.158598
10 0.252856
11 0.302144
12 0.18833
13 0.37366
14 -0.043299
15 0.025
16 0.138268
17 0.182423
18 0.222701
19 0.0872268
20 0.142608
21 0.0845774
22 0.292454
23 0.264495
24 0.439103
25 0.244186
26 0.265041
27 0.175113
28 0.446825
29 0.269072
"[DEBUG]index 1 centroid... "
0 0.242041
1 0.281821
2 0.227203
3 0.356805
4 0.318
5 0.294626
6 0.181228
7 0.230398
8 0.186049
9 0.202797
10 0.202423
11 0.0286098
12 0.102431
13 0.21948
14 0.140122
15 0.31874
16 0.391049
17 0.194415
18 0.244927
19 0.295333
20 0.255463
21 0.314276
22 0.373341
23 0.148106
24 0.332967
25 0.0922195
26 0.307715
27 0.263317
28 0.279545
29 0.190325
"[DEBUG]index 2 centroid... "
0 0.223614
1 0.189006
2 0.212703
3 0.253055
4 0.258055
5 0.271276
6 0.237608
7 0.246344
8 0.196402
9 0.246922
10 0.276395
11 0.210596
12 0.239078
13 0.228922
14 0.158965
15 0.269659
16 0.246469
17 0.232399
18 0.150706
19 0.207806
20 0.240666
21 0.246044
22 0.201143
23 0.140049
24 0.184697
25 0.176436
26 0.260528
27 0.17048
28 0.222613
29 0.245329
"[DEBUG]index 3 centroid... "
0 0.423415
1 0.203849
2 0.132623
3 0.116283
4 0.439075
5 0.474868
6 0.381774
7 0.380264
8 0.395472
9 0.168868
10 0.185868
11 0.0240189
12 0.218019
13 0.143019
14 0.490415
15 0.188019
16 0.212755
17 0.534151
18 0.188396
19 0.199509
20 0.218208
21 -0.0113962
22 0.181075
23 -0.0128302
24 0.142
25 0.339321
26 0.0762642
27 0.0880943
28 0.355774
29 0.280434
"[DEBUG]index 4 centroid... "
0 0.169276
1 0.145313
2 0.170265
3 0.19518
4 0.19676
5 0.169553
6 0.22029
7 0.193013
8 0.0601311
9 0.135187
10 0.214769
11 0.150727
12 0.197263
13 0.210094
14 0.13121
15 0.162962
16 0.184138
17 0.178944
18 0.151766
19 0.232398
20 0.174126
21 0.0982427
22 0.183136
23 0.187728
24 0.190338
25 0.187153
26 0.179611
27 0.210239
28 0.186322
29 0.194161
"[DEBUG]index 5 centroid... "
0 0.198546
1 0.192157
2 0.207589
3 0.206628
4 0.221535
5 0.202347
6 0.198324
7 0.24202
8 0.159388
9 0.157149
10 0.209048
11 0.158902
12 0.14309
13 0.231493
14 0.205269
15 0.193428
16 0.17054
17 0.217871
18 0.160447
19 0.101825
20 0.190385
21 0.213696
22 0.18915
23 0.192312
24 0.218353
25 0.170363
26 0.195032
27 0.21301
28 0.225918
29 0.217018
"[DEBUG]index 6 centroid... "
0 0.210411
1 0.188135
2 0.192049
3 0.208167
4 0.199134
5 0.202194
6 0.216355
7 0.231184
8 0.161877
9 0.211954
10 0.0952211
11 0.123936
12 0.215492
13 0.179029
14 0.184264
15 0.201291
16 0.187507
17 0.236247
18 0.236077
19 0.276957
20 0.253279
21 0.212509
22 0.250029
23 0.30161
24 0.247315
25 0.251267
26 0.270659
27 0.256078
28 0.244489
29 0.237318
"[DEBUG]index 7 centroid... "
0 0.269935
1 0.252968
2 0.377935
3 0.354834
4 0.265516
5 0.259497
6 0.41662
7 0.278078
8 0.284458
9 0.262867
10 0.248646
11 0.190403
12 0.164328
13 0.258412
14 0.215351
15 0.291558
16 0.274818
17 0.187058
18 0.299331
19 0.370399
20 0.32961
21 0.280633
22 0.430101
23 0.455961
24 0.417864
25 0.427802
26 0.417295
27 0.293877
28 0.238169
29 0.343322
"[DEBUG]index 8 centroid... "
0 0.222753
1 0.21663
2 0.226172
3 0.234091
4 0.232271
5 0.201113
6 0.239168
7 0.223599
8 0.135878
9 0.219355
10 0.257432
11 0.243903
12 0.223602
13 0.205577
14 0.177802
15 0.147538
16 0.191169
17 0.180081
18 0.233597
19 0.241389
20 0.184606
21 0.237512
22 0.253097
23 0.198609
24 0.210333
25 0.215263
26 0.222549
27 0.227051
28 0.248129
29 0.250344
"[DEBUG]index 9 centroid... "
0 0.230462
1 0.232196
2 0.219086
3 0.250158
4 0.251398
5 0.215843
6 0.261531
7 0.228003
8 0.14929
9 0.223576
10 0.256683
11 0.214926
12 0.268472
13 0.288689
14 0.239769
15 0.194146
16 0.277166
17 0.281637
18 0.218109
19 0.191477
20 0.287371
21 0.278612
22 0.263956
23 0.269724
24 0.261991
25 0.244418
26 0.256965
27 0.249722
28 0.236173
29 0.23792
"[DEBUG]index 10 centroid... "
0 0.223149
1 0.235603
2 0.250686
3 0.234877
4 0.219508
5 0.194285
6 0.257729
7 0.241748
8 0.152175
9 0.219829
10 0.246203
11 0.28343
12 0.263711
13 0.183945
14 0.223272
15 0.22991
16 0.234509
17 0.233474
18 0.226386
19 0.266326
20 0.254109
21 0.243216
22 0.199898
23 0.286292
24 0.240016
25 0.231184
26 0.249525
27 0.193712
28 0.226588
29 0.228501
"[DEBUG]index 11 centroid... "
0 0.207228
1 0.187283
2 0.183119
3 0.189808
4 0.211014
5 0.201383
6 0.212715
7 0.183062
8 0.135095
9 0.152265
10 0.129504
11 0.234693
12 0.214121
13 0.168939
14 0.20104
15 0.191027
16 0.152403
17 0.201846
18 0.208817
19 0.147972
20 0.145
21 0.240545
22 0.19945
23 0.214075
24 0.212227
25 0.197918
26 0.191807
27 0.186836
28 0.199294
29 0.207148
"[DEBUG]index 12 centroid... "
0 0.219871
1 0.222898
2 0.22801
3 0.217525
4 0.21967
5 0.18133
6 0.238554
7 0.235888
8 0.135979
9 0.17581
10 0.236314
11 0.215022
12 0.209341
13 0.206929
14 0.219988
15 0.176409
16 0.135389
17 0.223869
18 0.243362
19 0.183135
20 0.230018
21 0.231842
22 0.18067
23 0.216501
24 0.234219
25 0.227966
26 0.2127
27 0.218506
28 0.237115
29 0.230875
"[DEBUG]index 13 centroid... "
0 0.217926
1 0.251275
2 0.213169
3 0.229659
4 0.246296
5 0.247976
6 0.265196
7 0.237633
8 0.186127
9 0.157689
10 0.135987
11 0.140392
12 0.152957
13 0.194225
14 0.208965
15 0.25061
16 0.218133
17 0.159561
18 0.159041
19 0.241604
20 0.254049
21 0.268315
22 0.278369
23 0.272493
24 0.327962
25 0.297663
26 0.280854
27 0.287779
28 0.352403
29 0.305497
"[DEBUG]index 14 centroid... "
0 0.157753
1 0.154923
2 0.191429
3 0.185484
4 0.155033
5 0.191844
6 0.195038
7 0.189257
8 0.121005
9 0.10509
10 0.226571
11 0.199095
12 0.173305
13 0.143063
14 0.248971
15 0.199325
16 0.125043
17 0.177994
18 0.270465
19 0.182387
20 0.26489
21 0.189732
22 0.159414
23 0.217122
24 0.246435
25 0.230707
26 0.266218
27 0.182936
28 0.183478
29 0.177735
"[DEBUG]index 15 centroid... "
0 0.261091
1 0.220824
2 0.190666
3 0.203207
4 0.205492
5 0.218285
6 0.214442
7 0.211846
8 0.161758
9 0.0997944
10 0.206143
11 0.193363
12 0.224454
13 0.168949
14 0.190881
15 0.229814
16 0.171839
17 0.191609
18 0.195106
19 0.225113
20 0.223686
21 0.211522
22 0.256574
23 0.280264
24 0.236237
25 0.241456
26 0.266355
27 0.215738
28 0.237725
29 0.239893
"[DEBUG]index 16 centroid... "
0 0.193062
1 0.200566
2 0.190923
3 0.218017
4 0.222093
5 0.189202
6 0.217453
7 0.199879
8 0.0992001
9 0.170044
10 0.219159
11 0.191637
12 0.219698
13 0.18441
14 0.219469
15 0.239739
16 0.249224
17 0.267536
18 0.24609
19 0.17583
20 0.22482
21 0.204883
22 0.23269
23 0.233784
24 0.23229
25 0.211069
26 0.198183
27 0.206243
28 0.206588
29 0.194099
"[DEBUG]index 17 centroid... "
0 0.194081
1 0.20197
2 0.208784
3 0.225769
4 0.232986
5 0.208046
6 0.269092
7 0.258898
8 0.147695
9 0.231222
10 0.265013
11 0.20278
12 0.245001
13 0.280938
14 0.241504
15 0.20039
16 0.263217
17 0.242344
18 0.172235
19 0.256649
20 0.29658
21 0.17414
22 0.182079
23 0.269586
24 0.232023
25 0.217488
26 0.210699
27 0.240765
28 0.210704
29 0.239597
"[DEBUG]index 18 centroid... "
0 0.245552
1 0.219353
2 0.212293
3 0.227606
4 0.210145
5 0.217688
6 0.260415
7 0.236991
8 0.148746
9 0.229814
10 0.235245
11 0.210477
12 0.265871
13 0.239802
14 0.204116
15 0.270207
16 0.258627
17 0.17318
18 0.234427
19 0.281941
20 0.215894
21 0.1793
22 0.250993
23 0.25239
24 0.231366
25 0.215061
26 0.220429
27 0.200565
28 0.229657
29 0.243769
"[DEBUG]index 19 centroid... "
0 0.295201
1 0.241814
2 0.203295
3 0.259652
4 0.239069
5 0.215973
6 0.220507
7 0.22589
8 0.144397
9 0.215541
10 0.234179
11 0.237752
12 0.284386
13 0.250528
14 0.185632
15 0.256246
16 0.218767
17 0.215692
18 0.200593
19 0.141624
20 0.240284
21 0.224318
22 0.174804
23 0.282439
24 0.230441
25 0.226498
26 0.203913
27 0.263838
28 0.264277
29 0.238626
"[DEBUG]index 20 centroid... "
0 0.151356
1 0.186354
2 0.171661
3 0.183099
4 0.210436
5 0.160714
6 0.178924
7 0.224952
8 0.130845
9 0.141388
10 0.240381
11 0.239809
12 0.280146
13 0.239388
14 0.294167
15 0.302374
16 0.21652
17 0.151529
18 0.254984
19 0.249741
20 0.234048
21 0.21982
22 0.267127
23 0.214885
24 0.232547
25 0.259123
26 0.258229
27 0.302424
28 0.280667
29 0.319363
"[DEBUG]index 21 centroid... "
0 0.219646
1 0.209064
2 0.223836
3 0.222439
4 0.219727
5 0.190289
6 0.219438
7 0.216384
8 0.127324
9 0.217915
10 0.247797
11 0.184166
12 0.226649
13 0.226245
14 0.211856
15 0.231646
16 0.214439
17 0.212254
18 0.258566
19 0.239279
20 0.22086
21 0.258822
22 0.258475
23 0.243559
24 0.24123
25 0.2286
26 0.228898
27 0.220564
28 0.229154
29 0.234613
"[DEBUG]index 22 centroid... "
0 0.236115
1 0.225892
2 0.235718
3 0.231794
4 0.211489
5 0.199331
6 0.262242
7 0.220398
8 0.122138
9 0.216036
10 0.255679
11 0.194979
12 0.20254
13 0.27121
14 0.213576
15 0.118926
16 0.210978
17 0.246489
18 0.217567
19 0.257535
20 0.208145
21 0.20281
22 0.252684
23 0.258198
24 0.265897
25 0.272918
26 0.264793
27 0.248081
28 0.260244
29 0.244811
"[DEBUG]index 23 centroid... "
0 0.219223
1 0.223992
2 0.219219
3 0.24325
4 0.216773
5 0.196175
6 0.238215
7 0.238121
8 0.173572
9 0.178735
10 0.243002
11 0.195281
12 0.20081
13 0.195486
14 0.109915
15 0.191832
16 0.213458
17 0.214796
18 0.192651
19 0.16736
20 0.215539
21 0.223322
22 0.263619
23 0.255831
24 0.247536
25 0.264085
26 0.256317
27 0.25915
28 0.255968
29 0.248888
"[DEBUG]index 24 centroid... "
0 0.21603
1 0.219432
2 0.217822
3 0.22301
4 0.236423
5 0.202973
6 0.241308
7 0.20902
8 0.132436
9 0.243567
10 0.244105
11 0.185228
12 0.197057
13 0.189618
14 0.188513
15 0.17281
16 0.248519
17 0.235386
18 0.155246
19 0.215382
20 0.24497
21 0.207075
22 0.221464
23 0.235438
24 0.241138
25 0.227332
26 0.244009
27 0.231876
28 0.241418
29 0.236148
"[DEBUG]index 25 centroid... "
0 0.214963
1 0.200135
2 0.21245
3 0.229598
4 0.23199
5 0.202247
6 0.236566
7 0.210425
8 0.109002
9 0.117646
10 0.172545
11 0.210292
12 0.238336
13 0.22078
14 0.202846
15 0.218564
16 0.260019
17 0.258097
18 0.270439
19 0.308688
20 0.269599
21 0.279074
22 0.288191
23 0.265749
24 0.249167
25 0.28283
26 0.266937
27 0.254716
28 0.266937
29 0.250464
"[DEBUG]index 26 centroid... "
0 0.130019
1 0.243421
2 0.19399
3 0.151084
4 0.151314
5 0.22465
6 0.21516
7 0.236378
8 0.120969
9 0.241418
10 0.263149
11 0.263592
12 0.214503
13 0.167649
14 0.220435
15 0.203644
16 0.197845
17 0.205741
18 0.226821
19 0.188276
20 0.0912999
21 0.195212
22 0.116461
23 0.164023
24 0.28535
25 0.178498
26 0.130921
27 0.112181
28 0.185535
29 0.200887
"[DEBUG]index 27 centroid... "
0 0.254597
1 0.260827
2 0.249594
3 0.213971
4 0.23538
5 0.202709
6 0.240821
7 0.214107
8 0.172849
9 0.192593
10 0.140866
11 0.12733
12 0.177521
13 0.173273
14 0.182586
15 0.153412
16 0.200026
17 0.176957
18 0.0964822
19 0.13898
20 0.192717
21 0.194966
22 0.185584
23 0.172662
24 0.210559
25 0.197451
26 0.174491
27 0.273444
28 0.233676
29 0.208653
"[DEBUG]index 28 centroid... "
0 0.243157
1 0.246588
2 0.218409
3 0.245429
4 0.204728
5 0.20961
6 0.201943
7 0.24776
8 0.140573
9 0.20874
10 0.20184
11 0.228105
12 0.22856
13 0.128602
14 0.233099
15 0.232539
16 0.197337
17 0.222199
18 0.203002
19 0.187113
20 0.176867
21 0.21506
22 0.209086
23 0.22123
24 0.254188
25 0.233154
26 0.219748
27 0.217775
28 0.25993
29 0.249085
"[DEBUG]index 29 centroid... "
0 0.229441
1 0.244687
2 0.21883
3 0.236739
4 0.252201
5 0.213453
6 0.236573
7 0.204133
8 0.139502
9 0.115769
10 0.138258
11 0.203223
12 0.241246
13 0.208427
14 0.233086
15 0.205956
16 0.150489
17 0.205889
18 0.264787
19 0.195726
20 0.195315
21 0.229678
22 0.25782
23 0.248898
24 0.23483
25 0.238273
26 0.256978
27 0.232451
28 0.264149
29 0.275692
"[DEBUG]index 30 centroid... "
0 0.223846
1 0.19339
2 0.236384
3 0.233984
4 0.230132
5 0.227189
6 0.268693
7 0.259439
8 0.156938
9 0.204569
10 0.263626
11 0.238986
12 0.196106
13 0.207034
14 0.192916
15 0.249013
16 0.183353
17 0.197874
18 0.25945
19 0.204645
20 0.199351
21 0.236676
22 0.185485
23 0.213044
24 0.20088
25 0.184126
26 0.213368
27 0.202821
28 0.220254
29 0.217986
"[DEBUG]index 31 centroid... "
0 0.206139
1 0.21077
2 0.207641
3 0.223834
4 0.22599
5 0.200481
6 0.2363
7 0.253058
8 0.157503
9 0.17993
10 0.227064
11 0.19815
12 0.183831
13 0.249625
14 0.25171
15 0.197525
16 0.212778
17 0.232723
18 0.225585
19 0.246002
20 0.256433
21 0.264686
22 0.287668
23 0.260511
24 0.247827
25 0.254421
26 0.257259
27 0.247545
28 0.249886
29 0.249971
"[DEBUG]index 32 centroid... "
0 0.246426
1 0.168228
2 0.201924
3 0.128595
4 0.190476
5 0.175545
6 0.198463
7 0.176346
8 0.117095
9 0.192504
10 0.206103
11 0.151585
12 0.205415
13 0.268763
14 0.275351
15 0.155035
16 0.139682
17 0.207077
18 0.250883
19 0.213608
20 0.231672
21 0.182437
22 0.233329
23 0.135043
24 0.169519
25 0.186316
26 0.169544
27 0.210661
28 0.223636
29 0.239483
"[DEBUG]index 33 centroid... "
0 0.231882
1 0.225398
2 0.215988
3 0.227824
4 0.238958
5 0.233267
6 0.263064
7 0.22166
8 0.115778
9 0.114114
10 0.129595
11 0.224481
12 0.246317
13 0.200919
14 0.230042
15 0.21817
16 0.230338
17 0.263234
18 0.238028
19 0.253343
20 0.273739
21 0.23336
22 0.280776
23 0.281283
24 0.247015
25 0.266905
26 0.264572
27 0.249419
28 0.226017
29 0.220966
"[DEBUG]index 34 centroid... "
0 0.220177
1 0.201022
2 0.183881
3 0.225791
4 0.210398
5 0.181851
6 0.228945
7 0.220338
8 0.13654
9 0.200338
10 0.226129
11 0.195662
12 0.204188
13 0.178136
14 0.136934
15 0.237545
16 0.23939
17 0.186305
18 0.233644
19 0.238513
20 0.214752
21 0.198511
22 0.185347
23 0.220853
24 0.226074
25 0.223012
26 0.22665
27 0.234482
28 0.222776
29 0.211814
"[DEBUG]index 35 centroid... "
0 0.226345
1 0.243109
2 0.219027
3 0.207335
4 0.201576
5 0.21187
6 0.261078
7 0.276502
8 0.163717
9 0.165437
10 0.201352
11 0.168699
12 0.169667
13 0.255625
14 0.232929
15 0.203343
16 0.227523
17 0.21556
18 0.19889
19 0.215343
20 0.177116
21 0.184932
22 0.249643
23 0.250559
24 0.205739
25 0.216091
26 0.228959
27 0.219495
28 0.245898
29 0.243449
"[DEBUG]index 36 centroid... "
0 0.211681
1 0.213951
2 0.200707
3 0.210589
4 0.21741
5 0.173257
6 0.199195
7 0.269692
8 0.140725
9 0.101275
10 0.245125
11 0.247699
12 0.153932
13 0.208843
14 0.248284
15 0.215401
16 0.195405
17 0.265691
18 0.278821
19 0.259456
20 0.321012
21 0.309873
22 0.251375
23 0.299795
24 0.28722
25 0.25829
26 0.255009
27 0.270244
28 0.247054
29 0.285557
"[DEBUG]index 37 centroid... "
0 0.216269
1 0.210833
2 0.213922
3 0.212685
4 0.222736
5 0.211191
6 0.226031
7 0.209271
8 0.121423
9 0.182933
10 0.21697
11 0.193382
12 0.228139
13 0.211004
14 0.182448
15 0.234648
16 0.188537
17 0.138199
18 0.201271
19 0.243261
20 0.21785
21 0.217625
22 0.218439
23 0.208755
24 0.203599
25 0.233544
26 0.245078
27 0.217841
28 0.238794
29 0.24162
"[DEBUG]index 38 centroid... "
0 0.211226
1 0.197842
2 0.1915
3 0.238859
4 0.243068
5 0.189052
6 0.233176
7 0.205011
8 0.115838
9 0.173701
10 0.248347
11 0.186908
12 0.200057
13 0.25607
14 0.236181
15 0.157949
16 0.253337
17 0.287918
18 0.183244
19 0.224996
20 0.254356
21 0.203223
22 0.173254
23 0.218724
24 0.220009
25 0.181554
26 0.209056
27 0.212587
28 0.200659
29 0.193438
"[DEBUG]index 39 centroid... "
0 0.215735
1 0.20124
2 0.206868
3 0.22525
4 0.219915
5 0.209513
6 0.240745
7 0.228002
8 0.130391
9 0.221219
10 0.253269
11 0.211582
12 0.209903
13 0.19211
14 0.214545
15 0.199186
16 0.181292
17 0.252098
18 0.181884
19 0.126972
20 0.217708
21 0.228139
22 0.198337
23 0.206585
24 0.212119
25 0.19602
26 0.194943
27 0.222622
28 0.258672
29 0.237672
"[DEBUG]index 40 centroid... "
0 0.29062
1 0.198519
2 0.244933
3 0.230289
4 0.215824
5 0.207276
6 0.219451
7 0.299781
8 0.15359
9 0.237909
10 0.264351
11 0.184798
12 0.252096
13 0.239993
14 0.208651
15 0.249318
16 0.23369
17 0.360753
18 0.282862
19 0.290679
20 0.354995
21 0.323377
22 0.343555
23 0.283842
24 0.291766
25 0.348194
26 0.290202
27 0.366397
28 0.342182
29 0.285106
"[DEBUG]index 41 centroid... "
0 0.22308
1 0.2049
2 0.213965
3 0.21081
4 0.187723
5 0.203897
6 0.209045
7 0.245008
8 0.165063
9 0.131554
10 0.177524
11 0.119939
12 0.177223
13 0.205446
14 0.157782
15 0.166282
16 0.193448
17 0.230293
18 0.262066
19 0.272414
20 0.257993
21 0.306908
22 0.343045
23 0.361551
24 0.340268
25 0.323277
26 0.327984
27 0.302511
28 0.297708
29 0.303263
"[DEBUG]index 42 centroid... "
0 0.231823
1 0.216391
2 0.193138
3 0.24013
4 0.200599
5 0.203336
6 0.208524
7 0.274091
8 0.151351
9 0.111651
10 0.24662
11 0.216783
12 0.193258
13 0.19217
14 0.228452
15 0.240159
16 0.258282
17 0.184901
18 0.258649
19 0.281281
20 0.210564
21 0.268007
22 0.268657
23 0.228734
24 0.256277
25 0.246854
26 0.262841
27 0.26559
28 0.276944
29 0.281063
"[DEBUG]index 43 centroid... "
0 0.182152
1 0.186814
2 0.185157
3 0.199981
4 0.218722
5 0.190049
6 0.231413
7 0.193146
8 0.0981523
9 0.191166
10 0.237473
11 0.197128
12 0.261059
13 0.213551
14 0.123596
15 0.204316
16 0.234358
17 0.225697
18 0.219393
19 0.197561
20 0.240751
21 0.214314
22 0.168527
23 0.225347
24 0.216108
25 0.209348
26 0.184418
27 0.203765
28 0.18084
29 0.196327
"[DEBUG]index 44 centroid... "
0 0.20726
1 0.205827
2 0.218333
3 0.211787
4 0.237022
5 0.216337
6 0.240291
7 0.211049
8 0.134388
9 0.144711
10 0.205871
11 0.239157
12 0.266959
13 0.23434
14 0.229332
15 0.232023
16 0.205183
17 0.185882
18 0.171948
19 0.149941
20 0.189296
21 0.195655
22 0.225338
23 0.214296
24 0.227891
25 0.211036
26 0.231616
27 0.211773
28 0.215984
29 0.223944
"[DEBUG]index 45 centroid... "
0 0.219914
1 0.216682
2 0.212619
3 0.221723
4 0.232406
5 0.207578
6 0.223775
7 0.190965
8 0.109637
9 0.139265
10 0.163042
11 0.244762
12 0.216435
13 0.200159
14 0.19838
15 0.175895
16 0.198702
17 0.22921
18 0.254664
19 0.201608
20 0.195749
21 0.221359
22 0.19275
23 0.198495
24 0.225901
25 0.217737
26 0.224716
27 0.198903
28 0.214304
29 0.222722
"[DEBUG]index 46 centroid... "
0 0.235091
1 0.214814
2 0.223621
3 0.220934
4 0.234419
5 0.215044
6 0.258782
7 0.239665
8 0.143468
9 0.195015
10 0.236261
11 0.178936
12 0.209211
13 0.243984
14 0.187497
15 0.206897
16 0.257734
17 0.22902
18 0.209168
19 0.268331
20 0.2458
21 0.18598
22 0.236696
23 0.238087
24 0.220799
25 0.236384
26 0.227075
27 0.229576
28 0.229708
29 0.232516
"[DEBUG]index 47 centroid... "
0 0.222622
1 0.209285
2 0.212754
3 0.227886
4 0.228034
5 0.197311
6 0.246777
7 0.218949
8 0.141377
9 0.228717
10 0.244843
11 0.20513
12 0.237804
13 0.244253
14 0.21229
15 0.194558
16 0.166516
17 0.15412
18 0.130931
19 0.175705
20 0.18478
21 0.211642
22 0.218003
23 0.214247
24 0.21708
25 0.211259
26 0.216151
27 0.213431
28 0.215938
29 0.224747
"[DEBUG]index 48 centroid... "
0 0.213486
1 0.210048
2 0.210659
3 0.219362
4 0.217889
5 0.177647
6 0.20355
7 0.18191
8 0.100886
9 0.174946
10 0.203403
11 0.200908
12 0.214866
13 0.184406
14 0.222176
15 0.221633
16 0.189679
17 0.227989
18 0.224487
19 0.225549
20 0.227409
21 0.206327
22 0.231253
23 0.235994
24 0.229812
25 0.230232
26 0.223858
27 0.216261
28 0.217439
29 0.218388
"[DEBUG]index 49 centroid... "
0 0.212086
1 0.232484
2 0.191886
3 0.22248
4 0.243205
5 0.184169
6 0.204575
7 0.180779
8 0.122384
9 0.216905
10 0.222871
11 0.214328
12 0.276205
13 0.173277
14 0.174897
15 0.260484
16 0.2658
17 0.245659
18 0.293024
19 0.281333
20 0.253482
21 0.259557
22 0.301901
23 0.259024
24 0.274139
25 0.252367
26 0.265023
27 0.246811
28 0.267224
29 0.261578
"[DEBUG]index 50 centroid... "
0 0.225625
1 0.202286
2 0.224361
3 0.221463
4 0.2256
5 0.218039
6 0.255115
7 0.239415
8 0.115441
9 0.204445
10 0.264414
11 0.177217
12 0.203133
13 0.241653
14 0.182338
15 0.211923
16 0.214577
17 0.164473
18 0.218793
19 0.215905
20 0.247765
21 0.208725
22 0.191131
23 0.237504
24 0.244013
25 0.236504
26 0.22688
27 0.230247
28 0.231944
29 0.232802
"[DEBUG]index 51 centroid... "
0 0.23231
1 0.212815
2 0.211419
3 0.230039
4 0.235755
5 0.211507
6 0.236541
7 0.211836
8 0.113681
9 0.174718
10 0.1887
11 0.216849
12 0.254084
13 0.221629
14 0.205842
15 0.227621
16 0.239194
17 0.212549
18 0.189455
19 0.185401
20 0.170677
21 0.191
22 0.183854
23 0.224197
24 0.233304
25 0.219646
26 0.223732
27 0.236729
28 0.228146
29 0.213312
"[DEBUG]index 52 centroid... "
0 0.229725
1 0.209999
2 0.217338
3 0.225251
4 0.234451
5 0.215267
6 0.233964
7 0.22046
8 0.13432
9 0.224548
10 0.266839
11 0.186672
12 0.227598
13 0.253576
14 0.208319
15 0.192894
16 0.163375
17 0.238155
18 0.256094
19 0.19088
20 0.227321
21 0.225494
22 0.233067
23 0.238015
24 0.235729
25 0.268526
26 0.247939
27 0.228987
28 0.253129
29 0.218768
"[DEBUG]index 53 centroid... "
0 0.301564
1 0.240932
2 0.212732
3 0.286667
4 0.223993
5 0.182285
6 0.278664
7 0.347844
8 0.146183
9 0.227136
10 0.353598
11 0.289338
12 0.283258
13 0.20956
14 0.192251
15 0.201922
16 0.277263
17 0.238961
18 0.332888
19 0.137384
20 0.181017
21 0.208662
22 0.236752
23 0.245097
24 0.204808
25 0.218985
26 0.291054
27 0.27509
28 0.166299
29 0.211136
"[DEBUG]index 54 centroid... "
0 0.356385
1 0.366778
2 0.381899
3 0.342377
4 0.249736
5 0.323109
6 0.350187
7 0.333879
8 0.275436
9 0.432949
10 0.433525
11 0.285716
12 0.276304
13 0.309116
14 0.293697
15 0.269953
16 0.321701
17 0.342607
18 0.2977
19 0.354117
20 0.397864
21 0.441483
22 0.287479
23 0.371191
24 0.271086
25 0.365961
26 0.408315
27 0.385066
28 0.365012
29 0.429019
"[DEBUG]index 55 centroid... "
0 0.25525
1 0.192317
2 0.200341
3 0.21127
4 0.267883
5 0.245495
6 0.230855
7 0.269455
8 0.154767
9 0.243308
10 0.263224
11 0.183119
12 0.221803
13 0.213037
14 0.312705
15 0.226425
16 0.180966
17 0.246164
18 0.265465
19 0.244778
20 0.22419
21 0.11324
22 0.226821
23 0.239007
24 0.205727
25 0.181976
26 0.202864
27 0.234963
28 0.17044
29 0.300012
"[DEBUG]index 56 centroid... "
0 0.237242
1 0.197253
2 0.224888
3 0.231652
4 0.215156
5 0.217205
6 0.254419
7 0.23495
8 0.149666
9 0.234095
10 0.224814
11 0.181656
12 0.226136
13 0.178449
14 0.229929
15 0.247185
16 0.169226
17 0.168556
18 0.281612
19 0.247084
20 0.218362
21 0.2402
22 0.220706
23 0.257228
24 0.2677
25 0.307479
26 0.263392
27 0.256337
28 0.245589
29 0.285542
"[DEBUG]index 57 centroid... "
0 0.201037
1 0.179736
2 0.161501
3 0.196736
4 0.203548
5 0.19075
6 0.249622
7 0.217509
8 0.178236
9 0.137656
10 0.181804
11 0.201034
12 0.187691
13 0.148269
14 0.186084
15 0.12483
16 0.11836
17 0.169005
18 0.195397
19 0.172953
20 0.189051
21 0.150573
22 0.152939
23 0.208398
24 0.174064
25 0.170817
26 0.185263
27 0.200649
28 0.165799
29 0.201999
"[DEBUG]index 58 centroid... "
0 0.212136
1 0.188712
2 0.212631
3 0.218415
4 0.219467
5 0.162236
6 0.229433
7 0.206757
8 0.133446
9 0.189279
10 0.232734
11 0.218654
12 0.209546
13 0.181446
14 0.257683
15 0.173867
16 0.175971
17 0.224194
18 0.142326
19 0.189244
20 0.213773
21 0.185081
22 0.219964
23 0.213848
24 0.216512
25 0.201541
26 0.231066
27 0.238157
28 0.205914
29 0.219163
"[DEBUG]index 59 centroid... "
0 0.230519
1 0.224149
2 0.235293
3 0.243027
4 0.229591
5 0.205718
6 0.251249
7 0.233793
8 0.164924
9 0.213527
10 0.245769
11 0.210835
12 0.21199
13 0.213188
14 0.201965
15 0.213073
16 0.193682
17 0.224081
18 0.250217
19 0.199766
20 0.159449
21 0.25223
22 0.238716
23 0.216808
24 0.221702
25 0.222438
26 0.232234
27 0.200584
28 0.237236
29 0.240756
"[DEBUG]index 60 centroid... "
0 0.2021
1 0.208247
2 0.192362
3 0.176214
4 0.213365
5 0.177551
6 0.160419
7 0.184117
8 0.096252
9 0.204704
10 0.1741
11 0.193498
12 0.211034
13 0.173163
14 0.158485
15 0.131406
16 0.148318
17 0.200702
18 0.166191
19 0.202738
20 0.203324
21 0.189378
22 0.236861
23 0.269809
24 0.313697
25 0.29167
26 0.247512
27 0.249724
28 0.287529
29 0.270836
"[DEBUG]index 61 centroid... "
0 0.192536
1 0.207202
2 0.21879
3 0.26565
4 0.234671
5 0.199064
6 0.262454
7 0.275999
8 0.14513
9 0.248755
10 0.248209
11 0.245036
12 0.234967
13 0.198878
14 0.205825
15 0.18053
16 0.205153
17 0.267731
18 0.198783
19 0.140896
20 0.164378
21 0.138791
22 0.241733
23 0.233493
24 0.227035
25 0.22224
26 0.19726
27 0.21837
28 0.22061
29 0.199394
"[DEBUG]index 62 centroid... "
0 0.217126
1 0.20179
2 0.238586
3 0.219046
4 0.259487
5 0.206297
6 0.244454
7 0.22429
8 0.156583
9 0.163741
10 0.219398
11 0.185878
12 0.221446
13 0.268884
14 0.22238
15 0.179676
16 0.15494
17 0.17047
18 0.180591
19 0.183813
20 0.226917
21 0.231078
22 0.237676
23 0.219454
24 0.223191
25 0.21598
26 0.215535
27 0.227018
28 0.217078
29 0.235997
"[DEBUG]index 63 centroid... "
0 0.340618
1 0.308596
2 0.269254
3 0.262404
4 0.246128
5 0.27718
6 0.272695
7 0.18034
8 0.216135
9 0.216227
10 0.246232
11 0.168199
12 0.161767
13 0.129978
14 0.179881
15 0.152244
16 0.16124
17 0.0962226
18 0.159353
19 0.154964
20 0.148708
21 0.193523
22 0.22331
23 0.160808
24 0.15463
25 0.169897
26 0.191241
27 0.186607
28 0.212203
29 0.208404
"[DEBUG]index 64 centroid... "
0 0.221344
1 0.203814
2 0.202207
3 0.217789
4 0.222373
5 0.216819
6 0.252464
7 0.225436
8 0.139394
9 0.128156
10 0.145134
11 0.185467
12 0.1876
13 0.254079
14 0.225164
15 0.196285
16 0.225927
17 0.167216
18 0.20013
19 0.21057
20 0.179916
21 0.198638
22 0.173932
23 0.198743
24 0.217278
25 0.21145
26 0.233478
27 0.232611
28 0.23287
29 0.227964
"[DEBUG]index 65 centroid... "
0 0.237342
1 0.208324
2 0.229236
3 0.239126
4 0.254139
5 0.233668
6 0.251859
7 0.201374
8 0.12873
9 0.139875
10 0.105713
11 0.233955
12 0.243017
13 0.240674
14 0.210238
15 0.196367
16 0.199563
17 0.247336
18 0.224494
19 0.245399
20 0.304882
21 0.245495
22 0.250764
23 0.264605
24 0.250627
25 0.258164
26 0.269819
27 0.237486
28 0.227631
29 0.205786
"[DEBUG]index 66 centroid... "
0 0.250639
1 0.223499
2 0.207532
3 0.22946
4 0.239904
5 0.219154
6 0.277112
7 0.238315
8 0.132013
9 0.12652
10 0.13982
11 0.166173
12 0.176306
13 0.184926
14 0.172644
15 0.172513
16 0.165329
17 0.244642
18 0.182801
19 0.211362
20 0.274791
21 0.201738
22 0.213685
23 0.257471
24 0.229647
25 0.228164
26 0.243624
27 0.24781
28 0.219808
29 0.233732
"[DEBUG]index 67 centroid... "
0 0.225578
1 0.223416
2 0.22114
3 0.197967
4 0.204169
5 0.196849
6 0.210876
7 0.293826
8 0.16529
9 0.254235
10 0.270778
11 0.1984
12 0.252559
13 0.231754
14 0.247473
15 0.234102
16 0.246947
17 0.315632
18 0.21424
19 0.165486
20 0.281874
21 0.230668
22 0.196888
23 0.215297
24 0.226243
25 0.204997
26 0.16638
27 0.239437
28 0.274084
29 0.28214
"[DEBUG]index 68 centroid... "
0 0.230104
1 0.219809
2 0.220367
3 0.23614
4 0.222003
5 0.199954
6 0.252338
7 0.261142
8 0.174844
9 0.205612
10 0.248671
11 0.203869
12 0.18208
13 0.253192
14 0.248759
15 0.215931
16 0.1927
17 0.212246
18 0.239974
19 0.203482
20 0.245992
21 0.242865
22 0.240144
23 0.249715
24 0.264311
25 0.279305
26 0.269558
27 0.271147
28 0.267536
29 0.26589
"[DEBUG]index 69 centroid... "
0 0.237835
1 0.250842
2 0.206395
3 0.178961
4 0.220194
5 0.236969
6 0.267479
7 0.174274
8 0.13702
9 0.199777
10 0.156517
11 0.245893
12 0.224531
13 0.220767
14 0.234765
15 0.166798
16 0.216452
17 0.20032
18 0.171479
19 0.279542
20 0.214326
21 0.12943
22 0.240971
23 0.218405
24 0.17287
25 0.179364
26 0.186116
27 0.216855
28 0.224148
29 0.188031
"[DEBUG]index 70 centroid... "
0 0.218861
1 0.208063
2 0.182718
3 0.194305
4 0.217873
5 0.180715
6 0.212042
7 0.257265
8 0.131957
9 0.1044
10 0.20308
11 0.202747
12 0.163061
13 0.178457
14 0.203918
15 0.21695
16 0.209815
17 0.233305
18 0.188014
19 0.234208
20 0.256159
21 0.279752
22 0.253823
23 0.214747
24 0.258573
25 0.233652
26 0.268602
27 0.240838
28 0.220429
29 0.235515
"[DEBUG]index 71 centroid... "
0 0.196334
1 0.195136
2 0.198659
3 0.202738
4 0.211896
5 0.192557
6 0.217029
7 0.210487
8 0.126849
9 0.172765
10 0.23926
11 0.204692
12 0.227574
13 0.225183
14 0.195235
15 0.186857
16 0.203381
17 0.218575
18 0.210642
19 0.215021
20 0.229226
21 0.205477
22 0.155132
23 0.203134
24 0.218958
25 0.19643
26 0.222386
27 0.200122
28 0.192034
29 0.199718
"[DEBUG]index 72 centroid... "
0 0.205171
1 0.200658
2 0.188906
3 0.221162
4 0.218737
5 0.190218
6 0.223156
7 0.212957
8 0.102869
9 0.0818294
10 0.123772
11 0.123447
12 0.157801
13 0.210585
14 0.181644
15 0.15601
16 0.226106
17 0.196206
18 0.162127
19 0.191524
20 0.22241
21 0.257295
22 0.236882
23 0.24423
24 0.298279
25 0.282689
26 0.245792
27 0.224723
28 0.255268
29 0.264497
"[DEBUG]index 73 centroid... "
0 0.203676
1 0.200648
2 0.239863
3 0.21498
4 0.199005
5 0.19126
6 0.224176
7 0.217153
8 0.117708
9 0.218444
10 0.16022
11 0.196276
12 0.249015
13 0.172428
14 0.179931
15 0.274724
16 0.272346
17 0.199598
18 0.251113
19 0.217196
20 0.176259
21 0.256947
22 0.233806
23 0.243374
24 0.234409
25 0.234665
26 0.226159
27 0.218799
28 0.248993
29 0.223734
"[DEBUG]index 74 centroid... "
0 0.19723
1 0.203381
2 0.1922
3 0.178269
4 0.182099
5 0.187537
6 0.214405
7 0.197382
8 0.141207
9 0.180599
10 0.160424
11 0.0866896
12 0.16403
13 0.177675
14 0.17344
15 0.163869
16 0.204107
17 0.235517
18 0.250793
19 0.295513
20 0.31324
21 0.290266
22 0.275654
23 0.307731
24 0.29913
25 0.280502
26 0.310347
27 0.293788
28 0.280731
29 0.256013
"[DEBUG]index 75 centroid... "
0 0.244237
1 0.204353
2 0.226721
3 0.23991
4 0.349239
5 0.219507
6 0.303679
7 0.333259
8 0.205988
9 0.184679
10 0.32389
11 0.304098
12 0.232005
13 0.278863
14 0.276011
15 0.304811
16 0.214994
17 0.226078
18 0.264769
19 0.338111
20 0.255338
21 0.250509
22 0.288755
23 0.236932
24 0.223605
25 0.29007
26 0.336994
27 0.248408
28 0.206344
29 0.232921
"[DEBUG]index 76 centroid... "
0 0.26202
1 0.235249
2 0.20062
3 0.212248
4 0.198207
5 0.17524
6 0.267963
7 0.227631
8 0.187397
9 0.185538
10 0.257507
11 0.159279
12 0.203555
13 0.254211
14 0.186716
15 0.0940654
16 0.175995
17 0.239359
18 0.215272
19 0.188316
20 0.225473
21 0.232196
22 0.247355
23 0.269685
24 0.30139
25 0.355664
26 0.296542
27 0.30872
28 0.349783
29 0.283605
"[DEBUG]index 77 centroid... "
0 0.274148
1 0.231867
2 0.251831
3 0.243072
4 0.275378
5 0.238741
6 0.274366
7 0.228678
8 0.134852
9 0.253474
10 0.286936
11 0.192951
12 0.270047
13 0.271444
14 0.152015
15 0.224388
16 0.228173
17 0.199619
18 0.241077
19 0.178214
20 0.220554
21 0.248589
22 0.180209
23 0.224946
24 0.21683
25 0.203396
26 0.2462
27 0.224936
28 0.226706
29 0.243806
"[DEBUG]index 78 centroid... "
0 0.204492
1 0.209482
2 0.20779
3 0.207902
4 0.205642
5 0.168872
6 0.199489
7 0.205846
8 0.150798
9 0.189078
10 0.20094
11 0.184885
12 0.151559
13 0.105665
14 0.162815
15 0.179143
16 0.165434
17 0.176475
18 0.193733
19 0.236265
20 0.244441
21 0.235703
22 0.257615
23 0.273847
24 0.265126
25 0.301154
26 0.29035
27 0.267413
28 0.297793
29 0.291301
"[DEBUG]index 79 centroid... "
0 0.240322
1 0.209447
2 0.228515
3 0.198476
4 0.232479
5 0.20463
6 0.245967
7 0.179696
8 0.0777037
9 0.20398
10 0.331853
11 0.268298
12 0.24964
13 0.179485
14 0.223153
15 0.252382
16 0.299701
17 0.192344
18 0.198719
19 0.239691
20 0.242192
21 0.232714
22 0.246142
23 0.217134
24 0.235061
25 0.234159
26 0.224307
27 0.212143
28 0.205115
29 0.243897
"[DEBUG]index 80 centroid... "
0 0.196387
1 0.192278
2 0.210121
3 0.218116
4 0.233006
5 0.185591
6 0.19868
7 0.225081
8 0.118275
9 0.183252
10 0.250231
11 0.222045
12 0.222104
13 0.174271
14 0.202259
15 0.213644
16 0.217093
17 0.201391
18 0.205872
19 0.254465
20 0.223833
21 0.232524
22 0.270544
23 0.249595
24 0.227828
25 0.2583
26 0.22217
27 0.247364
28 0.245426
29 0.236067
"[DEBUG]index 81 centroid... "
0 0.237623
1 0.225906
2 0.217004
3 0.208677
4 0.219396
5 0.191163
6 0.260584
7 0.229896
8 0.180479
9 0.241606
10 0.23637
11 0.234631
12 0.227167
13 0.143705
14 0.212655
15 0.227017
16 0.235972
17 0.165963
18 0.13677
19 0.247987
20 0.238419
21 0.229403
22 0.221245
23 0.217759
24 0.230498
25 0.251553
26 0.230676
27 0.256307
28 0.24656
29 0.225261
"[DEBUG]index 82 centroid... "
0 0.197313
1 0.217286
2 0.222899
3 0.237169
4 0.243004
5 0.179915
6 0.225798
7 0.191105
8 0.112848
9 0.159918
10 0.199401
11 0.209484
12 0.267396
13 0.221792
14 0.199703
15 0.193113
16 0.245843
17 0.275823
18 0.175667
19 0.206747
20 0.259484
21 0.212608
22 0.208204
23 0.212429
24 0.224802
25 0.230958
26 0.218615
27 0.277522
28 0.254984
29 0.275444
"[DEBUG]index 83 centroid... "
0 0.220932
1 0.215662
2 0.227316
3 0.243229
4 0.236708
5 0.190693
6 0.250415
7 0.228282
8 0.136155
9 0.191757
10 0.235845
11 0.234403
12 0.2028
13 0.218036
14 0.249718
15 0.251264
16 0.187228
17 0.262307
18 0.310995
19 0.246333
20 0.235707
21 0.281329
22 0.262026
23 0.231964
24 0.222153
25 0.252884
26 0.242501
27 0.242735
28 0.237863
29 0.228327
"[DEBUG]index 84 centroid... "
0 0.198523
1 0.182326
2 0.189354
3 0.238148
4 0.202041
5 0.172387
6 0.206194
7 0.197946
8 0.105712
9 0.12628
10 0.167134
11 0.226201
12 0.240793
13 0.183098
14 0.23489
15 0.240677
16 0.161545
17 0.252598
18 0.232066
19 0.261934
20 0.293863
21 0.271201
22 0.260299
23 0.249464
24 0.222794
25 0.27081
26 0.270663
27 0.228392
28 0.237252
29 0.204297
"[DEBUG]index 85 centroid... "
0 0.19294
1 0.189835
2 0.212199
3 0.209827
4 0.206016
5 0.180409
6 0.223018
7 0.218924
8 0.139973
9 0.113413
10 0.196553
11 0.197691
12 0.209095
13 0.196057
14 0.194043
15 0.228492
16 0.216908
17 0.182638
18 0.226715
19 0.244159
20 0.228684
21 0.220682
22 0.239365
23 0.237143
24 0.258791
25 0.234782
26 0.233581
27 0.192687
28 0.198015
29 0.200361
"[DEBUG]index 86 centroid... "
0 0.182432
1 0.191839
2 0.199746
3 0.206109
4 0.205201
5 0.164669
6 0.179664
7 0.176802
8 0.0891716
9 0.159936
10 0.206164
11 0.198365
12 0.195714
13 0.190342
14 0.221631
15 0.245435
16 0.268377
17 0.282423
18 0.277764
19 0.253172
20 0.275214
21 0.291023
22 0.256611
23 0.264029
24 0.261007
25 0.243117
26 0.221831
27 0.209188
28 0.212669
29 0.205517
"[DEBUG]index 87 centroid... "
0 0.219661
1 0.158569
2 0.184553
3 0.192031
4 0.186968
5 0.171426
6 0.211589
7 0.24707
8 0.131656
9 0.195744
10 0.275712
11 0.149891
12 0.181331
13 0.2014
14 0.207619
15 0.233676
16 0.205981
17 0.171399
18 0.204552
19 0.233174
20 0.236102
21 0.147186
22 0.183529
23 0.259265
24 0.213368
25 0.222513
26 0.253567
27 0.240873
28 0.197197
29 0.228812
"[DEBUG]index 88 centroid... "
0 0.234767
1 0.230467
2 0.226671
3 0.231609
4 0.235061
5 0.218322
6 0.247969
7 0.229565
8 0.143109
9 0.118125
10 0.125453
11 0.22722
12 0.248142
13 0.232435
14 0.235554
15 0.244933
16 0.20465
17 0.189644
18 0.236037
19 0.224039
20 0.23704
21 0.256107
22 0.242363
23 0.243455
24 0.245156
25 0.232452
26 0.229303
27 0.232123
28 0.228394
29 0.231918
"[DEBUG]index 89 centroid... "
0 0.165278
1 0.170647
2 0.152095
3 0.16793
4 0.194095
5 0.174306
6 0.189654
7 0.223998
8 0.101365
9 0.0956543
10 0.22141
11 0.171359
12 0.160152
13 0.143541
14 0.130708
15 0.226843
16 0.188443
17 0.216716
18 0.259633
19 0.193495
20 0.219725
21 0.276126
22 0.248572
23 0.258374
24 0.261122
25 0.260069
26 0.218063
27 0.211794
28 0.22897
29 0.241278
"[DEBUG]index 90 centroid... "
0 0.249233
1 0.247945
2 0.260083
3 0.235217
4 0.261645
5 0.215659
6 0.287383
7 0.2519
8 0.164052
9 0.156013
10 0.172843
11 0.172899
12 0.206036
13 0.200471
14 0.188092
15 0.251743
16 0.23747
17 0.207611
18 0.24021
19 0.271012
20 0.244656
21 0.216178
22 0.268099
23 0.257401
24 0.254008
25 0.263453
26 0.269895
27 0.259619
28 0.28381
29 0.283862
"[DEBUG]index 91 centroid... "
0 0.228071
1 0.190282
2 0.175639
3 0.234897
4 0.237741
5 0.208631
6 0.237438
7 0.218661
8 0.16308
9 0.222729
10 0.261614
11 0.247325
12 0.23863
13 0.213134
14 0.189074
15 0.133593
16 0.136447
17 0.147863
18 0.143538
19 0.165722
20 0.230647
21 0.194005
22 0.253251
23 0.270424
24 0.246446
25 0.208271
26 0.218875
27 0.200802
28 0.225713
29 0.222151
"[DEBUG]index 92 centroid... "
0 0.249951
1 0.227574
2 0.211563
3 0.219609
4 0.193268
5 0.184244
6 0.21871
7 0.222189
8 0.127129
9 0.207944
10 0.230036
11 0.183236
12 0.249488
13 0.178062
14 0.127545
15 0.113384
16 0.0888027
17 0.165862
18 0.19713
19 0.221036
20 0.225627
21 0.203762
22 0.189875
23 0.215106
24 0.229573
25 0.230813
26 0.237447
27 0.237559
28 0.249346
29 0.243755
"[DEBUG]index 93 centroid... "
0 0.258333
1 0.24349
2 0.213923
3 0.245269
4 0.22325
5 0.2201
6 0.272212
7 0.25828
8 0.185929
9 0.281687
10 0.291112
11 0.178788
12 0.225861
13 0.270111
14 0.181251
15 0.155948
16 0.26741
17 0.255326
18 0.211672
19 0.210506
20 0.210783
21 0.21985
22 0.225643
23 0.238542
24 0.258289
25 0.246869
26 0.264675
27 0.268958
28 0.266765
29 0.248565
"[DEBUG]index 94 centroid... "
0 0.234443
1 0.234723
2 0.228643
3 0.245077
4 0.242208
5 0.221216
6 0.256151
7 0.190254
8 0.0943099
9 0.208456
10 0.215625
11 0.210022
12 0.294517
13 0.193715
14 0.183957
15 0.252728
16 0.23793
17 0.180232
18 0.21802
19 0.269611
20 0.283507
21 0.303655
22 0.338481
23 0.343254
24 0.308156
25 0.309751
26 0.306621
27 0.284105
28 0.286938
29 0.306307
"[DEBUG]index 95 centroid... "
0 0.196953
1 0.174521
2 0.210666
3 0.220546
4 0.24662
5 0.217616
6 0.245209
7 0.195167
8 0.107659
9 0.112501
10 0.156661
11 0.242112
12 0.241957
13 0.223672
14 0.247518
15 0.18122
16 0.150245
17 0.226812
18 0.195615
19 0.175596
20 0.263608
21 0.226906
22 0.206932
23 0.208595
24 0.183838
25 0.225896
26 0.196712
27 0.200954
28 0.198758
29 0.232463
"[DEBUG]index 96 centroid... "
0 0.246054
1 0.227138
2 0.220922
3 0.243759
4 0.224497
5 0.201579
6 0.260477
7 0.264745
8 0.154378
9 0.193215
10 0.259714
11 0.266736
12 0.212099
13 0.257883
14 0.267735
15 0.198353
16 0.213946
17 0.263405
18 0.204434
19 0.191991
20 0.287326
21 0.268996
22 0.183631
23 0.250069
24 0.255633
25 0.239687
26 0.232088
27 0.233811
28 0.25861
29 0.242824
"[DEBUG]index 97 centroid... "
0 0.226883
1 0.202139
2 0.199731
3 0.212318
4 0.20266
5 0.201506
6 0.224492
7 0.210944
8 0.123604
9 0.229391
10 0.237895
11 0.180009
12 0.201632
13 0.159007
14 0.175933
15 0.204434
16 0.203437
17 0.222333
18 0.188409
19 0.181755
20 0.242504
21 0.189208
22 0.202096
23 0.251945
24 0.221576
25 0.21141
26 0.205327
27 0.20436
28 0.201562
29 0.199101
"[DEBUG]index 98 centroid... "
0 0.279768
1 0.239141
2 0.243256
3 0.277068
4 0.234494
5 0.233731
6 0.262578
7 0.260968
8 0.11286
9 0.232862
10 0.28015
11 0.199357
12 0.20675
13 0.276981
14 0.192659
15 0.169341
16 0.256771
17 0.159258
18 0.170682
19 0.279516
20 0.223195
21 0.250296
22 0.251655
23 0.213332
24 0.239161
25 0.25064
26 0.258511
27 0.314983
28 0.303535
29 0.290149
"[DEBUG]index 99 centroid... "
0 0.212352
1 0.20227
2 0.209122
3 0.222564
4 0.221452
5 0.207735
6 0.244137
7 0.240609
8 0.14595
9 0.192324
10 0.238761
11 0.220215
12 0.19273
13 0.236609
14 0.221912
15 0.183623
16 0.244494
17 0.192624
18 0.137065
19 0.238974
20 0.244214
21 0.202023
22 0.232643
23 0.244203
24 0.224345
25 0.216026
26 0.216535
27 0.215814
28 0.229983
29 0.233539
