correlation level (red against blue): 
-0.573318
0.064953
-0.332664
0.448017
-0.754408
-0.721751
-0.70464
-0.276112
-0.713959
-0.76463
-0.702289
-0.554304
-0.805592
-0.572885
-0.462161
-0.687335
-0.756426
-0.730559
-0.732542
-0.699326
-0.625235
-0.811611
-0.848436
-0.708357
-0.764149
-0.635122
-0.535019
-0.678046
-0.812167
-0.690316
-0.598767
-0.621776
-0.377765
-0.679563
-0.790643
-0.560173
-0.74455
-0.851042
-0.708205
-0.810629
-0.663875
-0.634993
-0.761883
-0.826742
-0.621234
-0.732531
-0.747617
-0.634501
-0.817947
-0.660462
-0.858158
-0.784551
-0.771244
-0.445006
-0.28626
-0.639233
-0.736135
-0.449905
-0.741673
-0.764338
-0.53216
-0.682356
-0.533398
-0.541947
-0.604409
-0.7031
-0.574038
-0.491676
-0.647022
-0.618048
-0.757086
-0.753085
-0.559631
-0.684046
-0.590416
-0.414366
-0.606041
-0.751998
-0.603428
-0.692787
-0.75755
-0.794942
-0.67425
-0.693994
-0.732405
-0.648313
-0.626687
-0.644415
-0.74048
-0.691679
-0.564401
-0.417341
-0.760878
-0.710802
-0.701697
-0.673471
-0.703403
-0.732783
-0.827556
-0.826225
