"[DEBUG]index 0 centroid... "
0 1.25773
1 1.06186
2 1.05155
3 1.45361
4 1.25773
5 1.28866
6 1.42268
7 1.56701
8 2.80412
9 3.14433
10 7.13402
11 6.15464
12 20.0309
13 13.5155
14 20.6186
15 23.0515
16 15.6907
17 16.299
18 9.82474
19 5.02062
20 3.8866
21 2.68041
22 2.64948
23 1.47423
24 1.70103
25 2.09278
26 1.82474
27 1.57732
28 1.61856
29 1.15464
"[DEBUG]index 1 centroid... "
0 6.1626
1 6.06504
2 7.57724
3 6.08943
4 5.27642
5 6.13008
6 5.10569
7 3.57724
8 9.47967
9 4.15447
10 2.98374
11 2.5122
12 1.45528
13 0.829268
14 0.390244
15 0.390244
16 0.666667
17 0.682927
18 0.796748
19 1.21138
20 2.23577
21 1.79675
22 3.13821
23 2.65854
24 4.34959
25 3.33333
26 3.96748
27 4.12195
28 5.57724
29 5.98374
"[DEBUG]index 2 centroid... "
0 2.7561
1 2.09146
2 2.41311
3 1.80183
4 2.11128
5 2.49085
6 2.2561
7 1.62348
8 9.31098
9 3.45884
10 1.87805
11 1.14177
12 0.579268
13 0.625
14 1.18445
15 2.1311
16 4.2622
17 6.6189
18 15.7637
19 6.3003
20 4.60061
21 1.99695
22 0.980183
23 2.79878
24 2.41463
25 2.66159
26 2.47104
27 2.92073
28 2.58689
29 3.16006
"[DEBUG]index 3 centroid... "
0 6.37736
1 4.28302
2 4.32075
3 4.11321
4 6.01887
5 4.64151
6 4.45283
7 3.79245
8 12.5094
9 3.0566
10 3.54717
11 1.49057
12 1.43396
13 4.30189
14 6
15 5.60377
16 7.58491
17 3.58491
18 1.32075
19 0.584906
20 0.490566
21 0.45283
22 1.22642
23 3.67925
24 2.86792
25 3.18868
26 3.69811
27 3.54717
28 4.13208
29 2.90566
"[DEBUG]index 4 centroid... "
0 3.04279
1 3.03482
2 3.03659
3 2.6769
4 3.03983
5 3.42579
6 3.16022
7 1.53261
8 21.3346
9 4.08793
10 3.11006
11 1.76276
12 3.72175
13 1.99793
14 6.94394
15 8.34051
16 2.37268
17 1.46887
18 3.92948
19 2.54028
20 4.1015
21 25.4957
22 5.68575
23 3.365
24 4.15196
25 3.90764
26 3.20803
27 3.15078
28 3.12364
29 3.07111
"[DEBUG]index 5 centroid... "
0 3.6633
1 3.76064
2 3.90248
3 3.54823
4 3.57961
5 3.51259
6 3.18191
7 1.89947
8 20.9358
9 5.9484
10 3.30869
11 5.70638
12 24.6926
13 3.54947
14 2.6305
15 2.20638
16 2.06897
17 2.79326
18 3.87429
19 23.9821
20 5.32801
21 2.9906
22 3.92996
23 3.76525
24 3.18901
25 3.08635
26 3.13599
27 3.62731
28 3.14574
29 3.05621
"[DEBUG]index 6 centroid... "
0 3.14924
1 3.19618
2 3.02363
3 2.90709
4 2.93072
5 3.50955
6 2.6753
7 2.47847
8 20.3839
9 2.9304
10 15.5675
11 18.1314
12 4.95986
13 3.01781
14 1.60732
15 2.54225
16 5.8404
17 5.56102
18 2.44545
19 1.23017
20 2.53124
21 5.85141
22 1.77339
23 2.29168
24 2.51894
25 2.69926
26 2.41534
27 2.86824
28 2.54289
29 2.2496
"[DEBUG]index 7 centroid... "
0 4.19156
1 4.10065
2 3.55195
3 4.82792
4 4.83766
5 3.76299
6 3.40909
7 2.16883
8 15.237
9 3.66558
10 7.81818
11 4.16558
12 14.3149
13 13.0974
14 4.81818
15 2.17532
16 1.23052
17 0.613636
18 0.675325
19 1.3539
20 1.09416
21 1.83442
22 6.5
23 2.57143
24 2.69156
25 2.83117
26 2.70779
27 2.75974
28 2.36688
29 2.57792
"[DEBUG]index 8 centroid... "
0 4.18211
1 4.32499
2 4.11828
3 3.80337
4 4.41126
5 5.09684
6 4.19135
7 2.48918
8 41.5254
9 5.26103
10 3.63673
11 4.37087
12 3.79137
13 11.4806
14 2.73237
15 13.2291
16 2.62382
17 15.5836
18 3.33303
19 2.84561
20 12.4203
21 3.37958
22 1.59702
23 4.79081
24 4.11236
25 3.62973
26 3.85765
27 3.81417
28 3.72661
29 3.81493
"[DEBUG]index 9 centroid... "
0 5.65222
1 5.29928
2 5.08182
3 4.59885
4 4.89592
5 5.45555
6 4.30739
7 3.06487
8 38.0593
9 5.24679
10 10.4059
11 13.9469
12 4.64367
13 1.7765
14 3.08934
15 15.5704
16 3.2381
17 1.73124
18 3.26773
19 15.1112
20 3.06649
21 1.7681
22 4.13637
23 5.25741
24 4.07696
25 4.36975
26 4.32699
27 4.37137
28 4.08182
29 4.27702
"[DEBUG]index 10 centroid... "
0 4.18732
1 4.19146
2 4.22536
3 3.98629
4 4.5229
5 4.7956
6 4.29392
7 2.35265
8 30.9576
9 6.25123
10 3.99586
11 1.94955
12 3.13454
13 14.1188
14 3.05071
15 1.63726
16 3.36067
17 11.8629
18 11.0955
19 3.4238
20 1.92393
21 2.89056
22 15.4078
23 3.15731
24 3.65149
25 4.66442
26 4.74618
27 4.31953
28 4.08486
29 3.97878
"[DEBUG]index 11 centroid... "
0 2.27357
1 2.41481
2 2.23003
3 1.90024
4 1.92424
5 2.60165
6 2.28934
7 1.86767
8 11.663
9 2.77511
10 12.2859
11 4.02091
12 2.15118
13 2.60507
14 1.15461
15 2.09359
16 5.55228
17 2.31094
18 4.77888
19 7.22557
20 24.1217
21 7.03428
22 5.11553
23 2.73329
24 2.91155
25 2.36716
26 2.44498
27 2.253
28 2.55742
29 2.38156
"[DEBUG]index 12 centroid... "
0 3.94964
1 3.89402
2 3.75478
3 3.66793
4 5.12616
5 4.29288
6 4.24626
7 2.67578
8 29.518
9 5.25102
10 3.26564
11 3.55856
12 11.4392
13 3.41115
14 3.344
15 5.22897
16 35.309
17 5.54588
18 3.14356
19 10.7479
20 4.15678
21 2.73684
22 9.14114
23 3.47322
24 3.79012
25 3.80958
26 3.84175
27 3.57214
28 3.37418
29 3.3472
"[DEBUG]index 13 centroid... "
0 3.64739
1 3.77659
2 4.3626
3 3.53248
4 3.80157
5 3.42684
6 4.05639
7 2.33262
8 20.4197
9 3.03926
10 20.5182
11 3.18772
12 23.0785
13 4.16274
14 8.5025
15 2.62099
16 2.72805
17 5.74447
18 5.92077
19 2.41685
20 1.36046
21 0.987152
22 1.34904
23 2.32049
24 2.17202
25 2.17844
26 2.37973
27 2.2955
28 2.38544
29 2.25125
"[DEBUG]index 14 centroid... "
0 3.56978
1 4.22791
2 3.30346
3 4.08579
4 4.08835
5 4.02177
6 4.3073
7 2.71447
8 19.2689
9 4.25992
10 3.10499
11 1.58387
12 0.790013
13 1.91933
14 1.51729
15 2.59155
16 12.4136
17 2.98592
18 1.44558
19 1.64789
20 3.31498
21 1.95519
22 10.8579
23 2.85275
24 4.09347
25 4.24584
26 4.14469
27 3.78233
28 3.77465
29 3.28169
"[DEBUG]index 15 centroid... "
0 2.31441
1 2.40961
2 2.72052
3 2.29432
4 2.13857
5 3.04192
6 3.06405
7 1.86579
8 9.49432
9 24.0131
10 7.54061
11 5.49258
12 2.66521
13 4.05997
14 13.9459
15 3.58544
16 1.6556
17 4.89287
18 2.19592
19 4.73217
20 1.90509
21 4.33508
22 4.05036
23 2.0198
24 2.18836
25 2.02183
26 2.20815
27 2.0524
28 2.02591
29 1.7313
"[DEBUG]index 16 centroid... "
0 4.14516
1 4.14695
2 3.83989
3 3.51982
4 4.29412
5 4.3934
6 3.77586
7 2.15989
8 33.987
9 4.93664
10 3.17104
11 1.85164
12 1.76798
13 3.02781
14 3.70239
15 1.21923
16 3.63732
17 1.42032
18 2.65992
19 13.9961
20 2.01547
21 2.74782
22 1.41638
23 4.14256
24 3.27211
25 3.16271
26 3.34208
27 3.36328
28 3.55009
29 3.49833
"[DEBUG]index 17 centroid... "
0 4.34922
1 4.47058
2 4.25935
3 3.98769
4 4.13399
5 4.93284
6 3.81452
7 2.62008
8 29.2347
9 6.41509
10 2.88887
11 15.2886
12 3.76559
13 1.51855
14 2.0929
15 4.80221
16 1.51327
17 3.01999
18 14.06
19 3.35273
20 2.80924
21 11.7683
22 11.2637
23 3.0235
24 4.50032
25 4.59578
26 4.26927
27 4.0582
28 4.07387
29 4.06524
"[DEBUG]index 18 centroid... "
0 3.58618
1 3.69263
2 3.63186
3 3.19311
4 3.49289
5 4.48615
6 4.02247
7 2.4778
8 23.3149
9 6.31475
10 2.97497
11 9.76056
12 3.46496
13 3.56639
14 9.02076
15 2.77362
16 4.69648
17 29.7362
18 6.90596
19 3.46935
20 6.8806
21 26.5724
22 5.43008
23 3.56992
24 4.58286
25 4.29443
26 4.17385
27 4.10313
28 4.03242
29 3.87654
"[DEBUG]index 19 centroid... "
0 3.12492
1 3.33477
2 2.70708
3 2.68615
4 3.00738
5 3.34708
6 3.05415
7 2.05969
8 17.7298
9 4.32862
10 3.15754
11 2.19754
12 2.78892
13 3.66954
14 21.7895
15 4.49662
16 3.20554
17 5.66954
18 17.0031
19 17.2258
20 4.60923
21 2.79323
22 9.19754
23 3.25046
24 3.18092
25 3.43385
26 3.58154
27 3.21723
28 3.37846
29 3.17846
"[DEBUG]index 20 centroid... "
0 5.48501
1 5.23633
2 5.20811
3 4.86596
4 4.55908
5 5.60141
6 3.83951
7 2.75485
8 19.5062
9 7.16755
10 2.27866
11 3.67372
12 5.19929
13 1.43034
14 0.728395
15 1.31393
16 2.59259
17 12.1817
18 1.99295
19 3.17284
20 1.36155
21 0.737213
22 1.2769
23 3.89771
24 3.09524
25 3.54674
26 3.97002
27 3.54497
28 3.46032
29 3.82011
"[DEBUG]index 21 centroid... "
0 4.45378
1 4.5005
2 4.39907
3 3.93168
4 4.51624
5 5.06194
6 3.86536
7 2.56381
8 47.7784
9 5.63231
10 3.09226
11 15.6908
12 3.88921
13 3.0532
14 4.07053
15 1.65415
16 3.21555
17 4.28303
18 1.49283
19 3.12586
20 11.2667
21 2.53822
22 3.12247
23 4.09968
24 3.70956
25 3.29644
26 3.53192
27 3.44635
28 3.494
29 3.52493
"[DEBUG]index 22 centroid... "
0 7.88174
1 5.9016
2 4.88174
3 5.71073
4 5.43459
5 5.41986
6 4.48059
7 3.23413
8 34.4846
9 5.65639
10 4.07135
11 9.53094
12 12.026
13 2.80388
14 6.40377
15 41.8056
16 4.91507
17 3.45114
18 3.66701
19 1.99212
20 2.81884
21 8.59292
22 2.30856
23 3.78493
24 3.81142
25 3.58082
26 3.35947
27 3.13687
28 3.23881
29 3.01553
"[DEBUG]index 23 centroid... "
0 3.57705
1 3.75024
2 3.66323
3 3.4738
4 3.83653
5 4.43528
6 3.50119
7 2.16169
8 25.8523
9 4.8753
10 3.1963
11 4.13656
12 8.20294
13 3.94915
14 30.0989
15 4.65327
16 3.26885
17 1.92259
18 2.6247
19 7.44915
20 2.31223
21 2.46764
22 1.49289
23 3.50415
24 3.10218
25 2.84388
26 2.82361
27 2.93077
28 2.7596
29 2.77217
"[DEBUG]index 24 centroid... "
0 4.67569
1 4.74495
2 4.74736
3 4.50724
4 4.80113
5 5.65485
6 4.63328
7 2.85732
8 43.2001
9 5.94116
10 3.36704
11 15.4276
12 3.57227
13 9.53839
14 3.0673
15 16.0324
16 2.95042
17 3.04342
18 12.5053
19 3.52853
20 1.67841
21 3.88441
22 3.43833
23 3.9385
24 3.81005
25 3.7038
26 3.72257
27 3.73135
28 3.77869
29 3.52507
"[DEBUG]index 25 centroid... "
0 4.79014
1 4.55495
2 4.37015
3 3.73486
4 4.43702
5 4.76169
6 3.93647
7 2.42885
8 40.9261
9 4.30338
10 16.3995
11 3.07903
12 1.80432
13 1.6136
14 3.55222
15 3.10181
16 1.2063
17 3.46968
18 3.56166
19 1.11648
20 3.01216
21 3.02797
22 1.10089
23 3.38455
24 3.12179
25 2.99118
26 3.08965
27 3.16367
28 3.03701
29 3.27809
"[DEBUG]index 26 centroid... "
0 4.72329
1 4.29215
2 4.36036
3 3.74646
4 4.59073
5 4.31145
6 3.79151
7 2.0399
8 20.9215
9 6.22008
10 3.08237
11 1.6242
12 3.77992
13 12.7555
14 2.49678
15 1.17375
16 1.07079
17 1.79151
18 3.53411
19 2.38481
20 13.2535
21 2.10682
22 12.0502
23 3.3964
24 3.92407
25 4.29472
26 3.89704
27 3.75676
28 4.22394
29 4.30759
"[DEBUG]index 27 centroid... "
0 2.60608
1 2.7365
2 2.99658
3 2.66578
4 2.48137
5 2.91445
6 2.62281
7 2.773
8 15.1502
9 3.33916
10 11.6129
11 12.3038
12 4.90722
13 2.41597
14 7.33954
15 2.71901
16 5.00038
17 6.45779
18 30.8141
19 8.13232
20 5.34183
21 2.53764
22 6.77719
23 2.38935
24 2.26084
25 2.46236
26 2.55475
27 2.5673
28 2.56388
29 2.39202
"[DEBUG]index 28 centroid... "
0 3.42156
1 3.89179
2 4.03556
3 3.46883
4 3.90894
5 4.05536
6 3.26593
7 2.41724
8 26.1933
9 5.22382
10 9.63046
11 8.60452
12 6.00837
13 32.3447
14 5.44778
15 2.35532
16 9.76433
17 2.70813
18 8.13736
19 2.85372
20 10.0905
21 2.32813
22 8.70506
23 3.19997
24 3.51067
25 3.38935
26 3.3761
27 3.24209
28 3.38349
29 2.89709
"[DEBUG]index 29 centroid... "
0 3.56536
1 3.68912
2 3.34256
3 3.12482
4 3.38775
5 3.81415
6 3.93559
7 2.77128
8 21.2731
9 2.70053
10 22.7263
11 5.13643
12 3.08068
13 4.07075
14 6.67413
15 3.27877
16 23.1096
17 5.0604
18 2.54171
19 6.53812
20 7.37571
21 2.17212
22 1.5339
23 3.16769
24 2.93347
25 2.60612
26 3.02978
27 2.70539
28 2.89694
29 2.81647
"[DEBUG]index 30 centroid... "
0 3.56207
1 3.48569
2 3.43827
3 3.30872
4 3.57849
5 3.97003
6 3.36833
7 1.97883
8 27.2307
9 5.70601
10 3.01558
11 1.78391
12 4.39255
13 1.54124
14 3.51312
15 1.1265
16 3.36122
17 12.3451
18 2.05402
19 10.7748
20 9.72108
21 1.94784
22 12.3041
23 3.42743
24 3.35563
25 4.08654
26 4.02845
27 4.12854
28 3.99018
29 3.88366
"[DEBUG]index 31 centroid... "
0 5.45688
1 5.12539
2 5.18888
3 4.63945
4 5.37786
5 5.39372
6 4.56851
7 2.40607
8 48.0829
9 6.46371
10 4.32996
11 3.89799
12 20.2906
13 2.48615
14 1.68499
15 4.28573
16 3.69525
17 1.72959
18 3.69135
19 1.78188
20 3.77375
21 3.2572
22 1.68317
23 3.99898
24 3.83679
25 3.41507
26 3.49725
27 3.66283
28 3.61426
29 3.57227
"[DEBUG]index 32 centroid... "
0 2.50074
1 2.49629
2 2.19362
3 2.17433
4 2.14169
5 2.68917
6 2.50964
7 1.67878
8 14.9377
9 2.96142
10 1.97033
11 1.19733
12 1.36573
13 1.93101
14 3.20846
15 15.9073
16 12.27
17 3.50297
18 6.7819
19 1.70475
20 5.96365
21 5.45994
22 1.73739
23 2.477
24 2.81899
25 2.5089
26 2.56157
27 2.46365
28 2.27448
29 2.1773
"[DEBUG]index 33 centroid... "
0 3.53402
1 3.48408
2 3.54092
3 3.1877
4 3.27411
5 3.58668
6 3.38572
7 2.07855
8 25.5406
9 3.02828
10 28.1184
11 4.76735
12 2.7554
13 3.59665
14 3.10007
15 1.45567
16 1.60246
17 1.28306
18 3.05184
19 6.9334
20 1.86455
21 7.12309
22 2.46598
23 2.86332
24 2.81318
25 2.64795
26 2.60273
27 2.73183
28 2.75348
29 2.67746
"[DEBUG]index 34 centroid... "
0 3.60843
1 3.51603
2 3.62714
3 3.50255
4 3.99372
5 4.5193
6 3.86271
7 2.27248
8 26.3549
9 4.30938
10 3.48933
11 2.45308
12 3.25533
13 5.07656
14 31.0768
15 4.60921
16 2.65528
17 10.1402
18 3.28556
19 1.58435
20 3.50988
21 2.66418
22 8.17602
23 3.33713
24 3.45505
25 3.72582
26 3.58055
27 3.41709
28 3.33189
29 3.07002
"[DEBUG]index 35 centroid... "
0 3.34747
1 3.56706
2 3.25705
3 2.97438
4 3.27836
5 3.53477
6 3.05791
7 1.89473
8 22.9955
9 5.28224
10 7.35587
11 5.00883
12 25.8971
13 4.4902
14 2.34446
15 7.47621
16 2.63488
17 8.27277
18 2.45318
19 8.39053
20 4.71819
21 23.0349
22 5.48073
23 3.21335
24 3.80022
25 3.44779
26 2.91582
27 3.10226
28 3.19634
29 2.93757
"[DEBUG]index 36 centroid... "
0 4.38476
1 3.8001
2 4.2997
3 3.58847
4 3.39078
5 4.33724
6 4.12086
7 2.23919
8 18.958
9 22.7073
10 5.56914
11 2.69016
12 11.1451
13 2.44258
14 1.37827
15 1.43244
16 2.75939
17 2.68272
18 1.25487
19 3.34009
20 1.33328
21 2.27134
22 6.99652
23 2.19626
24 2.69048
25 2.80928
26 2.89609
27 2.52875
28 2.56265
29 2.91731
"[DEBUG]index 37 centroid... "
0 3.87368
1 3.90956
2 3.72414
3 3.27754
4 3.77925
5 4.27379
6 3.89745
7 2.37623
8 28.4321
9 5.34135
10 3.03908
11 3.77056
12 3.37342
13 3.28113
14 9.79692
15 2.82977
16 5.19703
17 30.9176
18 5.05904
19 3.03723
20 2.0942
21 3.44334
22 1.47183
23 3.33143
24 3.20364
25 3.24329
26 3.25439
27 3.20039
28 3.1224
29 2.87278
"[DEBUG]index 38 centroid... "
0 4.30106
1 4.35627
2 3.85639
3 3.89434
4 4.48787
5 4.78908
6 4.46169
7 2.65558
8 34.1721
9 5.28594
10 3.14878
11 2.17273
12 4.74875
13 1.47522
14 3.01536
15 16.3678
16 2.92553
17 2.71294
18 13.4101
19 3.87764
20 1.49749
21 3.27106
22 12.7449
23 3.15331
24 4.07463
25 4.63068
26 4.43766
27 4.06317
28 4.12435
29 3.90119
"[DEBUG]index 39 centroid... "
0 3.93091
1 4.13953
2 3.70518
3 3.51159
4 4.02339
5 4.45572
6 3.82172
7 2.34302
8 29.9455
9 5.69601
10 3.39916
11 10.0056
12 3.26328
13 8.78849
14 2.61998
15 9.6096
16 10.2602
17 3.33082
18 5.64997
19 34.8469
20 5.29509
21 3.38332
22 4.23119
23 4.41635
24 3.53835
25 3.58237
26 3.57084
27 3.70592
28 3.57671
29 3.39121
"[DEBUG]index 40 centroid... "
0 7.59315
1 7.20557
2 7.4768
3 7.02213
4 7.13919
5 7.15989
6 6.23555
7 3.57602
8 23.843
9 8.34832
10 2.98644
11 15.439
12 4.04069
13 3.76445
14 4.91149
15 1.92291
16 0.882941
17 1.6424
18 1.50178
19 3.87081
20 1.22555
21 0.885796
22 1.50393
23 4.3833
24 3.54818
25 3.80443
26 3.95432
27 3.96859
28 3.89507
29 4.10064
"[DEBUG]index 41 centroid... "
0 3.04074
1 3.66667
2 3.46216
3 3.16498
4 2.89168
5 3.59719
6 3.63793
7 2.33779
8 10.3661
9 24.1875
10 4.49764
11 25.2799
12 9.30312
13 4.1519
14 5.14191
15 4.70241
16 2.24902
17 1.5779
18 2.03723
19 1.97855
20 3.42142
21 1.89019
22 1.08795
23 2.07446
24 1.95724
25 1.76878
26 1.83327
27 1.89788
28 1.75556
29 1.85107
"[DEBUG]index 42 centroid... "
0 3.94127
1 4.22627
2 3.42795
3 3.34692
4 3.36012
5 3.84612
6 4.0494
7 2.05281
8 18.9629
9 22.6356
10 4.59822
11 2.82631
12 10.0193
13 2.30708
14 2.95129
15 1.60232
16 2.63738
17 9.17232
18 8.03005
19 1.93171
20 9.08696
21 3.03096
22 1.2356
23 3.24107
24 3.29593
25 2.46756
26 2.88004
27 2.99522
28 2.79718
29 2.86092
"[DEBUG]index 43 centroid... "
0 4.7549
1 4.78148
2 4.59426
3 4.24589
4 5.1284
5 5.35929
6 4.7082
7 2.74727
8 33.7344
9 4.85265
10 3.34338
11 5.00237
12 1.64242
13 3.27075
14 15.9822
15 2.83621
16 1.67438
17 2.03223
18 1.95119
19 4.76345
20 1.40047
21 2.83029
22 12.5585
23 3.54374
24 4.32719
25 4.76556
26 4.29891
27 3.96987
28 3.92146
29 4.02013
"[DEBUG]index 44 centroid... "
0 3.32422
1 3.4697
2 3.28112
3 2.81951
4 3.26528
5 3.45419
6 3.07261
7 1.88654
8 30.2818
9 3.8902
10 10.8945
11 2.94748
12 1.51346
13 3.6857
14 1.43043
15 2.89687
16 2.13047
17 12.9575
18 2.08612
19 10.4613
20 2.02093
21 10.5682
22 2.21851
23 3.25961
24 3.15682
25 3.32514
26 3.01784
27 3.24585
28 3.20142
29 3.08562
"[DEBUG]index 45 centroid... "
0 3.60228
1 3.7571
2 3.66726
3 3.10793
4 3.75376
5 3.84262
6 3.22432
7 2.02585
8 33.1213
9 3.94741
10 12.7945
11 3.0635
12 3.16937
13 11.0479
14 1.93031
15 9.3988
16 3.03116
17 3.41925
18 1.52993
19 3.06773
20 10.9778
21 1.83034
22 10.8436
23 3.51715
24 3.69331
25 3.74698
26 3.41512
27 3.30129
28 3.25351
29 3.17399
"[DEBUG]index 46 centroid... "
0 4.56341
1 4.4343
2 4.41684
3 4.10689
4 4.76294
5 4.98958
6 4.1698
7 2.07208
8 44.1393
9 6.27599
10 4.02469
11 4.55415
12 14.7037
13 2.03052
14 14.3512
15 3.82423
16 1.79509
17 4.16548
18 13.1693
19 2.89362
20 3.21208
21 12.4188
22 3.13815
23 4.21956
24 4.69302
25 4.25321
26 4.01678
27 4.24588
28 3.98282
29 3.93634
"[DEBUG]index 47 centroid... "
0 4.08295
1 4.24233
2 3.92397
3 3.49625
4 4.06438
5 4.60962
6 3.90865
7 2.44882
8 36.4485
9 5.22343
10 2.88656
11 12.1427
12 3.81078
13 1.66704
14 4.00521
15 3.09197
16 12.8505
17 2.57652
18 14.2721
19 2.35219
20 12.7221
21 2.87157
22 3.37887
23 3.93269
24 3.98758
25 3.45422
26 3.79228
27 3.73743
28 3.79597
29 3.48546
"[DEBUG]index 48 centroid... "
0 3.67363
1 3.75864
2 3.60388
3 3.26807
4 4.39475
5 4.40356
6 3.7407
7 2.26749
8 59.0561
9 4.33834
10 3.62484
11 3.75235
12 3.60505
13 8.97342
14 2.88263
15 2.58765
16 9.87414
17 3.14709
18 3.29467
19 3.43602
20 2.66268
21 8.13704
22 2.67129
23 3.35263
24 3.4745
25 3.33007
26 3.18509
27 3.16626
28 3.1081
29 3.03803
"[DEBUG]index 49 centroid... "
0 5.44914
1 5.11633
2 5.518
3 4.67293
4 5.60094
5 5.28847
6 4.9228
7 2.53834
8 28.3542
9 5.13719
10 2.91914
11 1.90037
12 3.95044
13 2.08451
14 15.2499
15 2.0386
16 3.81847
17 1.72509
18 0.798122
19 1.21283
20 3.6265
21 2.68597
22 0.882107
23 4.55138
24 3.76161
25 3.34168
26 3.70475
27 3.68962
28 3.4867
29 3.5013
"[DEBUG]index 50 centroid... "
0 4.58355
1 4.72426
2 4.74594
3 4.27676
4 4.73716
5 5.42817
6 4.56599
7 2.44616
8 42.0224
9 6.74942
10 2.86845
11 13.7918
12 14.5175
13 2.30342
14 13.2679
15 3.72694
16 2.96493
17 13.0907
18 3.28672
19 4.11303
20 2.09691
21 3.51175
22 11.8959
23 3.58344
24 3.85024
25 4.41597
26 4.30562
27 3.98292
28 3.79145
29 3.81924
"[DEBUG]index 51 centroid... "
0 3.75798
1 3.6719
2 3.79188
3 3.26501
4 3.89722
5 4.08343
6 3.67197
7 2.18621
8 34.8273
9 3.62187
10 13.0357
11 3.43537
12 1.78724
13 3.15102
14 12.2985
15 2.33024
16 3.45429
17 2.87253
18 13.7499
19 2.31011
20 10.9711
21 2.19356
22 12.0021
23 3.17179
24 3.80444
25 3.70209
26 3.80087
27 3.38406
28 3.50924
29 3.24916
"[DEBUG]index 52 centroid... "
0 5.86355
1 5.90609
2 5.40068
3 4.87891
4 5.81652
5 6.20545
6 5.42753
7 3.39854
8 36.9864
9 6.72929
10 3.02044
11 17.3786
12 4.53179
13 1.70251
14 5.10994
15 3.60246
16 13.8263
17 3.57053
18 1.69637
19 5.17666
20 1.57614
21 3.95118
22 1.6792
23 4.62657
24 4.27545
25 4.14046
26 4.2128
27 4.1418
28 4.00621
29 4.07875
"[DEBUG]index 53 centroid... "
0 3.6326
1 3.21168
2 3.18248
3 3.13139
4 2.79805
5 3.04866
6 3.22141
7 1.51338
8 13.7616
9 4.31387
10 2.45985
11 1.33333
12 0.545012
13 0.63017
14 0.727494
15 3.26277
16 1.10462
17 1.41363
18 2.83455
19 4.37226
20 14.073
21 4.42579
22 2.21898
23 3.59611
24 3.75182
25 3.01217
26 2.97567
27 3.29197
28 3.52798
29 3.19221
"[DEBUG]index 54 centroid... "
0 7.14786
1 7.58755
2 8.03113
3 7.82101
4 7.82879
5 8.0428
6 5.95331
7 4.20233
8 19.5331
9 7.6537
10 2.68872
11 14.8988
12 5.39689
13 2.03502
14 2.50973
15 6.17121
16 1.35019
17 2.43969
18 1.49805
19 0.922179
20 1.31518
21 2.01556
22 5.35798
23 4.6537
24 5.03891
25 4.36965
26 4.93385
27 4.79767
28 5.13619
29 6.09339
"[DEBUG]index 55 centroid... "
0 3.96
1 3.70222
2 3.60741
3 3.20296
4 3.41778
5 3.90519
6 3.05778
7 1.33926
8 16.9911
9 5.60593
10 1.60593
11 8.72296
12 8.75259
13 1.93037
14 1.23556
15 3.40741
16 1.22222
17 0.798519
18 1.46815
19 2.71259
20 5.48593
21 18.6326
22 5.6
23 3.39407
24 4.14518
25 4.13037
26 3.27556
27 3.62963
28 3.37481
29 3.99704
"[DEBUG]index 56 centroid... "
0 5.19241
1 5.2868
2 4.93844
3 4.59446
4 4.82295
5 5.79049
6 4.62205
7 3.15433
8 33.3045
9 6.79261
10 3.7333
11 14.8821
12 2.89187
13 14.3703
14 4.05057
15 2.8458
16 11.3798
17 14.6742
18 2.63491
19 1.93333
20 4.49682
21 1.46323
22 3.65426
23 3.96804
24 3.47134
25 3.74978
26 3.79123
27 3.76664
28 3.50843
29 3.50606
"[DEBUG]index 57 centroid... "
0 2.37475
1 2.43928
2 2.17275
3 2.27014
4 1.97395
5 2.38798
6 2.80361
7 1.87896
8 7.88016
9 21.6305
10 6.18156
11 4.01884
12 2.58557
13 1.33547
14 1.69579
15 3.23126
16 12.9856
17 2.54228
18 4.63808
19 2.19519
20 1.07415
21 1.76673
22 4.101
23 1.4493
24 2.03086
25 2.17996
26 1.97114
27 1.85371
28 1.80521
29 1.68056
"[DEBUG]index 58 centroid... "
0 4.41062
1 4.19277
2 3.75448
3 3.79599
4 4.31895
5 4.78053
6 4.31521
7 2.48665
8 29.66
9 5.26441
10 3.55226
11 1.57571
12 3.96304
13 10.3865
14 2.14604
15 11.6796
16 12.9865
17 2.17161
18 14.8276
19 2.73038
20 3.41045
21 1.43373
22 3.51091
23 3.86828
24 3.81032
25 3.82986
26 3.74878
27 3.55177
28 3.86714
29 3.43992
"[DEBUG]index 59 centroid... "
0 3.63919
1 3.4662
2 3.49988
3 3.14193
4 3.52298
5 3.95393
6 3.51939
7 1.66527
8 28.1733
9 5.30167
10 3.49234
11 3.5854
12 11.9094
13 2.52918
14 8.15506
15 2.53063
16 10.5937
17 3.72089
18 3.34902
19 4.85199
20 31.3722
21 5.42743
22 3.29425
23 4.35339
24 4.30404
25 3.31552
26 3.56267
27 3.4546
28 3.71548
29 3.05167
"[DEBUG]index 60 centroid... "
0 3.4588
1 3.59649
2 3.61404
3 3.4067
4 3.72196
5 4.10739
6 3.91069
7 2.8134
8 16.6943
9 3.62041
10 18.3413
11 5.07815
12 5.51143
13 17.7379
14 3.79692
15 17.5407
16 4.13184
17 6.73737
18 3.02073
19 1.76449
20 1.46411
21 2.70813
22 5.1563
23 2.35194
24 2.65976
25 2.84529
26 2.58161
27 2.48166
28 2.60181
29 2.2387
"[DEBUG]index 61 centroid... "
0 2.99244
1 3.15175
2 2.95589
3 2.76557
4 3.0484
5 3.48929
6 3.29821
7 1.84674
8 18.6065
9 5.60449
10 3.15982
11 2.04008
12 3.32972
13 7.9758
14 2.83363
15 1.63499
16 4.01512
17 2.82228
18 5.48122
19 23.8485
20 3.1999
21 22.1147
22 5.99345
23 3.24956
24 3.99824
25 3.70053
26 3.4482
27 3.7701
28 3.69524
29 3.58256
"[DEBUG]index 62 centroid... "
0 4.4739
1 4.00134
2 4.22086
3 3.86804
4 4.56721
5 4.59949
6 4.3814
7 2.53628
8 31.2851
9 5.24604
10 2.94913
11 1.98736
12 4.9445
13 1.28541
14 2.79949
15 15.501
16 2.53094
17 11.7653
18 2.22364
19 13.8494
20 2.87914
21 1.75118
22 1.62744
23 4.35468
24 3.44491
25 4.1443
26 3.8073
27 4.49753
28 4.0742
29 3.77513
"[DEBUG]index 63 centroid... "
0 1.86926
1 2.08009
2 1.77385
3 1.62898
4 1.81508
5 2.84217
6 2.46408
7 1.84217
8 9.14252
9 4.26855
10 2.1331
11 2.5583
12 5.01649
13 4.68787
14 2.09187
15 3.85748
16 7.81743
17 19.3251
18 12.3298
19 12.874
20 17.8351
21 7.60071
22 4.15783
23 2.52532
24 2.77503
25 2.53004
26 2.76207
27 3.08245
28 2.79152
29 2.42756
"[DEBUG]index 64 centroid... "
0 3.88093
1 3.81105
2 3.83699
3 3.39217
4 3.90789
5 4.01723
6 3.43056
7 2.25562
8 40.761
9 4.5536
10 11.6432
11 3.05758
12 15.8587
13 2.76667
14 3.00284
15 11.2251
16 2.56275
17 10.1574
18 10.8239
19 2.68687
20 12.3619
21 2.73523
22 10.8134
23 3.64842
24 4.06143
25 4.11269
26 4.01755
27 3.68756
28 3.65732
29 3.41824
"[DEBUG]index 65 centroid... "
0 3.41342
1 3.12057
2 3.16578
3 2.94297
4 2.99409
5 3.28753
6 3.20479
7 2.20124
8 19.2955
9 2.55526
10 21.4341
11 4.23375
12 2.98907
13 1.64953
14 2.11022
15 8.54285
16 2.24852
17 1.21217
18 1.63771
19 1.3945
20 1.9867
21 5.7302
22 6.27423
23 2.18262
24 2.87382
25 3.08392
26 2.60491
27 2.41637
28 2.52807
29 2.58363
"[DEBUG]index 66 centroid... "
0 3.72462
1 3.84948
2 3.85718
3 3.47037
4 4.35675
5 4.10886
6 3.74527
7 2.23812
8 41.791
9 4.5934
10 14.7699
11 3.03164
12 15.7906
13 2.88198
14 11.4398
15 2.65706
16 12.956
17 2.37862
18 11.8491
19 12.3018
20 2.68247
21 9.04692
22 12.8817
23 3.1361
24 4.06048
25 4.09994
26 3.91936
27 3.89566
28 4.18937
29 3.45803
"[DEBUG]index 67 centroid... "
0 4.01732
1 3.98615
2 3.77056
3 3.21299
4 3.55325
5 3.93074
6 3.37143
7 2.15844
8 17.2926
9 5.54199
10 2.22511
11 10.5091
12 2.65195
13 1.04502
14 0.727273
15 1.27792
16 2.74459
17 2.82684
18 5.02944
19 18.5706
20 5.11775
21 2.90043
22 1.36883
23 4.14632
24 3.11948
25 2.90649
26 3.1619
27 3.57489
28 3.66147
29 2.91775
"[DEBUG]index 68 centroid... "
0 4.20642
1 4.23984
2 3.98871
3 3.82716
4 4.14549
5 4.13668
6 3.58493
7 2.0289
8 31.262
9 6.38677
10 3.70883
11 6.1719
12 36.5309
13 4.14394
14 3.21109
15 3.49998
16 8.52534
17 7.34981
18 2.36558
19 8.11171
20 3.18234
21 3.30913
22 1.8293
23 3.68784
24 3.17314
25 2.98314
26 3.23099
27 3.28003
28 3.14399
29 3.00955
"[DEBUG]index 69 centroid... "
0 3.28495
1 3.61868
2 3.14337
3 3.06901
4 3.23319
5 3.71862
6 3.99346
7 2.9881
8 18.5134
9 3.63117
10 18.3641
11 6.00416
12 3.66746
13 6.80071
14 4.75431
15 20.3926
16 4.96193
17 5.40571
18 22.7436
19 5.77275
20 4.52945
21 21.9173
22 5.44259
23 3.12314
24 4.05057
25 4.11124
26 3.50446
27 3.5003
28 3.58834
29 3.12255
"[DEBUG]index 70 centroid... "
0 3.20883
1 3.08593
2 3.07006
3 3.02826
4 2.62144
5 3.47455
6 3.2636
7 1.96071
8 16.7374
9 20.8754
10 5.48132
11 2.65783
12 2.49371
13 8.01181
14 1.75982
15 2.55003
16 1.21482
17 2.18347
18 6.45113
19 6.18812
20 1.95994
21 1.07316
22 2.33656
23 2.30772
24 2.09909
25 2.14322
26 2.11806
27 2.21173
28 2.20728
29 2.3683
"[DEBUG]index 71 centroid... "
0 3.96313
1 4.07123
2 3.88628
3 3.5977
4 4.36877
5 4.44286
6 3.96576
7 2.18114
8 39.4654
9 4.73616
10 2.88864
11 3.67376
12 4.47063
13 1.3154
14 3.59629
15 1.2777
16 3.43639
17 1.36237
18 3.78163
19 1.54583
20 3.08894
21 2.06617
22 13.8885
23 2.56145
24 3.68652
25 3.63033
26 3.97448
27 3.36378
28 3.5525
29 3.3699
"[DEBUG]index 72 centroid... "
0 5.10047
1 4.48994
2 4.93907
3 4.1076
4 5.0569
5 4.784
6 4.45706
7 2.69399
8 34.4822
9 4.63352
10 14.9179
11 2.76675
12 16.0737
13 2.37464
14 11.336
15 9.94229
16 3.21439
17 1.49891
18 3.50052
19 1.43557
20 3.1268
21 1.19703
22 3.10415
23 3.16657
24 3.18703
25 2.97908
26 3.3828
27 2.86067
28 3.10852
29 2.84849
"[DEBUG]index 73 centroid... "
0 3.03322
1 2.87278
2 3.31219
3 3.06078
4 2.98981
5 3.31786
6 3.08154
7 2.26878
8 16.6463
9 2.4413
10 18.4545
11 5.96451
12 2.7735
13 4.82484
14 19.447
15 3.47188
16 2.51265
17 2.13779
18 2.75462
19 4.15553
20 15.7961
21 4.41374
22 2.4647
23 3.42733
24 3.00981
25 2.67837
26 2.79955
27 2.85391
28 2.71725
29 2.64704
"[DEBUG]index 74 centroid... "
0 3.19067
1 3.29428
2 3.41214
3 3.10315
4 3.18553
5 3.36464
6 2.69603
7 2.82322
8 17.0702
9 4.48133
10 8.03302
11 31.8209
12 8.1091
13 4.37118
14 3.12672
15 1.60327
16 1.55088
17 2.35659
18 5.9028
19 2.15986
20 1.54434
21 2.16873
22 6.10373
23 1.85146
24 2.01132
25 2.34096
26 2.65589
27 2.08926
28 2.26523
29 2.16243
"[DEBUG]index 75 centroid... "
0 4.93017
1 4.94862
2 4.09223
3 4.4664
4 4.84783
5 5.18116
6 4.27602
7 2.21476
8 25.3215
9 7.10606
10 2.40843
11 1.77734
12 5.27536
13 1.61001
14 1.03887
15 1.58037
16 2.18906
17 13.4723
18 2.97101
19 1.41238
20 3.39526
21 13.6963
22 2.75165
23 4.30369
24 4.4473
25 4.61989
26 4.59552
27 4.42161
28 5
29 5.24704
"[DEBUG]index 76 centroid... "
0 3.79967
1 3.47661
2 3.50028
3 3.31425
4 3.95377
5 4.11833
6 3.96203
7 2.47331
8 13.5718
9 5.40616
10 2.35278
11 5.51513
12 16.6203
13 4.08365
14 9.42268
15 26.6637
16 8.25867
17 5.39791
18 3.08255
19 2.94882
20 1.63731
21 0.934507
22 1.48211
23 2.76335
24 2.54595
25 2.44249
26 2.96478
27 2.75674
28 2.56742
29 2.64667
"[DEBUG]index 77 centroid... "
0 4.17757
1 4.23945
2 4.20124
3 3.94911
4 4.45957
5 5.25417
6 4.20789
7 2.84388
8 40.7144
9 5.92926
10 3.07128
11 15.7014
12 4.16941
13 2.81711
14 12.4402
15 12.0121
16 2.86197
17 14.0081
18 2.97278
19 13.6483
20 10.9996
21 2.65239
22 12.7194
23 4.3977
24 4.16206
25 4.41383
26 4.38121
27 4.19681
28 4.13679
29 3.78812
"[DEBUG]index 78 centroid... "
0 2.56707
1 2.78638
2 2.81479
3 2.8324
4 2.98478
5 3.20949
6 2.69075
7 1.91609
8 14.0831
9 4.89652
10 2.76799
11 5.71875
12 8.16655
13 33.5202
14 6.97987
15 4.45819
16 2.44745
17 5.99144
18 1.93784
19 2.19805
20 2.09948
21 4.63835
22 2.05879
23 2.33927
24 2.41181
25 2.33934
26 2.01894
27 2.17251
28 2.20471
29 2.05009
"[DEBUG]index 79 centroid... "
0 4.99928
1 4.50287
2 4.17217
3 4.32855
4 4.70086
5 3.90459
6 4.32209
7 2.44978
8 25.5086
9 5.81205
10 2.71664
11 3.83716
12 1.03515
13 3.44835
14 1.33286
15 0.685796
16 1.15782
17 2.51363
18 13.4505
19 2.03228
20 3.21879
21 3.11334
22 2.92611
23 3.74749
24 4.05308
25 3.63486
26 3.37877
27 4.50143
28 3.78121
29 3.77331
"[DEBUG]index 80 centroid... "
0 5.97813
1 5.71234
2 5.40619
3 5.08165
4 6.06936
5 6.02609
6 5.10333
7 2.87912
8 33.911
9 6.68287
10 4.65284
11 1.99118
12 3.87367
13 15.8986
14 3.2474
15 3.44439
16 1.32276
17 4.52126
18 3.70981
19 1.40394
20 1.46269
21 3.37879
22 1.35946
23 4.38752
24 3.73787
25 3.68803
26 3.75016
27 3.96537
28 3.74115
29 3.92323
"[DEBUG]index 81 centroid... "
0 3.85045
1 3.98359
2 3.77614
3 3.89498
4 3.99531
5 4.1512
6 3.91397
7 2.42639
8 20.7879
9 6.29723
10 3.80849
11 3.51219
12 4.97586
13 24.0764
14 5.66784
15 3.19878
16 3.72668
17 5.93085
18 25.2147
19 5.34716
20 2.99508
21 4.09845
22 1.81247
23 3.74238
24 3.55087
25 3.16854
26 3.15588
27 3.41585
28 3.18894
29 3.15799
"[DEBUG]index 82 centroid... "
0 4.34148
1 3.72259
2 3.89601
3 3.25954
4 3.96544
5 4.43772
6 3.75358
7 2.42014
8 32.2655
9 4.02652
10 13.2476
11 3.15644
12 1.76907
13 2.74434
14 11.6678
15 10.1445
16 2.70977
17 2.95381
18 11.8117
19 10.6657
20 1.94487
21 3.42759
22 1.24315
23 4.1761
24 3.486
25 3.21871
26 3.29887
27 3.45232
28 3.35787
29 3.11949
"[DEBUG]index 83 centroid... "
0 5.24598
1 5.08873
2 4.48162
3 4.31244
4 5.41005
5 5.47785
6 4.99099
7 2.73941
8 31.149
9 5.79796
10 3.83788
11 1.82254
12 5.22481
13 2.01022
14 1.54783
15 3.10991
16 16.6335
17 3.963
18 1.8649
19 3.68987
20 14.8647
21 2.63632
22 1.59372
23 5.40105
24 5.12098
25 4.09457
26 4.45521
27 4.83776
28 4.75463
29 4.64484
"[DEBUG]index 84 centroid... "
0 6.84474
1 6.34454
2 5.9867
3 5.5483
4 6.09894
5 6.44271
6 5.54126
7 3.87055
8 24.2433
9 4.74384
10 14.3688
11 3.48729
12 1.7454
13 5.39773
14 1.54478
15 1.37153
16 4.65937
17 1.06766
18 3.57919
19 1.56785
20 0.810325
21 1.51271
22 1.50763
23 3.50841
24 3.06414
25 3.2018
26 3.1314
27 3.43215
28 3.38717
29 3.29057
"[DEBUG]index 85 centroid... "
0 2.09699
1 2.02683
2 1.97284
3 1.90074
4 1.55706
5 2.37569
6 2.29809
7 1.59392
8 7.84772
9 18.3783
10 5.73036
11 4.22341
12 1.98933
13 0.942451
14 1.90495
15 0.794051
16 1.29066
17 4.484
18 1.87747
19 1.7032
20 3.1956
21 9.9431
22 2.86615
23 1.8141
24 2.12189
25 2.04494
26 1.93598
27 1.91691
28 1.80763
29 1.83156
"[DEBUG]index 86 centroid... "
0 5.44654
1 5.15507
2 4.79267
3 4.51224
4 5.71137
5 5.4883
6 4.84219
7 2.72515
8 45.1425
9 5.7889
10 2.92298
11 1.84924
12 1.55975
13 2.86367
14 1.17501
15 3.27871
16 1.10158
17 3.56389
18 1.11246
19 3.19796
20 2.63086
21 0.954956
22 2.89394
23 3.25378
24 2.91532
25 3.26979
26 3.35724
27 3.58427
28 3.48567
29 3.74547
"[DEBUG]index 87 centroid... "
0 3.76313
1 3.39442
2 3.44114
3 3.61029
4 3.32706
5 3.96052
6 3.10431
7 1.59652
8 25.0315
9 5.19015
10 2.3151
11 10.5552
12 10.5563
13 9.00906
14 2.40311
15 1.06302
16 2.77689
17 3.08439
18 2.88808
19 1.19486
20 2.50815
21 9.65158
22 9.15103
23 2.65194
24 3.58276
25 3.61391
26 3.20717
27 2.96052
28 2.99203
29 3.1188
"[DEBUG]index 88 centroid... "
0 4.33757
1 4.19844
2 3.9247
3 3.3781
4 3.63606
5 4.10305
6 4.62672
7 2.51892
8 27.8896
9 3.66769
10 30.5577
11 4.62803
12 2.92996
13 2.14936
14 4.0466
15 1.54265
16 3.26431
17 9.91294
18 2.28849
19 7.42273
20 3.15703
21 1.37825
22 3.35685
23 3.08158
24 2.789
25 2.96772
26 3.10167
27 3.0195
28 3.11299
29 2.92594
"[DEBUG]index 89 centroid... "
0 3.55449
1 3.37396
2 3.21884
3 3.10098
4 3.09471
5 4.47824
6 3.92862
7 2.34976
8 18.4455
9 21.898
10 4.30501
11 2.84558
12 1.58095
13 2.61351
14 7.42932
15 1.49704
16 7.44272
17 2.42914
18 1.11769
19 2.58983
20 2.38266
21 0.823816
22 2.00209
23 2.24373
24 2.21849
25 2.26062
26 2.30136
27 2.25696
28 2.32347
29 2.23329
"[DEBUG]index 90 centroid... "
0 4.35546
1 4.16179
2 4.13315
3 3.59118
4 4.29559
5 4.30964
6 3.90603
7 2.22999
8 35.422
9 3.83665
10 14.0829
11 2.52154
12 14.9319
13 2.64037
14 12.3018
15 2.18613
16 9.43629
17 11.0229
18 2.88715
19 1.68749
20 3.33672
21 10.351
22 2.39893
23 3.66615
24 4.13745
25 4.05193
26 3.52909
27 3.5792
28 3.4972
29 3.50879
"[DEBUG]index 91 centroid... "
0 3.61276
1 3.65923
2 3.26674
3 3.24282
4 3.66014
5 4.14465
6 3.64487
7 2.08815
8 28.9663
9 4.87221
10 3.27517
11 1.7615
12 3.35125
13 11.1428
14 2.16788
15 12.2661
16 2.17608
17 14.3364
18 2.27654
19 12.6811
20 2.06743
21 9.77699
22 9.68041
23 3.12574
24 3.85513
25 4.17267
26 3.62232
27 3.86697
28 3.68975
29 3.35604
"[DEBUG]index 92 centroid... "
0 3.54745
1 3.75717
2 3.61206
3 3.37658
4 3.82578
5 4.45017
6 3.94979
7 2.79721
8 23.0841
9 4.78487
10 3.25225
11 8.80835
12 3.37106
13 5.68748
14 27.3491
15 3.29423
16 26.4074
17 5.29856
18 8.06839
19 3.89687
20 3.32616
21 2.96288
22 6.34423
23 2.90715
24 3.55622
25 3.29953
26 3.35754
27 3.18039
28 3.0988
29 2.93875
"[DEBUG]index 93 centroid... "
0 3.70323
1 3.95462
2 3.93304
3 3.69321
4 3.74917
5 4.50167
6 3.75172
7 2.84149
8 23.4325
9 5.34116
10 4.41368
11 27.7994
12 8.08365
13 2.82069
14 6.43137
15 26.6326
16 4.3604
17 2.96263
18 8.81246
19 2.93938
20 8.09132
21 2.77664
22 8.37486
23 3.54316
24 3.62625
25 3.70467
26 3.66485
27 3.36674
28 3.2485
29 3.23771
"[DEBUG]index 94 centroid... "
0 4.88267
1 4.94129
2 4.97275
3 4.66641
4 4.9933
5 5.47739
6 4.0716
7 2.91705
8 37.981
9 4.84941
10 13.2657
11 13.9858
12 2.67947
13 11.0499
14 14.2819
15 2.44241
16 1.64836
17 3.95548
18 3.27549
19 1.41267
20 2.93562
21 2.98926
22 2.55054
23 3.17337
24 3.16469
25 2.97542
26 3.0159
27 2.90227
28 2.86952
29 2.88026
"[DEBUG]index 95 centroid... "
0 4.42541
1 4.02862
2 3.75074
3 3.50979
4 3.92061
5 3.87168
6 3.84398
7 2.49206
8 29.9243
9 4.04745
10 14.1307
11 2.86706
12 1.82312
13 3.90897
14 1.5
15 2.98486
16 13.9559
17 2.06259
18 10.5615
19 10.3634
20 2.80151
21 1.51182
22 3.87463
23 3.98744
24 3.25757
25 3.5397
26 3.70827
27 3.56665
28 3.66544
29 3.50332
"[DEBUG]index 96 centroid... "
0 4.71047
1 4.53388
2 4.46087
3 4.09185
4 4.71969
5 5.0782
6 3.91689
7 2.29144
8 41.4791
9 5.99877
10 4.04026
11 4.00935
12 15.7086
13 8.43562
14 2.30699
15 14.0212
16 4.05807
17 1.76199
18 3.76602
19 15.0308
20 2.82982
21 3.06537
22 13.7057
23 4.36049
24 4.11634
25 4.63576
26 4.36186
27 4.28782
28 4.15449
29 3.89458
"[DEBUG]index 97 centroid... "
0 3.78563
1 3.93027
2 4.15559
3 3.55503
4 4.35094
5 4.47311
6 3.44526
7 2.46715
8 35.2045
9 5.87226
10 3.18959
11 15.449
12 2.77199
13 11.2506
14 3.17941
15 3.1942
16 1.81896
17 4.10133
18 2.92989
19 14.7728
20 2.30158
21 10.0766
22 12.2594
23 3.34672
24 3.89839
25 4.3375
26 3.65943
27 3.58653
28 3.75797
29 3.44314
"[DEBUG]index 98 centroid... "
0 4.00537
1 4.19857
2 3.69803
3 4.04723
4 3.72522
5 4.89553
6 3.7288
7 2.97245
8 21.5911
9 6.0093
10 2.73238
11 8.96637
12 9.01216
13 2.08873
14 7.01002
15 26.3792
16 3.57066
17 20.5889
18 19.3767
19 4.63148
20 7.85438
21 3.92809
22 1.85045
23 4.2483
24 3.64436
25 3.44866
26 3.91055
27 3.61467
28 3.439
29 3.10411
"[DEBUG]index 99 centroid... "
0 3.62557
1 3.86564
2 3.44393
3 3.36609
4 3.45786
5 3.67336
6 3.46396
7 2.01203
8 26.5035
9 6.07784
10 3.36637
11 3.25713
12 10.0965
13 2.81679
14 1.58579
15 4.22591
16 3.44113
17 5.25266
18 30.9097
19 5.11489
20 2.87543
21 9.92983
22 3.14303
23 3.21752
24 3.48741
25 3.61875
26 3.40588
27 3.58523
28 3.44874
29 3.40504
