"[DEBUG]index 0 centroid... "
0 0.27797
1 0.0904851
2 0.273158
3 0.186832
4 0.0985644
5 0.107683
6 0.138723
7 0.0662178
8 0.00531682
9 0.235743
10 0.217475
11 0.169733
12 0.175525
13 0.192119
14 -0.0842772
15 0.0471584
16 0.133317
17 0.112792
18 0.183604
19 0.136802
20 0.194277
21 0.167495
22 0.0315049
23 -0.0301584
24 0.121436
25 0.0174258
26 0.25299
27 0.164109
28 0.163208
29 0.235921
"[DEBUG]index 1 centroid... "
0 0.144262
1 0.266738
2 0.156822
3 0.246935
4 0.261598
5 0.042243
6 0.250009
7 0.180336
8 0.217663
9 0.133523
10 0.28857
11 0.237635
12 0.368505
13 0.229065
14 0.298093
15 0.421131
16 0.369252
17 0.410299
18 0.410047
19 0.420093
20 0.265692
21 0.382449
22 0.261112
23 0.269467
24 0.268374
25 0.121103
26 0.167037
27 0.273477
28 0.308336
29 0.276813
"[DEBUG]index 2 centroid... "
0 0.214859
1 0.189485
2 0.211023
3 0.195751
4 0.265357
5 0.201033
6 0.236294
7 0.214043
8 0.186856
9 0.225535
10 0.261114
11 0.234796
12 0.238757
13 0.229364
14 0.261475
15 0.284841
16 0.194675
17 0.174938
18 0.24157
19 0.213446
20 0.220119
21 0.265358
22 0.20174
23 0.199081
24 0.181085
25 0.218912
26 0.1534
27 0.144116
28 0.234132
29 0.211329
"[DEBUG]index 3 centroid... "
0 0.379561
1 0.136544
2 0.072421
3 0.114491
4 0.311053
5 0.110526
6 0.460509
7 0.0442456
8 0.108105
9 0.074193
10 0.00721054
11 0.175386
12 0.19307
13 0.256088
14 0.186123
15 0.158719
16 0.139632
17 0.114912
18 0.370772
19 0.244754
20 0.0702105
21 0.18993
22 0.276421
23 0.198018
24 0.400421
25 0.389474
26 0.342877
27 0.267281
28 0.183211
29 0.155684
"[DEBUG]index 4 centroid... "
0 0.204688
1 0.189648
2 0.179804
3 0.225457
4 0.178233
5 0.175325
6 0.208401
7 0.196356
8 0.130305
9 0.142102
10 0.203732
11 0.143654
12 0.211398
13 0.214906
14 0.152796
15 0.146301
16 0.214443
17 0.205307
18 0.200219
19 0.24158
20 0.182075
21 0.0678031
22 0.200503
23 0.180994
24 0.164054
25 0.185689
26 0.162999
27 0.168287
28 0.18396
29 0.189358
"[DEBUG]index 5 centroid... "
0 0.19378
1 0.243869
2 0.188285
3 0.208906
4 0.240035
5 0.191919
6 0.241417
7 0.250067
8 0.1618
9 0.157518
10 0.224942
11 0.180772
12 0.176267
13 0.245083
14 0.240032
15 0.200813
16 0.20452
17 0.226004
18 0.186221
19 0.108981
20 0.200805
21 0.203126
22 0.197915
23 0.196782
24 0.215605
25 0.192228
26 0.177111
27 0.198338
28 0.237705
29 0.228953
"[DEBUG]index 6 centroid... "
0 0.203078
1 0.209432
2 0.1642
3 0.177477
4 0.148066
5 0.183464
6 0.237249
7 0.175404
8 0.116296
9 0.179148
10 0.0928807
11 0.105967
12 0.200284
13 0.184198
14 0.190942
15 0.184086
16 0.162641
17 0.198774
18 0.211264
19 0.271462
20 0.244619
21 0.18664
22 0.254529
23 0.236331
24 0.246801
25 0.253134
26 0.255296
27 0.24001
28 0.224612
29 0.243805
"[DEBUG]index 7 centroid... "
0 0.259088
1 0.250643
2 0.161653
3 0.159024
4 0.247553
5 0.17745
6 0.128619
7 0.303897
8 0.243387
9 0.155598
10 0.200864
11 0.206891
12 0.240021
13 0.1529
14 0.230027
15 0.246677
16 0.206979
17 0.215492
18 0.229976
19 0.20278
20 0.275967
21 0.165009
22 0.251103
23 0.314287
24 0.417139
25 0.345577
26 0.365879
27 0.297254
28 0.154583
29 0.235683
"[DEBUG]index 8 centroid... "
0 0.191207
1 0.205266
2 0.208476
3 0.216352
4 0.22925
5 0.189737
6 0.215058
7 0.200967
8 0.124042
9 0.182693
10 0.221501
11 0.220599
12 0.214726
13 0.182921
14 0.157596
15 0.132378
16 0.160591
17 0.161671
18 0.221342
19 0.22876
20 0.183376
21 0.215347
22 0.22643
23 0.186457
24 0.194635
25 0.205522
26 0.218239
27 0.200164
28 0.229231
29 0.224836
"[DEBUG]index 9 centroid... "
0 0.203202
1 0.207264
2 0.193778
3 0.221107
4 0.237138
5 0.221734
6 0.253361
7 0.20472
8 0.113893
9 0.192766
10 0.241697
11 0.208964
12 0.257137
13 0.27281
14 0.2155
15 0.202562
16 0.244619
17 0.265976
18 0.222159
19 0.198558
20 0.26819
21 0.270138
22 0.256947
23 0.253889
24 0.251373
25 0.230346
26 0.235334
27 0.235003
28 0.24907
29 0.233254
"[DEBUG]index 10 centroid... "
0 0.228399
1 0.229827
2 0.199484
3 0.213939
4 0.237388
5 0.199638
6 0.226533
7 0.215216
8 0.147395
9 0.186816
10 0.221122
11 0.262797
12 0.254683
13 0.175011
14 0.225211
15 0.218403
16 0.242611
17 0.207121
18 0.20684
19 0.250541
20 0.211214
21 0.21474
22 0.166967
23 0.220585
24 0.227529
25 0.204765
26 0.199168
27 0.256834
28 0.225859
29 0.211359
"[DEBUG]index 11 centroid... "
0 0.238072
1 0.216472
2 0.227252
3 0.225882
4 0.234391
5 0.243449
6 0.256733
7 0.214127
8 0.149438
9 0.19588
10 0.154836
11 0.258244
12 0.217067
13 0.225811
14 0.224251
15 0.183498
16 0.206207
17 0.204659
18 0.225807
19 0.150084
20 0.124612
21 0.233666
22 0.235747
23 0.258056
24 0.202771
25 0.193055
26 0.205887
27 0.184012
28 0.23235
29 0.245609
"[DEBUG]index 12 centroid... "
0 0.218448
1 0.210609
2 0.198461
3 0.225261
4 0.21545
5 0.188311
6 0.234195
7 0.22317
8 0.126477
9 0.160146
10 0.21342
11 0.212711
12 0.206745
13 0.209067
14 0.217314
15 0.166281
16 0.112584
17 0.204341
18 0.225226
19 0.179573
20 0.225003
21 0.216635
22 0.1782
23 0.199346
24 0.202998
25 0.213999
26 0.208495
27 0.208514
28 0.22028
29 0.209533
"[DEBUG]index 13 centroid... "
0 0.177963
1 0.209723
2 0.153586
3 0.161071
4 0.196603
5 0.154916
6 0.19645
7 0.148527
8 0.105149
9 0.038189
10 0.0271947
11 0.091035
12 0.144889
13 0.132582
14 0.183282
15 0.180755
16 0.161449
17 0.151882
18 0.181695
19 0.202096
20 0.242054
21 0.225384
22 0.259086
23 0.194518
24 0.22082
25 0.197647
26 0.216994
27 0.223663
28 0.290483
29 0.228818
"[DEBUG]index 14 centroid... "
0 0.184363
1 0.170455
2 0.132105
3 0.218521
4 0.17097
5 0.167186
6 0.17462
7 0.160805
8 0.149823
9 0.156015
10 0.205355
11 0.201782
12 0.205417
13 0.128639
14 0.255266
15 0.172403
16 0.11409
17 0.224643
18 0.246026
19 0.182796
20 0.218657
21 0.221685
22 0.196394
23 0.235796
24 0.189891
25 0.17486
26 0.188298
27 0.20032
28 0.114567
29 0.197466
"[DEBUG]index 15 centroid... "
0 0.25076
1 0.221156
2 0.204791
3 0.179702
4 0.219476
5 0.222074
6 0.227157
7 0.225135
8 0.149268
9 0.0985003
10 0.183795
11 0.193401
12 0.213242
13 0.152724
14 0.145539
15 0.187745
16 0.197476
17 0.154628
18 0.192761
19 0.186336
20 0.210951
21 0.219808
22 0.220016
23 0.236561
24 0.229184
25 0.199925
26 0.258319
27 0.22677
28 0.238431
29 0.239711
"[DEBUG]index 16 centroid... "
0 0.178643
1 0.16731
2 0.201131
3 0.214486
4 0.225541
5 0.183404
6 0.180819
7 0.182408
8 0.0753189
9 0.163747
10 0.219069
11 0.185751
12 0.207641
13 0.187233
14 0.214494
15 0.256247
16 0.233379
17 0.271261
18 0.229258
19 0.165689
20 0.22824
21 0.213937
22 0.22089
23 0.226173
24 0.223286
25 0.205555
26 0.186614
27 0.18681
28 0.196599
29 0.196953
"[DEBUG]index 17 centroid... "
0 0.214675
1 0.204595
2 0.214004
3 0.229402
4 0.233495
5 0.194669
6 0.255832
7 0.232204
8 0.1356
9 0.213702
10 0.269801
11 0.189427
12 0.241534
13 0.260471
14 0.226176
15 0.211916
16 0.25577
17 0.235766
18 0.17355
19 0.242602
20 0.272981
21 0.163833
22 0.196936
23 0.265517
24 0.235406
25 0.208189
26 0.237441
27 0.207415
28 0.207929
29 0.189258
"[DEBUG]index 18 centroid... "
0 0.245119
1 0.245046
2 0.232769
3 0.237915
4 0.215343
5 0.231299
6 0.279104
7 0.232577
8 0.159227
9 0.235712
10 0.247959
11 0.206085
12 0.233877
13 0.221128
14 0.200386
15 0.271355
16 0.249794
17 0.168874
18 0.217217
19 0.260528
20 0.192641
21 0.176582
22 0.264456
23 0.262507
24 0.219488
25 0.237571
26 0.216819
27 0.204498
28 0.225194
29 0.245518
"[DEBUG]index 19 centroid... "
0 0.200923
1 0.217158
2 0.172867
3 0.211851
4 0.260404
5 0.194168
6 0.22603
7 0.180449
8 0.134734
9 0.169062
10 0.185904
11 0.177829
12 0.256057
13 0.190416
14 0.157862
15 0.205842
16 0.238131
17 0.207861
18 0.159727
19 0.144589
20 0.221964
21 0.190024
22 0.172802
23 0.212303
24 0.206896
25 0.199358
26 0.1995
27 0.248696
28 0.22948
29 0.222408
"[DEBUG]index 20 centroid... "
0 0.209962
1 0.204367
2 0.238781
3 0.188006
4 0.205308
5 0.189558
6 0.259755
7 0.248322
8 0.170213
9 0.134059
10 0.279124
11 0.207669
12 0.214834
13 0.19686
14 0.185533
15 0.251306
16 0.17325
17 0.200832
18 0.312314
19 0.289957
20 0.318408
21 0.233669
22 0.208755
23 0.161935
24 0.214787
25 0.252166
26 0.221189
27 0.292073
28 0.166742
29 0.257335
"[DEBUG]index 21 centroid... "
0 0.211671
1 0.209273
2 0.221983
3 0.223193
4 0.221352
5 0.195961
6 0.22277
7 0.208131
8 0.122643
9 0.202394
10 0.236347
11 0.184868
12 0.217899
13 0.232303
14 0.209153
15 0.228657
16 0.215762
17 0.210473
18 0.253528
19 0.226938
20 0.20355
21 0.237563
22 0.241144
23 0.239023
24 0.239581
25 0.233474
26 0.220023
27 0.21862
28 0.220738
29 0.222429
"[DEBUG]index 22 centroid... "
0 0.220648
1 0.234864
2 0.24713
3 0.244889
4 0.210709
5 0.2107
6 0.240518
7 0.227764
8 0.138989
9 0.216868
10 0.235486
11 0.191255
12 0.191977
13 0.247496
14 0.184093
15 0.127004
16 0.215503
17 0.233769
18 0.208852
19 0.223835
20 0.223653
21 0.198634
22 0.225487
23 0.253427
24 0.247314
25 0.237405
26 0.24867
27 0.239109
28 0.230166
29 0.234044
"[DEBUG]index 23 centroid... "
0 0.215386
1 0.212956
2 0.188643
3 0.22278
4 0.201564
5 0.188025
6 0.226093
7 0.225647
8 0.139971
9 0.177491
10 0.242755
11 0.19364
12 0.189453
13 0.167736
14 0.117666
15 0.202479
16 0.215115
17 0.198981
18 0.222208
19 0.18298
20 0.206274
21 0.225772
22 0.253951
23 0.236169
24 0.239549
25 0.241136
26 0.255908
27 0.247475
28 0.259601
29 0.24594
"[DEBUG]index 24 centroid... "
0 0.208744
1 0.21575
2 0.212138
3 0.222424
4 0.226116
5 0.201655
6 0.229516
7 0.204856
8 0.129004
9 0.205906
10 0.224965
11 0.190663
12 0.189242
13 0.184675
14 0.173419
15 0.166722
16 0.241471
17 0.222401
18 0.156705
19 0.218042
20 0.245287
21 0.199536
22 0.21476
23 0.229146
24 0.232123
25 0.224628
26 0.23536
27 0.231193
28 0.223949
29 0.228774
"[DEBUG]index 25 centroid... "
0 0.195196
1 0.192494
2 0.207199
3 0.219983
4 0.225925
5 0.200479
6 0.220788
7 0.210962
8 0.103133
9 0.0971905
10 0.151957
11 0.212398
12 0.245503
13 0.215647
14 0.193839
15 0.208191
16 0.264926
17 0.253596
18 0.247032
19 0.276878
20 0.264184
21 0.257687
22 0.273428
23 0.257743
24 0.244992
25 0.267369
26 0.254039
27 0.252683
28 0.250825
29 0.227008
"[DEBUG]index 26 centroid... "
0 0.198436
1 0.164048
2 0.174257
3 0.235599
4 0.251495
5 0.190167
6 0.189301
7 0.217123
8 0.160252
9 0.191557
10 0.230748
11 0.249412
12 0.243668
13 0.26138
14 0.204183
15 0.284356
16 0.197859
17 0.229606
18 0.214358
19 0.196841
20 0.123657
21 0.103967
22 0.173095
23 0.117048
24 0.203805
25 0.195922
26 0.2188
27 0.201469
28 0.194554
29 0.223719
"[DEBUG]index 27 centroid... "
0 0.20032
1 0.212187
2 0.237955
3 0.270106
4 0.235408
5 0.184151
6 0.234727
7 0.226843
8 0.172392
9 0.214337
10 0.114505
11 0.150848
12 0.237979
13 0.20652
14 0.185564
15 0.211851
16 0.214803
17 0.169251
18 0.143675
19 0.188733
20 0.174189
21 0.198804
22 0.203149
23 0.21939
24 0.211225
25 0.235309
26 0.186141
27 0.221331
28 0.250476
29 0.251536
"[DEBUG]index 28 centroid... "
0 0.237911
1 0.238317
2 0.205865
3 0.200861
4 0.217566
5 0.210001
6 0.227837
7 0.219381
8 0.141882
9 0.208073
10 0.185557
11 0.206834
12 0.187936
13 0.117533
14 0.237749
15 0.245427
16 0.203818
17 0.191132
18 0.195461
19 0.190889
20 0.174175
21 0.209625
22 0.220924
23 0.238615
24 0.243488
25 0.249083
26 0.262879
27 0.242314
28 0.246378
29 0.255927
"[DEBUG]index 29 centroid... "
0 0.213788
1 0.217932
2 0.222043
3 0.232184
4 0.219725
5 0.236672
6 0.226549
7 0.195251
8 0.136526
9 0.107569
10 0.135147
11 0.207115
12 0.222481
13 0.177594
14 0.216398
15 0.20046
16 0.136372
17 0.204101
18 0.241314
19 0.183831
20 0.202607
21 0.224701
22 0.252762
23 0.227429
24 0.227235
25 0.225209
26 0.215392
27 0.235997
28 0.239525
29 0.25532
"[DEBUG]index 30 centroid... "
0 0.227646
1 0.207843
2 0.214058
3 0.238563
4 0.251128
5 0.227634
6 0.260963
7 0.254134
8 0.148184
9 0.163907
10 0.231676
11 0.212215
12 0.210862
13 0.216971
14 0.192892
15 0.260651
16 0.212814
17 0.194891
18 0.254806
19 0.196662
20 0.196372
21 0.244946
22 0.194824
23 0.237541
24 0.244942
25 0.209298
26 0.19589
27 0.214505
28 0.215895
29 0.217893
"[DEBUG]index 31 centroid... "
0 0.203226
1 0.199134
2 0.200812
3 0.214794
4 0.219358
5 0.196518
6 0.231124
7 0.238473
8 0.149301
9 0.161424
10 0.208761
11 0.180802
12 0.178137
13 0.237907
14 0.241297
15 0.195069
16 0.213667
17 0.223933
18 0.215133
19 0.240409
20 0.250932
21 0.251421
22 0.267511
23 0.248686
24 0.246648
25 0.252441
26 0.24282
27 0.244939
28 0.238688
29 0.245616
"[DEBUG]index 32 centroid... "
0 0.232367
1 0.235069
2 0.182236
3 0.200406
4 0.25282
5 0.211458
6 0.207216
7 0.214532
8 0.138331
9 0.187417
10 0.230624
11 0.208251
12 0.26117
13 0.276057
14 0.279973
15 0.130924
16 0.181648
17 0.246491
18 0.214952
19 0.22469
20 0.188441
21 0.169839
22 0.212329
23 0.174426
24 0.176157
25 0.132906
26 0.165842
27 0.144967
28 0.193345
29 0.245307
"[DEBUG]index 33 centroid... "
0 0.211511
1 0.208645
2 0.195332
3 0.211364
4 0.230047
5 0.214681
6 0.239001
7 0.205269
8 0.114281
9 0.090162
10 0.106664
11 0.18289
12 0.237517
13 0.213104
14 0.207825
15 0.204472
16 0.218709
17 0.250846
18 0.215157
19 0.222788
20 0.233171
21 0.201013
22 0.240578
23 0.260447
24 0.236162
25 0.237651
26 0.237544
27 0.23301
28 0.222202
29 0.216512
"[DEBUG]index 34 centroid... "
0 0.208351
1 0.191582
2 0.194662
3 0.214901
4 0.193442
5 0.181361
6 0.231086
7 0.204458
8 0.119775
9 0.159651
10 0.208378
11 0.172173
12 0.217243
13 0.173439
14 0.118018
15 0.189227
16 0.224522
17 0.173521
18 0.215839
19 0.208711
20 0.177063
21 0.169356
22 0.15142
23 0.201622
24 0.204393
25 0.199852
26 0.215931
27 0.192658
28 0.196343
29 0.215705
"[DEBUG]index 35 centroid... "
0 0.245495
1 0.248031
2 0.238628
3 0.213746
4 0.241946
5 0.21196
6 0.274918
7 0.244798
8 0.179792
9 0.174395
10 0.17152
11 0.159613
12 0.182746
13 0.256529
14 0.228865
15 0.202319
16 0.201915
17 0.200167
18 0.184386
19 0.198851
20 0.137494
21 0.149142
22 0.249437
23 0.249674
24 0.234738
25 0.214903
26 0.229902
27 0.232532
28 0.224145
29 0.197765
"[DEBUG]index 36 centroid... "
0 0.198977
1 0.215967
2 0.201669
3 0.192456
4 0.219675
5 0.194745
6 0.215046
7 0.252982
8 0.120734
9 0.0830888
10 0.234472
11 0.248318
12 0.167127
13 0.212456
14 0.228087
15 0.198832
16 0.170085
17 0.232352
18 0.255761
19 0.259359
20 0.291042
21 0.26965
22 0.256541
23 0.281219
24 0.277155
25 0.267656
26 0.271122
27 0.237106
28 0.257118
29 0.247694
"[DEBUG]index 37 centroid... "
0 0.195965
1 0.207599
2 0.214346
3 0.204555
4 0.212889
5 0.194108
6 0.218998
7 0.188219
8 0.117726
9 0.17227
10 0.203489
11 0.190624
12 0.223509
13 0.206428
14 0.17788
15 0.227378
16 0.188174
17 0.116803
18 0.172112
19 0.217582
20 0.19097
21 0.19901
22 0.195508
23 0.205947
24 0.205793
25 0.221654
26 0.230982
27 0.213668
28 0.225563
29 0.228845
"[DEBUG]index 38 centroid... "
0 0.200068
1 0.192541
2 0.18094
3 0.216997
4 0.225295
5 0.188601
6 0.224669
7 0.202393
8 0.087488
9 0.163856
10 0.227403
11 0.210224
12 0.201378
13 0.245012
14 0.215749
15 0.162309
16 0.239136
17 0.248663
18 0.186157
19 0.205824
20 0.23069
21 0.200693
22 0.177543
23 0.215534
24 0.203457
25 0.190935
26 0.20849
27 0.19682
28 0.196271
29 0.189202
"[DEBUG]index 39 centroid... "
0 0.21621
1 0.204202
2 0.213603
3 0.220378
4 0.217805
5 0.206337
6 0.2426
7 0.218748
8 0.12887
9 0.22934
10 0.227639
11 0.189714
12 0.209427
13 0.190409
14 0.211342
15 0.173709
16 0.156482
17 0.224303
18 0.159623
19 0.102628
20 0.209882
21 0.228982
22 0.195438
23 0.204831
24 0.206896
25 0.190833
26 0.205071
27 0.22365
28 0.246357
29 0.225399
"[DEBUG]index 40 centroid... "
0 0.235884
1 0.204448
2 0.226209
3 0.225312
4 0.231083
5 0.182511
6 0.227735
7 0.248442
8 0.0985724
9 0.17575
10 0.236332
11 0.159914
12 0.255424
13 0.217212
14 0.191111
15 0.213675
16 0.202601
17 0.266116
18 0.278805
19 0.226325
20 0.287908
21 0.376667
22 0.331209
23 0.334581
24 0.274839
25 0.343443
26 0.271017
27 0.311717
28 0.294057
29 0.285518
"[DEBUG]index 41 centroid... "
0 0.229823
1 0.221405
2 0.193635
3 0.190695
4 0.180753
5 0.208849
6 0.202499
7 0.239321
8 0.162788
9 0.119484
10 0.155205
11 0.106664
12 0.143019
13 0.192952
14 0.154545
15 0.160907
16 0.183469
17 0.195879
18 0.23572
19 0.267044
20 0.250665
21 0.270461
22 0.321907
23 0.296721
24 0.30729
25 0.309679
26 0.297335
27 0.312735
28 0.281513
29 0.278906
"[DEBUG]index 42 centroid... "
0 0.20418
1 0.209978
2 0.182836
3 0.226913
4 0.235657
5 0.218655
6 0.230622
7 0.26966
8 0.120119
9 0.0936749
10 0.227203
11 0.239081
12 0.206562
13 0.246588
14 0.200497
15 0.225119
16 0.21886
17 0.164438
18 0.239564
19 0.24413
20 0.212702
21 0.252171
22 0.268907
23 0.249119
24 0.262296
25 0.271486
26 0.253791
27 0.246617
28 0.258173
29 0.273633
"[DEBUG]index 43 centroid... "
0 0.203333
1 0.198706
2 0.208692
3 0.210401
4 0.197142
5 0.154175
6 0.192583
7 0.174504
8 0.0933054
9 0.181047
10 0.222956
11 0.205517
12 0.238145
13 0.175388
14 0.127905
15 0.198457
16 0.208979
17 0.208278
18 0.19915
19 0.178214
20 0.217306
21 0.178404
22 0.13279
23 0.193037
24 0.191763
25 0.202783
26 0.1873
27 0.189082
28 0.176496
29 0.180414
"[DEBUG]index 44 centroid... "
0 0.203907
1 0.194914
2 0.20904
3 0.206993
4 0.227814
5 0.196908
6 0.229212
7 0.186479
8 0.134976
9 0.128126
10 0.197056
11 0.235242
12 0.252601
13 0.212401
14 0.218661
15 0.219246
16 0.204186
17 0.170395
18 0.163923
19 0.156714
20 0.183525
21 0.195795
22 0.219169
23 0.21675
24 0.199847
25 0.200873
26 0.20158
27 0.189544
28 0.207914
29 0.196889
"[DEBUG]index 45 centroid... "
0 0.209403
1 0.227743
2 0.212301
3 0.210471
4 0.227954
5 0.200119
6 0.219019
7 0.191417
8 0.109633
9 0.14673
10 0.166864
11 0.241626
12 0.22714
13 0.186224
14 0.206618
15 0.193674
16 0.220288
17 0.226895
18 0.242328
19 0.213588
20 0.196546
21 0.195634
22 0.166141
23 0.202889
24 0.237731
25 0.211614
26 0.236692
27 0.20598
28 0.224605
29 0.217193
"[DEBUG]index 46 centroid... "
0 0.227164
1 0.209841
2 0.210133
3 0.225089
4 0.223451
5 0.204724
6 0.247614
7 0.236448
8 0.137093
9 0.175489
10 0.21096
11 0.171822
12 0.19395
13 0.218834
14 0.175006
15 0.208158
16 0.251227
17 0.217157
18 0.1882
19 0.256549
20 0.239349
21 0.184142
22 0.219633
23 0.239878
24 0.211732
25 0.216489
26 0.22682
27 0.22973
28 0.228823
29 0.2307
"[DEBUG]index 47 centroid... "
0 0.197785
1 0.195763
2 0.204988
3 0.222185
4 0.221945
5 0.200672
6 0.234353
7 0.203516
8 0.11982
9 0.207688
10 0.216158
11 0.178111
12 0.230649
13 0.23122
14 0.214672
15 0.183727
16 0.154607
17 0.137808
18 0.119337
19 0.164613
20 0.174657
21 0.210235
22 0.215773
23 0.200507
24 0.194821
25 0.204972
26 0.188692
27 0.212361
28 0.20193
29 0.208428
"[DEBUG]index 48 centroid... "
0 0.201193
1 0.204061
2 0.201003
3 0.207419
4 0.209501
5 0.162156
6 0.190677
7 0.170193
8 0.0933782
9 0.161246
10 0.191751
11 0.192748
12 0.204961
13 0.178735
14 0.209818
15 0.210499
16 0.183227
17 0.21899
18 0.219696
19 0.21574
20 0.22379
21 0.202032
22 0.213674
23 0.229368
24 0.22433
25 0.22247
26 0.217616
27 0.212994
28 0.212432
29 0.214875
"[DEBUG]index 49 centroid... "
0 0.212419
1 0.203054
2 0.186384
3 0.201591
4 0.202216
5 0.164189
6 0.168683
7 0.170138
8 0.0902653
9 0.187405
10 0.209571
11 0.230617
12 0.189892
13 0.169074
14 0.10442
15 0.172844
16 0.186693
17 0.202664
18 0.283746
19 0.217164
20 0.174459
21 0.224117
22 0.243181
23 0.225302
24 0.222761
25 0.209527
26 0.237713
27 0.21682
28 0.183571
29 0.216572
"[DEBUG]index 50 centroid... "
0 0.22101
1 0.2053
2 0.204806
3 0.214055
4 0.22792
5 0.207973
6 0.256481
7 0.238027
8 0.120913
9 0.177442
10 0.244312
11 0.151497
12 0.206097
13 0.24703
14 0.183372
15 0.211846
16 0.21832
17 0.190348
18 0.206043
19 0.222121
20 0.25288
21 0.220643
22 0.191826
23 0.235461
24 0.245501
25 0.228207
26 0.240325
27 0.242841
28 0.226305
29 0.244305
"[DEBUG]index 51 centroid... "
0 0.202976
1 0.19837
2 0.208755
3 0.197884
4 0.224501
5 0.192466
6 0.240869
7 0.197338
8 0.115032
9 0.141118
10 0.182154
11 0.207202
12 0.230123
13 0.208433
14 0.224374
15 0.207208
16 0.21882
17 0.204766
18 0.182716
19 0.182613
20 0.166009
21 0.17005
22 0.1875
23 0.211527
24 0.228028
25 0.211528
26 0.202203
27 0.207806
28 0.206542
29 0.202775
"[DEBUG]index 52 centroid... "
0 0.215781
1 0.208811
2 0.213677
3 0.229737
4 0.226016
5 0.20818
6 0.238261
7 0.227399
8 0.132069
9 0.203843
10 0.256332
11 0.188424
12 0.241889
13 0.245813
14 0.198262
15 0.195729
16 0.157533
17 0.237358
18 0.25881
19 0.217423
20 0.235392
21 0.227593
22 0.227889
23 0.233462
24 0.213567
25 0.236699
26 0.216824
27 0.215722
28 0.223744
29 0.222586
"[DEBUG]index 53 centroid... "
0 0.290109
1 0.232742
2 0.276527
3 0.282285
4 0.282887
5 0.3107
6 0.309418
7 0.321711
8 0.31236
9 0.266098
10 0.264776
11 0.260818
12 0.280638
13 0.315311
14 0.308456
15 0.323118
16 0.256522
17 0.320147
18 0.355318
19 0.335651
20 0.207124
21 0.250518
22 0.294787
23 0.27198
24 0.252189
25 0.259178
26 0.33666
27 0.201373
28 0.212138
29 0.241971
"[DEBUG]index 54 centroid... "
0 0.231564
1 0.315365
2 0.251095
3 0.234299
4 0.419209
5 0.359265
6 0.256479
7 0.204171
8 0.230924
9 0.246261
10 0.247806
11 0.0218578
12 0.205118
13 0.352863
14 0.183995
15 0.345171
16 0.314427
17 0.282199
18 0.388995
19 0.456986
20 0.436223
21 0.384379
22 0.343839
23 0.424194
24 0.310796
25 0.332384
26 0.264441
27 0.34645
28 0.179024
29 0.317839
"[DEBUG]index 55 centroid... "
0 0.165364
1 0.178918
2 0.206917
3 0.22145
4 0.272471
5 0.196814
6 0.247963
7 0.248754
8 0.15519
9 0.230408
10 0.248525
11 0.174172
12 0.18265
13 0.305028
14 0.223575
15 0.125869
16 0.17054
17 0.19668
18 0.183298
19 0.244669
20 0.107678
21 0.183399
22 0.126991
23 0.214678
24 0.149532
25 0.139393
26 0.185654
27 0.177921
28 0.219692
29 0.216699
"[DEBUG]index 56 centroid... "
0 0.210294
1 0.21576
2 0.190924
3 0.216946
4 0.209195
5 0.189938
6 0.229181
7 0.20569
8 0.118749
9 0.189416
10 0.214082
11 0.171128
12 0.209961
13 0.171809
14 0.191883
15 0.2044
16 0.120345
17 0.152294
18 0.246126
19 0.232744
20 0.207727
21 0.222751
22 0.217708
23 0.221571
24 0.247268
25 0.231883
26 0.217153
27 0.221112
28 0.21733
29 0.23768
"[DEBUG]index 57 centroid... "
0 0.213291
1 0.158952
2 0.176896
3 0.178543
4 0.180643
5 0.20107
6 0.216244
7 0.234225
8 0.139689
9 0.0821644
10 0.194476
11 0.202391
12 0.200265
13 0.220828
14 0.184579
15 0.158405
16 0.117724
17 0.167843
18 0.17704
19 0.198628
20 0.210997
21 0.158438
22 0.17491
23 0.202446
24 0.199314
25 0.189901
26 0.19474
27 0.205229
28 0.23665
29 0.228957
"[DEBUG]index 58 centroid... "
0 0.212318
1 0.200393
2 0.220032
3 0.218222
4 0.214949
5 0.178783
6 0.235748
7 0.220547
8 0.104098
9 0.195461
10 0.207248
11 0.231255
12 0.231982
13 0.214102
14 0.243367
15 0.177925
16 0.181657
17 0.208081
18 0.160363
19 0.199624
20 0.199778
21 0.180789
22 0.201128
23 0.186118
24 0.19503
25 0.184973
26 0.200759
27 0.215089
28 0.224805
29 0.223473
"[DEBUG]index 59 centroid... "
0 0.208813
1 0.219758
2 0.206845
3 0.21954
4 0.225686
5 0.205876
6 0.237475
7 0.233667
8 0.168662
9 0.194184
10 0.234567
11 0.192485
12 0.192262
13 0.205836
14 0.198079
15 0.202063
16 0.195011
17 0.211514
18 0.218396
19 0.179674
20 0.148696
21 0.225496
22 0.237868
23 0.220106
24 0.208612
25 0.215886
26 0.219927
27 0.216866
28 0.231151
29 0.245093
"[DEBUG]index 60 centroid... "
0 0.205382
1 0.187933
2 0.160163
3 0.195612
4 0.183771
5 0.161835
6 0.22698
7 0.205183
8 0.131278
9 0.120276
10 0.109639
11 0.224037
12 0.154169
13 0.118711
14 0.0923624
15 0.149717
16 0.13957
17 0.154528
18 0.144265
19 0.182447
20 0.183022
21 0.121834
22 0.234307
23 0.252993
24 0.27249
25 0.215627
26 0.244345
27 0.201936
28 0.197483
29 0.220516
"[DEBUG]index 61 centroid... "
0 0.219202
1 0.208579
2 0.238838
3 0.249632
4 0.240952
5 0.200051
6 0.236018
7 0.243667
8 0.147413
9 0.22243
10 0.194466
11 0.23017
12 0.212449
13 0.178937
14 0.235497
15 0.189817
16 0.205163
17 0.262361
18 0.164186
19 0.12101
20 0.128256
21 0.11854
22 0.193547
23 0.215391
24 0.199249
25 0.221358
26 0.212999
27 0.200231
28 0.204028
29 0.205823
"[DEBUG]index 62 centroid... "
0 0.20611
1 0.198671
2 0.217109
3 0.214775
4 0.237217
5 0.194765
6 0.221924
7 0.1988
8 0.130425
9 0.156965
10 0.213336
11 0.20296
12 0.217342
13 0.256527
14 0.228867
15 0.151757
16 0.144993
17 0.130775
18 0.172906
19 0.184454
20 0.216377
21 0.229419
22 0.223423
23 0.196444
24 0.187061
25 0.224245
26 0.224396
27 0.214987
28 0.216788
29 0.23159
"[DEBUG]index 63 centroid... "
0 0.251719
1 0.279326
2 0.211115
3 0.28599
4 0.275139
5 0.283892
6 0.245734
7 0.269251
8 0.253213
9 0.256338
10 0.236988
11 0.193163
12 0.150671
13 0.226266
14 0.222024
15 0.244522
16 0.160471
17 0.0813512
18 0.12076
19 0.128541
20 0.11775
21 0.199029
22 0.228731
23 0.202382
24 0.160878
25 0.182259
26 0.216276
27 0.217438
28 0.241561
29 0.248455
"[DEBUG]index 64 centroid... "
0 0.207006
1 0.2089
2 0.199351
3 0.225659
4 0.22384
5 0.202468
6 0.245825
7 0.21206
8 0.132289
9 0.106707
10 0.131258
11 0.164415
12 0.188594
13 0.228446
14 0.220628
15 0.180218
16 0.239071
17 0.184636
18 0.188755
19 0.190441
20 0.172798
21 0.191617
22 0.178319
23 0.200203
24 0.229552
25 0.21644
26 0.231061
27 0.211756
28 0.216445
29 0.217115
"[DEBUG]index 65 centroid... "
0 0.237113
1 0.213141
2 0.193939
3 0.187684
4 0.22668
5 0.198887
6 0.269485
7 0.218637
8 0.0991278
9 0.109396
10 0.0898193
11 0.212457
12 0.224876
13 0.235186
14 0.217447
15 0.165579
16 0.216245
17 0.20375
18 0.187338
19 0.252371
20 0.224731
21 0.182372
22 0.196455
23 0.234746
24 0.218879
25 0.241573
26 0.237298
27 0.198096
28 0.196227
29 0.183466
"[DEBUG]index 66 centroid... "
0 0.227478
1 0.216027
2 0.233155
3 0.223913
4 0.226155
5 0.207083
6 0.261246
7 0.231678
8 0.126957
9 0.132384
10 0.132305
11 0.161258
12 0.185177
13 0.174029
14 0.164335
15 0.169265
16 0.161032
17 0.225424
18 0.208359
19 0.207191
20 0.239281
21 0.20383
22 0.183353
23 0.235735
24 0.224121
25 0.22193
26 0.221141
27 0.224352
28 0.217931
29 0.231561
"[DEBUG]index 67 centroid... "
0 0.229802
1 0.207567
2 0.219083
3 0.198143
4 0.273886
5 0.207604
6 0.276437
7 0.279476
8 0.220163
9 0.325463
10 0.286313
11 0.24273
12 0.217308
13 0.253531
14 0.238466
15 0.244036
16 0.206276
17 0.276685
18 0.232893
19 0.203966
20 0.194509
21 0.254458
22 0.20973
23 0.197894
24 0.226913
25 0.245547
26 0.250379
27 0.193419
28 0.246438
29 0.189438
"[DEBUG]index 68 centroid... "
0 0.222677
1 0.220948
2 0.223844
3 0.225302
4 0.210669
5 0.211161
6 0.244255
7 0.26701
8 0.177783
9 0.187743
10 0.23813
11 0.20038
12 0.163928
13 0.240344
14 0.253701
15 0.219858
16 0.176444
17 0.20115
18 0.218352
19 0.200312
20 0.227274
21 0.224559
22 0.23493
23 0.23153
24 0.239143
25 0.248747
26 0.255443
27 0.245549
28 0.253344
29 0.253746
"[DEBUG]index 69 centroid... "
0 0.234724
1 0.241282
2 0.244452
3 0.232324
4 0.240751
5 0.181476
6 0.284215
7 0.240044
8 0.167473
9 0.213225
10 0.144839
11 0.242248
12 0.204488
13 0.211476
14 0.237808
15 0.161353
16 0.226328
17 0.15774
18 0.179996
19 0.266256
20 0.209702
21 0.126289
22 0.171922
23 0.256613
24 0.188255
25 0.157943
26 0.21435
27 0.270454
28 0.196824
29 0.213202
"[DEBUG]index 70 centroid... "
0 0.216655
1 0.208641
2 0.186002
3 0.209226
4 0.193303
5 0.196481
6 0.219483
7 0.243246
8 0.0981154
9 0.102778
10 0.204237
11 0.211774
12 0.161918
13 0.172169
14 0.190122
15 0.199874
16 0.199426
17 0.184719
18 0.175914
19 0.186258
20 0.237374
21 0.248915
22 0.231286
23 0.233445
24 0.248147
25 0.230469
26 0.209791
27 0.219961
28 0.225496
29 0.225977
"[DEBUG]index 71 centroid... "
0 0.197786
1 0.184675
2 0.193026
3 0.205815
4 0.213831
5 0.192312
6 0.195791
7 0.188779
8 0.107045
9 0.165891
10 0.214124
11 0.189722
12 0.21816
13 0.2194
14 0.192647
15 0.182133
16 0.188977
17 0.20337
18 0.213285
19 0.19896
20 0.207528
21 0.175159
22 0.148739
23 0.196876
24 0.201012
25 0.191272
26 0.210202
27 0.197305
28 0.197932
29 0.193474
"[DEBUG]index 72 centroid... "
0 0.197597
1 0.179945
2 0.188342
3 0.205474
4 0.200873
5 0.178317
6 0.217406
7 0.202881
8 0.110316
9 0.0816772
10 0.0924443
11 0.146094
12 0.155397
13 0.1844
14 0.183624
15 0.141814
16 0.212935
17 0.199969
18 0.179924
19 0.189203
20 0.191343
21 0.222959
22 0.222613
23 0.256643
24 0.254772
25 0.262884
26 0.25239
27 0.222978
28 0.259286
29 0.242042
"[DEBUG]index 73 centroid... "
0 0.244894
1 0.193934
2 0.166428
3 0.198784
4 0.178247
5 0.174232
6 0.233119
7 0.200136
8 0.115592
9 0.165464
10 0.141835
11 0.208631
12 0.216979
13 0.194245
14 0.18024
15 0.23801
16 0.251421
17 0.177524
18 0.207886
19 0.169567
20 0.183838
21 0.255366
22 0.226426
23 0.233875
24 0.216664
25 0.246053
26 0.20543
27 0.204373
28 0.239542
29 0.249006
"[DEBUG]index 74 centroid... "
0 0.188959
1 0.17298
2 0.18609
3 0.176493
4 0.188419
5 0.182311
6 0.207034
7 0.192082
8 0.153885
9 0.197434
10 0.16272
11 0.0919977
12 0.160774
13 0.197472
14 0.194393
15 0.178081
16 0.171163
17 0.210854
18 0.204096
19 0.267989
20 0.289313
21 0.249837
22 0.234214
23 0.270214
24 0.262965
25 0.248814
26 0.278233
27 0.258931
28 0.239449
29 0.243652
"[DEBUG]index 75 centroid... "
0 0.175071
1 0.197644
2 0.179964
3 0.189857
4 0.253434
5 0.166903
6 0.281771
7 0.255131
8 0.128746
9 0.172887
10 0.266425
11 0.238468
12 0.149987
13 0.192705
14 0.167908
15 0.190825
16 0.208793
17 0.180448
18 0.212766
19 0.274263
20 0.169351
21 0.21668
22 0.242733
23 0.167687
24 0.222951
25 0.203918
26 0.232625
27 0.184641
28 0.197083
29 0.229883
"[DEBUG]index 76 centroid... "
0 0.24981
1 0.227737
2 0.199596
3 0.251898
4 0.211609
5 0.203545
6 0.271281
7 0.235493
8 0.181667
9 0.20222
10 0.247173
11 0.192869
12 0.212263
13 0.264652
14 0.238938
15 0.149507
16 0.205716
17 0.229596
18 0.221587
19 0.242775
20 0.243117
21 0.260012
22 0.262863
23 0.257248
24 0.325132
25 0.343442
26 0.329804
27 0.32955
28 0.323341
29 0.294303
"[DEBUG]index 77 centroid... "
0 0.250737
1 0.209684
2 0.227628
3 0.215076
4 0.232937
5 0.224331
6 0.267182
7 0.207767
8 0.135367
9 0.237712
10 0.240707
11 0.17765
12 0.242345
13 0.229009
14 0.132556
15 0.200397
16 0.21176
17 0.170239
18 0.208636
19 0.160564
20 0.202198
21 0.245839
22 0.172459
23 0.210916
24 0.206559
25 0.212762
26 0.231518
27 0.21303
28 0.232254
29 0.234547
"[DEBUG]index 78 centroid... "
0 0.211266
1 0.211826
2 0.191602
3 0.20721
4 0.201423
5 0.182774
6 0.20674
7 0.212584
8 0.177185
9 0.193269
10 0.21176
11 0.207317
12 0.136717
13 0.0948837
14 0.146891
15 0.18029
16 0.164205
17 0.179759
18 0.19226
19 0.207403
20 0.230424
21 0.237755
22 0.247581
23 0.252582
24 0.253831
25 0.266339
26 0.25587
27 0.2593
28 0.26236
29 0.273164
"[DEBUG]index 79 centroid... "
0 0.220008
1 0.198351
2 0.214804
3 0.204167
4 0.217188
5 0.185161
6 0.226952
7 0.209892
8 0.130738
9 0.184261
10 0.232029
11 0.215483
12 0.244985
13 0.202163
14 0.204078
15 0.209904
16 0.249778
17 0.152243
18 0.145769
19 0.219358
20 0.262224
21 0.237105
22 0.217082
23 0.213347
24 0.197501
25 0.213732
26 0.194301
27 0.160632
28 0.212236
29 0.24586
"[DEBUG]index 80 centroid... "
0 0.18942
1 0.197722
2 0.194231
3 0.206337
4 0.205079
5 0.175214
6 0.180883
7 0.189979
8 0.104797
9 0.170204
10 0.22154
11 0.215925
12 0.220578
13 0.168516
14 0.202317
15 0.185485
16 0.209571
17 0.182773
18 0.204757
19 0.244646
20 0.231767
21 0.254752
22 0.263844
23 0.221861
24 0.233896
25 0.255632
26 0.229743
27 0.236119
28 0.242899
29 0.229125
"[DEBUG]index 81 centroid... "
0 0.217231
1 0.212403
2 0.183172
3 0.201147
4 0.229624
5 0.21048
6 0.250542
7 0.216848
8 0.149157
9 0.201496
10 0.204833
11 0.237499
12 0.192091
13 0.177428
14 0.20067
15 0.209977
16 0.206872
17 0.178427
18 0.133391
19 0.207881
20 0.22452
21 0.204048
22 0.217706
23 0.215526
24 0.190201
25 0.213687
26 0.226727
27 0.232383
28 0.219483
29 0.222503
"[DEBUG]index 82 centroid... "
0 0.19898
1 0.204553
2 0.216547
3 0.239289
4 0.252321
5 0.205853
6 0.219728
7 0.173722
8 0.100954
9 0.120974
10 0.161419
11 0.199871
12 0.226727
13 0.225773
14 0.194469
15 0.194425
16 0.265694
17 0.229632
18 0.162265
19 0.203254
20 0.264114
21 0.22586
22 0.218941
23 0.222203
24 0.223333
25 0.250156
26 0.214658
27 0.234622
28 0.261448
29 0.233878
"[DEBUG]index 83 centroid... "
0 0.195261
1 0.189995
2 0.210991
3 0.231002
4 0.242969
5 0.21926
6 0.224442
7 0.22817
8 0.140453
9 0.183437
10 0.223637
11 0.217418
12 0.218
13 0.224315
14 0.245124
15 0.234682
16 0.171382
17 0.240862
18 0.281438
19 0.24663
20 0.221566
21 0.264319
22 0.258206
23 0.223099
24 0.20973
25 0.210897
26 0.204039
27 0.20683
28 0.200169
29 0.211811
"[DEBUG]index 84 centroid... "
0 0.173495
1 0.177052
2 0.209602
3 0.149524
4 0.210483
5 0.189993
6 0.188
7 0.186564
8 0.109945
9 0.127294
10 0.162066
11 0.246343
12 0.235324
13 0.198665
14 0.214479
15 0.204332
16 0.195585
17 0.217755
18 0.20713
19 0.249572
20 0.300209
21 0.245924
22 0.258789
23 0.238878
24 0.23531
25 0.258084
26 0.248039
27 0.266612
28 0.222992
29 0.197802
"[DEBUG]index 85 centroid... "
0 0.199496
1 0.187282
2 0.178748
3 0.189581
4 0.17312
5 0.194114
6 0.224267
7 0.243222
8 0.16953
9 0.109612
10 0.213328
11 0.223592
12 0.228022
13 0.193422
14 0.222034
15 0.195381
16 0.230722
17 0.220111
18 0.218891
19 0.21923
20 0.194036
21 0.197327
22 0.190722
23 0.226309
24 0.228842
25 0.230431
26 0.24164
27 0.183654
28 0.223319
29 0.185338
"[DEBUG]index 86 centroid... "
0 0.177448
1 0.182922
2 0.192023
3 0.192254
4 0.202432
5 0.168708
6 0.179317
7 0.157594
8 0.0795513
9 0.144737
10 0.202339
11 0.196317
12 0.196584
13 0.185792
14 0.207833
15 0.233494
16 0.259777
17 0.257342
18 0.264085
19 0.251658
20 0.260631
21 0.283582
22 0.250986
23 0.247757
24 0.243665
25 0.224383
26 0.217097
27 0.205842
28 0.198816
29 0.204912
"[DEBUG]index 87 centroid... "
0 0.2155
1 0.231401
2 0.169735
3 0.175483
4 0.184535
5 0.192209
6 0.223575
7 0.250489
8 0.148094
9 0.173995
10 0.208971
11 0.179592
12 0.125514
13 0.209892
14 0.202709
15 0.183681
16 0.213072
17 0.178096
18 0.194862
19 0.207731
20 0.219207
21 0.154035
22 0.207729
23 0.260985
24 0.244729
25 0.16414
26 0.21355
27 0.240548
28 0.217723
29 0.224969
"[DEBUG]index 88 centroid... "
0 0.218671
1 0.229556
2 0.208247
3 0.232261
4 0.235272
5 0.220282
6 0.237465
7 0.213889
8 0.120656
9 0.0978783
10 0.114965
11 0.210661
12 0.263661
13 0.223494
14 0.217237
15 0.232127
16 0.190338
17 0.162636
18 0.209793
19 0.210483
20 0.224889
21 0.256241
22 0.23853
23 0.229054
24 0.237983
25 0.221647
26 0.24207
27 0.216735
28 0.219048
29 0.236334
"[DEBUG]index 89 centroid... "
0 0.182157
1 0.227683
2 0.186098
3 0.169982
4 0.208006
5 0.196167
6 0.210413
7 0.222174
8 0.0984043
9 0.0852817
10 0.237732
11 0.196915
12 0.196021
13 0.174608
14 0.154113
15 0.204569
16 0.204807
17 0.226071
18 0.262573
19 0.225613
20 0.254336
21 0.267041
22 0.26092
23 0.264627
24 0.269875
25 0.257628
26 0.229587
27 0.226697
28 0.224984
29 0.227568
"[DEBUG]index 90 centroid... "
0 0.225884
1 0.21457
2 0.235373
3 0.214478
4 0.22722
5 0.219935
6 0.265241
7 0.22785
8 0.146809
9 0.121187
10 0.142006
11 0.153981
12 0.170034
13 0.177792
14 0.173827
15 0.235769
16 0.211909
17 0.213788
18 0.23019
19 0.270709
20 0.222377
21 0.214338
22 0.245873
23 0.227156
24 0.2416
25 0.258221
26 0.265074
27 0.249218
28 0.233884
29 0.273387
"[DEBUG]index 91 centroid... "
0 0.234471
1 0.199684
2 0.211042
3 0.257905
4 0.205292
5 0.193554
6 0.193726
7 0.193664
8 0.130029
9 0.184883
10 0.245614
11 0.243203
12 0.236065
13 0.187664
14 0.15106
15 0.101564
16 0.0985324
17 0.104501
18 0.139076
19 0.143462
20 0.196135
21 0.178445
22 0.189752
23 0.233429
24 0.238051
25 0.207745
26 0.211215
27 0.207652
28 0.240673
29 0.220372
"[DEBUG]index 92 centroid... "
0 0.199029
1 0.195264
2 0.216718
3 0.193922
4 0.19858
5 0.17441
6 0.210683
7 0.206772
8 0.12543
9 0.18073
10 0.219992
11 0.171854
12 0.22357
13 0.176762
14 0.10132
15 0.0899493
16 0.0605241
17 0.152288
18 0.189412
19 0.21209
20 0.228652
21 0.186229
22 0.176599
23 0.197917
24 0.190801
25 0.198046
26 0.209063
27 0.212032
28 0.229091
29 0.202449
"[DEBUG]index 93 centroid... "
0 0.258212
1 0.258374
2 0.224689
3 0.232894
4 0.224837
5 0.203505
6 0.265914
7 0.253463
8 0.178975
9 0.26231
10 0.259393
11 0.178012
12 0.212015
13 0.237463
14 0.184029
15 0.175559
16 0.263652
17 0.256585
18 0.214753
19 0.222708
20 0.213481
21 0.226383
22 0.221302
23 0.242299
24 0.259433
25 0.248392
26 0.255477
27 0.250319
28 0.255743
29 0.234943
"[DEBUG]index 94 centroid... "
0 0.216811
1 0.221641
2 0.192594
3 0.229173
4 0.216084
5 0.209435
6 0.235634
7 0.177896
8 0.070971
9 0.156861
10 0.188545
11 0.177444
12 0.248205
13 0.172475
14 0.158973
15 0.23755
16 0.231598
17 0.199643
18 0.210243
19 0.252395
20 0.28215
21 0.284833
22 0.303712
23 0.295829
24 0.279566
25 0.291501
26 0.281095
27 0.269368
28 0.286943
29 0.278028
"[DEBUG]index 95 centroid... "
0 0.183972
1 0.16644
2 0.191351
3 0.210551
4 0.21284
5 0.213127
6 0.211971
7 0.166797
8 0.0900856
9 0.111753
10 0.133701
11 0.202226
12 0.212539
13 0.191326
14 0.215964
15 0.211777
16 0.175604
17 0.185747
18 0.152658
19 0.157399
20 0.216579
21 0.227657
22 0.214548
23 0.203651
24 0.198073
25 0.171939
26 0.198087
27 0.20225
28 0.225641
29 0.216381
"[DEBUG]index 96 centroid... "
0 0.219009
1 0.20877
2 0.223809
3 0.223829
4 0.230649
5 0.201193
6 0.234723
7 0.249015
8 0.142584
9 0.187383
10 0.245509
11 0.249637
12 0.216221
13 0.238163
14 0.264186
15 0.187539
16 0.226256
17 0.24921
18 0.205895
19 0.182875
20 0.281633
21 0.230551
22 0.176341
23 0.232315
24 0.24793
25 0.207298
26 0.215204
27 0.215417
28 0.226708
29 0.228968
"[DEBUG]index 97 centroid... "
0 0.224539
1 0.21306
2 0.190021
3 0.186484
4 0.203997
5 0.182823
6 0.222146
7 0.213447
8 0.113792
9 0.212435
10 0.218207
11 0.169013
12 0.191605
13 0.15965
14 0.182156
15 0.198033
16 0.199908
17 0.187424
18 0.182597
19 0.162806
20 0.224272
21 0.172255
22 0.19306
23 0.238281
24 0.205699
25 0.192947
26 0.18652
27 0.183651
28 0.182346
29 0.214063
"[DEBUG]index 98 centroid... "
0 0.262741
1 0.226016
2 0.225857
3 0.255725
4 0.227378
5 0.214953
6 0.262241
7 0.256387
8 0.162227
9 0.207234
10 0.287934
11 0.179978
12 0.236257
13 0.338099
14 0.209218
15 0.116901
16 0.224429
17 0.142968
18 0.142402
19 0.252103
20 0.236593
21 0.231532
22 0.224418
23 0.212102
24 0.263987
25 0.262882
26 0.272662
27 0.288116
28 0.292956
29 0.306195
"[DEBUG]index 99 centroid... "
0 0.204111
1 0.190917
2 0.214337
3 0.227045
4 0.217181
5 0.208202
6 0.225117
7 0.223819
8 0.136511
9 0.157501
10 0.222641
11 0.195939
12 0.187478
13 0.210901
14 0.231094
15 0.195062
16 0.225472
17 0.17928
18 0.115823
19 0.21391
20 0.24596
21 0.175639
22 0.22673
23 0.225374
24 0.203043
25 0.20585
26 0.210262
27 0.211621
28 0.218543
29 0.226459
