correlation level (red against blue): 
-0.288608
-0.600236
-0.111916
-0.174217
-0.740858
-0.638649
-0.747718
-0.149638
-0.685454
-0.768157
-0.731884
-0.685422
-0.851042
-0.544993
-0.382994
-0.779456
-0.760472
-0.769447
-0.752088
-0.650594
-0.369299
-0.867545
-0.865945
-0.757829
-0.768898
-0.655539
-0.27854
-0.684466
-0.795125
-0.709781
-0.688499
-0.613857
-0.486195
-0.709258
-0.774922
-0.493325
-0.775436
-0.854503
-0.832899
-0.847299
-0.69426
-0.657614
-0.851323
-0.824514
-0.573608
-0.782139
-0.740522
-0.681851
-0.785938
-0.741512
-0.798372
-0.642761
-0.825894
-0.21938
-0.492749
-0.329509
-0.805387
-0.779078
-0.784432
-0.75596
-0.48315
-0.746945
-0.643556
-0.768248
-0.57205
-0.746495
-0.593153
-0.174998
-0.690363
-0.632393
-0.832547
-0.817
-0.566971
-0.547159
-0.645641
-0.422671
-0.582081
-0.743433
-0.67949
-0.63778
-0.74197
-0.779685
-0.69995
-0.681764
-0.690286
-0.626009
-0.6558
-0.520748
-0.722503
-0.794303
-0.53881
-0.531766
-0.776407
-0.740338
-0.748757
-0.749234
-0.719546
-0.761803
-0.811994
-0.846194
