"[DEBUG]index 0 centroid... "
0 1.50495
1 1.81188
2 1.41584
3 1.74257
4 1.63366
5 1.81188
6 2.0495
7 2.50495
8 4.12871
9 3.9703
10 4.28713
11 7.10891
12 9.77228
13 14.9307
14 17.7228
15 18.1881
16 11.9505
17 12.0099
18 7.94059
19 6.06931
20 5.36634
21 3.0495
22 2.62376
23 1.9802
24 2.49505
25 2.53465
26 1.82178
27 2.56436
28 1.38614
29 1.27723
"[DEBUG]index 1 centroid... "
0 5.62617
1 6.29907
2 5.97196
3 4.8785
4 3.8972
5 4.68224
6 5.14953
7 2.33645
8 7.88785
9 4
10 2.48598
11 2.00935
12 1.14953
13 0.915888
14 0.523364
15 0.476636
16 0.383178
17 0.691589
18 0.598131
19 1.09346
20 2.01869
21 1.75701
22 2.40187
23 2.31776
24 3.38318
25 2.78505
26 3.13084
27 2.57944
28 3.68224
29 4.63551
"[DEBUG]index 2 centroid... "
0 2.81904
1 3.33473
2 2.34205
3 2.29707
4 2.81172
5 2.8159
6 2.5659
7 2.08054
8 10.9247
9 4.22594
10 2.25628
11 1.29393
12 0.782427
13 0.810669
14 1.26569
15 2.60669
16 5.86192
17 8.60146
18 19.0889
19 8.25
20 4.81276
21 2.32531
22 1.2772
23 2.93619
24 2.72176
25 2.66423
26 2.88494
27 3.26674
28 2.89644
29 2.83996
"[DEBUG]index 3 centroid... "
0 3.94737
1 4.75439
2 3.7193
3 4.42105
4 3.89474
5 3.21053
6 3.7193
7 2.4386
8 12.5614
9 3.92982
10 2.91228
11 1.36842
12 1.33333
13 3.50877
14 5.96491
15 4.94737
16 8.49123
17 2.61404
18 1.17544
19 0.631579
20 0.22807
21 0.508772
22 0.929825
23 3.05263
24 2.29825
25 2.89474
26 3.38596
27 3.75439
28 2.47368
29 4.12281
"[DEBUG]index 4 centroid... "
0 2.92848
1 2.88628
2 2.47561
3 2.49532
4 2.79404
5 3.25929
6 3.05105
7 1.61334
8 21.6887
9 4.09906
10 2.85216
11 1.69952
12 3.43164
13 2.04953
14 7.00329
15 8.11726
16 2.09224
17 1.32525
18 3.60905
19 2.41825
20 4.71089
21 25.3659
22 6.05282
23 3.36442
24 3.84584
25 3.47561
26 2.92772
27 2.96007
28 2.88047
29 3.03033
"[DEBUG]index 5 centroid... "
0 3.37799
1 3.60451
2 3.43705
3 3.20277
4 3.32532
5 3.12483
6 2.92815
7 1.84412
8 20.2329
9 5.69706
10 3.24402
11 5.21769
12 24.4223
13 3.17811
14 2.23824
15 1.92023
16 2.00091
17 2.40113
18 4.38301
19 22.2915
20 5.21952
21 2.68808
22 3.47252
23 3.55868
24 2.78657
25 2.6488
26 2.88842
27 3.21373
28 2.89633
29 3.06318
"[DEBUG]index 6 centroid... "
0 2.94118
1 3.14519
2 3.02353
3 2.63185
4 2.71793
5 3.02152
6 2.26829
7 2.2132
8 19.4083
9 3.06313
10 15.1286
11 17.5989
12 4.61205
13 2.78537
14 1.37819
15 2.32281
16 5.45882
17 5.62984
18 2.32109
19 1.17389
20 2.44448
21 5.62353
22 1.70588
23 2.26399
24 2.31306
25 2.30301
26 2.20402
27 2.32912
28 2.27116
29 2.09928
"[DEBUG]index 7 centroid... "
0 3.50453
1 4.0423
2 3.77039
3 2.8429
4 3.8429
5 3.88822
6 2.82477
7 2.02115
8 14.6405
9 3.86103
10 7.53474
11 4.62538
12 14.4592
13 12.6737
14 4.30816
15 2.06344
16 1.16918
17 0.598187
18 0.480363
19 1.23565
20 1.03021
21 1.9577
22 5.29003
23 2.17825
24 2.44109
25 2.64048
26 2.54985
27 2.36254
28 2.48338
29 2.33837
"[DEBUG]index 8 centroid... "
0 3.76739
1 3.70922
2 3.48592
3 3.14471
4 4.11569
5 4.2149
6 3.44894
7 2.3112
8 37.4582
9 5.05584
10 3.17009
11 3.59353
12 3.24679
13 9.9342
14 2.36486
15 12.2496
16 2.43127
17 13.8881
18 2.78777
19 2.49604
20 10.9103
21 2.8873
22 1.28586
23 3.97159
24 3.59234
25 3.11696
26 3.41057
27 3.23478
28 3.25073
29 3.22092
"[DEBUG]index 9 centroid... "
0 4.89185
1 4.58269
2 4.39122
3 3.94389
4 4.19203
5 4.45855
6 3.81288
7 2.84177
8 34.7789
9 5.2689
10 9.76771
11 12.7502
12 4.09637
13 1.41955
14 2.63277
15 14.0382
16 2.86323
17 1.47047
18 2.93085
19 13.8059
20 2.713
21 1.47356
22 3.59924
23 4.37677
24 3.64497
25 3.68986
26 3.7238
27 3.99467
28 3.55492
29 3.53907
"[DEBUG]index 10 centroid... "
0 3.9739
1 3.9449
2 4.13968
3 3.40164
4 4.09401
5 4.51933
6 3.65104
7 2.35959
8 30.5921
9 6.36056
10 3.89923
11 1.78782
12 3.12301
13 13.3113
14 2.89101
15 1.43572
16 3.14186
17 12.3884
18 10.906
19 3.23127
20 1.73973
21 2.95094
22 14.7429
23 3.22112
24 3.57757
25 4.32431
26 4.41373
27 3.86805
28 3.61841
29 3.74529
"[DEBUG]index 11 centroid... "
0 2.24422
1 2.37816
2 2.14961
3 1.94074
4 1.92851
5 2.22828
6 2.50306
7 1.87297
8 11.4223
9 2.88095
10 12.0991
11 4.0776
12 2.02631
13 2.49562
14 1.07707
15 2.02711
16 5.25113
17 2.22588
18 4.86128
19 7.6245
20 25.5567
21 7.55036
22 4.91018
23 2.5469
24 2.85597
25 2.2801
26 2.3468
27 2.36726
28 2.47436
29 2.44991
"[DEBUG]index 12 centroid... "
0 3.53133
1 3.45555
2 3.02249
3 2.94719
4 3.6538
5 3.66861
6 3.42208
7 2.55564
8 25.7671
9 4.86407
10 2.77674
11 2.88
12 9.44156
13 2.80879
14 2.72997
15 5.02485
16 29.7311
17 5.1132
18 2.81116
19 9.10161
20 3.07838
21 2.31009
22 7.7906
23 3.06847
24 3.22485
25 3.40852
26 3.40771
27 3.09738
28 2.99219
29 2.89927
"[DEBUG]index 13 centroid... "
0 3.63338
1 3.14337
2 3.85093
3 3.06633
4 2.99643
5 3.05207
6 3.31812
7 2.08773
8 18.9615
9 2.95578
10 19.4522
11 3.06919
12 20.6583
13 3.93081
14 7.13837
15 2.33524
16 2.61341
17 4.91298
18 6.03067
19 2.11698
20 1.2368
21 0.848074
22 1.18902
23 2.49215
24 2.17261
25 1.9679
26 2.43224
27 2.19615
28 2.08845
29 2.05492
"[DEBUG]index 14 centroid... "
0 3.24472
1 3.77308
2 2.98443
3 2.95884
4 3.17019
5 3.23137
6 4.13793
7 2.18687
8 17.4105
9 3.901
10 2.67408
11 1.13904
12 0.555061
13 1.55284
14 1.1713
15 2.07786
16 11.3815
17 2.73749
18 1.1802
19 1.38154
20 2.93548
21 1.65851
22 9.57842
23 3.04004
24 3.2703
25 3.58398
26 4.03226
27 2.92436
28 3.06452
29 3.01669
"[DEBUG]index 15 centroid... "
0 2.20045
1 2.28771
2 2.20868
3 2.01421
4 2.09449
5 2.91149
6 2.94291
7 1.91673
8 9.69733
9 24.0593
10 8.95762
11 4.84218
12 2.55622
13 4.33159
14 14.1316
15 3.55722
16 1.7275
17 4.70082
18 2.01022
19 4.67041
20 1.64872
21 4.40364
22 4.08925
23 1.92271
24 2.2361
25 2.16554
26 2.02867
27 1.96734
28 1.97332
29 1.86786
"[DEBUG]index 16 centroid... "
0 3.72361
1 3.83242
2 3.49831
3 3.20876
4 3.86775
5 4.12486
6 3.46952
7 2.11311
8 33.1342
9 5.07939
10 3.06151
11 1.66019
12 1.55666
13 2.56616
14 3.29702
15 1.17026
16 3.23628
17 1.30222
18 2.43694
19 13.648
20 1.99317
21 2.66223
22 1.30983
23 3.86634
24 2.92786
25 3.09115
26 3.07911
27 3.28688
28 3.29786
29 3.2362
"[DEBUG]index 17 centroid... "
0 3.88386
1 3.93624
2 3.77562
3 3.33551
4 3.3973
5 3.98618
6 3.37528
7 2.46076
8 27.2371
9 6.08577
10 2.54805
11 14.1541
12 3.1468
13 1.21284
14 1.78898
15 3.81099
16 1.29543
17 2.5901
18 12.9508
19 2.94656
20 2.61409
21 10.8236
22 10.3285
23 2.80917
24 3.78169
25 3.9956
26 3.70836
27 3.68028
28 3.51374
29 3.69227
"[DEBUG]index 18 centroid... "
0 3.26049
1 3.27747
2 3.03878
3 2.92224
4 3.05893
5 3.79374
6 3.47504
7 2.35124
8 22.2299
9 5.6595
10 2.69276
11 8.51811
12 3.0043
13 3.15838
14 7.6108
15 2.32126
16 4.34755
17 27.5563
18 6.46102
19 3.05197
20 6.45099
21 24.6846
22 5.16288
23 3.05545
24 3.94721
25 3.82392
26 3.46716
27 3.54942
28 3.42777
29 3.39267
"[DEBUG]index 19 centroid... "
0 3.05626
1 2.66667
2 2.6173
3 2.65393
4 2.92887
5 2.97346
6 3.11253
7 2.16348
8 18.0228
9 3.99682
10 2.8397
11 2.07537
12 2.33811
13 3.62633
14 22.3891
15 4.35987
16 2.93471
17 6.40074
18 16.8774
19 17.2797
20 4.39278
21 2.47824
22 8.37792
23 3.13747
24 2.82803
25 3.07006
26 3.19798
27 3.29777
28 3.05679
29 2.80308
"[DEBUG]index 20 centroid... "
0 5.14201
1 4.34911
2 4.96844
3 4.11243
4 4.68639
5 4.46548
6 3.50296
7 2.16765
8 19.2682
9 6.85207
10 2.33531
11 3.54832
12 4.15187
13 1.06903
14 0.599606
15 1.19132
16 2.66272
17 11.5523
18 2.28402
19 2.5858
20 1.30572
21 0.566075
22 1.30572
23 3.5641
24 2.99211
25 3.57988
26 3.28797
27 3.40434
28 3.67653
29 3.07298
"[DEBUG]index 21 centroid... "
0 3.87076
1 3.9269
2 3.73876
3 3.36006
4 3.84131
5 4.17881
6 3.3184
7 2.43915
8 42.9626
9 5.37434
10 2.90543
11 14.2106
12 3.37965
13 2.5379
14 3.33618
15 1.33858
16 2.70662
17 3.58536
18 1.27995
19 2.79357
20 10.2415
21 2.33345
22 2.79059
23 3.54607
24 3.33684
25 2.92157
26 3.0169
27 2.98535
28 3.03267
29 3.05374
"[DEBUG]index 22 centroid... "
0 3.76961
1 3.77224
2 3.47447
3 3.46144
4 3.73225
5 4.25613
6 3.81288
7 2.38891
8 26.5068
9 4.49956
10 2.19993
11 8.01994
12 9.02761
13 2.3934
14 4.66827
15 29.7922
16 4.56803
17 2.74715
18 2.01008
19 1.61032
20 2.5115
21 7.64121
22 2.1583
23 3.59542
24 3.58326
25 3.1445
26 2.87445
27 2.94172
28 2.70081
29 2.71461
"[DEBUG]index 23 centroid... "
0 3.43688
1 3.48022
2 3.23859
3 3.14072
4 3.61181
5 3.90396
6 3.17918
7 2.03688
8 23.8711
9 4.59537
10 2.95849
11 3.54023
12 7.76932
13 4.01923
14 27.7732
15 4.53305
16 2.90103
17 1.70822
18 2.40962
19 7.02775
20 2.28497
21 2.16847
22 1.33877
23 3.19306
24 2.721
25 2.6353
26 2.55496
27 2.64407
28 2.51053
29 2.47328
"[DEBUG]index 24 centroid... "
0 4.13155
1 4.09985
2 3.93766
3 3.559
4 3.98026
5 4.60087
6 3.64381
7 2.61306
8 39.7741
9 5.43241
10 2.94074
11 13.0525
12 3.06818
13 8.14715
14 2.72035
15 14.2344
16 2.47101
17 2.62021
18 11.5816
19 2.90713
20 1.31752
21 3.27899
22 2.90056
23 3.38122
24 3.22659
25 3.26526
26 3.2016
27 3.18652
28 3.14711
29 2.96686
"[DEBUG]index 25 centroid... "
0 4.3825
1 4.17811
2 3.82917
3 3.20554
4 4.02382
5 4.1861
6 3.39252
7 2.33963
8 40.0447
9 5.29211
10 16.3298
11 2.73171
12 1.64641
13 1.42405
14 3.02346
15 2.82671
16 1.19799
17 3.38675
18 3.27823
19 1.08231
20 2.7661
21 2.67652
22 1.075
23 3.13914
24 3.09885
25 3.01101
26 2.84726
27 2.8945
28 2.80444
29 3.00227
"[DEBUG]index 26 centroid... "
0 3.81605
1 4.07531
2 3.26914
3 3.63457
4 4.02222
5 4.25556
6 3.39753
7 2.05802
8 19.321
9 5.99259
10 2.50988
11 1.43827
12 3.48272
13 11.3605
14 2.25062
15 0.941975
16 0.816049
17 1.35556
18 3.20988
19 1.98025
20 12.0444
21 1.99383
22 10.8333
23 3.19753
24 3.69012
25 3.27901
26 3.50123
27 3.70617
28 3.75185
29 3.44568
"[DEBUG]index 27 centroid... "
0 2.44784
1 2.43071
2 2.36311
3 2.1502
4 2.02906
5 2.64056
6 2.20434
7 2.19486
8 12.6797
9 3.25145
10 10.7146
11 11.572
12 3.84215
13 1.9327
14 5.85837
15 2.171
16 4.16213
17 7
18 26.9006
19 8.38085
20 4.62129
21 2.34292
22 5.78984
23 2.10064
24 2.12481
25 2.34017
26 2.48578
27 2.37229
28 2.40196
29 2.1398
"[DEBUG]index 28 centroid... "
0 3.13565
1 3.47937
2 3.33996
3 2.87549
4 3.40801
5 3.49322
6 2.85336
7 2.23517
8 24.2358
9 4.95242
10 8.73065
11 7.52198
12 5.75971
13 29.6173
14 4.68187
15 1.98389
16 8.02544
17 2.49849
18 7.20039
19 2.48479
20 9.12737
21 2.07016
22 8.40319
23 2.80939
24 2.92216
25 2.84809
26 2.99398
27 2.8797
28 2.83439
29 2.68835
"[DEBUG]index 29 centroid... "
0 3.4777
1 3.22445
2 3.08536
3 2.73743
4 3.18147
5 4.02737
6 3.46715
7 3.90998
8 24.9929
9 3.42437
10 23.9633
11 5.51176
12 3.19323
13 3.65105
14 7.41261
15 3.7717
16 26.9323
17 6.51257
18 2.94424
19 6.66079
20 7.67924
21 2.11294
22 1.35848
23 3.46431
24 2.89801
25 2.56975
26 2.76805
27 2.70945
28 2.75669
29 2.7129
"[DEBUG]index 30 centroid... "
0 3.15419
1 3.15705
2 2.8203
3 2.71846
4 3.12768
5 3.49094
6 2.99128
7 1.89178
8 25.4471
9 5.80419
10 2.67903
11 1.47148
12 3.575
13 1.29765
14 2.78859
15 0.928523
16 2.8797
17 11.5154
18 2.01577
19 9.91846
20 8.78406
21 1.80034
22 11.0507
23 3.0005
24 2.93876
25 3.4703
26 3.4802
27 3.40084
28 3.30352
29 3.28171
"[DEBUG]index 31 centroid... "
0 4.91579
1 4.53986
2 4.36332
3 3.93567
4 4.5902
5 4.6044
6 3.83352
7 2.36824
8 44.2951
9 6.22452
10 4.0833
11 3.56229
12 18.9786
13 2.23883
14 1.38281
15 3.72273
16 3.1784
17 1.53658
18 3.24731
19 1.62557
20 3.34353
21 2.91049
22 1.49925
23 3.54583
24 3.46025
25 3.1474
26 3.16151
27 3.33538
28 3.21366
29 3.25568
"[DEBUG]index 32 centroid... "
0 2.5869
1 2.44982
2 2.30722
3 2.28947
4 2.27295
5 3.00061
6 2.87821
7 1.91187
8 16.6561
9 3.33109
10 2.03244
11 1.32313
12 1.39535
13 2.05202
14 3.55263
15 16.7313
16 13.3311
17 4.80416
18 6.57834
19 1.94614
20 6.10649
21 5.27295
22 1.94982
23 2.65667
24 3.10588
25 2.70747
26 2.50061
27 2.57038
28 2.31824
29 2.25887
"[DEBUG]index 33 centroid... "
0 3.37097
1 3.16007
2 3.13475
3 2.78716
4 2.87955
5 3.07255
6 3.0434
7 1.95946
8 24.4145
9 3.66275
10 27.4186
11 4.40822
12 2.49477
13 3.13451
14 2.66452
15 1.12167
16 1.36336
17 1.10858
18 2.68819
19 6.21716
20 1.8199
21 6.54145
22 2.25441
23 2.68034
24 2.54467
25 2.46123
26 2.27389
27 2.37918
28 2.50408
29 2.38357
"[DEBUG]index 34 centroid... "
0 3.39912
1 3.42402
2 3.25912
3 3.16343
4 3.63371
5 4.22104
6 3.5252
7 2.28122
8 24.8551
9 4.25912
10 3.04846
11 2.07067
12 2.98108
13 5.11217
14 29.3061
15 4.68815
16 2.38386
17 9.5711
18 2.96668
19 1.34688
20 3.12889
21 2.5213
22 7.373
23 3.20481
24 3.32882
25 3.37019
26 3.22605
27 3.25741
28 2.91456
29 2.90638
"[DEBUG]index 35 centroid... "
0 3.08017
1 2.99734
2 3.04787
3 2.56117
4 2.8864
5 2.8617
6 2.63184
7 1.67287
8 21.4742
9 4.68579
10 6.81858
11 5.00152
12 24.2743
13 4.12804
14 2.10163
15 6.13811
16 2.34328
17 7.56934
18 2.33378
19 7.26007
20 4.43541
21 20.8526
22 5.38032
23 2.84612
24 3.31364
25 3.08948
26 2.69244
27 2.64647
28 2.67648
29 2.57998
"[DEBUG]index 36 centroid... "
0 3.81744
1 3.51614
2 3.53179
3 3.04235
4 2.93964
5 3.9307
6 3.4071
7 2.31769
8 18.0689
9 21.8892
10 5.80241
11 2.28154
12 10.4293
13 2.38723
14 1.1073
15 1.28055
16 2.53974
17 2.33843
18 1.22119
19 2.99938
20 1.18716
21 2.18517
22 6.52024
23 2.09563
24 2.54769
25 2.58371
26 2.61463
27 2.36562
28 2.38152
29 2.49963
"[DEBUG]index 37 centroid... "
0 3.49325
1 3.62264
2 3.18684
3 2.95427
4 3.31946
5 3.86247
6 3.43109
7 2.33198
8 26.4238
9 5.18503
10 2.69599
11 3.19081
12 2.95025
13 2.91399
14 8.63991
15 2.69948
16 5.22506
17 28.6092
18 5.24062
19 2.65394
20 1.83965
21 3.03646
22 1.3675
23 2.98317
24 2.89299
25 3.02993
26 2.99323
27 2.945
28 2.7872
29 2.62936
"[DEBUG]index 38 centroid... "
0 3.82841
1 3.92809
2 3.49357
3 3.40956
4 4.1216
5 4.29608
6 3.96397
7 2.43015
8 32.4924
9 5.23017
10 2.76819
11 1.85773
12 4.01747
13 1.22923
14 2.64114
15 15.6248
16 2.59278
17 2.6714
18 12.5883
19 3.49653
20 1.33515
21 2.88956
22 11.9812
23 2.9947
24 3.80282
25 4.16762
26 4.09867
27 3.61165
28 3.62335
29 3.35442
"[DEBUG]index 39 centroid... "
0 3.24526
1 3.50076
2 3.28951
3 2.92889
4 3.4408
5 3.67056
6 3.02653
7 2.16928
8 27.0599
9 5.10152
10 3.07656
11 8.28787
12 2.77924
13 7.36483
14 2.17795
15 8.41145
16 8.82041
17 3.02022
18 5.20658
19 32.1871
20 5.12555
21 2.60615
22 3.35505
23 3.74595
24 3.02285
25 3.08838
26 3.04288
27 3.24256
28 3.11747
29 2.91043
"[DEBUG]index 40 centroid... "
0 6.29388
1 6.67874
2 5.99678
3 5.83655
4 6.19887
5 6.27053
6 4.79388
7 3.57729
8 20.7907
9 7.54831
10 2.57005
11 13.5032
12 3.28502
13 3.08052
14 3.96618
15 1.69002
16 0.671498
17 1.27214
18 1.40741
19 3.53301
20 1.09018
21 0.706119
22 1.3132
23 3.59179
24 3.062
25 3.22142
26 3.47987
27 3.53865
28 3.78019
29 3.58696
"[DEBUG]index 41 centroid... "
0 2.65472
1 3.1196
2 2.91282
3 2.75221
4 2.40668
5 2.81324
6 3.01363
7 2.01179
8 8.87463
9 21.4823
10 4.58534
11 22.4185
12 8.08706
13 3.57674
14 4.39944
15 3.99361
16 1.8987
17 1.27186
18 1.77947
19 1.76916
20 3.21427
21 1.70776
22 0.98195
23 1.94143
24 1.83669
25 1.56176
26 1.67817
27 1.77677
28 1.68468
29 1.6568
"[DEBUG]index 42 centroid... "
0 3.60683
1 3.74808
2 3.28869
3 2.88032
4 2.96005
5 3.71412
6 3.37329
7 2.22847
8 18.8404
9 22.2964
10 5.39524
11 2.48471
12 9.52898
13 2.16001
14 2.55224
15 1.3324
16 2.33427
17 8.75971
18 6.84656
19 1.93491
20 8.6933
21 2.51397
22 1.15813
23 2.99306
24 2.61658
25 2.26881
26 2.60439
27 2.8777
28 2.60495
29 2.45207
"[DEBUG]index 43 centroid... "
0 4.19457
1 4.13451
2 4.18664
3 3.84453
4 4.5825
5 4.98038
6 4.35971
7 2.76001
8 31.2471
9 4.89102
10 3.03185
11 4.22279
12 1.47366
13 2.85797
14 14.9011
15 2.65977
16 1.50524
17 1.75598
18 1.65103
19 4.03104
20 1.20881
21 2.65533
22 11.7902
23 3.43899
24 3.87799
25 4.20787
26 4.0219
27 3.39062
28 3.37906
29 3.50336
"[DEBUG]index 44 centroid... "
0 3.1623
1 3.32445
2 3.05655
3 2.51562
4 2.87645
5 3.27533
6 2.74199
7 1.83153
8 29.8031
9 4.38219
10 10.6464
11 2.81808
12 1.37428
13 3.30452
14 1.25643
15 2.45337
16 2.01076
17 12.4594
18 2.07949
19 9.84679
20 2.01289
21 10.0776
22 2.13138
23 2.8918
24 2.85779
25 3.06423
26 2.84513
27 2.95626
28 3.05038
29 2.97959
"[DEBUG]index 45 centroid... "
0 3.23689
1 3.39587
2 3.19952
3 2.77109
4 3.18261
5 3.6464
6 2.96859
7 1.9171
8 31.9817
9 4.60989
10 12.4903
11 2.67848
12 2.87906
13 10.2278
14 1.82181
15 8.99462
16 2.74736
17 3.06013
18 1.34947
19 2.71892
20 10.5012
21 1.90375
22 10.5064
23 3.25245
24 3.55908
25 3.38626
26 3.13477
27 2.97474
28 2.96695
29 2.95043
"[DEBUG]index 46 centroid... "
0 3.93236
1 3.85728
2 3.77701
3 3.48817
4 4.24666
5 4.41107
6 3.58669
7 2.01263
8 40.2966
9 6.14421
10 3.66061
11 3.85061
12 13.5504
13 1.88868
14 13.0724
15 3.11737
16 1.54829
17 3.58559
18 11.8394
19 2.64008
20 2.7436
21 11.4264
22 2.90513
23 3.77423
24 3.98142
25 3.73952
26 3.39569
27 3.59378
28 3.5176
29 3.41813
"[DEBUG]index 47 centroid... "
0 3.64175
1 3.63307
2 3.44778
3 3.09554
4 3.47144
5 3.97699
6 3.38516
7 2.39323
8 34.2171
9 5.05307
10 2.73802
11 11.1381
12 3.29429
13 1.36675
14 3.25623
15 2.6614
16 11.7705
17 2.52223
18 13.2736
19 2.32818
20 11.4123
21 2.56962
22 2.94219
23 3.41819
24 3.51083
25 3.02456
26 3.33115
27 3.26868
28 3.34866
29 3.00857
"[DEBUG]index 48 centroid... "
0 3.23468
1 3.28664
2 3.05521
3 2.79039
4 3.74432
5 3.83509
6 3.33357
7 2.18971
8 53.8571
9 4.47136
10 3.33025
11 3.15503
12 3.23741
13 7.85927
14 2.49906
15 2.28835
16 8.92191
17 2.83011
18 2.85582
19 2.97107
20 2.42581
21 7.40545
22 2.40161
23 2.91194
24 3.0968
25 2.96925
26 2.75508
27 2.78446
28 2.76495
29 2.69259
"[DEBUG]index 49 centroid... "
0 4.68316
1 4.69392
2 4.6837
3 4.47875
4 5.22647
5 5.03819
6 4.82302
7 2.63583
8 27.3696
9 4.766
10 2.46369
11 1.67671
12 3.63206
13 1.99193
14 14.6729
15 1.99139
16 3.57988
17 1.53147
18 0.703604
19 1.04895
20 3.09683
21 2.70845
22 0.845616
23 4.25551
24 3.766
25 3.28133
26 3.48574
27 3.36148
28 3.33674
29 3.16299
"[DEBUG]index 50 centroid... "
0 3.87354
1 3.96685
2 3.84821
3 3.44917
4 3.8769
5 4.42639
6 3.53263
7 2.28805
8 37.5144
9 5.79831
10 2.68859
11 11.6727
12 12.5887
13 2.03727
14 11.1495
15 2.98279
16 2.38466
17 11.1812
18 2.78104
19 3.48366
20 1.62264
21 2.86478
22 10.4059
23 2.98012
24 3.44604
25 3.67161
26 3.70053
27 3.27431
28 3.18199
29 3.24452
"[DEBUG]index 51 centroid... "
0 3.2819
1 3.25172
2 3.29016
3 2.73484
4 3.24174
5 3.61631
6 3.17766
7 2.03484
8 32.5601
9 4.03032
10 12.1856
11 3.01121
12 1.53851
13 2.72601
14 11.1203
15 2.02364
16 2.9528
17 2.55445
18 12.9787
19 2.1717
20 10.1379
21 2.04691
22 11.0711
23 2.85065
24 3.37514
25 3.14102
26 3.43621
27 3.03427
28 3.16164
29 2.91336
"[DEBUG]index 52 centroid... "
0 5.14666
1 5.24712
2 4.51825
3 4.22332
4 4.95824
5 5.16637
6 4.4991
7 3.23123
8 33.5212
9 6.35139
10 2.83509
11 15.5047
12 3.85653
13 1.38393
14 4.24344
15 3.3525
16 13.0027
17 3.08103
18 1.44221
19 4.35611
20 1.30359
21 3.41092
22 1.32579
23 4.14645
24 3.89573
25 3.61433
26 3.74962
27 3.72298
28 3.5888
29 3.52227
"[DEBUG]index 53 centroid... "
0 4.16444
1 3.86444
2 3.02444
3 2.49111
4 3.62222
5 4.30667
6 2.93556
7 1.91778
8 15.7689
9 4.50889
10 2.55111
11 1.34
12 0.666667
13 0.646667
14 0.933333
15 3.18444
16 1.01778
17 1.42667
18 2.52222
19 5.06222
20 16.6733
21 6.04889
22 2.36667
23 3.65556
24 4.21556
25 3.41111
26 3.46667
27 3.19111
28 3.87111
29 3.32444
"[DEBUG]index 54 centroid... "
0 6.75355
1 6.43602
2 5.68246
3 6.98578
4 7.66351
5 6.75829
6 5.51185
7 4.10427
8 18.2654
9 6.91943
10 2.31754
11 13.327
12 4.82938
13 1.50711
14 1.85308
15 5.53081
16 1.20853
17 1.80095
18 0.862559
19 0.658768
20 0.924171
21 1.69194
22 4.46446
23 4.10427
24 4.11374
25 3.96209
26 4.63033
27 3.36493
28 4.891
29 4.21801
"[DEBUG]index 55 centroid... "
0 3.30721
1 3.33755
2 3.28192
3 2.83186
4 2.58028
5 3.54741
6 2.80657
7 1.54488
8 16.6094
9 5.36157
10 1.97724
11 8.16308
12 7.79014
13 1.82427
14 1.09987
15 3.06448
16 1.1732
17 0.63464
18 1.1201
19 2.68394
20 6.00253
21 17.3906
22 5.69406
23 3.18205
24 3.88496
25 3.45512
26 3.10619
27 3.38306
28 2.97977
29 3.19343
"[DEBUG]index 56 centroid... "
0 4.37852
1 4.50677
2 4.10329
3 3.91755
4 4.20061
5 4.87201
6 3.74748
7 2.72371
8 30.8522
9 5.9769
10 3.10701
11 12.7407
12 2.66237
13 12.6942
14 3.16609
15 2.4384
16 9.96814
17 13.7082
18 2.22809
19 1.52602
20 3.79833
21 1.27058
22 3.19437
23 3.43216
24 3.18189
25 3.5632
26 3.50372
27 3.22398
28 3.15454
29 3.05603
"[DEBUG]index 57 centroid... "
0 2.35347
1 2.25082
2 2.21749
3 2.01904
4 1.81999
5 2.42279
6 2.75841
7 1.88634
8 8.41238
9 21.961
10 6.83249
11 3.78042
12 2.58197
13 1.20678
14 1.65189
15 2.98959
16 12.7935
17 2.68075
18 5.11901
19 1.95269
20 0.999107
21 1.72984
22 4.04165
23 1.55727
24 1.94228
25 2.02648
26 2.11931
27 1.99792
28 1.87355
29 1.75573
"[DEBUG]index 58 centroid... "
0 3.93744
1 3.68735
2 3.50457
3 3.42729
4 3.96449
5 4.31028
6 3.88823
7 2.38519
8 28.4077
9 5.4327
10 3.27207
11 1.27579
12 3.40751
13 9.30724
14 2.21559
15 11.2929
16 12.0918
17 2.16165
18 13.6464
19 2.40971
20 3.03027
21 1.23165
22 2.94944
23 3.37098
24 3.64339
25 3.38417
26 3.65539
27 3.3392
28 3.32178
29 3.26175
"[DEBUG]index 59 centroid... "
0 3.37651
1 3.20582
2 3.02746
3 2.8859
4 3.1571
5 3.40911
6 3.05947
7 1.58564
8 26.4638
9 5.05079
10 3.17192
11 3.25224
12 10.8632
13 2.4348
14 7.19832
15 2.30457
16 9.42387
17 3.35584
18 3.0906
19 5.00614
20 29.4338
21 5.63909
22 3.00768
23 3.83936
24 3.85152
25 2.92588
26 3.11777
27 3.15184
28 3.26671
29 2.7536
"[DEBUG]index 60 centroid... "
0 2.75
1 2.84435
2 2.79507
3 2.90204
4 3.05409
5 3.08053
6 2.94832
7 2.25962
8 14.4147
9 3.48257
10 16.1833
11 4.29868
12 4.55288
13 15.6935
14 3.45553
15 15.988
16 3.6863
17 5.52224
18 2.33894
19 1.41406
20 1.04928
21 2.06791
22 4.63341
23 2.23498
24 2.21034
25 2.36298
26 2.49339
27 2.31671
28 2.1238
29 1.97536
"[DEBUG]index 61 centroid... "
0 2.94154
1 2.91678
2 2.55433
3 2.74301
4 2.92091
5 3.13801
6 2.91357
7 1.8879
8 18.2657
9 5.00894
10 3.04379
11 1.85672
12 3.16735
13 7.56006
14 2.59124
15 1.44956
16 3.44177
17 2.56304
18 5.02843
19 23.052
20 3.54264
21 21.6965
22 5.7006
23 3.16804
24 3.51123
25 3.21939
26 3.08093
27 3.36039
28 3.38835
29 3.18684
"[DEBUG]index 62 centroid... "
0 4.05116
1 3.71603
2 3.64371
3 3.35781
4 4.07994
5 4.12358
6 3.86229
7 2.42952
8 29.5769
9 5.03346
10 2.60049
11 1.77878
12 4.26902
13 1.09113
14 2.42219
15 14.5783
16 2.49085
17 10.875
18 2.25153
19 12.6748
20 2.4049
21 1.38782
22 1.43175
23 3.93165
24 3.23362
25 3.47284
26 3.5176
27 3.90622
28 3.49074
29 3.27533
"[DEBUG]index 63 centroid... "
0 1.91055
1 1.96516
2 1.97552
3 1.758
4 1.90772
5 2.59228
6 2.42467
7 1.80697
8 8.70151
9 3.69492
10 2.37665
11 1.9275
12 4.66667
13 4.1855
14 2.10546
15 3.48682
16 8.32674
17 18.6205
18 12.806
19 13.5028
20 18.6667
21 6.92561
22 4.01601
23 2.61299
24 2.45763
25 2.20056
26 2.52542
27 3.00942
28 2.86252
29 2.4548
"[DEBUG]index 64 centroid... "
0 3.26509
1 3.28913
2 3.22731
3 2.86261
4 3.16442
5 3.41683
6 2.8134
7 2.0666
8 36.9674
9 4.64407
10 11.0531
11 2.66957
12 14.0531
13 2.37386
14 2.39664
15 9.306
16 2.23567
17 9.26801
18 9.61399
19 2.38522
20 10.5925
21 2.33761
22 9.81426
23 2.93811
24 3.24949
25 3.34179
26 3.50282
27 3.12046
28 3.10764
29 2.97829
"[DEBUG]index 65 centroid... "
0 3.20614
1 2.91161
2 2.95392
3 2.63164
4 2.63945
5 3.28968
6 3.03503
7 1.96901
8 19.5802
9 3.06818
10 21.6025
11 4.0318
12 2.68849
13 1.46888
14 2.12423
15 7.97898
16 2.07518
17 1.08704
18 1.52331
19 1.3495
20 1.91889
21 5.45352
22 6.38588
23 2.16006
24 2.76772
25 2.86473
26 2.44355
27 2.16572
28 2.37941
29 2.28267
"[DEBUG]index 66 centroid... "
0 3.43241
1 3.23758
2 3.2798
3 2.82483
4 3.41078
5 3.24544
6 2.90888
7 1.96696
8 34.4155
9 4.34037
10 12.3115
11 2.50269
12 13.2424
13 2.20362
14 9.62056
15 2.17281
16 10.3818
17 2.04891
18 10.6283
19 10.4529
20 2.18841
21 8.11958
22 11.1027
23 2.67549
24 3.46139
25 3.42992
26 3.2718
27 3.06267
28 3.32293
29 2.96893
"[DEBUG]index 67 centroid... "
0 3.81746
1 3.92778
2 3.3
3 3.03968
4 3.15079
5 3.44603
6 3.43492
7 2.02937
8 17.0849
9 5.64286
10 2.17857
11 10.0952
12 2.63571
13 0.813492
14 0.713492
15 1.38333
16 2.69841
17 2.64524
18 5.29048
19 19.0643
20 5.42302
21 2.79841
22 1.29206
23 3.8746
24 2.9119
25 2.65794
26 3.45079
27 3.52143
28 3.27381
29 3.08095
"[DEBUG]index 68 centroid... "
0 3.80217
1 3.71369
2 3.55178
3 3.45755
4 3.64045
5 3.58195
6 3.08219
7 1.98525
8 29.4752
9 5.98994
10 3.47041
11 5.97109
12 33.8665
13 4.29588
14 2.71219
15 3.139
16 7.76325
17 6.88735
18 2.13542
19 7.32489
20 2.87676
21 2.88469
22 1.65137
23 3.36888
24 2.86105
25 2.82068
26 2.8012
27 2.89267
28 2.86183
29 2.62043
"[DEBUG]index 69 centroid... "
0 2.65091
1 3.18424
2 2.95758
3 2.42242
4 3.06727
5 3.10424
6 2.98727
7 2.66303
8 16.8236
9 3.55333
10 17.9558
11 5.13455
12 2.90061
13 5.57212
14 4.08909
15 17.957
16 4.02303
17 4.84788
18 20.3261
19 5.49576
20 4.16182
21 19.1939
22 5.36303
23 2.95212
24 3.42788
25 3.35273
26 2.95212
27 2.98364
28 2.88242
29 2.72121
"[DEBUG]index 70 centroid... "
0 3.02834
1 2.94529
2 2.76421
3 2.64873
4 2.45158
5 3.18912
6 2.88862
7 2.00773
8 17.0973
9 20.6574
10 5.83058
11 2.35627
12 2.28019
13 7.50265
14 1.53917
15 2.25837
16 1.15805
17 2.01864
18 6.24792
19 6.14396
20 1.90211
21 1.03273
22 2.32187
23 2.27898
24 1.99576
25 2.00985
26 2.25186
27 2.16351
28 2.18806
29 2.05516
"[DEBUG]index 71 centroid... "
0 3.58894
1 3.57402
2 3.31951
3 3.05416
4 3.79385
5 3.96641
6 3.55576
7 2.14443
8 36.4288
9 4.78311
10 2.76933
11 3.24988
12 3.88687
13 1.14944
14 3.10225
15 1.09694
16 2.96934
17 1.1636
18 3.27134
19 1.35295
20 2.77438
21 1.94185
22 13.0801
23 2.49298
24 3.22254
25 3.29232
26 3.48239
27 2.88201
28 3.05724
29 2.99092
"[DEBUG]index 72 centroid... "
0 4.50366
1 4.02968
2 4.03139
3 3.50733
4 4.2969
5 3.9277
6 3.72667
7 2.23913
8 31.8874
9 4.61212
10 13.2484
11 2.6821
12 14.7059
13 2.18087
14 10.3169
15 9.49927
16 2.76197
17 1.23815
18 2.93332
19 1.20127
20 2.82694
21 1.01405
22 2.76331
23 3.15816
24 2.93552
25 2.82096
26 2.89411
27 2.81265
28 2.77711
29 2.64753
"[DEBUG]index 73 centroid... "
0 3.0632
1 2.7917
2 2.93381
3 2.68175
4 2.77337
5 2.74907
6 2.71279
7 2.01197
8 16.2973
9 2.58751
10 17.8957
11 5.54862
12 2.74196
13 4.76178
14 18.8048
15 3.53291
16 2.33171
17 1.90015
18 2.53328
19 4.14024
20 15.5639
21 4.26365
22 2.35826
23 3.08527
24 2.99738
25 2.62902
26 2.51795
27 2.6279
28 2.592
29 2.41174
"[DEBUG]index 74 centroid... "
0 2.90228
1 3.00505
2 2.91069
3 2.62406
4 2.72614
5 2.81129
6 2.23535
7 2.2297
8 16.4203
9 3.38574
10 8.00842
11 28.2718
12 8.76752
13 3.6296
14 2.68149
15 1.50584
16 1.21049
17 1.77069
18 4.51861
19 2.03465
20 1.28941
21 2.09089
22 4.28901
23 1.87921
24 1.9697
25 2.1102
26 2.12287
27 2.08129
28 2.04198
29 2.04812
"[DEBUG]index 75 centroid... "
0 4.25627
1 4.12881
2 4.09559
3 3.48407
4 4.13085
5 4.95186
6 3.85695
7 2.2461
8 22.5742
9 6.77288
10 2.33559
11 1.42034
12 4.65356
13 1.34102
14 0.835932
15 1.29559
16 2.08136
17 12.7905
18 2.76136
19 1.17966
20 3.37085
21 12.362
22 2.23864
23 3.83186
24 4.05017
25 4.12542
26 4.05695
27 4.00746
28 3.83864
29 4.28881
"[DEBUG]index 76 centroid... "
0 6.71457
1 4.66209
2 3.57185
3 4.3899
4 4.05934
5 3.6768
6 3.33252
7 2.86513
8 15.897
9 4.61108
10 3.25699
11 4.87837
12 15.9946
13 3.84061
14 9.09122
15 32.6582
16 8.54389
17 4.40363
18 3.49681
19 2.54193
20 1.26042
21 0.744483
22 1.25454
23 2.28838
24 2.34821
25 2.3026
26 2.41
27 2.33595
28 2.26484
29 2.23198
"[DEBUG]index 77 centroid... "
0 3.50294
1 3.60823
2 3.54043
3 3.39512
4 3.70987
5 4.44406
6 3.50375
7 2.64846
8 37.3716
9 5.4394
10 2.63012
11 13.883
12 3.34789
13 2.27969
14 10.8422
15 10.6985
16 2.51895
17 12.3292
18 2.76925
19 11.9407
20 9.85428
21 2.31881
22 11.4265
23 3.80391
24 3.55381
25 3.82489
26 3.70572
27 3.53709
28 3.64674
29 3.39572
"[DEBUG]index 78 centroid... "
0 2.30905
1 2.35071
2 2.57273
3 2.42296
4 2.63244
5 2.68324
6 2.2408
7 1.7292
8 12.4616
9 4.48781
10 2.48858
11 5.16633
12 8.69962
13 31.1666
14 6.95022
15 3.91663
16 2.17697
17 5.31012
18 1.74946
19 1.91316
20 1.93091
21 4.515
22 1.87204
23 2.16226
24 2.13878
25 2.03699
26 1.85901
27 1.90133
28 1.90222
29 1.77032
"[DEBUG]index 79 centroid... "
0 4.38294
1 4.20751
2 3.68396
3 3.69215
4 3.83276
5 3.76314
6 3.49761
7 1.98294
8 23.3904
9 5.67509
10 2.55222
11 3.05256
12 0.902389
13 3.00614
14 1.03413
15 0.477816
16 0.901706
17 2.33311
18 12.1932
19 2.09966
20 3.07918
21 2.70785
22 2.42526
23 3.37474
24 3.44573
25 3.25529
26 3.13447
27 3.41229
28 3.35768
29 3.42662
"[DEBUG]index 80 centroid... "
0 5.31014
1 5.20485
2 4.71129
3 4.36777
4 5.19733
5 5.33694
6 4.36646
7 2.64445
8 30.5966
9 6.55542
10 3.93936
11 1.64501
12 3.42531
13 14.2951
14 2.91276
15 2.87402
16 1.13077
17 4.07878
18 3.19338
19 1.17383
20 1.20654
21 2.88305
22 1.13857
23 3.77296
24 3.3673
25 3.40369
26 3.29886
27 3.5526
28 3.4883
29 3.24415
"[DEBUG]index 81 centroid... "
0 3.65736
1 3.77488
2 3.55561
3 3.17627
4 3.69518
5 3.61864
6 3.74629
7 2.33724
8 20.7681
9 6.00158
10 3.48514
11 3.23503
12 4.96263
13 22.6301
14 5.51103
15 3.02476
16 3.57249
17 5.69788
18 24.9802
19 4.85457
20 2.70982
21 3.55538
22 1.68595
23 3.22377
24 3.32575
25 2.75552
26 3.06101
27 3.34264
28 3.11189
29 2.84984
"[DEBUG]index 82 centroid... "
0 3.84454
1 3.84257
2 3.53363
3 2.9364
4 3.79791
5 4.01018
6 3.48785
7 2.23347
8 31.6563
9 4.355
10 12.5331
11 2.87931
12 1.50028
13 2.69531
14 10.944
15 10.225
16 2.63002
17 2.84257
18 11.4862
19 9.93499
20 1.95986
21 3.2281
22 1.17665
23 3.87648
24 2.93838
25 3.04127
26 3.20605
27 3.33296
28 3.10147
29 3.05653
"[DEBUG]index 83 centroid... "
0 4.9669
1 4.6705
2 4.2933
3 3.87093
4 5.75187
5 5.8191
6 4.5466
7 2.92564
8 34.5313
9 6.00517
10 3.94391
11 1.66107
12 5.44409
13 1.92851
14 1.39685
15 2.91794
16 17.5914
17 3.56166
18 1.94483
19 3.59913
20 15.6073
21 2.88714
22 1.56672
23 4.8545
24 4.88036
25 4.54994
26 3.99759
27 6.5158
28 4.50454
29 4.75256
"[DEBUG]index 84 centroid... "
0 6.3253
1 5.73861
2 4.96824
3 5.10754
4 4.93839
5 5.41179
6 4.67279
7 3.15997
8 23.0126
9 5.24072
10 13.9258
11 2.94068
12 1.55262
13 4.84883
14 1.36931
15 1.30578
16 4.48909
17 0.96173
18 3.46843
19 1.37926
20 0.706468
21 1.27899
22 1.34788
23 3.4114
24 3.16954
25 3.15078
26 3.40031
27 3.36242
28 3.35744
29 3.42518
"[DEBUG]index 85 centroid... "
0 2.10991
1 2.14202
2 2.02133
3 1.93907
4 1.60769
5 2.39559
6 2.42395
7 1.75229
8 8.64401
9 19.4141
10 6.76705
11 4.21983
12 2.05086
13 1.00844
14 1.89266
15 0.760487
16 1.49824
17 4.34005
18 2.05953
19 1.7019
20 3.43379
21 10.0241
22 3.00703
23 1.8465
24 2.11577
25 2.06492
26 1.78135
27 1.88915
28 1.81017
29 1.80689
"[DEBUG]index 86 centroid... "
0 4.84403
1 4.78914
2 4.19117
3 3.97848
4 5.19786
5 5.02077
6 4.36478
7 2.81741
8 42.5653
9 5.80942
10 2.6529
11 1.61175
12 1.31775
13 2.4202
14 1.05431
15 3.00091
16 0.98869
17 3.29556
18 1.00068
19 2.80246
20 2.34847
21 0.833306
22 2.56147
23 2.96246
24 2.75033
25 2.96204
26 3.08925
27 3.21622
28 3.16188
29 3.26549
"[DEBUG]index 87 centroid... "
0 3.46837
1 3.33903
2 3.38773
3 3.16066
4 3.39247
5 3.58602
6 2.88267
7 1.78716
8 25.8703
9 5.42884
10 2.32859
11 10.6689
12 11.2002
13 9.92125
14 2.2783
15 1.03479
16 2.94687
17 2.90544
18 2.97881
19 1.12207
20 2.73308
21 9.94908
22 9.95889
23 2.72454
24 3.33966
25 3.68121
26 2.93295
27 2.85579
28 3.07527
29 3.04712
"[DEBUG]index 88 centroid... "
0 3.86494
1 3.99739
2 3.68424
3 3.10964
4 3.41464
5 3.64018
6 3.66788
7 2.46438
8 27.1336
9 4.15775
10 30.2487
11 4.47481
12 2.86096
13 2.05352
14 3.65993
15 1.38746
16 3.10286
17 9.57891
18 2.40806
19 7.37514
20 3.19353
21 1.30715
22 3.18376
23 2.99452
24 2.70739
25 2.94609
26 3.11851
27 3.00828
28 2.98664
29 2.76859
"[DEBUG]index 89 centroid... "
0 3.46167
1 3.18322
2 2.8853
3 2.81437
4 2.95427
5 4.31874
6 3.68639
7 2.51268
8 19.8464
9 24.3918
10 4.79852
11 2.75762
12 1.55207
13 2.60806
14 7.10655
15 1.64413
16 7.4351
17 3.07591
18 1.03864
19 2.43541
20 2.26532
21 0.823876
22 1.91247
23 2.28569
24 2.28011
25 2.18367
26 2.24072
27 2.07003
28 2.26321
29 2.1799
"[DEBUG]index 90 centroid... "
0 3.86404
1 3.82506
2 3.38553
3 3.01477
4 3.5896
5 3.56605
6 3.21831
7 2.04403
8 32.9242
9 4.00253
10 12.8883
11 2.20074
12 13.4149
13 2.21338
14 10.9365
15 1.87894
16 8.83531
17 10.1433
18 2.52148
19 1.33936
20 2.89624
21 9.11614
22 2.10789
23 3.21019
24 3.72449
25 3.49208
26 3.1015
27 3.17919
28 3.12292
29 2.9247
"[DEBUG]index 91 centroid... "
0 3.11579
1 3.2078
2 2.73633
3 2.90347
4 3.40086
5 3.70732
6 3.14765
7 2.15739
8 27.9881
9 4.3709
10 2.9572
11 1.55373
12 2.89182
13 10.1935
14 2.0504
15 11.5937
16 2.0737
17 13.6802
18 2.17951
19 11.5751
20 1.91108
21 9.15311
22 8.93676
23 3.10604
24 3.26748
25 3.73443
26 3.18165
27 3.51688
28 2.96148
29 3.1184
"[DEBUG]index 92 centroid... "
0 3.16032
1 3.19335
2 3.21336
3 2.92425
4 3.26372
5 3.75855
6 3.6487
7 2.50936
8 20.8788
9 4.13202
10 2.59791
11 7.04508
12 2.70013
13 4.66591
14 25.2134
15 3.59813
16 23.7197
17 4.3668
18 7.20077
19 2.915
20 2.87218
21 2.30762
22 6.01969
23 2.62643
24 3.15989
25 3.02841
26 2.9972
27 2.84259
28 2.72703
29 2.61857
"[DEBUG]index 93 centroid... "
0 3.20201
1 3.35437
2 3.26366
3 3.04547
4 3.09897
5 3.74132
6 3.00396
7 2.52754
8 21.3698
9 4.62165
10 4.2873
11 25.145
12 7.20394
13 2.43524
14 5.42439
15 24.7421
16 3.83079
17 2.4832
18 7.15847
19 2.66169
20 6.63567
21 2.35234
22 7.27633
23 3.30698
24 3.00882
25 3.14229
26 3.06334
27 2.90352
28 2.75942
29 2.59846
"[DEBUG]index 94 centroid... "
0 4.1975
1 4.15355
2 4.05954
3 3.70229
4 3.98394
5 4.23122
6 3.09307
7 2.45079
8 33.7402
9 4.66313
10 12.021
11 11.9868
12 2.41952
13 9.64594
14 12.6267
15 1.99408
16 1.33875
17 3.21779
18 2.75423
19 1.11965
20 2.40177
21 2.53897
22 2.27705
23 2.87566
24 2.67825
25 2.63204
26 2.6404
27 2.54621
28 2.48967
29 2.59485
"[DEBUG]index 95 centroid... "
0 3.90302
1 3.90748
2 3.23395
3 3.05973
4 3.59543
5 3.68538
6 3.33488
7 2.30364
8 28.2703
9 4.27343
10 13.4712
11 2.39821
12 1.48284
13 3.1368
14 1.20065
15 2.55784
16 12.3601
17 2.03639
18 10.19
19 9.96155
20 2.56952
21 1.40439
22 3.44628
23 3.36148
24 2.8989
25 3.32046
26 3.48129
27 3.28064
28 3.36646
29 3.05081
"[DEBUG]index 96 centroid... "
0 4.15552
1 3.92935
2 3.76226
3 3.45519
4 4.10022
5 4.26934
6 3.41467
7 2.13362
8 37.7298
9 5.6792
10 3.59307
11 3.53044
12 14.5802
13 7.77969
14 2.09533
15 12.4491
16 3.31502
17 1.42939
18 3.09952
19 13.3698
20 2.58219
21 2.61162
22 12.1928
23 3.80612
24 3.58372
25 3.79476
26 3.7117
27 3.54829
28 3.61594
29 3.34828
"[DEBUG]index 97 centroid... "
0 3.41486
1 3.5324
2 3.56505
3 3.11764
4 3.43772
5 3.85604
6 2.75403
7 2.29207
8 30.8213
9 5.44068
10 2.87078
11 14.0823
12 2.68556
13 9.84021
14 2.59711
15 2.83081
16 1.56308
17 3.30316
18 2.61621
19 13.3195
20 2.1684
21 9.52122
22 11.1137
23 3.20431
24 3.37944
25 3.67656
26 3.18255
27 3.20797
28 3.32957
29 3.18581
"[DEBUG]index 98 centroid... "
0 3.19292
1 3.4067
2 3.2514
3 3.38585
4 3.4257
5 4.09013
6 3.32998
7 2.88752
8 19.8443
9 4.88901
10 2.18585
11 7.70093
12 7.57169
13 1.89385
14 5.64097
15 24.5404
16 3.76052
17 17.889
18 18.0879
19 4.92886
20 6.5933
21 3.27337
22 1.55121
23 3.39516
24 3.27933
25 2.96089
26 3.29274
27 3.32849
28 2.946
29 2.78622
"[DEBUG]index 99 centroid... "
0 3.32643
1 3.33123
2 3.03789
3 2.78279
4 2.92032
5 3.2466
6 2.91827
7 1.96301
8 24.8919
9 5.57399
10 3.10998
11 2.95541
12 9.29339
13 2.33633
14 1.38772
15 3.5241
16 2.9976
17 5.22396
18 28.6132
19 5.18911
20 2.70001
21 8.70951
22 3.03229
23 2.83078
24 3.06039
25 3.2346
26 2.9972
27 3.21391
28 3.07314
29 3.02649
