"[DEBUG]index 0 centroid... "
0 0.115515
1 0.186951
2 0.402545
3 0.0725842
4 0.0853465
5 0.223089
6 0.214782
7 0.144376
8 0.0343267
9 -0.127921
10 0.124297
11 0.0921386
12 0.0312574
13 0.00778216
14 -0.102257
15 0.160891
16 0.113901
17 0.19205
18 0.149525
19 0.0226237
20 0.0918911
21 0.0515842
22 0.193406
23 0.140554
24 0.019802
25 0.164505
26 0.177881
27 0.107208
28 0.228416
29 0.230891
"[DEBUG]index 1 centroid... "
0 0.147092
1 0.219714
2 0.239143
3 0.169807
4 0.177454
5 0.226101
6 0.177882
7 0.109218
8 0.171126
9 0.155017
10 0.277891
11 0.180126
12 0.327462
13 0.295815
14 0.385412
15 0.291395
16 0.245798
17 0.333328
18 0.382756
19 0.360319
20 0.354504
21 0.386874
22 0.154966
23 0.167941
24 0.40337
25 0.343344
26 0.260286
27 0.247672
28 0.0795378
29 0.145571
"[DEBUG]index 2 centroid... "
0 0.254742
1 0.234891
2 0.283124
3 0.231779
4 0.240869
5 0.241281
6 0.274238
7 0.274739
8 0.180832
9 0.273744
10 0.29093
11 0.179751
12 0.258971
13 0.249495
14 0.22847
15 0.277635
16 0.247684
17 0.192732
18 0.112468
19 0.20834
20 0.283036
21 0.234611
22 0.222407
23 0.23521
24 0.220007
25 0.209952
26 0.268706
27 0.229466
28 0.290161
29 0.289655
"[DEBUG]index 3 centroid... "
0 0.255597
1 0.285952
2 0.223339
3 0.161306
4 -0.0145967
5 0.0960645
6 0.418097
7 0.408661
8 0.285855
9 0.320903
10 0.310855
11 0.333032
12 0.373484
13 0.215936
14 0.166726
15 0.0132742
16 0.357758
17 0.0972419
18 0.157048
19 0.295016
20 0.1965
21 0.195564
22 0.402613
23 0.28
24 0.323
25 0.0494516
26 0.265403
27 0.100887
28 0.0350968
29 0.188242
"[DEBUG]index 4 centroid... "
0 0.203455
1 0.193225
2 0.218236
3 0.250905
4 0.267213
5 0.207907
6 0.231333
7 0.24775
8 0.123031
9 0.200324
10 0.214485
11 0.217912
12 0.245747
13 0.231344
14 0.18827
15 0.208236
16 0.253128
17 0.263654
18 0.217329
19 0.287299
20 0.237333
21 0.157358
22 0.216147
23 0.237092
24 0.218567
25 0.230635
26 0.22571
27 0.214661
28 0.205478
29 0.185421
"[DEBUG]index 5 centroid... "
0 0.21965
1 0.22014
2 0.220394
3 0.219997
4 0.234803
5 0.224099
6 0.24822
7 0.261883
8 0.184669
9 0.204611
10 0.22254
11 0.213231
12 0.191669
13 0.251995
14 0.264082
15 0.231557
16 0.227434
17 0.252866
18 0.191016
19 0.158357
20 0.193152
21 0.251405
22 0.220395
23 0.249019
24 0.223235
25 0.216333
26 0.214215
27 0.227316
28 0.249182
29 0.232326
"[DEBUG]index 6 centroid... "
0 0.227659
1 0.193484
2 0.196501
3 0.21551
4 0.203697
5 0.201657
6 0.230603
7 0.21038
8 0.146792
9 0.190899
10 0.143696
11 0.118973
12 0.226485
13 0.191142
14 0.220399
15 0.178943
16 0.145667
17 0.175643
18 0.225939
19 0.234225
20 0.222679
21 0.192985
22 0.240202
23 0.244444
24 0.237932
25 0.246721
26 0.217592
27 0.251207
28 0.244536
29 0.218228
"[DEBUG]index 7 centroid... "
0 0.364578
1 0.319162
2 0.370611
3 0.316574
4 0.380551
5 0.34568
6 0.303475
7 0.312363
8 0.156521
9 0.206855
10 0.235739
11 0.259158
12 0.265647
13 0.256683
14 0.350422
15 0.277373
16 0.33967
17 0.165399
18 0.208776
19 0.340026
20 0.360182
21 0.262696
22 0.276287
23 0.373891
24 0.41733
25 0.461376
26 0.416858
27 0.401007
28 0.293478
29 0.305587
"[DEBUG]index 8 centroid... "
0 0.229357
1 0.220899
2 0.238974
3 0.239135
4 0.244485
5 0.215789
6 0.243017
7 0.213549
8 0.158776
9 0.206321
10 0.241517
11 0.248272
12 0.233747
13 0.21486
14 0.176543
15 0.146538
16 0.182014
17 0.186499
18 0.241354
19 0.261475
20 0.200374
21 0.260718
22 0.258468
23 0.21998
24 0.230224
25 0.227537
26 0.234255
27 0.240862
28 0.248402
29 0.24814
"[DEBUG]index 9 centroid... "
0 0.232552
1 0.26874
2 0.249502
3 0.258195
4 0.277726
5 0.241635
6 0.290868
7 0.245815
8 0.150472
9 0.226062
10 0.254522
11 0.232298
12 0.295896
13 0.286953
14 0.250255
15 0.246614
16 0.274085
17 0.299838
18 0.234386
19 0.224594
20 0.29145
21 0.297656
22 0.276488
23 0.2687
24 0.285223
25 0.237769
26 0.230019
27 0.250041
28 0.237173
29 0.263617
"[DEBUG]index 10 centroid... "
0 0.254988
1 0.261052
2 0.256504
3 0.258928
4 0.274332
5 0.2212
6 0.255767
7 0.249871
8 0.153375
9 0.208294
10 0.279635
11 0.288411
12 0.25978
13 0.2212
14 0.244865
15 0.261139
16 0.278096
17 0.239279
18 0.250504
19 0.279873
20 0.252722
21 0.22815
22 0.219897
23 0.235801
24 0.24482
25 0.212252
26 0.251596
27 0.239575
28 0.27903
29 0.25732
"[DEBUG]index 11 centroid... "
0 0.24395
1 0.214087
2 0.19378
3 0.212452
4 0.23854
5 0.228596
6 0.244187
7 0.224565
8 0.167986
9 0.197315
10 0.174364
11 0.204409
12 0.205922
13 0.218066
14 0.244932
15 0.220402
16 0.230753
17 0.218555
18 0.214823
19 0.192926
20 0.166992
21 0.214955
22 0.237827
23 0.234477
24 0.255604
25 0.23616
26 0.230837
27 0.213785
28 0.275408
29 0.244181
"[DEBUG]index 12 centroid... "
0 0.243683
1 0.229179
2 0.226911
3 0.237795
4 0.244446
5 0.230238
6 0.249436
7 0.241756
8 0.150279
9 0.199078
10 0.232936
11 0.240114
12 0.235849
13 0.23424
14 0.247527
15 0.201835
16 0.139728
17 0.233182
18 0.252914
19 0.212724
20 0.248176
21 0.239347
22 0.202059
23 0.226163
24 0.23602
25 0.219973
26 0.246412
27 0.245003
28 0.247177
29 0.233247
"[DEBUG]index 13 centroid... "
0 0.223239
1 0.182482
2 0.198443
3 0.191228
4 0.185947
5 0.18213
6 0.277806
7 0.190476
8 0.12581
9 0.0699049
10 0.0649419
11 0.087753
12 0.103351
13 0.169062
14 0.226974
15 0.190316
16 0.167062
17 0.145807
18 0.16244
19 0.168895
20 0.202764
21 0.249895
22 0.210338
23 0.191003
24 0.205166
25 0.238497
26 0.265803
27 0.243364
28 0.271876
29 0.228746
"[DEBUG]index 14 centroid... "
0 0.178895
1 0.191835
2 0.194402
3 0.242097
4 0.302041
5 0.303446
6 0.234772
7 0.201892
8 0.153373
9 0.223405
10 0.231151
11 0.24239
12 0.303091
13 0.219009
14 0.238168
15 0.218126
16 0.170609
17 0.233386
18 0.279917
19 0.188004
20 0.258249
21 0.213174
22 0.168523
23 0.172643
24 0.168438
25 0.179716
26 0.227473
27 0.2146
28 0.226818
29 0.220209
"[DEBUG]index 15 centroid... "
0 0.287404
1 0.240607
2 0.1901
3 0.22003
4 0.23934
5 0.246873
6 0.262289
7 0.284143
8 0.196224
9 0.136513
10 0.203604
11 0.218579
12 0.208336
13 0.188756
14 0.187178
15 0.226091
16 0.225268
17 0.205344
18 0.235239
19 0.19677
20 0.234779
21 0.216768
22 0.236594
23 0.255882
24 0.238423
25 0.258252
26 0.251297
27 0.265204
28 0.246286
29 0.260865
"[DEBUG]index 16 centroid... "
0 0.195579
1 0.1938
2 0.208817
3 0.220881
4 0.240063
5 0.192075
6 0.227889
7 0.199623
8 0.11927
9 0.171257
10 0.231357
11 0.220885
12 0.239345
13 0.207573
14 0.221467
15 0.249388
16 0.236985
17 0.277801
18 0.236512
19 0.170348
20 0.239679
21 0.230677
22 0.233663
23 0.245204
24 0.232923
25 0.222604
26 0.20852
27 0.208379
28 0.218552
29 0.215557
"[DEBUG]index 17 centroid... "
0 0.234816
1 0.220595
2 0.223963
3 0.235631
4 0.236087
5 0.215487
6 0.284696
7 0.275612
8 0.169388
9 0.276559
10 0.294131
11 0.190754
12 0.262669
13 0.285409
14 0.233115
15 0.226988
16 0.26451
17 0.248835
18 0.19122
19 0.268436
20 0.293355
21 0.202442
22 0.212165
23 0.285703
24 0.254347
25 0.233611
26 0.238194
27 0.22089
28 0.217235
29 0.244202
"[DEBUG]index 18 centroid... "
0 0.240352
1 0.242613
2 0.249059
3 0.23124
4 0.234144
5 0.23432
6 0.258047
7 0.224821
8 0.162214
9 0.237707
10 0.24948
11 0.209031
12 0.257352
13 0.231593
14 0.213238
15 0.27809
16 0.255314
17 0.17734
18 0.224247
19 0.274224
20 0.213271
21 0.191894
22 0.256943
23 0.261519
24 0.236337
25 0.248591
26 0.215173
27 0.219855
28 0.242697
29 0.249515
"[DEBUG]index 19 centroid... "
0 0.231244
1 0.225987
2 0.211383
3 0.2115
4 0.231089
5 0.226715
6 0.290497
7 0.235875
8 0.202327
9 0.230759
10 0.274436
11 0.208775
12 0.28698
13 0.235883
14 0.221772
15 0.207877
16 0.248126
17 0.206975
18 0.147079
19 0.205284
20 0.300971
21 0.237418
22 0.202125
23 0.221881
24 0.286268
25 0.192806
26 0.27228
27 0.242515
28 0.265808
29 0.250013
"[DEBUG]index 20 centroid... "
0 0.189073
1 0.252556
2 0.261437
3 0.17655
4 0.245945
5 0.153467
6 0.237278
7 0.248034
8 0.289407
9 0.174149
10 0.241908
11 0.250032
12 0.192968
13 0.241611
14 0.271402
15 0.314844
16 0.222124
17 0.214099
18 0.234791
19 0.22692
20 0.280883
21 0.299418
22 0.279219
23 0.213492
24 0.210708
25 0.323579
26 0.280129
27 0.186223
28 0.325678
29 0.208239
"[DEBUG]index 21 centroid... "
0 0.227717
1 0.224362
2 0.226711
3 0.237181
4 0.238068
5 0.212687
6 0.232158
7 0.213298
8 0.130954
9 0.206957
10 0.243675
11 0.18532
12 0.22366
13 0.235874
14 0.215332
15 0.235304
16 0.21801
17 0.217754
18 0.260883
19 0.243767
20 0.224709
21 0.258332
22 0.254373
23 0.248011
24 0.238789
25 0.242891
26 0.229331
27 0.221845
28 0.227343
29 0.233272
"[DEBUG]index 22 centroid... "
0 0.24944
1 0.249261
2 0.2314
3 0.253624
4 0.22902
5 0.217132
6 0.243118
7 0.225011
8 0.132618
9 0.187691
10 0.256193
11 0.201356
12 0.220982
13 0.258617
14 0.200687
15 0.146496
16 0.210828
17 0.255574
18 0.231655
19 0.25891
20 0.255322
21 0.215935
22 0.268875
23 0.247774
24 0.260416
25 0.244942
26 0.251721
27 0.2508
28 0.218706
29 0.246351
"[DEBUG]index 23 centroid... "
0 0.239976
1 0.22772
2 0.239184
3 0.244819
4 0.225637
5 0.211649
6 0.228392
7 0.227619
8 0.173681
9 0.19866
10 0.23305
11 0.183796
12 0.208731
13 0.180288
14 0.134849
15 0.201339
16 0.241185
17 0.219971
18 0.218206
19 0.210112
20 0.213838
21 0.240056
22 0.265055
23 0.260516
24 0.239826
25 0.252112
26 0.258045
27 0.255463
28 0.255525
29 0.254167
"[DEBUG]index 24 centroid... "
0 0.236318
1 0.226504
2 0.23061
3 0.239131
4 0.240423
5 0.208955
6 0.255186
7 0.213632
8 0.139596
9 0.22755
10 0.252805
11 0.205395
12 0.20112
13 0.178713
14 0.197484
15 0.187594
16 0.254234
17 0.242596
18 0.173116
19 0.246877
20 0.261267
21 0.228297
22 0.240809
23 0.241143
24 0.24642
25 0.241246
26 0.247745
27 0.251037
28 0.251537
29 0.250277
"[DEBUG]index 25 centroid... "
0 0.222003
1 0.222849
2 0.227759
3 0.247237
4 0.250314
5 0.214048
6 0.253613
7 0.241131
8 0.128686
9 0.125397
10 0.164485
11 0.241701
12 0.265755
13 0.24976
14 0.223604
15 0.243145
16 0.262798
17 0.254165
18 0.250392
19 0.308564
20 0.277428
21 0.270604
22 0.283546
23 0.272426
24 0.269817
25 0.279382
26 0.275448
27 0.272661
28 0.273875
29 0.256239
"[DEBUG]index 26 centroid... "
0 0.216066
1 0.238232
2 0.248135
3 0.221675
4 0.253584
5 0.234538
6 0.260946
7 0.231171
8 0.201411
9 0.255931
10 0.315247
11 0.309391
12 0.255002
13 0.223579
14 0.240404
15 0.28445
16 0.237813
17 0.267806
18 0.271795
19 0.192975
20 0.189022
21 0.193664
22 0.190933
23 0.217273
24 0.302355
25 0.309364
26 0.276932
27 0.301712
28 0.239807
29 0.250903
"[DEBUG]index 27 centroid... "
0 0.27616
1 0.255316
2 0.226141
3 0.25707
4 0.215594
5 0.205907
6 0.26532
7 0.240485
8 0.194894
9 0.234124
10 0.171294
11 0.189452
12 0.248627
13 0.222894
14 0.204415
15 0.195891
16 0.240426
17 0.201173
18 0.136947
19 0.172437
20 0.194834
21 0.247819
22 0.215541
23 0.256765
24 0.242504
25 0.25514
26 0.241305
27 0.25383
28 0.248681
29 0.275912
"[DEBUG]index 28 centroid... "
0 0.249077
1 0.227619
2 0.215467
3 0.224797
4 0.219169
5 0.22299
6 0.232407
7 0.235224
8 0.168285
9 0.212967
10 0.223997
11 0.241352
12 0.203463
13 0.161652
14 0.26749
15 0.265688
16 0.21506
17 0.209822
18 0.206417
19 0.165027
20 0.19596
21 0.221971
22 0.240892
23 0.247127
24 0.267688
25 0.257494
26 0.254005
27 0.252928
28 0.265778
29 0.252233
"[DEBUG]index 29 centroid... "
0 0.222341
1 0.251933
2 0.215134
3 0.221903
4 0.249236
5 0.243769
6 0.247193
7 0.233785
8 0.135776
9 0.140528
10 0.156463
11 0.215299
12 0.241346
13 0.193289
14 0.222616
15 0.209666
16 0.146572
17 0.228373
18 0.240879
19 0.191168
20 0.181989
21 0.231139
22 0.23769
23 0.21053
24 0.229032
25 0.234999
26 0.227994
27 0.243581
28 0.243707
29 0.243096
"[DEBUG]index 30 centroid... "
0 0.209229
1 0.210523
2 0.239206
3 0.233153
4 0.277953
5 0.242118
6 0.228713
7 0.229499
8 0.12658
9 0.176395
10 0.219615
11 0.219587
12 0.218015
13 0.220832
14 0.205033
15 0.262888
16 0.224649
17 0.212806
18 0.282091
19 0.20482
20 0.209888
21 0.237861
22 0.185755
23 0.211843
24 0.219564
25 0.223282
26 0.220414
27 0.233135
28 0.231613
29 0.244451
"[DEBUG]index 31 centroid... "
0 0.218222
1 0.217076
2 0.214568
3 0.235996
4 0.239245
5 0.210666
6 0.247228
7 0.250653
8 0.16742
9 0.180984
10 0.217111
11 0.204746
12 0.205511
13 0.257676
14 0.258497
15 0.211408
16 0.224985
17 0.236957
18 0.233881
19 0.254896
20 0.260494
21 0.266226
22 0.283178
23 0.254462
24 0.255753
25 0.253553
26 0.244183
27 0.245191
28 0.251325
29 0.250668
"[DEBUG]index 32 centroid... "
0 0.229162
1 0.1833
2 0.222976
3 0.202044
4 0.241706
5 0.231137
6 0.244861
7 0.214931
8 0.174069
9 0.245617
10 0.276861
11 0.168383
12 0.241189
13 0.305664
14 0.231764
15 0.129476
16 0.194132
17 0.213615
18 0.187581
19 0.20768
20 0.209272
21 0.200825
22 0.215169
23 0.199293
24 0.194423
25 0.204131
26 0.207146
27 0.210672
28 0.28725
29 0.255539
"[DEBUG]index 33 centroid... "
0 0.228521
1 0.223922
2 0.217916
3 0.235747
4 0.242901
5 0.232325
6 0.252463
7 0.225635
8 0.13333
9 0.104905
10 0.136879
11 0.223372
12 0.25647
13 0.233274
14 0.237073
15 0.208535
16 0.231809
17 0.253318
18 0.216871
19 0.238873
20 0.250716
21 0.236948
22 0.272281
23 0.264832
24 0.252934
25 0.257618
26 0.266254
27 0.23577
28 0.232888
29 0.234623
"[DEBUG]index 34 centroid... "
0 0.225793
1 0.22351
2 0.203945
3 0.225068
4 0.238613
5 0.191082
6 0.218035
7 0.214118
8 0.14485
9 0.208029
10 0.25402
11 0.22922
12 0.251154
13 0.206935
14 0.139232
15 0.227024
16 0.242591
17 0.197469
18 0.249533
19 0.252679
20 0.215085
21 0.203255
22 0.188815
23 0.228723
24 0.231756
25 0.241907
26 0.238987
27 0.239624
28 0.227427
29 0.230548
"[DEBUG]index 35 centroid... "
0 0.253633
1 0.239351
2 0.261621
3 0.238037
4 0.24633
5 0.231006
6 0.286504
7 0.268512
8 0.194403
9 0.195788
10 0.211054
11 0.202411
12 0.218236
13 0.302429
14 0.248497
15 0.232326
16 0.242274
17 0.236628
18 0.223679
19 0.214514
20 0.185745
21 0.181921
22 0.258451
23 0.255782
24 0.247045
25 0.265752
26 0.26188
27 0.25024
28 0.238091
29 0.238555
"[DEBUG]index 36 centroid... "
0 0.2141
1 0.211647
2 0.203209
3 0.204115
4 0.208114
5 0.186714
6 0.216738
7 0.25792
8 0.148324
9 0.0885956
10 0.229672
11 0.230369
12 0.176695
13 0.215261
14 0.247358
15 0.201317
16 0.175653
17 0.240166
18 0.252538
19 0.256491
20 0.275771
21 0.283575
22 0.248452
23 0.275896
24 0.25047
25 0.275609
26 0.254437
27 0.247276
28 0.263862
29 0.231044
"[DEBUG]index 37 centroid... "
0 0.23939
1 0.231273
2 0.247052
3 0.23995
4 0.24633
5 0.226345
6 0.267321
7 0.22812
8 0.150773
9 0.201496
10 0.224432
11 0.215522
12 0.254244
13 0.237716
14 0.213777
15 0.246303
16 0.209999
17 0.145945
18 0.213277
19 0.255158
20 0.237673
21 0.242163
22 0.237708
23 0.23928
24 0.223944
25 0.252008
26 0.271139
27 0.248496
28 0.263741
29 0.256823
"[DEBUG]index 38 centroid... "
0 0.211114
1 0.194697
2 0.209163
3 0.223479
4 0.241326
5 0.217591
6 0.224551
7 0.224462
8 0.133633
9 0.184757
10 0.241501
11 0.224933
12 0.224894
13 0.272127
14 0.239757
15 0.163227
16 0.248555
17 0.273828
18 0.19193
19 0.219729
20 0.259595
21 0.207995
22 0.186806
23 0.233001
24 0.227316
25 0.21946
26 0.231438
27 0.206233
28 0.215019
29 0.213323
"[DEBUG]index 39 centroid... "
0 0.245769
1 0.241905
2 0.221592
3 0.247461
4 0.220272
5 0.213268
6 0.258073
7 0.235911
8 0.139697
9 0.237408
10 0.240601
11 0.226754
12 0.237934
13 0.202702
14 0.227481
15 0.1985
16 0.180617
17 0.261346
18 0.17922
19 0.131932
20 0.223032
21 0.249971
22 0.219718
23 0.229729
24 0.239314
25 0.224772
26 0.235897
27 0.240152
28 0.249534
29 0.235904
"[DEBUG]index 40 centroid... "
0 0.239696
1 0.230832
2 0.254879
3 0.254103
4 0.240193
5 0.20337
6 0.226172
7 0.256637
8 0.127342
9 0.259026
10 0.237338
11 0.179834
12 0.234696
13 0.210401
14 0.196258
15 0.273896
16 0.279779
17 0.251513
18 0.312667
19 0.321191
20 0.336783
21 0.357196
22 0.332101
23 0.312483
24 0.279032
25 0.290341
26 0.289898
27 0.308378
28 0.320817
29 0.365428
"[DEBUG]index 41 centroid... "
0 0.218764
1 0.211547
2 0.215396
3 0.1961
4 0.203037
5 0.203424
6 0.240467
7 0.253711
8 0.197607
9 0.155593
10 0.163161
11 0.144349
12 0.166254
13 0.212617
14 0.172373
15 0.187371
16 0.213893
17 0.22753
18 0.242459
19 0.256114
20 0.281874
21 0.3243
22 0.33177
23 0.329465
24 0.317323
25 0.32815
26 0.310984
27 0.312621
28 0.278832
29 0.29951
"[DEBUG]index 42 centroid... "
0 0.219379
1 0.199367
2 0.212715
3 0.219604
4 0.224033
5 0.207375
6 0.241957
7 0.272769
8 0.0989976
9 0.118133
10 0.211851
11 0.227186
12 0.179964
13 0.224656
14 0.217383
15 0.20806
16 0.211326
17 0.150609
18 0.210944
19 0.226233
20 0.201545
21 0.238797
22 0.256413
23 0.214475
24 0.243275
25 0.251256
26 0.267154
27 0.271437
28 0.286629
29 0.272273
"[DEBUG]index 43 centroid... "
0 0.195536
1 0.210923
2 0.207304
3 0.236554
4 0.241733
5 0.200734
6 0.210137
7 0.191234
8 0.115757
9 0.210401
10 0.253725
11 0.202081
12 0.251621
13 0.215424
14 0.141475
15 0.211759
16 0.250878
17 0.241104
18 0.217636
19 0.22232
20 0.242139
21 0.208219
22 0.188415
23 0.224502
24 0.23151
25 0.223994
26 0.222099
27 0.216055
28 0.197485
29 0.214191
"[DEBUG]index 44 centroid... "
0 0.210584
1 0.21553
2 0.222618
3 0.230966
4 0.242502
5 0.222417
6 0.244164
7 0.220635
8 0.139564
9 0.148974
10 0.195798
11 0.257501
12 0.277778
13 0.246321
14 0.236401
15 0.234299
16 0.219768
17 0.197921
18 0.16819
19 0.16909
20 0.19931
21 0.206209
22 0.240776
23 0.243038
24 0.239963
25 0.229379
26 0.219724
27 0.205113
28 0.238542
29 0.245361
"[DEBUG]index 45 centroid... "
0 0.202726
1 0.215078
2 0.209576
3 0.232374
4 0.235661
5 0.213455
6 0.235108
7 0.194247
8 0.11387
9 0.143364
10 0.177949
11 0.249187
12 0.22916
13 0.179543
14 0.22065
15 0.179516
16 0.231856
17 0.219912
18 0.244488
19 0.217974
20 0.174821
21 0.215386
22 0.177372
23 0.214148
24 0.239019
25 0.219157
26 0.217892
27 0.208205
28 0.214516
29 0.203228
"[DEBUG]index 46 centroid... "
0 0.248076
1 0.244218
2 0.232098
3 0.251368
4 0.252076
5 0.228757
6 0.269404
7 0.265778
8 0.161327
9 0.195691
10 0.237004
11 0.202383
12 0.222942
13 0.230768
14 0.209303
15 0.225783
16 0.260336
17 0.231073
18 0.220954
19 0.257815
20 0.260965
21 0.214144
22 0.248264
23 0.254251
24 0.234407
25 0.238715
26 0.248653
27 0.245841
28 0.245669
29 0.245413
"[DEBUG]index 47 centroid... "
0 0.229698
1 0.218575
2 0.223925
3 0.241103
4 0.243356
5 0.215844
6 0.260799
7 0.237123
8 0.144187
9 0.218131
10 0.257074
11 0.22197
12 0.256484
13 0.255085
14 0.238511
15 0.197976
16 0.181019
17 0.163188
18 0.129163
19 0.179603
20 0.19372
21 0.231406
22 0.234764
23 0.226529
24 0.227501
25 0.222966
26 0.221572
27 0.222257
28 0.232279
29 0.233291
"[DEBUG]index 48 centroid... "
0 0.21972
1 0.213797
2 0.218555
3 0.232265
4 0.227103
5 0.188343
6 0.208207
7 0.186487
8 0.116308
9 0.179369
10 0.215142
11 0.212605
12 0.223102
13 0.19576
14 0.22354
15 0.220444
16 0.194339
17 0.232623
18 0.227519
19 0.232017
20 0.23194
21 0.208842
22 0.227403
23 0.238295
24 0.234603
25 0.229401
26 0.229945
27 0.218481
28 0.22482
29 0.225447
"[DEBUG]index 49 centroid... "
0 0.223717
1 0.23383
2 0.259664
3 0.239893
4 0.269118
5 0.233195
6 0.238149
7 0.230831
8 0.149344
9 0.182987
10 0.248198
11 0.280264
12 0.267083
13 0.191004
14 0.151728
15 0.228059
16 0.232776
17 0.273384
18 0.268263
19 0.24396
20 0.26617
21 0.256256
22 0.300818
23 0.28096
24 0.249711
25 0.25749
26 0.273751
27 0.248896
28 0.209537
29 0.231594
"[DEBUG]index 50 centroid... "
0 0.237971
1 0.223149
2 0.2276
3 0.226078
4 0.22919
5 0.215057
6 0.263763
7 0.253772
8 0.126697
9 0.199578
10 0.255875
11 0.174369
12 0.206178
13 0.275067
14 0.197774
15 0.220923
16 0.22696
17 0.182012
18 0.242385
19 0.230223
20 0.257969
21 0.215049
22 0.203346
23 0.247725
24 0.251893
25 0.236757
26 0.246807
27 0.232874
28 0.244322
29 0.234228
"[DEBUG]index 51 centroid... "
0 0.225447
1 0.22672
2 0.235383
3 0.240644
4 0.258261
5 0.218313
6 0.258118
7 0.22836
8 0.135799
9 0.158477
10 0.221009
11 0.239721
12 0.267
13 0.254776
14 0.253066
15 0.242794
16 0.249571
17 0.210148
18 0.21476
19 0.198116
20 0.188993
21 0.200963
22 0.216789
23 0.224393
24 0.25028
25 0.229931
26 0.236521
27 0.224999
28 0.223054
29 0.233852
"[DEBUG]index 52 centroid... "
0 0.214755
1 0.217796
2 0.222049
3 0.225647
4 0.229806
5 0.21861
6 0.244613
7 0.234032
8 0.132645
9 0.216919
10 0.257837
11 0.175023
12 0.238329
13 0.24651
14 0.213937
15 0.205938
16 0.175453
17 0.252351
18 0.248295
19 0.215951
20 0.231996
21 0.241401
22 0.226706
23 0.227327
24 0.235145
25 0.254332
26 0.230466
27 0.241405
28 0.233379
29 0.232285
"[DEBUG]index 53 centroid... "
0 0.226881
1 0.218957
2 0.228801
3 0.365014
4 0.234953
5 0.19775
6 0.222599
7 0.270111
8 0.171517
9 0.252499
10 0.214973
11 0.271819
12 0.257871
13 0.286205
14 0.298211
15 0.266195
16 0.294596
17 0.185616
18 0.249491
19 0.140222
20 0.0978538
21 0.210832
22 0.287729
23 0.214752
24 0.25385
25 0.152511
26 0.207246
27 0.23239
28 0.234525
29 0.165632
"[DEBUG]index 54 centroid... "
0 0.152174
1 0.232005
2 0.256507
3 0.196299
4 0.331135
5 0.157981
6 0.322647
7 0.279242
8 0.122802
9 0.370454
10 0.367522
11 0.141174
12 0.250865
13 0.234309
14 0.131937
15 0.157667
16 0.255527
17 0.203531
18 0.259816
19 0.287043
20 0.357198
21 0.254415
22 0.16613
23 0.187986
24 0.249386
25 0.13772
26 0.307802
27 0.237884
28 0.253198
29 0.233551
"[DEBUG]index 55 centroid... "
0 0.200907
1 0.223462
2 0.22596
3 0.278079
4 0.304279
5 0.242881
6 0.321499
7 0.288522
8 0.201239
9 0.235642
10 0.299637
11 0.255516
12 0.270147
13 0.289994
14 0.329762
15 0.302225
16 0.257747
17 0.330908
18 0.273301
19 0.297086
20 0.253329
21 0.220237
22 0.253612
23 0.303568
24 0.305735
25 0.271805
26 0.278148
27 0.236085
28 0.278586
29 0.316786
"[DEBUG]index 56 centroid... "
0 0.225873
1 0.212273
2 0.226965
3 0.236294
4 0.22644
5 0.194064
6 0.242897
7 0.217758
8 0.134562
9 0.219124
10 0.235298
11 0.183851
12 0.24007
13 0.184913
14 0.212032
15 0.233502
16 0.149651
17 0.163761
18 0.251982
19 0.234965
20 0.228855
21 0.234538
22 0.223309
23 0.254187
24 0.29247
25 0.259079
26 0.290515
27 0.239442
28 0.248192
29 0.248822
"[DEBUG]index 57 centroid... "
0 0.231473
1 0.179027
2 0.191297
3 0.200515
4 0.192164
5 0.18816
6 0.198515
7 0.266959
8 0.16233
9 0.117779
10 0.182378
11 0.241898
12 0.194116
13 0.203337
14 0.177267
15 0.152844
16 0.148485
17 0.140407
18 0.176445
19 0.212579
20 0.196149
21 0.166818
22 0.168035
23 0.193352
24 0.214982
25 0.215851
26 0.182902
27 0.205339
28 0.177478
29 0.219299
"[DEBUG]index 58 centroid... "
0 0.197199
1 0.21632
2 0.191771
3 0.250501
4 0.23233
5 0.187772
6 0.217979
7 0.191128
8 0.108953
9 0.193866
10 0.214173
11 0.212588
12 0.186324
13 0.212174
14 0.25498
15 0.155432
16 0.168373
17 0.192533
18 0.149688
19 0.176437
20 0.21216
21 0.209881
22 0.195861
23 0.196976
24 0.201227
25 0.18598
26 0.202051
27 0.229807
28 0.241744
29 0.232261
"[DEBUG]index 59 centroid... "
0 0.239108
1 0.238962
2 0.244366
3 0.252145
4 0.253913
5 0.221791
6 0.249899
7 0.256478
8 0.185097
9 0.228005
10 0.241022
11 0.22629
12 0.222695
13 0.226942
14 0.225224
15 0.233118
16 0.217506
17 0.225649
18 0.257505
19 0.200088
20 0.1734
21 0.245045
22 0.260478
23 0.236305
24 0.247086
25 0.256069
26 0.254418
27 0.253416
28 0.256565
29 0.254919
"[DEBUG]index 60 centroid... "
0 0.183098
1 0.162103
2 0.187366
3 0.177683
4 0.172759
5 0.192915
6 0.279804
7 0.175943
8 0.142317
9 0.170276
10 0.161941
11 0.24932
12 0.207904
13 0.145837
14 0.130226
15 0.119574
16 0.136658
17 0.191298
18 0.217179
19 0.227441
20 0.222756
21 0.220119
22 0.214275
23 0.222943
24 0.312414
25 0.282322
26 0.306707
27 0.301136
28 0.246107
29 0.28495
"[DEBUG]index 61 centroid... "
0 0.238296
1 0.235293
2 0.249295
3 0.226815
4 0.221883
5 0.23379
6 0.246201
7 0.211646
8 0.16355
9 0.213506
10 0.228426
11 0.241652
12 0.23132
13 0.190319
14 0.204634
15 0.199684
16 0.205294
17 0.271756
18 0.202514
19 0.14634
20 0.143646
21 0.128359
22 0.218883
23 0.235983
24 0.231801
25 0.231207
26 0.221121
27 0.217906
28 0.223737
29 0.206062
"[DEBUG]index 62 centroid... "
0 0.226095
1 0.233101
2 0.225457
3 0.24183
4 0.241247
5 0.221028
6 0.240687
7 0.212927
8 0.15813
9 0.188435
10 0.235615
11 0.207508
12 0.228908
13 0.248804
14 0.226336
15 0.170001
16 0.153092
17 0.15657
18 0.17626
19 0.187067
20 0.231316
21 0.229898
22 0.226594
23 0.200064
24 0.189892
25 0.208184
26 0.19993
27 0.212336
28 0.21915
29 0.216586
"[DEBUG]index 63 centroid... "
0 0.274076
1 0.172036
2 0.210338
3 0.236431
4 0.196679
5 0.231231
6 0.307138
7 0.227349
8 0.198507
9 0.239242
10 0.228196
11 0.224363
12 0.0899085
13 0.178544
14 0.191404
15 0.221317
16 0.177014
17 0.148275
18 0.157245
19 0.0962704
20 0.126822
21 0.202539
22 0.223502
23 0.199989
24 0.224102
25 0.22136
26 0.220163
27 0.218725
28 0.292997
29 0.198221
"[DEBUG]index 64 centroid... "
0 0.229543
1 0.228276
2 0.232692
3 0.233255
4 0.255983
5 0.248157
6 0.270006
7 0.251415
8 0.162494
9 0.147618
10 0.144401
11 0.204356
12 0.226976
13 0.274329
14 0.255004
15 0.215869
16 0.255453
17 0.194389
18 0.227305
19 0.225809
20 0.198398
21 0.204031
22 0.217015
23 0.228231
24 0.24479
25 0.240787
26 0.243461
27 0.249943
28 0.24314
29 0.243352
"[DEBUG]index 65 centroid... "
0 0.205637
1 0.206914
2 0.182918
3 0.223511
4 0.231444
5 0.196366
6 0.245473
7 0.204584
8 0.115411
9 0.0889399
10 0.127617
11 0.22178
12 0.245191
13 0.219338
14 0.212068
15 0.16128
16 0.231524
17 0.211639
18 0.239513
19 0.245479
20 0.267019
21 0.208382
22 0.24002
23 0.224418
24 0.236541
25 0.219462
26 0.227222
27 0.231684
28 0.194469
29 0.167895
"[DEBUG]index 66 centroid... "
0 0.242144
1 0.237353
2 0.198844
3 0.249541
4 0.237886
5 0.217728
6 0.255315
7 0.238951
8 0.133061
9 0.142121
10 0.150474
11 0.174531
12 0.170313
13 0.188746
14 0.186992
15 0.192119
16 0.180923
17 0.245446
18 0.193276
19 0.212208
20 0.252995
21 0.190599
22 0.188254
23 0.244162
24 0.221487
25 0.234338
26 0.250071
27 0.239068
28 0.225329
29 0.229127
"[DEBUG]index 67 centroid... "
0 0.176055
1 0.191404
2 0.193755
3 0.232313
4 0.233937
5 0.159815
6 0.217058
7 0.246656
8 0.156657
9 0.220108
10 0.285833
11 0.219121
12 0.233185
13 0.228362
14 0.180835
15 0.210354
16 0.202896
17 0.230685
18 0.184364
19 0.104681
20 0.200868
21 0.228102
22 0.230734
23 0.181777
24 0.172884
25 0.192833
26 0.165056
27 0.210652
28 0.239926
29 0.239288
"[DEBUG]index 68 centroid... "
0 0.224739
1 0.224065
2 0.220792
3 0.241297
4 0.232091
5 0.210149
6 0.24632
7 0.258807
8 0.191088
9 0.1903
10 0.221157
11 0.208245
12 0.196669
13 0.262372
14 0.256947
15 0.22942
16 0.211657
17 0.228592
18 0.226373
19 0.202697
20 0.227954
21 0.248155
22 0.252159
23 0.239865
24 0.258729
25 0.26824
26 0.260458
27 0.273766
28 0.258208
29 0.267502
"[DEBUG]index 69 centroid... "
0 0.232322
1 0.242595
2 0.239731
3 0.221066
4 0.23682
5 0.219785
6 0.262357
7 0.23743
8 0.196408
9 0.161188
10 0.13608
11 0.255396
12 0.210741
13 0.228888
14 0.217168
15 0.0924173
16 0.235285
17 0.158567
18 0.144561
19 0.250519
20 0.196775
21 0.142433
22 0.20732
23 0.244331
24 0.187935
25 0.165921
26 0.232101
27 0.247028
28 0.205141
29 0.250757
"[DEBUG]index 70 centroid... "
0 0.236875
1 0.198704
2 0.218983
3 0.223542
4 0.235477
5 0.240233
6 0.265826
7 0.256906
8 0.138151
9 0.128534
10 0.230238
11 0.234961
12 0.203149
13 0.191615
14 0.215414
15 0.23736
16 0.237908
17 0.217993
18 0.21345
19 0.205213
20 0.2489
21 0.27594
22 0.260062
23 0.243158
24 0.251999
25 0.238245
26 0.266282
27 0.246479
28 0.25459
29 0.274507
"[DEBUG]index 71 centroid... "
0 0.210441
1 0.204047
2 0.212541
3 0.213345
4 0.217171
5 0.194591
6 0.216164
7 0.210764
8 0.129729
9 0.180579
10 0.234773
11 0.222432
12 0.237697
13 0.233661
14 0.223051
15 0.20836
16 0.208654
17 0.225491
18 0.215497
19 0.217806
20 0.211374
21 0.193151
22 0.15896
23 0.216063
24 0.215813
25 0.200881
26 0.214395
27 0.204014
28 0.197577
29 0.202905
"[DEBUG]index 72 centroid... "
0 0.212409
1 0.205505
2 0.192799
3 0.210381
4 0.218269
5 0.228231
6 0.229482
7 0.224685
8 0.121063
9 0.106967
10 0.136727
11 0.148314
12 0.154459
13 0.210524
14 0.209845
15 0.169758
16 0.233566
17 0.221082
18 0.2134
19 0.222567
20 0.227313
21 0.253858
22 0.263863
23 0.304121
24 0.287993
25 0.270309
26 0.257643
27 0.238478
28 0.256826
29 0.258002
"[DEBUG]index 73 centroid... "
0 0.222799
1 0.22491
2 0.204674
3 0.268086
4 0.238088
5 0.228677
6 0.243039
7 0.224074
8 0.183806
9 0.180047
10 0.136483
11 0.228246
12 0.259872
13 0.189241
14 0.171004
15 0.265875
16 0.266259
17 0.208212
18 0.225117
19 0.205909
20 0.186142
21 0.248451
22 0.231468
23 0.258439
24 0.233514
25 0.21171
26 0.169503
27 0.203217
28 0.237065
29 0.245961
"[DEBUG]index 74 centroid... "
0 0.202917
1 0.200037
2 0.191751
3 0.168176
4 0.183541
5 0.203936
6 0.217353
7 0.20388
8 0.145318
9 0.204687
10 0.193858
11 0.0948465
12 0.184857
13 0.235879
14 0.197957
15 0.207357
16 0.202703
17 0.21687
18 0.233797
19 0.271117
20 0.299121
21 0.283581
22 0.258008
23 0.275789
24 0.276262
25 0.278734
26 0.278434
27 0.276267
28 0.272651
29 0.252697
"[DEBUG]index 75 centroid... "
0 0.213796
1 0.246147
2 0.263139
3 0.223157
4 0.260301
5 0.237749
6 0.2795
7 0.302992
8 0.193436
9 0.215642
10 0.304825
11 0.26577
12 0.257165
13 0.213731
14 0.27597
15 0.236421
16 0.23991
17 0.257658
18 0.286819
19 0.325831
20 0.295498
21 0.226571
22 0.271128
23 0.21104
24 0.221304
25 0.267481
26 0.273595
27 0.247546
28 0.209272
29 0.251807
"[DEBUG]index 76 centroid... "
0 0.239463
1 0.263
2 0.223719
3 0.281014
4 0.214994
5 0.258612
6 0.236989
7 0.277658
8 0.194566
9 0.242669
10 0.278441
11 0.276628
12 0.239415
13 0.272139
14 0.226302
15 0.136022
16 0.18513
17 0.267145
18 0.263427
19 0.24106
20 0.179007
21 0.255154
22 0.214439
23 0.274746
24 0.294763
25 0.343782
26 0.335678
27 0.29321
28 0.309663
29 0.293079
"[DEBUG]index 77 centroid... "
0 0.251027
1 0.217827
2 0.229163
3 0.259736
4 0.2468
5 0.211175
6 0.273668
7 0.229355
8 0.133063
9 0.224063
10 0.262271
11 0.191415
12 0.244259
13 0.232677
14 0.150538
15 0.205963
16 0.197715
17 0.158717
18 0.231428
19 0.167876
20 0.216835
21 0.243244
22 0.172762
23 0.214619
24 0.217275
25 0.203518
26 0.230192
27 0.210538
28 0.228123
29 0.24583
"[DEBUG]index 78 centroid... "
0 0.220756
1 0.226353
2 0.20584
3 0.217934
4 0.214029
5 0.182829
6 0.210519
7 0.219526
8 0.192418
9 0.203575
10 0.214793
11 0.207805
12 0.155541
13 0.120144
14 0.178776
15 0.188839
16 0.195456
17 0.195926
18 0.1981
19 0.216139
20 0.228172
21 0.233932
22 0.249665
23 0.261648
24 0.251282
25 0.28285
26 0.274943
27 0.259192
28 0.265719
29 0.279256
"[DEBUG]index 79 centroid... "
0 0.213028
1 0.20906
2 0.20753
3 0.249496
4 0.222505
5 0.214099
6 0.248591
7 0.213907
8 0.146633
9 0.225761
10 0.234635
11 0.294443
12 0.27547
13 0.249441
14 0.304836
15 0.237635
16 0.24828
17 0.209393
18 0.136741
19 0.27888
20 0.216243
21 0.247867
22 0.269082
23 0.217456
24 0.19545
25 0.23098
26 0.219845
27 0.236001
28 0.195102
29 0.211842
"[DEBUG]index 80 centroid... "
0 0.206688
1 0.205188
2 0.214727
3 0.23353
4 0.223239
5 0.196532
6 0.212981
7 0.217419
8 0.128537
9 0.185245
10 0.2457
11 0.228056
12 0.225834
13 0.17749
14 0.217691
15 0.235485
16 0.223326
17 0.210706
18 0.207405
19 0.25896
20 0.248773
21 0.242212
22 0.254136
23 0.2401
24 0.242982
25 0.250651
26 0.228014
27 0.224201
28 0.246811
29 0.241975
"[DEBUG]index 81 centroid... "
0 0.233283
1 0.262473
2 0.250496
3 0.258225
4 0.263413
5 0.241137
6 0.258512
7 0.24911
8 0.196919
9 0.265295
10 0.264633
11 0.258592
12 0.245461
13 0.188193
14 0.262095
15 0.253079
16 0.278466
17 0.203442
18 0.179193
19 0.271269
20 0.259351
21 0.231499
22 0.256211
23 0.241327
24 0.202258
25 0.264066
26 0.268248
27 0.278767
28 0.254255
29 0.239262
"[DEBUG]index 82 centroid... "
0 0.201317
1 0.187833
2 0.210889
3 0.273724
4 0.215916
5 0.193785
6 0.258053
7 0.213866
8 0.151831
9 0.163025
10 0.208382
11 0.21255
12 0.237667
13 0.248174
14 0.231538
15 0.223577
16 0.248508
17 0.24656
18 0.150716
19 0.199262
20 0.250299
21 0.212912
22 0.238781
23 0.213597
24 0.216515
25 0.204836
26 0.246709
27 0.235997
28 0.278807
29 0.25042
"[DEBUG]index 83 centroid... "
0 0.222529
1 0.215434
2 0.217889
3 0.252573
4 0.259986
5 0.21824
6 0.221959
7 0.249861
8 0.147467
9 0.1864
10 0.262254
11 0.241625
12 0.241383
13 0.242726
14 0.249813
15 0.243341
16 0.214845
17 0.263294
18 0.303625
19 0.247431
20 0.248158
21 0.263921
22 0.27531
23 0.248714
24 0.229564
25 0.248115
26 0.244677
27 0.249243
28 0.236259
29 0.241823
"[DEBUG]index 84 centroid... "
0 0.220352
1 0.177482
2 0.209552
3 0.234464
4 0.237793
5 0.208984
6 0.249046
7 0.227619
8 0.111065
9 0.153057
10 0.181093
11 0.241171
12 0.270557
13 0.182807
14 0.223551
15 0.220316
16 0.214181
17 0.258361
18 0.234511
19 0.313206
20 0.280639
21 0.265824
22 0.281823
23 0.272052
24 0.279919
25 0.25714
26 0.281174
27 0.27128
28 0.243715
29 0.246822
"[DEBUG]index 85 centroid... "
0 0.234249
1 0.245287
2 0.180271
3 0.220752
4 0.207426
5 0.249787
6 0.257228
7 0.244758
8 0.186717
9 0.129773
10 0.196101
11 0.232048
12 0.24471
13 0.222215
14 0.213234
15 0.235366
16 0.244295
17 0.233944
18 0.220943
19 0.240195
20 0.203853
21 0.202102
22 0.245987
23 0.243766
24 0.238786
25 0.223952
26 0.242319
27 0.197567
28 0.213319
29 0.218613
"[DEBUG]index 86 centroid... "
0 0.197686
1 0.209186
2 0.21491
3 0.22404
4 0.220828
5 0.188145
6 0.204441
7 0.179963
8 0.113168
9 0.163227
10 0.226177
11 0.216165
12 0.220784
13 0.212408
14 0.227554
15 0.244045
16 0.272509
17 0.279091
18 0.276625
19 0.260524
20 0.275899
21 0.285863
22 0.260964
23 0.255642
24 0.252783
25 0.244468
26 0.236749
27 0.22982
28 0.218641
29 0.212114
"[DEBUG]index 87 centroid... "
0 0.201099
1 0.225846
2 0.199062
3 0.195766
4 0.214933
5 0.243281
6 0.221862
7 0.24757
8 0.220837
9 0.211914
10 0.27031
11 0.20539
12 0.19413
13 0.227014
14 0.258163
15 0.25101
16 0.24597
17 0.218975
18 0.233588
19 0.270898
20 0.302142
21 0.176255
22 0.189301
23 0.307209
24 0.268746
25 0.258459
26 0.253426
27 0.249035
28 0.223467
29 0.249146
"[DEBUG]index 88 centroid... "
0 0.23639
1 0.237191
2 0.226098
3 0.226506
4 0.245408
5 0.234262
6 0.254306
7 0.231256
8 0.141161
9 0.11308
10 0.140209
11 0.240682
12 0.271151
13 0.233734
14 0.236163
15 0.257604
16 0.20449
17 0.175701
18 0.206388
19 0.216671
20 0.232384
21 0.270367
22 0.241252
23 0.241193
24 0.249764
25 0.247012
26 0.249157
27 0.229577
28 0.236209
29 0.256461
"[DEBUG]index 89 centroid... "
0 0.226876
1 0.204422
2 0.216468
3 0.20081
4 0.226944
5 0.188257
6 0.225445
7 0.250334
8 0.132947
9 0.114473
10 0.245203
11 0.240982
12 0.213285
13 0.189585
14 0.195767
15 0.205616
16 0.178993
17 0.226389
18 0.243787
19 0.238666
20 0.266068
21 0.282488
22 0.234802
23 0.246042
24 0.258511
25 0.249581
26 0.233287
27 0.23318
28 0.270285
29 0.253925
"[DEBUG]index 90 centroid... "
0 0.230286
1 0.22321
2 0.227768
3 0.233844
4 0.255616
5 0.243763
6 0.279526
7 0.25942
8 0.15764
9 0.143338
10 0.143866
11 0.157623
12 0.18789
13 0.193752
14 0.218901
15 0.228953
16 0.231859
17 0.2455
18 0.263261
19 0.274395
20 0.206218
21 0.223975
22 0.256239
23 0.261577
24 0.238012
25 0.255931
26 0.263766
27 0.257716
28 0.251901
29 0.281806
"[DEBUG]index 91 centroid... "
0 0.243583
1 0.217362
2 0.221161
3 0.242518
4 0.221734
5 0.208375
6 0.234367
7 0.231483
8 0.190772
9 0.224552
10 0.241298
11 0.248512
12 0.247298
13 0.198135
14 0.166631
15 0.131992
16 0.128822
17 0.147447
18 0.135922
19 0.153204
20 0.194678
21 0.209556
22 0.185242
23 0.261592
24 0.22564
25 0.211555
26 0.222021
27 0.224578
28 0.209463
29 0.216041
"[DEBUG]index 92 centroid... "
0 0.216765
1 0.230416
2 0.23055
3 0.226579
4 0.235852
5 0.210333
6 0.234375
7 0.218174
8 0.160193
9 0.207282
10 0.240824
11 0.199258
12 0.25514
13 0.216334
14 0.122083
15 0.114694
16 0.102653
17 0.173019
18 0.219467
19 0.227483
20 0.254309
21 0.214353
22 0.198237
23 0.228821
24 0.230224
25 0.23087
26 0.236117
27 0.24792
28 0.246284
29 0.242305
"[DEBUG]index 93 centroid... "
0 0.258611
1 0.259469
2 0.240617
3 0.264708
4 0.240933
5 0.225624
6 0.284056
7 0.269365
8 0.202179
9 0.295693
10 0.275432
11 0.21191
12 0.2402
13 0.265412
14 0.204713
15 0.177244
16 0.264799
17 0.273728
18 0.203917
19 0.231674
20 0.231727
21 0.235734
22 0.235593
23 0.243526
24 0.274607
25 0.257029
26 0.269068
27 0.276394
28 0.270104
29 0.257617
"[DEBUG]index 94 centroid... "
0 0.235046
1 0.241817
2 0.232169
3 0.244521
4 0.2453
5 0.203955
6 0.261865
7 0.209962
8 0.111637
9 0.165692
10 0.194441
11 0.193537
12 0.258034
13 0.196692
14 0.171285
15 0.241805
16 0.243358
17 0.20232
18 0.228574
19 0.295125
20 0.290231
21 0.301744
22 0.30935
23 0.309591
24 0.302133
25 0.293233
26 0.292357
27 0.271536
28 0.276724
29 0.292634
"[DEBUG]index 95 centroid... "
0 0.206426
1 0.176192
2 0.202362
3 0.247664
4 0.229643
5 0.220308
6 0.245117
7 0.20087
8 0.127017
9 0.120721
10 0.169027
11 0.242964
12 0.252516
13 0.233012
14 0.270693
15 0.229733
16 0.187746
17 0.209337
18 0.163904
19 0.171526
20 0.242133
21 0.246402
22 0.20331
23 0.208769
24 0.220848
25 0.203806
26 0.213568
27 0.21437
28 0.211195
29 0.223972
"[DEBUG]index 96 centroid... "
0 0.253693
1 0.231383
2 0.230512
3 0.241228
4 0.236541
5 0.217981
6 0.255911
7 0.267783
8 0.161424
9 0.204692
10 0.262106
11 0.24882
12 0.214829
13 0.258043
14 0.257829
15 0.209272
16 0.232989
17 0.278958
18 0.2335
19 0.203636
20 0.273953
21 0.262757
22 0.201424
23 0.258829
24 0.257306
25 0.233923
26 0.23586
27 0.25176
28 0.248967
29 0.259617
"[DEBUG]index 97 centroid... "
0 0.230977
1 0.21057
2 0.208998
3 0.243753
4 0.239604
5 0.213149
6 0.247323
7 0.257371
8 0.148984
9 0.227038
10 0.232729
11 0.1879
12 0.206781
13 0.197219
14 0.20538
15 0.2062
16 0.245025
17 0.228231
18 0.202064
19 0.18165
20 0.231635
21 0.188915
22 0.18513
23 0.24853
24 0.233129
25 0.205476
26 0.202638
27 0.210668
28 0.220822
29 0.225015
"[DEBUG]index 98 centroid... "
0 0.198706
1 0.240197
2 0.202875
3 0.250051
4 0.233737
5 0.219736
6 0.29064
7 0.266819
8 0.145062
9 0.220656
10 0.274102
11 0.197616
12 0.184278
13 0.264
14 0.224055
15 0.146164
16 0.234363
17 0.14019
18 0.13253
19 0.270083
20 0.216139
21 0.220855
22 0.271681
23 0.195385
24 0.254625
25 0.272695
26 0.275211
27 0.265774
28 0.281014
29 0.238652
"[DEBUG]index 99 centroid... "
0 0.217796
1 0.206841
2 0.211443
3 0.24539
4 0.23182
5 0.223345
6 0.25068
7 0.234642
8 0.150946
9 0.19003
10 0.223836
11 0.209253
12 0.212106
13 0.257727
14 0.237844
15 0.21396
16 0.233827
17 0.220255
18 0.147797
19 0.225153
20 0.245848
21 0.233402
22 0.239433
23 0.249948
24 0.228108
25 0.204989
26 0.234502
27 0.231151
28 0.23086
29 0.25686
