correlation level (red against blue): 
-0.347607
-0.547075
-0.66183
-0.185944
-0.711957
-0.696914
-0.776367
-0.373492
-0.620235
-0.741688
-0.732807
-0.65962
-0.886944
-0.566804
-0.51266
-0.733523
-0.762972
-0.695918
-0.782297
-0.468405
-0.0864675
-0.841155
-0.828971
-0.721318
-0.762569
-0.684824
-0.45563
-0.757707
-0.621943
-0.753205
-0.737144
-0.615178
-0.539916
-0.660656
-0.832098
-0.536267
-0.762054
-0.844567
-0.784425
-0.854531
-0.710195
-0.583817
-0.829522
-0.822664
-0.623443
-0.788133
-0.747929
-0.640292
-0.813066
-0.677047
-0.839959
-0.589822
-0.874314
-0.603796
-0.406366
-0.55127
-0.762993
-0.583709
-0.73123
-0.797593
-0.533537
-0.748502
-0.576268
-0.614366
-0.557589
-0.608813
-0.65609
-0.580565
-0.559383
-0.711218
-0.845218
-0.800774
-0.598171
-0.629432
-0.678593
-0.444496
-0.589442
-0.751041
-0.646761
-0.67747
-0.82818
-0.741132
-0.549547
-0.672042
-0.743254
-0.7309
-0.652683
-0.410438
-0.68769
-0.812172
-0.502876
-0.37287
-0.760618
-0.684378
-0.718027
-0.676927
-0.786531
-0.757128
-0.820812
-0.809667
