"[DEBUG]index 0 centroid... "
0 1.06931
1 1.41584
2 1.83168
3 1.59406
4 1.71287
5 1.43564
6 3.37624
7 2.16832
8 4.38614
9 3.94059
10 5.39604
11 8.14851
12 11
13 10.7624
14 21.0297
15 19.5842
16 12.0693
17 12.297
18 7.41584
19 7.49505
20 5.65347
21 3.69307
22 4.45545
23 3.10891
24 2.69307
25 2.48515
26 2.07921
27 2.45545
28 2.94059
29 3.34653
"[DEBUG]index 1 centroid... "
0 7.92437
1 6.44538
2 7.42857
3 9.95798
4 8.46218
5 5.2437
6 3.97479
7 3.20168
8 8.97479
9 3.52101
10 2.56303
11 1.83193
12 1.33613
13 0.596639
14 0.630252
15 0.310924
16 0.596639
17 0.756303
18 0.647059
19 1.07563
20 1.67227
21 2.20168
22 2.33613
23 2.78151
24 3.13445
25 2.77311
26 3.4874
27 3.52941
28 4.16807
29 4.34454
"[DEBUG]index 2 centroid... "
0 2.62422
1 2.73292
2 2.42132
3 2.36335
4 2.52174
5 2.7381
6 2.44721
7 2.03623
8 10.7795
9 4.46894
10 2.19048
11 1.29917
12 0.747412
13 0.853002
14 1.20393
15 2.51449
16 5.59213
17 8.52899
18 19.0135
19 8.31159
20 5.08799
21 2.05797
22 1.39027
23 3.04244
24 2.72464
25 2.86025
26 2.66253
27 3.6294
28 3.2205
29 3.18634
"[DEBUG]index 3 centroid... "
0 4.66129
1 3.85484
2 4.25806
3 4.20968
4 5.33871
5 7.5
6 3.62903
7 2.74194
8 14.8065
9 3.8871
10 2.19355
11 1.6129
12 1.29032
13 3.09677
14 6.69355
15 7.85484
16 7.8871
17 3.67742
18 1.6129
19 0.66129
20 0.403226
21 0.370968
22 0.903226
23 4.25806
24 3.06452
25 3.75806
26 5.06452
27 4.3871
28 2.80645
29 4.70968
"[DEBUG]index 4 centroid... "
0 3.66425
1 3.50121
2 3.1158
3 3.11096
4 3.45792
5 4.02813
6 3.43749
7 1.79477
8 25.3395
9 4.85651
10 3.3742
11 2.00417
12 4.11756
13 2.61239
14 7.88838
15 10.1178
16 2.59811
17 1.53878
18 4.52824
19 2.8218
20 5.21028
21 30.0453
22 6.93276
23 4.16062
24 4.53966
25 4.35157
26 3.70798
27 3.50934
28 3.55856
29 3.69501
"[DEBUG]index 5 centroid... "
0 3.67184
1 3.84711
2 3.61975
3 3.55903
4 3.56152
5 3.39078
6 2.90914
7 2.012
8 22.0831
9 5.90124
10 3.38888
11 5.55201
12 26.1582
13 3.50856
14 2.58303
15 2.04521
16 2.05969
17 2.59868
18 4.33109
19 24.2344
20 5.69203
21 2.86862
22 3.60454
23 3.8711
24 3.2929
25 2.98493
26 3.07023
27 3.5722
28 3.13519
29 3.31895
"[DEBUG]index 6 centroid... "
0 3.30814
1 3.14887
2 3.31016
3 2.79371
4 3.23485
5 3.1584
6 2.52222
7 2.30842
8 20.8961
9 3.15147
10 16.0283
11 18.5263
12 5.42441
13 2.93855
14 1.42931
15 2.38921
16 6.279
17 5.73485
18 2.43768
19 1.26947
20 2.61339
21 6.00952
22 1.93076
23 2.40392
24 2.69706
25 2.44922
26 2.57213
27 2.48586
28 2.47201
29 2.16157
"[DEBUG]index 7 centroid... "
0 3.68317
1 4.82178
2 4.15842
3 3.85809
4 4.31353
5 3.17162
6 3.39934
7 2.14521
8 16.4059
9 3.90429
10 7.75908
11 5.22442
12 16.5677
13 13.1122
14 6.0033
15 2.12541
16 1.27393
17 0.884488
18 0.511551
19 1.22112
20 1.40594
21 1.9571
22 7.37954
23 2.76898
24 3.0363
25 2.66337
26 2.94059
27 2.38944
28 2.60066
29 3.32673
"[DEBUG]index 8 centroid... "
0 4.1214
1 4.09311
2 4.01779
3 3.63305
4 4.50242
5 4.76543
6 3.83588
7 2.62196
8 43.1466
9 5.44499
10 3.49386
11 4.02542
12 3.62363
13 11.4189
14 2.66435
15 13.6421
16 2.7792
17 15.9923
18 3.01105
19 2.81902
20 12.4102
21 3.28623
22 1.47469
23 4.58805
24 4.17559
25 3.5489
26 3.79215
27 3.77153
28 3.72933
29 3.68162
"[DEBUG]index 9 centroid... "
0 5.57638
1 5.00347
2 4.93895
3 4.36881
4 4.80033
5 4.91592
6 4.23824
7 3.10074
8 39.2248
9 5.98668
10 11.125
11 14.0828
12 4.42098
13 1.57944
14 2.90426
15 15.5654
16 3.20591
17 1.60247
18 3.34675
19 15.4532
20 2.9556
21 1.57444
22 4.01332
23 4.93825
24 3.95726
25 4.19384
26 4.12238
27 4.3566
28 3.87998
29 3.87817
"[DEBUG]index 10 centroid... "
0 4.39308
1 4.35676
2 4.45976
3 4.04268
4 4.73137
5 5.16415
6 4.2336
7 2.78467
8 34.3442
9 6.86579
10 4.37949
11 1.9416
12 3.21024
13 15.0025
14 3.4468
15 1.60246
16 3.34933
17 13.9909
18 11.9989
19 3.47399
20 1.92164
21 3.16054
22 16.7072
23 3.59907
24 4.10491
25 4.65577
26 4.73774
27 4.28817
28 3.99533
29 4.12572
"[DEBUG]index 11 centroid... "
0 2.73808
1 2.653
2 2.63882
3 2.61717
4 2.27894
5 2.75767
6 2.69915
7 2.27584
8 13.2369
9 3.56071
10 14.073
11 4.72957
12 2.48002
13 3.0495
14 1.32947
15 2.23434
16 6.22686
17 2.69709
18 5.7703
19 9.32431
20 30.2426
21 8.58933
22 5.65017
23 2.99562
24 2.94251
25 2.7422
26 2.76927
27 2.93091
28 2.71101
29 2.77984
"[DEBUG]index 12 centroid... "
0 3.80128
1 3.82474
2 3.41405
3 3.27658
4 3.98268
5 4.07837
6 3.90788
7 2.77058
8 28.7891
9 5.25875
10 3.10547
11 3.13142
12 10.5251
13 3.14529
14 2.98278
15 5.21378
16 33.6437
17 5.71216
18 3.08584
19 9.8109
20 3.39641
21 2.54682
22 8.66909
23 3.31276
24 3.57459
25 3.71068
26 3.76015
27 3.4302
28 3.43413
29 3.22981
"[DEBUG]index 13 centroid... "
0 3.66074
1 3.78044
2 3.81395
3 3.61765
4 3.26197
5 2.87756
6 3.89056
7 2.30711
8 19.1655
9 3.09576
10 20.3112
11 2.65595
12 21.3899
13 3.80711
14 7.28181
15 2.40219
16 2.5643
17 5.03557
18 6.24145
19 1.93297
20 1.30301
21 0.851573
22 1.15048
23 2.58276
24 2.06088
25 2.0513
26 2.21067
27 2.14295
28 2.16347
29 2.04583
"[DEBUG]index 14 centroid... "
0 3.96882
1 4.48817
2 3.63118
3 3.64194
4 3.69355
5 3.82043
6 3.85914
7 2.62903
8 20.8333
9 4.8129
10 3.27527
11 1.43979
12 0.751613
13 1.7043
14 1.31505
15 2.70323
16 13.1204
17 3.14624
18 1.47097
19 1.49032
20 3.44301
21 1.92151
22 11.5516
23 3.25161
24 4.6
25 4.2957
26 4.81183
27 3.59462
28 3.84409
29 3.09677
"[DEBUG]index 15 centroid... "
0 2.38944
1 2.44413
2 2.48538
3 2.23668
4 2.1207
5 2.97831
6 2.94366
7 2.00707
8 10.1521
9 25.7798
10 9.01579
11 5.13131
12 2.57119
13 4.41961
14 14.6492
15 3.58604
16 1.87176
17 5.01249
18 2.20368
19 4.86728
20 1.85054
21 4.77251
22 4.13319
23 1.97383
24 2.29019
25 2.20108
26 2.12376
27 2.1959
28 1.95686
29 1.8338
"[DEBUG]index 16 centroid... "
0 4.32695
1 4.22782
2 3.95275
3 3.58019
4 4.40796
5 4.4621
6 3.75078
7 2.33611
8 37.4996
9 5.67894
10 3.32294
11 1.871
12 1.70241
13 2.92226
14 3.62279
15 1.28623
16 3.6861
17 1.49147
18 2.69645
19 15.5792
20 2.12298
21 2.93606
22 1.55666
23 4.08533
24 3.35877
25 3.48676
26 3.49166
27 3.83982
28 3.67737
29 3.61482
"[DEBUG]index 17 centroid... "
0 4.14347
1 4.28443
2 4.14804
3 3.61368
4 3.80566
5 4.49661
6 3.72589
7 2.64111
8 30.3838
9 6.51047
10 2.86833
11 15.8583
12 3.32719
13 1.44043
14 1.97788
15 4.0954
16 1.43571
17 2.86995
18 13.8832
19 3.42318
20 2.79195
21 11.8427
22 11.3571
23 3.12327
24 3.86125
25 4.55721
26 4.0783
27 3.89398
28 3.94603
29 3.95444
"[DEBUG]index 18 centroid... "
0 3.51473
1 3.63443
2 3.38736
3 3.2237
4 3.60913
5 3.98005
6 3.90385
7 2.6312
8 24.3857
9 6.03972
10 2.88824
11 9.29704
12 3.35024
13 3.41572
14 8.18325
15 2.49543
16 4.73354
17 31.3905
18 6.89886
19 3.44537
20 6.80382
21 27.7402
22 5.79847
23 3.4111
24 4.19128
25 4.24199
26 3.88519
27 3.92962
28 3.80068
29 3.73714
"[DEBUG]index 19 centroid... "
0 3.18024
1 3.20179
2 2.8145
3 2.73358
4 3.38676
5 3.43983
6 3.20284
7 2.40042
8 18.4577
9 4.79559
10 2.9485
11 2.20809
12 2.51865
13 3.78403
14 24.2281
15 4.54861
16 3.01051
17 6.88755
18 18.5223
19 17.7583
20 4.99054
21 2.59853
22 9.69732
23 3.53967
24 3.12717
25 3.43931
26 3.88177
27 3.4887
28 3.60378
29 3.54861
"[DEBUG]index 20 centroid... "
0 5.51327
1 5.15575
2 5.04425
3 4.59646
4 5.15221
5 5.1292
6 4.27611
7 2.70619
8 21.4088
9 7.26372
10 2.63717
11 3.72389
12 4.6177
13 1.18761
14 0.766372
15 1.3115
16 2.73274
17 13.4885
18 2.50796
19 3.32212
20 1.5115
21 0.753982
22 1.29735
23 4.15044
24 3.4708
25 4.39115
26 3.90265
27 4.24779
28 4.09558
29 3.53982
"[DEBUG]index 21 centroid... "
0 4.45213
1 4.37457
2 4.28012
3 3.76887
4 4.28251
5 4.68547
6 3.75347
7 2.69291
8 49.5479
9 5.72741
10 3.18452
11 15.8949
12 3.82535
13 2.7909
14 3.78776
15 1.55673
16 3.01091
17 4.18747
18 1.45861
19 3.24492
20 11.7437
21 2.65277
22 3.0766
23 4.00262
24 3.70572
25 3.29761
26 3.38423
27 3.30339
28 3.40926
29 3.34729
"[DEBUG]index 22 centroid... "
0 4.92512
1 4.31632
2 3.93667
3 4.31064
4 4.34953
5 4.68698
6 4.20565
7 2.53775
8 31.0808
9 4.9209
10 2.6413
11 8.85427
12 9.87861
13 2.62686
14 5.03733
15 35.6579
16 4.98205
17 3.02279
18 2.45173
19 1.84653
20 2.80621
21 8.79064
22 2.36025
23 4.07735
24 4.00681
25 3.58808
26 3.23793
27 3.24031
28 3.06951
29 3.07766
"[DEBUG]index 23 centroid... "
0 3.75964
1 3.86494
2 3.62532
3 3.55943
4 4.08167
5 4.31451
6 3.44322
7 2.2607
8 27.4686
9 4.98453
10 3.28867
11 3.8625
12 8.65318
13 4.24195
14 31.4849
15 4.96144
16 3.29269
17 1.90042
18 2.68051
19 7.8679
20 2.48528
21 2.50773
22 1.49513
23 3.66578
24 3.20011
25 2.90858
26 2.8964
27 2.95307
28 2.71515
29 2.81345
"[DEBUG]index 24 centroid... "
0 4.6258
1 4.64758
2 4.43666
3 4.15231
4 4.51631
5 5.038
6 4.03569
7 2.92445
8 45.0351
9 5.66334
10 3.23498
11 14.5707
12 3.3987
13 9.306
14 3.03244
15 16.1362
16 2.70256
17 2.88192
18 12.4489
19 3.27003
20 1.4925
21 3.64526
22 3.39948
23 3.86488
24 3.75564
25 3.67179
26 3.61824
27 3.6402
28 3.57792
29 3.29427
"[DEBUG]index 25 centroid... "
0 4.96387
1 4.65602
2 4.50962
3 3.70943
4 4.55365
5 4.83532
6 3.81952
7 2.46267
8 45.8771
9 5.61927
10 18.6306
11 3.0145
12 1.87871
13 1.68169
14 3.47914
15 3.17714
16 1.40188
17 3.70828
18 3.97348
19 1.25652
20 3.12581
21 3.08824
22 1.22944
23 3.56997
24 3.44805
25 3.386
26 3.27811
27 3.25377
28 3.15823
29 3.34023
"[DEBUG]index 26 centroid... "
0 4.29476
1 4.8173
2 3.84287
3 3.84044
4 4.36054
5 4.18514
6 3.324
7 2.34714
8 21.0658
9 6.63825
10 2.88185
11 1.52497
12 3.26188
13 13.771
14 2.16322
15 0.990256
16 1.02923
17 1.66139
18 3.88672
19 2.20219
20 13.637
21 2.08892
22 12.1742
23 3.36297
24 4.14616
25 4.02436
26 3.41291
27 3.49817
28 4.13764
29 3.92448
"[DEBUG]index 27 centroid... "
0 2.65123
1 2.68148
2 2.7429
3 2.31914
4 2.24938
5 2.6929
6 2.51049
7 2.38951
8 14.596
9 3.49228
10 11.7688
11 12.5938
12 4.21142
13 2.16944
14 6.31543
15 2.35401
16 4.28889
17 6.98735
18 30.5799
19 8.10247
20 5.37222
21 2.48272
22 6.65988
23 2.4321
24 2.15463
25 2.35339
26 2.53981
27 2.66698
28 2.59167
29 2.36327
"[DEBUG]index 28 centroid... "
0 3.43867
1 3.76154
2 3.81929
3 3.28312
4 3.63605
5 3.73772
6 2.98199
7 2.37362
8 26.9439
9 5.0006
10 9.22953
11 8.32361
12 6.20542
13 32.1134
14 5.1109
15 2.0518
16 8.80128
17 2.55061
18 7.74129
19 2.63129
20 10.0438
21 2.23712
22 9.14692
23 3.03394
24 3.31215
25 3.1883
26 3.03558
27 3.00313
28 3.23817
29 2.74769
"[DEBUG]index 29 centroid... "
0 3.9909
1 3.74227
2 3.42803
3 3.19078
4 3.62412
5 4.26266
6 3.85284
7 3.24749
8 25.1147
9 3.50503
10 25.5181
11 5.14546
12 3.1411
13 3.59738
14 7.21771
15 3.9945
16 26.5092
17 5.14849
18 2.87275
19 7.26057
20 7.86952
21 2.15532
22 1.61578
23 3.60212
24 3.01783
25 2.93078
26 2.86592
27 3.02314
28 3.08136
29 2.92566
"[DEBUG]index 30 centroid... "
0 3.40248
1 3.45741
2 3.24981
3 2.94507
4 3.84531
5 3.87913
6 3.32645
7 2.19007
8 28.4067
9 6.24251
10 2.99193
11 1.61272
12 3.86377
13 1.46036
14 3.30442
15 1.08223
16 3.16602
17 12.5856
18 2.20667
19 10.7541
20 9.63196
21 2.04344
22 12.3711
23 3.21427
24 3.36307
25 3.92723
26 3.91792
27 3.66268
28 3.74569
29 3.79317
"[DEBUG]index 31 centroid... "
0 5.39514
1 4.91577
2 4.84147
3 4.30652
4 5.22257
5 4.9692
6 4.2793
7 2.53863
8 49.6888
9 6.43108
10 4.44657
11 3.79306
12 21.0076
13 2.34556
14 1.52699
15 3.98532
16 3.5992
17 1.6811
18 3.63191
19 1.76578
20 3.78727
21 3.23041
22 1.66403
23 4.01151
24 3.81487
25 3.45482
26 3.53709
27 3.61035
28 3.53736
29 3.51376
"[DEBUG]index 32 centroid... "
0 2.85123
1 2.72705
2 2.55729
3 2.37552
4 2.60408
5 3.13377
6 3.13977
7 2.08218
8 18.9172
9 3.69946
10 2.27654
11 1.38692
12 1.53809
13 2.17576
14 4.15957
15 18.3143
16 14.9814
17 4.92861
18 7.18956
19 2.28554
20 7.25735
21 5.76725
22 1.94181
23 2.67007
24 3.0162
25 3.34253
26 2.82244
27 2.72166
28 2.64727
29 2.68266
"[DEBUG]index 33 centroid... "
0 3.70592
1 3.52346
2 3.56782
3 3.04184
4 3.19039
5 3.41659
6 3.264
7 2.06065
8 27.5591
9 3.79397
10 30.9355
11 4.55819
12 2.88903
13 3.49792
14 3.15128
15 1.33335
16 1.55021
17 1.26898
18 2.99404
19 7.35496
20 2.06404
21 7.43196
22 2.55754
23 3.08942
24 2.83516
25 2.73075
26 2.60413
27 2.68371
28 2.74125
29 2.59429
"[DEBUG]index 34 centroid... "
0 3.58771
1 3.57953
2 3.66188
3 3.48171
4 4.01824
5 4.63336
6 3.76998
7 2.5603
8 27.9129
9 4.52835
10 3.31668
11 2.30916
12 3.28595
13 5.86194
14 33.1928
15 4.91246
16 2.63679
17 10.3755
18 3.28208
19 1.49188
20 3.38223
21 2.70974
22 8.44799
23 3.55764
24 3.75495
25 3.83398
26 3.55853
27 3.52692
28 3.27689
29 3.27357
"[DEBUG]index 35 centroid... "
0 3.38182
1 3.43434
2 3.15978
3 2.80386
4 3.09862
5 3.10119
6 3.12856
7 1.90597
8 23.5298
9 4.9596
10 7.6068
11 5.37337
12 27.4957
13 4.33884
14 2.30854
15 6.72158
16 2.60441
17 8.6011
18 2.56859
19 8.39633
20 5.12415
21 24.0042
22 5.80569
23 3.11258
24 3.61249
25 3.44389
26 2.85601
27 3.05142
28 2.90799
29 2.99339
"[DEBUG]index 36 centroid... "
0 4.17826
1 3.76127
2 3.70194
3 3.2609
4 3.27009
5 4.16024
6 3.71101
7 2.36659
8 19.0438
9 22.6883
10 6.22462
11 2.37717
12 11.1568
13 2.40993
14 1.18657
15 1.3773
16 2.6639
17 2.66503
18 1.34089
19 3.32943
20 1.32451
21 2.27614
22 7.55417
23 2.29113
24 2.72436
25 2.84858
26 2.78156
27 2.64059
28 2.57458
29 2.74175
"[DEBUG]index 37 centroid... "
0 3.80822
1 3.91698
2 3.55424
3 3.31277
4 3.70549
5 4.29944
6 3.8598
7 2.50883
8 29.6478
9 5.4401
10 2.98311
11 3.43184
12 3.20328
13 3.15508
14 9.43019
15 2.83214
16 5.64675
17 31.6375
18 5.62713
19 2.98786
20 2.05563
21 3.24485
22 1.50071
23 3.38392
24 3.23107
25 3.17954
26 3.3312
27 3.18005
28 3.11008
29 2.84314
"[DEBUG]index 38 centroid... "
0 4.56157
1 4.304
2 4.04787
3 3.96804
4 4.60178
5 4.90028
6 4.40176
7 2.72637
8 37.0304
9 5.9334
10 3.26307
11 2.17919
12 4.51942
13 1.3975
14 2.99371
15 17.6781
16 2.90469
17 3.00571
18 13.8453
19 3.87403
20 1.49584
21 3.22207
22 13.8474
23 3.47285
24 4.12423
25 4.69239
26 4.6584
27 4.13493
28 4.26575
29 3.74264
"[DEBUG]index 39 centroid... "
0 3.7812
1 3.82342
2 3.68475
3 3.40857
4 3.68185
5 4.01794
6 3.45029
7 2.42669
8 30.2711
9 5.65122
10 3.56166
11 9.23069
12 3.04123
13 8.47291
14 2.45615
15 9.40142
16 9.60629
17 3.35421
18 5.74151
19 36.6757
20 5.50151
21 2.96629
22 3.77171
23 4.20721
24 3.34268
25 3.42009
26 3.50626
27 3.61609
28 3.48148
29 3.15384
"[DEBUG]index 40 centroid... "
0 7.64096
1 7.30929
2 7.04726
3 6.50415
4 6.62106
5 6.733
6 5.18159
7 3.75705
8 23.5796
9 8.09702
10 2.81592
11 14.3532
12 3.79768
13 3.62769
14 4.28358
15 1.74876
16 0.690713
17 1.5398
18 1.52156
19 3.55307
20 1.1335
21 0.767828
22 1.35406
23 4.16501
24 3.41708
25 3.29851
26 3.83002
27 3.84577
28 4.00332
29 3.49337
"[DEBUG]index 41 centroid... "
0 2.84952
1 3.22757
2 3.06075
3 2.95176
4 2.60689
5 3.00013
6 3.1515
7 2.29611
8 9.36184
9 23.303
10 4.82833
11 24.1943
12 8.38366
13 3.69483
14 4.63204
15 4.27594
16 2.0531
17 1.39617
18 2.03229
19 2.01455
20 3.37498
21 1.8351
22 1.10479
23 2.07492
24 1.98851
25 1.81098
26 1.80728
27 1.89764
28 1.74142
29 1.65424
"[DEBUG]index 42 centroid... "
0 3.49973
1 3.68283
2 3.46999
3 3.19932
4 3.05983
5 3.90214
6 3.59092
7 2.28618
8 19.2561
9 22.7818
10 5.58605
11 2.54496
12 9.92882
13 2.24491
14 2.80537
15 1.37899
16 2.46531
17 9.13408
18 7.42692
19 2.00054
20 9.479
21 2.6084
22 1.24365
23 3.28077
24 2.99099
25 2.54406
26 2.85637
27 2.87746
28 2.70337
29 2.76338
"[DEBUG]index 43 centroid... "
0 4.92111
1 4.82752
2 4.66938
3 4.54578
4 5.15563
5 5.61415
6 4.90712
7 2.899
8 36.7288
9 5.45099
10 3.27958
11 4.81078
12 1.68169
13 3.47406
14 16.9435
15 3.06574
16 1.68276
17 2.12814
18 1.90318
19 4.62431
20 1.41549
21 2.94191
22 13.4307
23 3.88477
24 4.13579
25 4.74863
26 4.34784
27 3.91716
28 3.84772
29 3.98637
"[DEBUG]index 44 centroid... "
0 3.56369
1 3.53274
2 3.26754
3 2.73592
4 3.3131
5 3.56489
6 3.08965
7 2.02402
8 33.739
9 4.70194
10 11.9043
11 3.02381
12 1.5042
13 3.46224
14 1.41448
15 2.82035
16 2.19929
17 14.0169
18 2.31685
19 11.3382
20 2.12822
21 11.6513
22 2.28732
23 3.29495
24 3.08873
25 3.42423
26 3.07799
27 3.38559
28 3.3107
29 3.32526
"[DEBUG]index 45 centroid... "
0 3.78329
1 3.60518
2 3.61238
3 3.0006
4 3.49764
5 3.83286
6 3.03516
7 2.02538
8 35.3702
9 4.72541
10 13.2331
11 2.81674
12 2.99786
13 10.8925
14 1.97504
15 9.69282
16 2.86348
17 3.29817
18 1.44825
19 2.86682
20 11.4567
21 2.00617
22 11.7862
23 3.36472
24 3.72429
25 3.65483
26 3.44799
27 3.31164
28 3.23394
29 3.20144
"[DEBUG]index 46 centroid... "
0 4.49973
1 4.27093
2 4.11173
3 3.80052
4 4.53822
5 4.71566
6 3.98352
7 2.17116
8 45.3938
9 6.40109
10 4.04283
11 4.13713
12 14.5544
13 2.0981
14 14.2665
15 3.27527
16 1.71721
17 3.87483
18 13.0863
19 2.91386
20 3.04042
21 12.4932
22 3.16679
23 4.22979
24 4.35249
25 4.1305
26 3.84779
27 3.98284
28 3.9146
29 3.79651
"[DEBUG]index 47 centroid... "
0 4.15584
1 4.0765
2 3.91874
3 3.42817
4 3.98893
5 4.41492
6 3.65811
7 2.65966
8 38.8856
9 5.32501
10 3.04091
11 12.2371
12 3.69743
13 1.53756
14 3.70583
15 2.89293
16 13.3848
17 2.84112
18 15.1112
19 2.48039
20 12.952
21 2.86078
22 3.32857
23 3.79716
24 3.94118
25 3.40207
26 3.73464
27 3.72165
28 3.84102
29 3.4558
"[DEBUG]index 48 centroid... "
0 3.73243
1 3.67538
2 3.48317
3 3.21482
4 4.28597
5 4.29894
6 3.77642
7 2.47297
8 61.3468
9 4.69545
10 3.70529
11 3.55411
12 3.54302
13 8.70827
14 2.85496
15 2.5526
16 9.97928
17 3.23372
18 3.23276
19 3.28847
20 2.67642
21 8.54815
22 2.69675
23 3.31352
24 3.43597
25 3.36409
26 3.13186
27 3.10472
28 3.10689
29 3.04005
"[DEBUG]index 49 centroid... "
0 5.76081
1 5.45972
2 5.25688
3 4.62967
4 5.87083
5 5.37328
6 5.38212
7 2.94401
8 32.9425
9 5.10511
10 2.93566
11 1.87279
12 4.19253
13 2.23919
14 17.4224
15 2.34479
16 4.37672
17 1.71071
18 0.810904
19 1.36346
20 3.74705
21 2.94597
22 1.01473
23 4.86002
24 4.10314
25 3.94155
26 3.72495
27 3.64784
28 3.77849
29 3.88016
"[DEBUG]index 50 centroid... "
0 4.49498
1 4.406
2 4.33777
3 3.98788
4 4.30692
5 4.91949
6 3.97157
7 2.50115
8 43.1788
9 6.39269
10 2.90533
11 12.9957
12 14.282
13 2.25302
14 12.3774
15 3.28257
16 2.69495
17 13.1374
18 3.18259
19 3.8187
20 1.91369
21 3.15116
22 12.1185
23 3.39634
24 3.79553
25 4.1599
26 4.21182
27 3.76029
28 3.64029
29 3.5328
"[DEBUG]index 51 centroid... "
0 3.75288
1 3.52608
2 3.76703
3 3.11334
4 3.79711
5 3.97224
6 3.57317
7 2.22699
8 36.6662
9 4.33642
10 13.874
11 3.08809
12 1.7502
13 2.98152
14 12.2584
15 2.21332
16 3.26097
17 2.70054
18 14.3091
19 2.32685
20 11.1378
21 2.23608
22 12.2513
23 3.13866
24 3.77173
25 3.43756
26 3.78064
27 3.39791
28 3.54578
29 3.28421
"[DEBUG]index 52 centroid... "
0 5.74485
1 5.65194
2 5.04606
3 4.6784
4 5.37006
5 5.6522
6 5.04013
7 3.50583
8 37.5299
9 6.61308
10 2.96567
11 17.0263
12 4.22122
13 1.54602
14 4.71612
15 3.61888
16 14.173
17 3.41292
18 1.55376
19 4.85976
20 1.46404
21 3.75305
22 1.56589
23 4.71986
24 4.32927
25 4.21089
26 4.19756
27 4.04026
28 4.0104
29 3.94828
"[DEBUG]index 53 centroid... "
0 4.52632
1 3.78363
2 2.98051
3 2.81092
4 3.51462
5 3.89279
6 3.32749
7 1.8655
8 17.575
9 5.23392
10 2.70565
11 1.62768
12 0.684211
13 0.662768
14 0.927875
15 2.80897
16 1.4269
17 1.37622
18 3.06628
19 5.56725
20 18.5556
21 6.65692
22 2.63158
23 3.92203
24 5.55361
25 3.69201
26 3.89084
27 3.46979
28 4.31579
29 3.88109
"[DEBUG]index 54 centroid... "
0 5.08696
1 6.6087
2 6.47343
3 5.49758
4 6.46377
5 7.0628
6 4.58454
7 3.69082
8 17.1546
9 6.39614
10 2.23188
11 11.8792
12 3.81643
13 1.31884
14 1.80676
15 5.30435
16 1.07246
17 1.57488
18 0.888889
19 0.536232
20 0.845411
21 1.53623
22 4.11111
23 3.84058
24 3.07246
25 4.64734
26 3.07246
27 3.31884
28 3.83575
29 3.60386
"[DEBUG]index 55 centroid... "
0 3.67561
1 3.1762
2 3.82264
3 3.64411
4 3.38973
5 3.37106
6 3.30688
7 1.81097
8 17.909
9 5.5881
10 2.11785
11 8.63944
12 8.95683
13 1.86581
14 1.09218
15 2.80047
16 1.18086
17 0.816803
18 1.45041
19 2.68028
20 6.17853
21 19.5076
22 6.1937
23 3.54376
24 3.72695
25 3.86231
26 3.0175
27 3.47608
28 3.49358
29 3.34189
"[DEBUG]index 56 centroid... "
0 4.91844
1 4.99975
2 4.56091
3 4.31587
4 4.52228
5 5.55763
6 4.04116
7 3.08496
8 34.5244
9 6.16399
10 3.54299
11 14.3463
12 2.92059
13 13.87
14 3.5464
15 2.53832
16 11.0972
17 15.7384
18 2.42129
19 1.82363
20 4.01452
21 1.39856
22 3.52784
23 3.82187
24 3.56306
25 3.87943
26 3.98144
27 3.59222
28 3.41523
29 3.39717
"[DEBUG]index 57 centroid... "
0 2.54809
1 2.70046
2 2.37109
3 2.13007
4 2.04577
5 2.51506
6 2.82445
7 2.11124
8 9.1799
9 23.8636
10 7.40904
11 3.88644
12 2.66541
13 1.29316
14 1.64687
15 3.4409
16 14.372
17 3.0675
18 5.32822
19 2.37949
20 1.104
21 1.90238
22 4.18627
23 1.72451
24 2.34386
25 2.2668
26 2.31141
27 2.21524
28 2.18453
29 1.91107
"[DEBUG]index 58 centroid... "
0 4.28342
1 4.2965
2 3.83535
3 3.75253
4 4.56319
5 4.93325
6 4.20573
7 2.52046
8 31.0267
9 5.43035
10 3.40732
11 1.41444
12 3.59086
13 10.1772
14 2.31208
15 11.7911
16 13.0563
17 2.10634
18 14.7676
19 2.71791
20 3.31787
21 1.43333
22 3.24151
23 3.7358
24 3.93175
25 3.9735
26 3.59483
27 3.69836
28 3.58042
29 3.23157
"[DEBUG]index 59 centroid... "
0 3.85457
1 3.39853
2 3.42084
3 3.15889
4 3.48379
5 3.85515
6 3.39272
7 1.75418
8 29.8201
9 5.40691
10 3.55837
11 3.56517
12 12.0329
13 2.54423
14 8.07667
15 2.56114
16 10.6861
17 3.50835
18 3.43184
19 5.30463
20 33.2161
21 5.90422
22 3.32679
23 4.24326
24 4.09903
25 3.20005
26 3.485
27 3.42503
28 3.67641
29 3.15837
"[DEBUG]index 60 centroid... "
0 3.37935
1 3.09304
2 3.19988
3 3.42017
4 3.33253
5 3.59184
6 3.11525
7 2.54082
8 16.5906
9 3.5126
10 18.2815
11 4.59124
12 4.66567
13 17.3992
14 3.7563
15 17.5798
16 4.36855
17 6.52161
18 2.5018
19 1.59544
20 1.12185
21 2.21128
22 5.07443
23 2.30492
24 2.41657
25 2.77731
26 2.76231
27 2.33914
28 2.39616
29 2.19088
"[DEBUG]index 61 centroid... "
0 3.37526
1 3.19439
2 2.98312
3 2.95715
4 3.12474
5 3.43478
6 3.36007
7 2.18003
8 19.9603
9 5.72583
10 3.51878
11 2.07999
12 3.41389
13 8.67159
14 2.91114
15 1.6068
16 3.77142
17 2.9943
18 5.23639
19 26.3413
20 3.78641
21 24.9021
22 6.12431
23 3.51161
24 3.89173
25 3.62959
26 3.59287
27 3.74293
28 3.78746
29 3.85205
"[DEBUG]index 62 centroid... "
0 4.75864
1 4.31623
2 3.77996
3 3.65583
4 4.49558
5 4.81265
6 4.08139
7 2.58451
8 33.5652
9 5.80324
10 3.11333
11 2.00484
12 4.72083
13 1.27302
14 2.75203
15 16.2727
16 2.63712
17 12.628
18 2.45181
19 14.2759
20 2.49381
21 1.65779
22 1.5887
23 4.57035
24 3.55759
25 3.92085
26 4.111
27 4.31791
28 3.88286
29 3.64913
"[DEBUG]index 63 centroid... "
0 2.04818
1 1.83088
2 1.92035
3 1.77089
4 1.81613
5 2.40905
6 2.53884
7 1.9764
8 9.55851
9 4.22714
10 2.31563
11 2.22321
12 4.36873
13 4.4002
14 1.99115
15 3.47984
16 8.58014
17 19.2203
18 14.3972
19 13.6391
20 20.0177
21 6.81318
22 4.52999
23 2.45526
24 2.24779
25 2.50147
26 2.98427
27 2.94985
28 2.69518
29 2.46018
"[DEBUG]index 64 centroid... "
0 3.80646
1 3.66198
2 3.70583
3 3.22773
4 3.68577
5 3.68312
6 3.17892
7 2.1231
8 41.9663
9 4.85273
10 12.4986
11 3.00948
12 15.7964
13 2.50589
14 2.6444
15 10.3149
16 2.50124
17 10.0044
18 10.8959
19 2.58937
20 11.9418
21 2.63117
22 11.0129
23 3.32673
24 3.78635
25 3.68584
26 3.95367
27 3.47786
28 3.50106
29 3.44101
"[DEBUG]index 65 centroid... "
0 3.58243
1 3.15372
2 3.14137
3 2.88235
4 3.00775
5 3.33914
6 3.05205
7 2.02033
8 20.8932
9 3.23868
10 23.4846
11 3.99564
12 2.78117
13 1.5679
14 2.20044
15 8.46647
16 2.20746
17 1.16993
18 1.65069
19 1.45655
20 2.08424
21 5.95933
22 7.11111
23 2.15735
24 3.06705
25 2.99492
26 2.76446
27 2.39555
28 2.55773
29 2.44444
"[DEBUG]index 66 centroid... "
0 3.85367
1 3.75845
2 3.79223
3 3.10569
4 4.04316
5 3.76746
6 3.47601
7 2.20644
8 39.5016
9 4.5716
10 14.3561
11 2.86425
12 15.2953
13 2.44415
14 11.3269
15 2.27666
16 11.9731
17 2.11218
18 12.0702
19 11.4137
20 2.52651
21 9.09511
22 12.4163
23 2.98581
24 4.12096
25 3.98521
26 3.72262
27 3.44042
28 3.77456
29 3.46748
"[DEBUG]index 67 centroid... "
0 3.9841
1 3.90235
2 3.66389
3 3.66616
4 3.08251
5 4.20666
6 3.36412
7 2.18319
8 18.5791
9 6.29599
10 2.41332
11 10.7941
12 2.63058
13 0.991673
14 0.756245
15 1.29372
16 2.81605
17 3.10901
18 5.71158
19 20.2998
20 5.96896
21 3.08781
22 1.4489
23 4.12718
24 3.2377
25 3.2112
26 3.3028
27 3.61696
28 3.81226
29 3.52687
"[DEBUG]index 68 centroid... "
0 4.23623
1 4.09807
2 4.00796
3 3.86226
4 4.07371
5 3.81481
6 3.45392
7 2.21206
8 33.1326
9 6.20927
10 3.82538
11 6.25378
12 37.9447
13 4.4535
14 3.01816
15 3.38794
16 8.4895
17 7.63246
18 2.36079
19 8.41858
20 3.13178
21 3.33825
22 1.79166
23 3.76703
24 3.21234
25 3.16149
26 3.22938
27 3.21509
28 3.22375
29 3.06803
"[DEBUG]index 69 centroid... "
0 2.67577
1 3.1493
2 3.16267
3 2.43287
4 3.13203
5 3.18329
6 3.42061
7 2.94373
8 18.0312
9 3.72925
10 18.7175
11 5.18552
12 3.3298
13 6.2546
14 3.89136
15 18.9694
16 4.71978
17 4.63621
18 22.0022
19 5.72201
20 4.23175
21 20.2696
22 5.95487
23 2.68357
24 3.88134
25 3.27744
26 3.46908
27 3.1337
28 3.17103
29 3.0117
"[DEBUG]index 70 centroid... "
0 3.53865
1 3.30564
2 3.23061
3 3.20733
4 2.71382
5 3.51608
6 3.36925
7 2.23329
8 19.2755
9 23.087
10 6.4859
11 2.68209
12 2.60889
13 8.60353
14 1.78336
15 2.58434
16 1.26474
17 2.49168
18 7.28406
19 7.13103
20 2.1189
21 1.2134
22 2.57983
23 2.69633
24 2.28872
25 2.4275
26 2.39013
27 2.49647
28 2.45035
29 2.4086
"[DEBUG]index 71 centroid... "
0 4.00017
1 3.95994
2 3.7291
3 3.32681
4 4.34741
5 4.21045
6 3.91171
7 2.32227
8 41.8178
9 5.0552
10 3.09651
11 3.5753
12 4.27296
13 1.30214
14 3.47223
15 1.23647
16 3.33365
17 1.37882
18 3.7944
19 1.52969
20 3.11906
21 2.16161
22 14.8648
23 2.6811
24 3.65117
25 3.69746
26 3.87936
27 3.22741
28 3.45563
29 3.33617
"[DEBUG]index 72 centroid... "
0 5.06329
1 4.52124
2 4.68334
3 4.14295
4 4.91193
5 4.39566
6 4.28115
7 2.38194
8 35.7278
9 4.95607
10 15.4264
11 2.80814
12 16.911
13 2.27296
14 11.8114
15 10.2061
16 3.19119
17 1.41226
18 3.28148
19 1.38349
20 3.31257
21 1.23977
22 3.05709
23 3.50752
24 3.29199
25 3.10644
26 3.27794
27 3.07701
28 3.12016
29 2.87641
"[DEBUG]index 73 centroid... "
0 3.39313
1 3.04321
2 3.32995
3 3.05008
4 3.0311
5 3.66841
6 3.09984
7 2.40262
8 18.3849
9 2.93879
10 20.3211
11 5.58298
12 3.01047
13 5.02619
14 20.9447
15 3.75777
16 2.56956
17 2.15516
18 2.95712
19 4.54992
20 17.4429
21 4.81047
22 2.70638
23 3.4455
24 3.30442
25 2.96334
26 2.84124
27 2.64223
28 2.84223
29 3.04354
"[DEBUG]index 74 centroid... "
0 3.14953
1 3.25801
2 3.24118
3 3.00456
4 2.84296
5 3.17995
6 2.50335
7 2.33475
8 17.5453
9 3.57107
10 8.38179
11 30.1692
12 9.09702
13 3.94242
14 2.96452
15 1.57309
16 1.31103
17 2.10878
18 4.82238
19 2.16231
20 1.3679
21 2.2353
22 4.63352
23 2.00142
24 2.0665
25 2.2939
26 2.26257
27 2.29106
28 2.14305
29 2.15166
"[DEBUG]index 75 centroid... "
0 5.15952
1 4.96341
2 4.25615
3 3.89937
4 4.54946
5 4.99485
6 4.0566
7 2.498
8 25.6672
9 7.23499
10 2.63751
11 1.69068
12 5.0526
13 1.54545
14 0.939966
15 1.47513
16 2.24871
17 14.3722
18 2.94797
19 1.27959
20 3.5426
21 13.8988
22 2.46198
23 4.42824
24 4.88451
25 4.71641
26 4.50486
27 4.37736
28 4.43796
29 4.90909
"[DEBUG]index 76 centroid... "
0 3.54832
1 3.17158
2 3.43359
3 3.4
4 3.63204
5 3.63101
6 3.79121
7 2.63359
8 13.014
9 5.1292
10 2.05685
11 4.95142
12 16.6207
13 3.98656
14 9.12093
15 26.5473
16 9.00052
17 4.91886
18 2.62636
19 2.59587
20 1.43566
21 0.870801
22 1.36899
23 2.66357
24 2.35969
25 2.51731
26 2.78553
27 2.86408
28 2.34884
29 2.26202
"[DEBUG]index 77 centroid... "
0 3.98985
1 3.93137
2 3.88442
3 3.72724
4 4.15248
5 5.03893
6 3.95766
7 2.89927
8 41.7106
9 5.80435
10 2.90001
11 15.1562
12 3.66544
13 2.5529
14 12.6349
15 11.8611
16 2.7503
17 13.8639
18 2.88304
19 13.4441
20 11.0803
21 2.47948
22 12.4474
23 4.33696
24 4.03016
25 4.35606
26 4.22793
27 3.86118
28 4.00378
29 3.66691
"[DEBUG]index 78 centroid... "
0 2.67114
1 2.75673
2 2.92837
3 2.95047
4 3.03094
5 2.91091
6 2.46849
7 2.03967
8 14.3122
9 4.95272
10 2.57682
11 6.1546
12 8.45697
13 34.7985
14 7.24256
15 4.34044
16 2.36111
17 5.85556
18 1.85193
19 2.12247
20 2.00873
21 5.21613
22 2.14474
23 2.66223
24 2.66324
25 2.16588
26 2.04365
27 2.13464
28 2.15145
29 2.00053
"[DEBUG]index 79 centroid... "
0 5.46952
1 5.83218
2 4.32872
3 4.06977
4 4.83155
5 3.79761
6 3.9824
7 2.54557
8 29.0038
9 7.6675
10 2.8347
11 3.41358
12 1.02388
13 3.34507
14 1.11942
15 0.724701
16 1.15085
17 2.67128
18 15.2816
19 2.12634
20 3.54557
21 3.26021
22 2.62036
23 3.87744
24 3.76933
25 4.00063
26 3.62979
27 4.22502
28 4.25204
29 4.05971
"[DEBUG]index 80 centroid... "
0 5.78378
1 5.74199
2 5.14178
3 4.81468
4 5.76736
5 5.81643
6 4.78641
7 2.98499
8 34.4005
9 7.02221
10 4.13748
11 1.77983
12 3.58836
13 15.5012
14 3.39303
15 3.22597
16 1.2588
17 4.54622
18 3.59925
19 1.24914
20 1.32692
21 3.03564
22 1.26688
23 4.25125
24 3.68633
25 3.54675
26 3.81292
27 3.93591
28 3.57879
29 3.79694
"[DEBUG]index 81 centroid... "
0 4.10327
1 3.94826
2 3.94131
3 3.68405
4 4.03579
5 4.29305
6 3.90757
7 2.58793
8 22.4867
9 6.95092
10 3.79346
11 3.42618
12 5.35603
13 24.944
14 5.93599
15 3.23272
16 3.68425
17 5.9362
18 27.2973
19 5.85828
20 2.89427
21 3.92863
22 1.93006
23 3.83476
24 3.49284
25 3.20143
26 3.59039
27 3.4593
28 3.27853
29 3.11411
"[DEBUG]index 82 centroid... "
0 4.27203
1 3.90966
2 3.88427
3 3.25062
4 4.11175
5 4.32379
6 3.73619
7 2.54704
8 34.8086
9 4.48855
10 13.8833
11 3.12519
12 1.62544
13 2.84545
14 11.7738
15 10.8464
16 2.73818
17 3.04505
18 12.9196
19 11.3029
20 2.00871
21 3.51543
22 1.31782
23 4.17048
24 3.34545
25 3.52315
26 3.57715
27 3.62967
28 3.61747
29 3.24465
"[DEBUG]index 83 centroid... "
0 5.46985
1 5.13152
2 4.83062
3 4.45562
4 6.28229
5 6.12703
6 4.97337
7 3.19889
8 37.2902
9 6.40697
10 4.23482
11 1.89895
12 5.65569
13 2.1373
14 1.60917
15 3.19536
16 19.5157
17 3.983
18 2.06576
19 3.75599
20 17.2652
21 2.8071
22 1.72872
23 5.35928
24 5.59121
25 4.83961
26 4.67355
27 6.53379
28 5.32581
29 4.89553
"[DEBUG]index 84 centroid... "
0 6.92384
1 6.20432
2 5.59209
3 5.49652
4 6.22373
5 6.15782
6 5.24021
7 3.76529
8 25.2516
9 5.40278
10 14.5112
11 3.44379
12 1.63933
13 5.19553
14 1.50641
15 1.35591
16 4.8268
17 1.16624
18 3.64482
19 1.4427
20 0.76309
21 1.38594
22 1.42256
23 3.47821
24 3.3409
25 3.52948
26 3.53643
27 3.61077
28 3.80227
29 4.03149
"[DEBUG]index 85 centroid... "
0 2.29353
1 2.34598
2 2.17098
3 1.87924
4 1.7846
5 2.35379
6 2.50156
7 1.69241
8 9.04799
9 21.5275
10 7.18237
11 4.58817
12 1.97969
13 1.05223
14 1.97835
15 0.789732
16 1.59353
17 5.00692
18 2.14955
19 1.9558
20 3.63996
21 10.5971
22 3.49688
23 1.86563
24 2.29799
25 2.15223
26 2.1404
27 2.10781
28 1.90112
29 1.86897
"[DEBUG]index 86 centroid... "
0 5.39646
1 5.20636
2 4.6741
3 4.43148
4 5.77644
5 5.49721
6 4.88879
7 3.03155
8 47.9951
9 6.26658
10 3.00249
11 1.77857
12 1.48927
13 2.67586
14 1.19216
15 3.42873
16 1.13491
17 3.76949
18 1.16391
19 3.20873
20 2.69729
21 0.972527
22 2.8991
23 3.37794
24 3.09018
25 3.39463
26 3.45111
27 3.53074
28 3.56142
29 3.71706
"[DEBUG]index 87 centroid... "
0 3.78925
1 3.70803
2 3.62832
3 3.46618
4 3.59481
5 3.8285
6 3.18388
7 1.87258
8 28.3934
9 5.5157
10 2.38678
11 11.7566
12 12.0595
13 10.4209
14 2.40187
15 1.1715
16 3.08847
17 3.24517
18 3.08484
19 1.19112
20 3.10326
21 10.4435
22 11.2107
23 2.88466
24 3.9218
25 3.98973
26 3.64463
27 3.10085
28 3.29257
29 3.24004
"[DEBUG]index 88 centroid... "
0 4.28506
1 4.16647
2 4.06455
3 3.45585
4 3.73383
5 4.04229
6 4.08212
7 2.67984
8 31.4774
9 4.40126
10 34.456
11 4.59472
12 3.09094
13 2.30258
14 4.14709
15 1.55333
16 3.46275
17 10.8915
18 2.66509
19 8.13605
20 3.42424
21 1.47864
22 3.55123
23 3.44535
24 2.97397
25 3.16179
26 3.38602
27 3.31452
28 3.39568
29 3.09718
"[DEBUG]index 89 centroid... "
0 3.80232
1 3.57259
2 3.21084
3 3.08768
4 3.16106
5 4.1419
6 3.8458
7 2.64869
8 19.5194
9 23.3688
10 5.19325
11 2.63653
12 1.60592
13 2.4593
14 7.50465
15 1.79359
16 7.88542
17 2.41139
18 1.12788
19 2.62895
20 2.48391
21 0.929624
22 2.10943
23 2.43642
24 2.56902
25 2.43027
26 2.52739
27 2.26291
28 2.3855
29 2.19182
"[DEBUG]index 90 centroid... "
0 4.38501
1 4.08309
2 3.96403
3 3.50295
4 4.22609
5 3.86527
6 3.73104
7 2.19012
8 37.3747
9 4.21406
10 14.7314
11 2.51222
12 16.1147
13 2.46459
14 12.1756
15 2.13586
16 10.0386
17 11.1756
18 2.85875
19 1.572
20 3.26056
21 10.6382
22 2.4384
23 3.83081
24 4.15528
25 3.93633
26 3.51786
27 3.63818
28 3.48803
29 3.49756
"[DEBUG]index 91 centroid... "
0 3.6376
1 3.76633
2 3.16524
3 3.32193
4 3.6088
5 3.85374
6 3.60088
7 2.41018
8 31.3616
9 5.24807
10 3.19758
11 1.715
12 3.09264
13 11.511
14 2.28479
15 13.4926
16 2.23493
17 15.2358
18 2.34321
19 13.1383
20 2.15105
21 10.1427
22 10.3436
23 3.20926
24 3.96265
25 4.25037
26 3.53933
27 3.87732
28 3.44523
29 3.59357
"[DEBUG]index 92 centroid... "
0 3.43444
1 3.47512
2 3.32987
3 3.11214
4 3.57374
5 4.01413
6 3.83527
7 2.72575
8 22.9091
9 4.6564
10 2.86575
11 7.72141
12 2.89068
13 4.56263
14 27.7796
15 3.89684
16 26.0207
17 4.37115
18 8.08862
19 3.1722
20 3.04542
21 2.64328
22 6.86474
23 3.00656
24 3.55395
25 3.42303
26 3.42657
27 3.20884
28 2.9031
29 2.94781
"[DEBUG]index 93 centroid... "
0 3.63116
1 3.71857
2 3.7491
3 3.48406
4 3.57293
5 4.15638
6 3.43487
7 2.94923
8 23.8327
9 5.00961
10 4.78279
11 28.6036
12 7.65932
13 2.72241
14 5.96732
15 27.1537
16 4.29059
17 2.74028
18 7.9507
19 2.94618
20 7.57451
21 2.69256
22 7.87653
23 3.34622
24 3.47784
25 3.45274
26 3.33673
27 3.27883
28 3.11386
29 2.97501
"[DEBUG]index 94 centroid... "
0 4.64949
1 4.53476
2 4.71414
3 4.07832
4 4.47744
5 4.8473
6 3.39719
7 2.6659
8 37.9169
9 4.77577
10 13.755
11 12.9651
12 2.64068
13 10.6956
14 14.1834
15 2.22735
16 1.47836
17 3.67627
18 3.07979
19 1.29916
20 2.81741
21 2.98661
22 2.6515
23 3.39472
24 3.11904
25 2.9856
26 2.91865
27 2.93498
28 2.81566
29 2.75926
"[DEBUG]index 95 centroid... "
0 4.21456
1 4.15195
2 3.73829
3 3.32538
4 3.84535
5 3.78754
6 3.57027
7 2.48003
8 31.4613
9 4.49489
10 14.9611
11 2.66081
12 1.61051
13 3.46066
14 1.2515
15 2.78964
16 13.1946
17 2.13844
18 11.0312
19 10.9107
20 2.65751
21 1.51712
22 3.60315
23 3.49054
24 3.41637
25 3.49084
26 3.7958
27 3.47027
28 3.56276
29 3.2464
"[DEBUG]index 96 centroid... "
0 4.69636
1 4.43832
2 4.23508
3 3.91039
4 4.67498
5 4.68901
6 3.8638
7 2.39391
8 42.9571
9 6.11635
10 3.86731
11 3.88557
12 16.1248
13 8.64441
14 2.38015
15 13.9964
16 3.65023
17 1.59656
18 3.5548
19 15.13
20 2.85956
21 2.95778
22 13.7882
23 4.24732
24 4.08709
25 4.28829
26 4.12833
27 3.9448
28 3.9403
29 3.70212
"[DEBUG]index 97 centroid... "
0 3.80148
1 3.90797
2 3.82399
3 3.49412
4 3.87371
5 4.21515
6 3.10938
7 2.53019
8 34.6511
9 5.83267
10 3.05921
11 14.8633
12 2.80465
13 11.0989
14 2.90363
15 2.97514
16 1.65268
17 3.64048
18 2.82517
19 14.3623
20 2.36603
21 10.2999
22 12.2998
23 3.67465
24 3.60938
25 4.04131
26 3.55044
27 3.54402
28 3.49656
29 3.35048
"[DEBUG]index 98 centroid... "
0 3.80046
1 3.77378
2 3.46326
3 3.68871
4 3.41222
5 4.45128
6 3.66512
7 3.04292
8 21.7931
9 6.00193
10 2.38824
11 8.08314
12 9.09977
13 1.97873
14 6.02282
15 27.4339
16 3.88438
17 20.3492
18 19.2343
19 5.24942
20 7.56574
21 3.5959
22 1.65507
23 3.8314
24 3.68523
25 3.28268
26 3.88012
27 3.68832
28 3.55336
29 3.08662
"[DEBUG]index 99 centroid... "
0 3.78478
1 3.58907
2 3.47686
3 3.20682
4 3.38268
5 3.49433
6 3.18141
7 2.1562
8 27.7036
9 5.85347
10 3.57516
11 3.2275
12 10.5181
13 2.62606
14 1.50927
15 3.82279
16 3.19173
17 5.53565
18 31.8953
19 5.40103
20 2.87579
21 9.42503
22 3.26953
23 3.15727
24 3.45207
25 3.49788
26 3.31002
27 3.59239
28 3.37721
29 3.39449
