correlation level (red against blue): 
-0.620782
0.323541
0.801586
-0.461272
0.699285
0.332208
-0.609911
-0.469518
0.666332
0.548515
0.459017
0.222671
-0.350869
0.0244249
0.38346
0.205533
-0.372608
0.469312
0.0556195
0.673489
-0.330813
0.461207
0.199428
0.314904
-0.438796
-0.181008
0.205649
0.210742
-0.202197
0.224326
0.158467
-0.164269
0.424217
0.248105
0.404063
0.580789
0.5154
0.769095
0.284173
0.140649
0.108674
-0.11971
0.671639
0.517213
0.489181
0.346735
0.0811686
-0.423277
0.0959279
-0.0399895
0.33288
-0.125653
0.504415
-0.0853117
0.368002
0.348871
-0.166114
0.331602
-0.446762
-0.0920467
0.172727
0.412257
0.424504
-0.498288
-0.46868
-0.391466
-0.0273898
0.232761
0.192331
-0.0647202
0.386743
-0.333933
-0.054316
0.172085
0.302553
0.710309
0.203036
-0.437606
0.0363833
-0.263348
0.308546
0.239923
0.345444
-0.0240454
0.0361469
-0.358568
0.327093
-0.00175155
0.219393
-0.167363
-0.515527
-0.502846
-0.108233
-0.339931
0.0555818
0.224749
0.451597
0.0717085
-0.198281
-0.412105
-0.155506
0.28226
0.108761
0.258866
0.205833
-0.3275
-0.0103496
0.0861171
0.0992922
0.082818
-0.706007
0.2976
0.374256
0.236319
-0.415134
-0.0352968
-0.511057
-0.343453
0.131912
0.561576
0.271091
-0.212872
0.259323
-0.0444879
0.342003
0.0467742
-0.119148
0.137221
-0.0312317
0.341786
0.157458
-0.0139501
0.052289
0.335152
0.641546
0.0711269
0.21988
0.211113
-0.0720348
0.387191
0.342757
0.463978
0.339983
-0.0551339
0.292901
0.22852
0.00206241
0.0370534
0.130966
0.361822
-0.314875
0.0757528
0.428516
0.279546
0.150613
0.641325
-0.284976
0.427837
-0.365183
0.193288
0.156413
0.128963
0.236323
-0.000486814
0.111892
0.0820497
0.217345
0.125484
0.179785
0.140646
0.224235
0.37698
0.160419
0.388451
0.362488
0.335348
0.148512
-0.359909
0.341001
0.116404
0.217296
0.212674
0.248525
0.085293
-0.120839
-0.161345
-0.102415
0.461759
-0.210546
0.312448
0.185301
0.42702
0.153415
0.197154
0.443594
0.145098
0.246589
0.0468519
0.186526
0.0710745
0.107372
0.12817
0.450711
0.182474
0.159674
-0.334997
-0.295338
0.194816
0.508024
0.145845
0.119802
-0.133353
-0.110132
0.183493
-0.0955189
0.716801
-0.0403257
0.213642
0.0296984
-0.19261
0.148533
0.521809
0.174736
-0.0777939
0.158588
0.0316515
0.197755
0.340588
-0.482202
-0.608529
-0.179059
0.252781
0.354341
-0.0417487
0.216393
0.301042
-0.373968
-0.0607784
0.397902
0.279877
-0.210651
0.0191963
0.19998
0.156644
0.377807
0.286125
0.364239
-0.269797
0.0577791
0.0902718
0.406559
0.553319
0.58308
0.452525
0.53872
-0.0442392
-0.337522
-0.183145
0.272814
0.373653
-0.399633
0.287614
-0.0578951
0.356486
0.115851
-0.1003
0.0332658
-0.349818
0.0990088
0.0499158
-0.344194
0.334831
0.0745981
0.443696
0.112418
0.672258
-0.0478793
0.0711228
0.392195
0.108309
0.74275
0.556821
0.375231
0.196265
-0.0731852
-0.00393153
-0.134942
-0.437121
-0.258039
-0.0271139
-0.156946
-0.119437
-0.365397
-0.218088
0.519785
0.390206
0.262947
-0.138312
0.123199
0.194234
0.442237
0.208849
-0.261031
0.222644
0.114902
0.143975
0.0536711
0.42353
0.554825
-0.127137
0.331921
0.40405
0.169425
-0.100703
0.133588
0.188722
-0.016449
0.157278
0.101003
0.150321
-0.533109
0.414346
-0.213588
0.117441
-0.0675809
0.0799683
0.158108
0.105507
0.341129
0.104734
0.397111
-0.257671
0.123016
0.472927
0.200759
0.173355
-0.0931944
0.18703
-0.103547
0.324976
-0.225664
-0.0220477
0.0989955
0.136327
0.100112
0.451529
0.355818
0.14164
-0.297567
-0.242999
0.189926
0.393312
0.0741758
0.506041
-0.221754
0.0675788
0.191429
-0.0262701
-0.0785262
0.288142
0.357564
0.31827
0.289072
0.0293632
0.45639
0.364368
-0.197235
0.255358
0.382397
0.165571
-0.31823
0.365357
0.441594
0.399499
0.132837
0.162703
0.442798
-0.0857841
0.0708022
-0.02405
0.157692
0.132032
0.448157
0.389915
-0.142747
0.321259
-0.252633
-0.155867
0.248155
0.477083
-0.057378
-0.0287167
-0.207436
0.0313935
0.28283
-0.3663
0.154426
-0.0214097
-0.400448
0.00268771
0.267707
-0.108338
0.0478959
0.10228
0.537535
-0.0642911
-0.057807
-0.228917
-0.0654136
0.26023
0.0301982
-0.0308013
0.0624211
0.0580481
0.339764
0.211149
0.293114
0.0360771
0.119039
-0.150774
0.672507
0.471392
0.400917
-0.288038
-0.0423503
0.0612205
0.0740106
-0.381797
-0.0671202
-0.39598
0.0288267
-0.21393
0.131635
0.237946
0.414473
0.133695
0.0505286
0.237429
0.3798
0.41677
0.073344
0.207887
0.306455
0.290442
0.369127
-0.00927481
0.221217
-0.164002
-0.124042
0.218882
0.0839873
0.292485
0.152267
0.0278513
-0.396409
0.487553
-0.0297351
-0.188704
0.242058
0.105349
0.0579394
0.564504
0.0373616
0.030699
0.230819
0.107181
-0.0262806
0.135778
-0.158467
0.176436
0.38633
-0.263203
-0.0809475
0.103012
-0.0614973
0.088246
-0.0476232
0.380519
-0.220555
0.105007
0.0991026
-0.0791826
0.0540635
0.0807631
0.305354
0.0313358
0.450586
0.176749
0.072019
-0.0154031
-0.00652408
0.0290283
0.0787602
-0.0551672
0.0440121
-0.0110154
0.0341458
-0.0752608
