"[DEBUG]index 0 centroid... "
0 0.24107
1 0.279087
2 0.30475
3 0.411035
4 0.291169
5 0.109454
6 0.0615756
7 0.273453
8 0.317866
9 0.318639
10 0.215738
11 0.288203
12 0.317709
13 0.227424
14 0.101506
15 0.0736046
16 0.206686
17 0.21593
18 0.308134
19 0.23768
20 0.224192
21 0.179826
22 0.240942
23 0.248488
24 0.211436
25 0.1375
26 0.373483
27 0.42086
28 0.413128
29 0.128087
"[DEBUG]index 1 centroid... "
0 0.159201
1 0.166811
2 0.202685
3 0.325912
4 0.354849
5 0.213975
6 0.123931
7 0.17827
8 0.0730692
9 0.0996792
10 0.22439
11 0.234365
12 0.246925
13 0.336403
14 0.161176
15 0.350113
16 0.421277
17 0.414553
18 0.302742
19 0.264465
20 0.343572
21 0.314314
22 0.15444
23 0.235176
24 0.161711
25 0.235346
26 0.261968
27 0.16683
28 0.218962
29 0.0540944
"[DEBUG]index 2 centroid... "
0 0.235967
1 0.205632
2 0.211854
3 0.210965
4 0.221483
5 0.219057
6 0.240651
7 0.238982
8 0.153579
9 0.218398
10 0.195857
11 0.215168
12 0.253432
13 0.230248
14 0.282844
15 0.278508
16 0.218256
17 0.200528
18 0.131015
19 0.193878
20 0.213215
21 0.229116
22 0.205005
23 0.194264
24 0.218272
25 0.190905
26 0.207076
27 0.27839
28 0.245764
29 0.19287
"[DEBUG]index 3 centroid... "
0 0.368947
1 0.258779
2 0.154453
3 0.139474
4 0.185053
5 0.104379
6 0.268842
7 0.134526
8 0.1478
9 0.338684
10 0.345589
11 0.164326
12 0.330147
13 0.332095
14 0.189632
15 0.298716
16 0.253779
17 0.0829579
18 0.304053
19 0.154042
20 0.211684
21 0.242547
22 0.441516
23 0.2138
24 0.433084
25 0.324032
26 0.223432
27 0.0796421
28 0.213253
29 0.0220421
"[DEBUG]index 4 centroid... "
0 0.1941
1 0.203078
2 0.202985
3 0.217742
4 0.232011
5 0.212944
6 0.238877
7 0.222179
8 0.162174
9 0.191642
10 0.22903
11 0.234197
12 0.238413
13 0.239151
14 0.194261
15 0.197101
16 0.214247
17 0.221632
18 0.23157
19 0.22637
20 0.214361
21 0.139218
22 0.220072
23 0.23846
24 0.246247
25 0.215632
26 0.236485
27 0.208392
28 0.228331
29 0.218479
"[DEBUG]index 5 centroid... "
0 0.212669
1 0.216661
2 0.201415
3 0.199012
4 0.210995
5 0.220559
6 0.221677
7 0.246282
8 0.183061
9 0.196849
10 0.20815
11 0.189885
12 0.171899
13 0.26304
14 0.253479
15 0.242958
16 0.225691
17 0.243596
18 0.18253
19 0.152703
20 0.207234
21 0.243714
22 0.216812
23 0.236243
24 0.251713
25 0.220834
26 0.210352
27 0.237657
28 0.257272
29 0.233003
"[DEBUG]index 6 centroid... "
0 0.211297
1 0.204777
2 0.210878
3 0.185041
4 0.213735
5 0.206915
6 0.223504
7 0.22929
8 0.182441
9 0.2197
10 0.131882
11 0.115493
12 0.25335
13 0.233294
14 0.194513
15 0.194002
16 0.147063
17 0.1994
18 0.234954
19 0.262958
20 0.243735
21 0.24968
22 0.239836
23 0.243269
24 0.243688
25 0.222717
26 0.23326
27 0.244443
28 0.225406
29 0.243138
"[DEBUG]index 7 centroid... "
0 0.214653
1 0.222663
2 0.3522
3 0.302726
4 0.286778
5 0.310146
6 0.314892
7 0.280142
8 0.177054
9 0.238484
10 0.219821
11 0.287819
12 0.23871
13 0.268913
14 0.310406
15 0.33258
16 0.318875
17 0.25358
18 0.312745
19 0.253349
20 0.314576
21 0.287804
22 0.380887
23 0.258323
24 0.368882
25 0.355941
26 0.253123
27 0.28037
28 0.321394
29 0.26917
"[DEBUG]index 8 centroid... "
0 0.220973
1 0.222995
2 0.216224
3 0.227176
4 0.244835
5 0.197245
6 0.226788
7 0.195027
8 0.130274
9 0.196079
10 0.21726
11 0.225107
12 0.221199
13 0.198161
14 0.162074
15 0.136429
16 0.178789
17 0.178521
18 0.22379
19 0.215118
20 0.190062
21 0.233015
22 0.22752
23 0.202318
24 0.208664
25 0.211274
26 0.210889
27 0.217639
28 0.226571
29 0.225702
"[DEBUG]index 9 centroid... "
0 0.210248
1 0.217064
2 0.19673
3 0.232768
4 0.202226
5 0.198743
6 0.238823
7 0.197365
8 0.136469
9 0.196169
10 0.220784
11 0.213889
12 0.255834
13 0.238813
14 0.217425
15 0.204086
16 0.226224
17 0.264053
18 0.224899
19 0.202087
20 0.249265
21 0.272624
22 0.270467
23 0.243446
24 0.259991
25 0.232742
26 0.238413
27 0.246595
28 0.271856
29 0.244528
"[DEBUG]index 10 centroid... "
0 0.230199
1 0.235412
2 0.238957
3 0.230796
4 0.241312
5 0.202432
6 0.267717
7 0.224274
8 0.158199
9 0.206004
10 0.228066
11 0.233518
12 0.232248
13 0.200339
14 0.214928
15 0.210627
16 0.237508
17 0.204757
18 0.229922
19 0.245648
20 0.246568
21 0.23944
22 0.194944
23 0.225384
24 0.236688
25 0.235774
26 0.250363
27 0.231825
28 0.22621
29 0.247139
"[DEBUG]index 11 centroid... "
0 0.202519
1 0.226486
2 0.198794
3 0.22309
4 0.22426
5 0.228334
6 0.243923
7 0.182238
8 0.187824
9 0.161568
10 0.133379
11 0.213113
12 0.238743
13 0.208521
14 0.234634
15 0.22388
16 0.199438
17 0.23099
18 0.233764
19 0.19235
20 0.143326
21 0.195832
22 0.237373
23 0.25184
24 0.229758
25 0.237807
26 0.218635
27 0.207715
28 0.233405
29 0.27183
"[DEBUG]index 12 centroid... "
0 0.237503
1 0.227421
2 0.225361
3 0.232242
4 0.225647
5 0.207383
6 0.239466
7 0.22495
8 0.141127
9 0.183909
10 0.223836
11 0.221737
12 0.23408
13 0.22322
14 0.225199
15 0.179937
16 0.136318
17 0.22231
18 0.239693
19 0.202325
20 0.235564
21 0.221045
22 0.186237
23 0.198623
24 0.220355
25 0.217896
26 0.223579
27 0.215203
28 0.225989
29 0.233474
"[DEBUG]index 13 centroid... "
0 0.200181
1 0.208027
2 0.226547
3 0.229289
4 0.218092
5 0.219153
6 0.269988
7 0.20827
8 0.14027
9 0.0779588
10 0.063342
11 0.0853154
12 0.111251
13 0.184882
14 0.244525
15 0.233367
16 0.194448
17 0.171987
18 0.170408
19 0.175553
20 0.161103
21 0.207724
22 0.204633
23 0.20721
24 0.209158
25 0.245758
26 0.263116
27 0.197044
28 0.235146
29 0.272758
"[DEBUG]index 14 centroid... "
0 0.225546
1 0.22112
2 0.204601
3 0.217444
4 0.213578
5 0.186648
6 0.210926
7 0.199207
8 0.163876
9 0.23127
10 0.216944
11 0.215593
12 0.223913
13 0.178498
14 0.226596
15 0.219391
16 0.168975
17 0.207305
18 0.242571
19 0.220632
20 0.235978
21 0.244072
22 0.19826
23 0.195283
24 0.194293
25 0.235203
26 0.213045
27 0.219948
28 0.203881
29 0.17978
"[DEBUG]index 15 centroid... "
0 0.253781
1 0.233507
2 0.205909
3 0.212069
4 0.245613
5 0.230048
6 0.252504
7 0.253609
8 0.175904
9 0.144753
10 0.204463
11 0.227454
12 0.210413
13 0.191713
14 0.169106
15 0.233279
16 0.224919
17 0.201255
18 0.215855
19 0.184928
20 0.236496
21 0.238378
22 0.220866
23 0.262549
24 0.244707
25 0.22549
26 0.259086
27 0.241301
28 0.232768
29 0.258235
"[DEBUG]index 16 centroid... "
0 0.209018
1 0.210995
2 0.211228
3 0.23274
4 0.226415
5 0.207073
6 0.217338
7 0.224406
8 0.134131
9 0.200576
10 0.239713
11 0.22662
12 0.232621
13 0.209796
14 0.212651
15 0.24177
16 0.254235
17 0.282697
18 0.243913
19 0.187053
20 0.23535
21 0.227589
22 0.222731
23 0.24898
24 0.225617
25 0.223511
26 0.216117
27 0.212214
28 0.221963
29 0.210744
"[DEBUG]index 17 centroid... "
0 0.217144
1 0.201288
2 0.206774
3 0.228077
4 0.219853
5 0.212901
6 0.24638
7 0.197448
8 0.126908
9 0.233172
10 0.236343
11 0.213966
12 0.248655
13 0.269273
14 0.215657
15 0.212494
16 0.262106
17 0.255697
18 0.186482
19 0.25334
20 0.28316
21 0.176665
22 0.20028
23 0.250612
24 0.230192
25 0.220152
26 0.219483
27 0.2036
28 0.212368
29 0.19602
"[DEBUG]index 18 centroid... "
0 0.253812
1 0.252452
2 0.23023
3 0.255469
4 0.252814
5 0.225414
6 0.273275
7 0.245853
8 0.170991
9 0.232706
10 0.249042
11 0.204765
12 0.259404
13 0.238101
14 0.200898
15 0.275995
16 0.24077
17 0.175823
18 0.223195
19 0.263697
20 0.195724
21 0.180602
22 0.26069
23 0.270837
24 0.240016
25 0.22999
26 0.230691
27 0.219242
28 0.219923
29 0.237288
"[DEBUG]index 19 centroid... "
0 0.250008
1 0.250832
2 0.209185
3 0.230352
4 0.228711
5 0.204314
6 0.258686
7 0.195262
8 0.154537
9 0.193876
10 0.256136
11 0.220544
12 0.25503
13 0.195123
14 0.167937
15 0.205526
16 0.243968
17 0.222836
18 0.162698
19 0.17828
20 0.222518
21 0.204856
22 0.218085
23 0.243064
24 0.198893
25 0.219236
26 0.208179
27 0.217838
28 0.235104
29 0.228747
"[DEBUG]index 20 centroid... "
0 0.188035
1 0.224225
2 0.167828
3 0.194575
4 0.244649
5 0.197661
6 0.235234
7 0.174206
8 0.17345
9 0.21005
10 0.259996
11 0.271527
12 0.230497
13 0.247732
14 0.247318
15 0.224848
16 0.181024
17 0.159757
18 0.227869
19 0.217377
20 0.230104
21 0.259465
22 0.237049
23 0.25338
24 0.230989
25 0.248197
26 0.318281
27 0.249058
28 0.236646
29 0.258356
"[DEBUG]index 21 centroid... "
0 0.210374
1 0.203654
2 0.208364
3 0.221013
4 0.222643
5 0.195226
6 0.212594
7 0.197219
8 0.118358
9 0.186073
10 0.218967
11 0.178847
12 0.218335
13 0.226879
14 0.203234
15 0.22855
16 0.211835
17 0.210134
18 0.245379
19 0.236382
20 0.207509
21 0.240613
22 0.235078
23 0.23351
24 0.226848
25 0.219389
26 0.213844
27 0.210726
28 0.221601
29 0.216514
"[DEBUG]index 22 centroid... "
0 0.233
1 0.225835
2 0.226211
3 0.230778
4 0.234307
5 0.206412
6 0.230303
7 0.221649
8 0.126145
9 0.189013
10 0.250766
11 0.194602
12 0.204264
13 0.266477
14 0.206468
15 0.158913
16 0.223588
17 0.240731
18 0.208372
19 0.219418
20 0.207053
21 0.220594
22 0.239833
23 0.243978
24 0.258863
25 0.258767
26 0.245139
27 0.220814
28 0.224535
29 0.218498
"[DEBUG]index 23 centroid... "
0 0.237465
1 0.221135
2 0.224977
3 0.22708
4 0.240757
5 0.197594
6 0.237926
7 0.223034
8 0.155761
9 0.187592
10 0.230636
11 0.187324
12 0.207021
13 0.184587
14 0.139817
15 0.222976
16 0.243649
17 0.228615
18 0.229983
19 0.219393
20 0.21323
21 0.230891
22 0.248324
23 0.255429
24 0.234876
25 0.243061
26 0.232304
27 0.247851
28 0.250992
29 0.232563
"[DEBUG]index 24 centroid... "
0 0.223089
1 0.208156
2 0.218235
3 0.214659
4 0.224994
5 0.202591
6 0.230099
7 0.216109
8 0.14348
9 0.207275
10 0.236425
11 0.184326
12 0.190207
13 0.172272
14 0.180631
15 0.172172
16 0.243516
17 0.228482
18 0.179612
19 0.218265
20 0.225293
21 0.213102
22 0.223535
23 0.231792
24 0.222455
25 0.235169
26 0.23195
27 0.237218
28 0.243798
29 0.238662
"[DEBUG]index 25 centroid... "
0 0.209846
1 0.193241
2 0.213609
3 0.216972
4 0.226804
5 0.207599
6 0.242049
7 0.236811
8 0.126922
9 0.114591
10 0.165786
11 0.22213
12 0.238462
13 0.220454
14 0.209528
15 0.224481
16 0.256407
17 0.25947
18 0.253867
19 0.273167
20 0.267058
21 0.259265
22 0.274365
23 0.248418
24 0.244244
25 0.240291
26 0.250982
27 0.250203
28 0.25
29 0.231325
"[DEBUG]index 26 centroid... "
0 0.258252
1 0.232652
2 0.244642
3 0.216936
4 0.247661
5 0.219466
6 0.281493
7 0.231817
8 0.189892
9 0.271741
10 0.293634
11 0.304205
12 0.289021
13 0.216039
14 0.19849
15 0.281661
16 0.246683
17 0.236088
18 0.299667
19 0.262266
20 0.189546
21 0.234007
22 0.210274
23 0.219817
24 0.236529
25 0.301036
26 0.292366
27 0.265689
28 0.233986
29 0.249136
"[DEBUG]index 27 centroid... "
0 0.275286
1 0.272986
2 0.239735
3 0.212119
4 0.221428
5 0.204755
6 0.257325
7 0.21838
8 0.19958
9 0.217512
10 0.185619
11 0.216883
12 0.246546
13 0.233381
14 0.242166
15 0.228447
16 0.224807
17 0.194248
18 0.15189
19 0.198548
20 0.243471
21 0.228417
22 0.229071
23 0.224148
24 0.25095
25 0.233344
26 0.240515
27 0.282585
28 0.251238
29 0.249968
"[DEBUG]index 28 centroid... "
0 0.242819
1 0.207663
2 0.22704
3 0.210742
4 0.196463
5 0.213741
6 0.248813
7 0.222603
8 0.166694
9 0.193922
10 0.198771
11 0.214193
12 0.16671
13 0.118472
14 0.228201
15 0.219865
16 0.203662
17 0.188971
18 0.202841
19 0.166483
20 0.165545
21 0.192414
22 0.231031
23 0.216541
24 0.255766
25 0.264466
26 0.236426
27 0.245547
28 0.242709
29 0.240651
"[DEBUG]index 29 centroid... "
0 0.224678
1 0.210601
2 0.213221
3 0.229617
4 0.234906
5 0.228906
6 0.250113
7 0.193065
8 0.139466
9 0.134488
10 0.145044
11 0.210963
12 0.230388
13 0.188834
14 0.216054
15 0.188028
16 0.150386
17 0.206608
18 0.230703
19 0.185743
20 0.190512
21 0.229056
22 0.232789
23 0.203389
24 0.248854
25 0.245635
26 0.220425
27 0.228331
28 0.235066
29 0.226278
"[DEBUG]index 30 centroid... "
0 0.212365
1 0.214747
2 0.201837
3 0.231284
4 0.248724
5 0.21336
6 0.247004
7 0.244151
8 0.155572
9 0.18661
10 0.241763
11 0.198845
12 0.217538
13 0.209425
14 0.196325
15 0.200922
16 0.20994
17 0.158877
18 0.218177
19 0.184426
20 0.190491
21 0.195395
22 0.167615
23 0.208055
24 0.206138
25 0.187537
26 0.199931
27 0.20799
28 0.207005
29 0.194717
"[DEBUG]index 31 centroid... "
0 0.208265
1 0.205203
2 0.197205
3 0.215793
4 0.22883
5 0.198508
6 0.224871
7 0.239148
8 0.162679
9 0.166551
10 0.197635
11 0.194119
12 0.189788
13 0.239295
14 0.238646
15 0.201976
16 0.219293
17 0.22914
18 0.222896
19 0.246939
20 0.250623
21 0.252872
22 0.261554
23 0.242956
24 0.236225
25 0.235292
26 0.236863
27 0.236605
28 0.24173
29 0.241283
"[DEBUG]index 32 centroid... "
0 0.239165
1 0.214675
2 0.233684
3 0.220715
4 0.280999
5 0.236908
6 0.26876
7 0.231382
8 0.167147
9 0.164584
10 0.251467
11 0.226968
12 0.234858
13 0.293278
14 0.256071
15 0.149252
16 0.171945
17 0.261162
18 0.223165
19 0.246023
20 0.197074
21 0.194665
22 0.242127
23 0.190749
24 0.196849
25 0.219637
26 0.221664
27 0.222918
28 0.243972
29 0.249923
"[DEBUG]index 33 centroid... "
0 0.208867
1 0.200111
2 0.20253
3 0.208534
4 0.223405
5 0.220486
6 0.227996
7 0.217643
8 0.120265
9 0.0983297
10 0.110737
11 0.200419
12 0.240242
13 0.210102
14 0.220958
15 0.22183
16 0.217098
17 0.238226
18 0.221177
19 0.229914
20 0.22753
21 0.216333
22 0.240841
23 0.25989
24 0.236053
25 0.234274
26 0.238813
27 0.217786
28 0.246847
29 0.239336
"[DEBUG]index 34 centroid... "
0 0.225832
1 0.228648
2 0.22343
3 0.228325
4 0.228796
5 0.21535
6 0.247059
7 0.224856
8 0.142464
9 0.197873
10 0.233212
11 0.21209
12 0.239771
13 0.199185
14 0.131322
15 0.213789
16 0.229078
17 0.205619
18 0.230797
19 0.233443
20 0.214556
21 0.206923
22 0.205795
23 0.233868
24 0.232314
25 0.228334
26 0.235058
27 0.235371
28 0.218198
29 0.227088
"[DEBUG]index 35 centroid... "
0 0.245244
1 0.235544
2 0.239477
3 0.243271
4 0.244963
5 0.239294
6 0.287622
7 0.259169
8 0.177106
9 0.168621
10 0.168542
11 0.176326
12 0.198093
13 0.26221
14 0.227108
15 0.222956
16 0.207651
17 0.219303
18 0.221157
19 0.209661
20 0.201479
21 0.169208
22 0.246518
23 0.263488
24 0.230664
25 0.25005
26 0.251825
27 0.233166
28 0.211951
29 0.245727
"[DEBUG]index 36 centroid... "
0 0.219545
1 0.214665
2 0.180952
3 0.218156
4 0.238613
5 0.198461
6 0.214718
7 0.259404
8 0.147911
9 0.0867058
10 0.217242
11 0.244417
12 0.179743
13 0.204929
14 0.227952
15 0.191026
16 0.186018
17 0.229665
18 0.249599
19 0.243857
20 0.274123
21 0.26576
22 0.233525
23 0.249734
24 0.259732
25 0.224908
26 0.250244
27 0.228009
28 0.226414
29 0.237801
"[DEBUG]index 37 centroid... "
0 0.221796
1 0.228855
2 0.217449
3 0.235056
4 0.242217
5 0.214018
6 0.23668
7 0.219839
8 0.147766
9 0.196866
10 0.228961
11 0.216694
12 0.24148
13 0.230151
14 0.192488
15 0.225508
16 0.186897
17 0.136074
18 0.188185
19 0.234699
20 0.205786
21 0.221406
22 0.225589
23 0.207231
24 0.223492
25 0.251778
26 0.260132
27 0.256068
28 0.240424
29 0.225166
"[DEBUG]index 38 centroid... "
0 0.20595
1 0.203558
2 0.211034
3 0.229728
4 0.230137
5 0.193912
6 0.22207
7 0.211662
8 0.126471
9 0.18483
10 0.22857
11 0.231877
12 0.226116
13 0.25314
14 0.237041
15 0.175058
16 0.252397
17 0.269225
18 0.199585
19 0.228184
20 0.224916
21 0.192942
22 0.182475
23 0.222562
24 0.228587
25 0.211755
26 0.215726
27 0.21378
28 0.204305
29 0.198927
"[DEBUG]index 39 centroid... "
0 0.22984
1 0.226185
2 0.203068
3 0.229767
4 0.234423
5 0.203733
6 0.231439
7 0.220143
8 0.141406
9 0.2133
10 0.233817
11 0.213086
12 0.212758
13 0.198349
14 0.216617
15 0.195066
16 0.170818
17 0.228095
18 0.17278
19 0.129746
20 0.219155
21 0.230339
22 0.216983
23 0.220568
24 0.216287
25 0.213259
26 0.224296
27 0.232656
28 0.252072
29 0.235621
"[DEBUG]index 40 centroid... "
0 0.25662
1 0.277589
2 0.225172
3 0.245382
4 0.248976
5 0.221374
6 0.22008
7 0.272067
8 0.18595
9 0.23304
10 0.240371
11 0.171671
12 0.259436
13 0.257297
14 0.231238
15 0.246036
16 0.252888
17 0.277958
18 0.318752
19 0.342736
20 0.364704
21 0.341108
22 0.332164
23 0.318526
24 0.279363
25 0.255598
26 0.301336
27 0.315025
28 0.333864
29 0.331882
"[DEBUG]index 41 centroid... "
0 0.243833
1 0.208206
2 0.215601
3 0.202208
4 0.209498
5 0.220763
6 0.225502
7 0.274679
8 0.216237
9 0.172077
10 0.181389
11 0.141989
12 0.163907
13 0.194571
14 0.180329
15 0.171203
16 0.194117
17 0.207958
18 0.232939
19 0.236124
20 0.270541
21 0.289837
22 0.306961
23 0.294373
24 0.29627
25 0.279779
26 0.277072
27 0.259258
28 0.282641
29 0.279481
"[DEBUG]index 42 centroid... "
0 0.207337
1 0.224845
2 0.219918
3 0.210236
4 0.241802
5 0.263045
6 0.263921
7 0.287248
8 0.149874
9 0.121663
10 0.235506
11 0.246248
12 0.211322
13 0.220342
14 0.22722
15 0.216397
16 0.22722
17 0.161448
18 0.222323
19 0.262239
20 0.208861
21 0.232368
22 0.233025
23 0.222785
24 0.248558
25 0.266284
26 0.236038
27 0.228668
28 0.247974
29 0.253081
"[DEBUG]index 43 centroid... "
0 0.208067
1 0.214331
2 0.212508
3 0.227873
4 0.227386
5 0.195678
6 0.229852
7 0.188123
8 0.117707
9 0.189932
10 0.250013
11 0.211896
12 0.239976
13 0.209247
14 0.167228
15 0.20891
16 0.234212
17 0.250304
18 0.251593
19 0.209981
20 0.243251
21 0.235652
22 0.185303
23 0.218107
24 0.220418
25 0.212484
26 0.217114
27 0.212477
28 0.196625
29 0.206736
"[DEBUG]index 44 centroid... "
0 0.210352
1 0.223718
2 0.219453
3 0.215384
4 0.236578
5 0.22934
6 0.240802
7 0.213883
8 0.134845
9 0.137255
10 0.191783
11 0.26276
12 0.275802
13 0.236258
14 0.227846
15 0.209643
16 0.206273
17 0.188684
18 0.154614
19 0.136589
20 0.176495
21 0.176419
22 0.220825
23 0.239461
24 0.213882
25 0.23906
26 0.233134
27 0.199332
28 0.222561
29 0.213235
"[DEBUG]index 45 centroid... "
0 0.200204
1 0.201221
2 0.191677
3 0.212292
4 0.216834
5 0.176057
6 0.214816
7 0.199308
8 0.111202
9 0.121198
10 0.185314
11 0.215244
12 0.204264
13 0.184237
14 0.190159
15 0.1917
16 0.206781
17 0.201644
18 0.223513
19 0.208632
20 0.19394
21 0.196208
22 0.16196
23 0.201563
24 0.214089
25 0.208441
26 0.182719
27 0.201271
28 0.200666
29 0.198069
"[DEBUG]index 46 centroid... "
0 0.229304
1 0.223417
2 0.216968
3 0.234204
4 0.242632
5 0.212037
6 0.24244
7 0.245724
8 0.158297
9 0.177433
10 0.199411
11 0.171019
12 0.195041
13 0.223183
14 0.195726
15 0.205145
16 0.25109
17 0.223939
18 0.202211
19 0.233401
20 0.23009
21 0.194957
22 0.232279
23 0.231537
24 0.224989
25 0.226891
26 0.229013
27 0.231656
28 0.234357
29 0.23669
"[DEBUG]index 47 centroid... "
0 0.217139
1 0.213048
2 0.209155
3 0.236456
4 0.230095
5 0.202944
6 0.234504
7 0.200716
8 0.134962
9 0.200801
10 0.225864
11 0.200064
12 0.254194
13 0.242647
14 0.220902
15 0.203852
16 0.190596
17 0.149554
18 0.125467
19 0.164829
20 0.185162
21 0.21366
22 0.21527
23 0.215881
24 0.209249
25 0.200936
26 0.201033
27 0.214723
28 0.205147
29 0.21955
"[DEBUG]index 48 centroid... "
0 0.215377
1 0.208331
2 0.206407
3 0.224107
4 0.224597
5 0.187177
6 0.203368
7 0.184102
8 0.117587
9 0.172662
10 0.198768
11 0.201686
12 0.219541
13 0.192045
14 0.207852
15 0.20634
16 0.190917
17 0.224736
18 0.221484
19 0.215546
20 0.225753
21 0.207093
22 0.220264
23 0.228018
24 0.221724
25 0.226807
26 0.221665
27 0.215876
28 0.211513
29 0.218771
"[DEBUG]index 49 centroid... "
0 0.159689
1 0.179359
2 0.191747
3 0.214538
4 0.219453
5 0.174979
6 0.170659
7 0.185265
8 0.0995949
9 0.173214
10 0.225691
11 0.199064
12 0.216995
13 0.188499
14 0.138051
15 0.191588
16 0.210438
17 0.196495
18 0.239417
19 0.2158
20 0.234079
21 0.222629
22 0.265736
23 0.228681
24 0.21087
25 0.234033
26 0.226262
27 0.211375
28 0.224263
29 0.180976
"[DEBUG]index 50 centroid... "
0 0.22196
1 0.205573
2 0.208323
3 0.215637
4 0.222912
5 0.200309
6 0.241377
7 0.225406
8 0.118382
9 0.166363
10 0.201195
11 0.136374
12 0.189592
13 0.24124
14 0.172782
15 0.199621
16 0.199927
17 0.157024
18 0.199961
19 0.19379
20 0.238724
21 0.208433
22 0.201057
23 0.23195
24 0.241946
25 0.223295
26 0.232719
27 0.2272
28 0.228352
29 0.232309
"[DEBUG]index 51 centroid... "
0 0.205503
1 0.202664
2 0.208101
3 0.203746
4 0.225139
5 0.20172
6 0.226327
7 0.206942
8 0.108476
9 0.158197
10 0.201864
11 0.210983
12 0.242365
13 0.214369
14 0.20564
15 0.209379
16 0.210037
17 0.188524
18 0.17928
19 0.177249
20 0.160242
21 0.162682
22 0.193504
23 0.220839
24 0.227076
25 0.219174
26 0.201029
27 0.205355
28 0.203353
29 0.203317
"[DEBUG]index 52 centroid... "
0 0.209264
1 0.201336
2 0.200114
3 0.214
4 0.201357
5 0.190598
6 0.220035
7 0.198755
8 0.0968164
9 0.188235
10 0.224607
11 0.164392
12 0.23207
13 0.225066
14 0.188905
15 0.198903
16 0.154266
17 0.219392
18 0.240861
19 0.203882
20 0.205083
21 0.211778
22 0.226804
23 0.225115
24 0.227716
25 0.228963
26 0.219246
27 0.221545
28 0.224422
29 0.214362
"[DEBUG]index 53 centroid... "
0 0.263591
1 0.298897
2 0.275075
3 0.29677
4 0.289049
5 0.221535
6 0.316207
7 0.29983
8 0.141935
9 0.292204
10 0.324699
11 0.280239
12 0.255217
13 0.231664
14 0.239967
15 0.257518
16 0.345368
17 0.279632
18 0.273378
19 0.173676
20 0.161622
21 0.24381
22 0.29099
23 0.335158
24 0.217188
25 0.208777
26 0.268644
27 0.25445
28 0.241825
29 0.21153
"[DEBUG]index 54 centroid... "
0 0.289639
1 0.265333
2 0.286301
3 0.271715
4 0.264157
5 0.216679
6 0.360004
7 0.367088
8 0.207936
9 0.285739
10 0.294843
11 0.304293
12 0.240221
13 0.222265
14 0.264329
15 0.152092
16 0.276277
17 0.251113
18 0.349173
19 0.312638
20 0.295775
21 0.264534
22 0.248851
23 0.325289
24 0.313952
25 0.252229
26 0.29645
27 0.301558
28 0.261703
29 0.247004
"[DEBUG]index 55 centroid... "
0 0.269779
1 0.274675
2 0.278141
3 0.271621
4 0.264609
5 0.227227
6 0.274309
7 0.316313
8 0.264618
9 0.306023
10 0.3248
11 0.248716
12 0.28375
13 0.304164
14 0.319907
15 0.267419
16 0.273208
17 0.309531
18 0.341386
19 0.357676
20 0.206738
21 0.219936
22 0.249396
23 0.331683
24 0.301066
25 0.253455
26 0.225922
27 0.249967
28 0.216207
29 0.283295
"[DEBUG]index 56 centroid... "
0 0.207033
1 0.194949
2 0.195671
3 0.239512
4 0.22955
5 0.205574
6 0.232546
7 0.221854
8 0.136593
9 0.182161
10 0.213916
11 0.18359
12 0.217913
13 0.173257
14 0.192118
15 0.218824
16 0.170385
17 0.158643
18 0.255696
19 0.230207
20 0.218752
21 0.23736
22 0.221556
23 0.225111
24 0.245452
25 0.259795
26 0.257051
27 0.2489
28 0.244471
29 0.236992
"[DEBUG]index 57 centroid... "
0 0.253143
1 0.242232
2 0.229259
3 0.209215
4 0.238605
5 0.206227
6 0.223632
7 0.259567
8 0.187387
9 0.118866
10 0.226424
11 0.258005
12 0.244982
13 0.205888
14 0.238758
15 0.165398
16 0.150208
17 0.205779
18 0.195347
19 0.205664
20 0.230115
21 0.211287
22 0.218246
23 0.260313
24 0.23859
25 0.225265
26 0.22492
27 0.222162
28 0.226082
29 0.230703
"[DEBUG]index 58 centroid... "
0 0.202253
1 0.208111
2 0.178806
3 0.20522
4 0.196832
5 0.164777
6 0.208011
7 0.189181
8 0.106162
9 0.17342
10 0.210075
11 0.234273
12 0.226066
13 0.209717
14 0.227157
15 0.164283
16 0.176406
17 0.21407
18 0.142019
19 0.178165
20 0.187605
21 0.180472
22 0.201082
23 0.16933
24 0.198656
25 0.206516
26 0.236162
27 0.206198
28 0.227887
29 0.230554
"[DEBUG]index 59 centroid... "
0 0.221077
1 0.228272
2 0.217663
3 0.244842
4 0.24482
5 0.228359
6 0.254947
7 0.241929
8 0.178302
9 0.202915
10 0.231493
11 0.210507
12 0.215581
13 0.207669
14 0.192775
15 0.218806
16 0.207474
17 0.194805
18 0.228957
19 0.197047
20 0.169457
21 0.224041
22 0.242872
23 0.220468
24 0.238943
25 0.234945
26 0.223305
27 0.222563
28 0.231308
29 0.232031
"[DEBUG]index 60 centroid... "
0 0.31892
1 0.218471
2 0.241177
3 0.259472
4 0.266086
5 0.23551
6 0.242938
7 0.207801
8 0.144687
9 0.154422
10 0.151439
11 0.214561
12 0.172663
13 0.169971
14 0.169748
15 0.129977
16 0.206214
17 0.197541
18 0.193614
19 0.222726
20 0.168418
21 0.195226
22 0.245507
23 0.252162
24 0.265755
25 0.286129
26 0.230014
27 0.257112
28 0.273542
29 0.256752
"[DEBUG]index 61 centroid... "
0 0.194741
1 0.188636
2 0.197853
3 0.230682
4 0.249398
5 0.204828
6 0.263807
7 0.226135
8 0.144051
9 0.224672
10 0.210136
11 0.230189
12 0.203035
13 0.168822
14 0.198312
15 0.210615
16 0.198267
17 0.282898
18 0.203741
19 0.138581
20 0.128416
21 0.135612
22 0.209839
23 0.223095
24 0.21566
25 0.221221
26 0.1868
27 0.201843
28 0.195811
29 0.194248
"[DEBUG]index 62 centroid... "
0 0.207843
1 0.199975
2 0.211026
3 0.226837
4 0.236726
5 0.204374
6 0.223481
7 0.208746
8 0.128407
9 0.178463
10 0.236921
11 0.23147
12 0.216695
13 0.258639
14 0.224835
15 0.192628
16 0.190669
17 0.140937
18 0.158932
19 0.188792
20 0.226333
21 0.228205
22 0.222524
23 0.215843
24 0.215457
25 0.21902
26 0.226214
27 0.212749
28 0.224077
29 0.216703
"[DEBUG]index 63 centroid... "
0 0.303192
1 0.336325
2 0.257847
3 0.278552
4 0.253961
5 0.296056
6 0.300064
7 0.282298
8 0.252388
9 0.222887
10 0.244855
11 0.253595
12 0.175704
13 0.257563
14 0.244992
15 0.2331
16 0.196966
17 0.156197
18 0.221648
19 0.21514
20 0.200386
21 0.279832
22 0.258375
23 0.263166
24 0.241206
25 0.238553
26 0.22066
27 0.200406
28 0.242286
29 0.258423
"[DEBUG]index 64 centroid... "
0 0.200588
1 0.1976
2 0.203789
3 0.216018
4 0.212931
5 0.206297
6 0.235871
7 0.22243
8 0.144275
9 0.117864
10 0.121822
11 0.187437
12 0.191126
13 0.231541
14 0.218984
15 0.190491
16 0.224217
17 0.166251
18 0.195948
19 0.192799
20 0.182944
21 0.179568
22 0.180855
23 0.209615
24 0.224264
25 0.232563
26 0.217611
27 0.22009
28 0.221892
29 0.229237
"[DEBUG]index 65 centroid... "
0 0.206571
1 0.162149
2 0.201717
3 0.193487
4 0.227257
5 0.232657
6 0.226461
7 0.200468
8 0.13142
9 0.109962
10 0.140613
11 0.217767
12 0.228987
13 0.225497
14 0.209008
15 0.191365
16 0.219841
17 0.239212
18 0.219434
19 0.245157
20 0.228999
21 0.189247
22 0.20202
23 0.274767
24 0.230541
25 0.228967
26 0.251873
27 0.189453
28 0.204511
29 0.220697
"[DEBUG]index 66 centroid... "
0 0.214439
1 0.222109
2 0.196558
3 0.225246
4 0.24657
5 0.204167
6 0.237689
7 0.209088
8 0.133584
9 0.117373
10 0.131491
11 0.159277
12 0.17161
13 0.154127
14 0.136533
15 0.150142
16 0.172453
17 0.204804
18 0.186558
19 0.208377
20 0.22993
21 0.166356
22 0.158016
23 0.23506
24 0.217219
25 0.205059
26 0.189371
27 0.2208
28 0.217543
29 0.215591
"[DEBUG]index 67 centroid... "
0 0.187011
1 0.178801
2 0.209409
3 0.238692
4 0.219696
5 0.214199
6 0.256593
7 0.229037
8 0.17138
9 0.231906
10 0.241151
11 0.25134
12 0.223168
13 0.239689
14 0.214327
15 0.245669
16 0.18664
17 0.222034
18 0.168942
19 0.144756
20 0.217845
21 0.227519
22 0.240513
23 0.243445
24 0.247062
25 0.179242
26 0.192703
27 0.192103
28 0.221313
29 0.176227
"[DEBUG]index 68 centroid... "
0 0.23323
1 0.211277
2 0.225789
3 0.226938
4 0.226697
5 0.199778
6 0.23923
7 0.258576
8 0.186057
9 0.185903
10 0.207343
11 0.192639
12 0.196161
13 0.240419
14 0.23944
15 0.216613
16 0.194515
17 0.212292
18 0.207226
19 0.197753
20 0.209847
21 0.227776
22 0.224461
23 0.234468
24 0.249008
25 0.242562
26 0.240261
27 0.242329
28 0.260001
29 0.250496
"[DEBUG]index 69 centroid... "
0 0.24609
1 0.234218
2 0.265033
3 0.171659
4 0.194165
5 0.223697
6 0.250959
7 0.189369
8 0.159959
9 0.134333
10 0.119649
11 0.19604
12 0.192383
13 0.196468
14 0.190772
15 0.118602
16 0.208562
17 0.152659
18 0.136772
19 0.203982
20 0.19097
21 0.168994
22 0.234689
23 0.174399
24 0.189187
25 0.200048
26 0.246177
27 0.23502
28 0.187485
29 0.23185
"[DEBUG]index 70 centroid... "
0 0.235143
1 0.224127
2 0.208653
3 0.229428
4 0.232984
5 0.222829
6 0.269822
7 0.260038
8 0.172625
9 0.154174
10 0.229647
11 0.232549
12 0.206453
13 0.213627
14 0.228845
15 0.222732
16 0.24119
17 0.250059
18 0.210366
19 0.216019
20 0.284498
21 0.263803
22 0.242771
23 0.242159
24 0.237894
25 0.237689
26 0.230888
27 0.259315
28 0.261745
29 0.269832
"[DEBUG]index 71 centroid... "
0 0.203643
1 0.201472
2 0.198626
3 0.220592
4 0.220364
5 0.20093
6 0.223126
7 0.208814
8 0.129152
9 0.179409
10 0.213396
11 0.204925
12 0.230414
13 0.21939
14 0.209021
15 0.197343
16 0.210331
17 0.209206
18 0.222493
19 0.214995
20 0.215193
21 0.197224
22 0.170523
23 0.208673
24 0.220331
25 0.206368
26 0.217473
27 0.209856
28 0.197551
29 0.19749
"[DEBUG]index 72 centroid... "
0 0.191119
1 0.18733
2 0.180622
3 0.203424
4 0.19958
5 0.208154
6 0.222863
7 0.218129
8 0.137874
9 0.10711
10 0.13154
11 0.139796
12 0.153015
13 0.206624
14 0.197673
15 0.166857
16 0.223289
17 0.203793
18 0.202801
19 0.20051
20 0.197256
21 0.238379
22 0.263162
23 0.265652
24 0.28155
25 0.25329
26 0.247046
27 0.229902
28 0.245597
29 0.246302
"[DEBUG]index 73 centroid... "
0 0.220836
1 0.233164
2 0.228463
3 0.229041
4 0.236585
5 0.253539
6 0.251049
7 0.226366
8 0.155696
9 0.178471
10 0.187788
11 0.221548
12 0.22398
13 0.218023
14 0.206857
15 0.266805
16 0.238971
17 0.260149
18 0.277523
19 0.233868
20 0.202324
21 0.27031
22 0.296614
23 0.274086
24 0.203196
25 0.245651
26 0.251773
27 0.256883
28 0.26054
29 0.273557
"[DEBUG]index 74 centroid... "
0 0.204636
1 0.19567
2 0.204424
3 0.195245
4 0.179159
5 0.191919
6 0.221217
7 0.213723
8 0.172421
9 0.217169
10 0.165716
11 0.0889079
12 0.162485
13 0.214019
14 0.208561
15 0.190804
16 0.199168
17 0.208674
18 0.237587
19 0.265065
20 0.289493
21 0.280412
22 0.250831
23 0.266678
24 0.262809
25 0.253799
26 0.263549
27 0.259454
28 0.273335
29 0.257624
"[DEBUG]index 75 centroid... "
0 0.22668
1 0.192443
2 0.259852
3 0.255882
4 0.255767
5 0.233033
6 0.265781
7 0.204344
8 0.169588
9 0.211722
10 0.251613
11 0.254132
12 0.244411
13 0.272405
14 0.220316
15 0.273914
16 0.269627
17 0.214634
18 0.26685
19 0.323339
20 0.242586
21 0.264516
22 0.27399
23 0.246119
24 0.234491
25 0.248015
26 0.232538
27 0.254033
28 0.235636
29 0.252209
"[DEBUG]index 76 centroid... "
0 0.274118
1 0.285871
2 0.293906
3 0.263604
4 0.23887
5 0.200124
6 0.2572
7 0.238085
8 0.20098
9 0.209344
10 0.266234
11 0.232241
12 0.222698
13 0.260676
14 0.220871
15 0.100012
16 0.2088
17 0.27046
18 0.250863
19 0.239996
20 0.206531
21 0.218071
22 0.250759
23 0.274545
24 0.324637
25 0.312237
26 0.304858
27 0.300145
28 0.298517
29 0.287765
"[DEBUG]index 77 centroid... "
0 0.23376
1 0.217965
2 0.235728
3 0.221399
4 0.23953
5 0.214112
6 0.246622
7 0.218831
8 0.138332
9 0.220834
10 0.265678
11 0.197724
12 0.237988
13 0.238331
14 0.174096
15 0.20425
16 0.214483
17 0.180664
18 0.209455
19 0.168833
20 0.209407
21 0.227245
22 0.177287
23 0.216191
24 0.219937
25 0.193092
26 0.208263
27 0.201269
28 0.226689
29 0.231377
"[DEBUG]index 78 centroid... "
0 0.23019
1 0.219569
2 0.21545
3 0.219992
4 0.222856
5 0.195856
6 0.226468
7 0.219259
8 0.194244
9 0.21883
10 0.219794
11 0.215886
12 0.182853
13 0.14047
14 0.188421
15 0.232674
16 0.208917
17 0.212856
18 0.214016
19 0.20869
20 0.226335
21 0.23409
22 0.255534
23 0.265608
24 0.249949
25 0.271393
26 0.265373
27 0.270511
28 0.257029
29 0.268419
"[DEBUG]index 79 centroid... "
0 0.20158
1 0.212988
2 0.188951
3 0.226219
4 0.224765
5 0.192347
6 0.215294
7 0.193777
8 0.115204
9 0.207076
10 0.242378
11 0.241873
12 0.227927
13 0.210031
14 0.213666
15 0.19009
16 0.257617
17 0.205113
18 0.160297
19 0.219803
20 0.185577
21 0.227148
22 0.245202
23 0.25534
24 0.159519
25 0.209522
26 0.21474
27 0.211256
28 0.163521
29 0.189575
"[DEBUG]index 80 centroid... "
0 0.218038
1 0.202917
2 0.212771
3 0.233762
4 0.222064
5 0.186153
6 0.211754
7 0.217305
8 0.131524
9 0.188254
10 0.225853
11 0.236212
12 0.224655
13 0.185461
14 0.218071
15 0.234942
16 0.226506
17 0.206906
18 0.203247
19 0.257472
20 0.250433
21 0.24827
22 0.273009
23 0.253492
24 0.239154
25 0.234683
26 0.231083
27 0.237066
28 0.240046
29 0.237974
"[DEBUG]index 81 centroid... "
0 0.228211
1 0.235255
2 0.230625
3 0.220729
4 0.240276
5 0.223295
6 0.235883
7 0.220773
8 0.157332
9 0.204654
10 0.21669
11 0.24748
12 0.220281
13 0.16798
14 0.240693
15 0.223206
16 0.246677
17 0.217373
18 0.194833
19 0.260373
20 0.227009
21 0.237355
22 0.253145
23 0.208063
24 0.208375
25 0.233528
26 0.257009
27 0.254647
28 0.245185
29 0.235131
"[DEBUG]index 82 centroid... "
0 0.228737
1 0.220649
2 0.228285
3 0.244764
4 0.2321
5 0.217053
6 0.254798
7 0.203398
8 0.132926
9 0.142892
10 0.192378
11 0.222076
12 0.227035
13 0.238855
14 0.202459
15 0.215591
16 0.272011
17 0.244066
18 0.185551
19 0.204756
20 0.232549
21 0.221754
22 0.227869
23 0.236716
24 0.211535
25 0.223175
26 0.226112
27 0.247801
28 0.245299
29 0.229
"[DEBUG]index 83 centroid... "
0 0.21458
1 0.209922
2 0.226033
3 0.230656
4 0.248705
5 0.221199
6 0.239044
7 0.21726
8 0.1521
9 0.184687
10 0.232094
11 0.2488
12 0.240667
13 0.233935
14 0.272179
15 0.238523
16 0.208173
17 0.241351
18 0.273018
19 0.24664
20 0.235165
21 0.264098
22 0.245732
23 0.212053
24 0.230104
25 0.228201
26 0.209355
27 0.221388
28 0.225181
29 0.213571
"[DEBUG]index 84 centroid... "
0 0.209849
1 0.214977
2 0.225969
3 0.233672
4 0.236861
5 0.232459
6 0.201071
7 0.1801
8 0.125581
9 0.147025
10 0.163511
11 0.224453
12 0.238379
13 0.218037
14 0.227037
15 0.190191
16 0.214353
17 0.239486
18 0.240502
19 0.262889
20 0.279914
21 0.255887
22 0.279543
23 0.220955
24 0.231105
25 0.253892
26 0.255238
27 0.250135
28 0.221963
29 0.232057
"[DEBUG]index 85 centroid... "
0 0.232152
1 0.213025
2 0.225346
3 0.213187
4 0.229962
5 0.252013
6 0.276158
7 0.268508
8 0.169616
9 0.121224
10 0.236073
11 0.262792
12 0.237886
13 0.246885
14 0.211835
15 0.230399
16 0.244534
17 0.199512
18 0.238357
19 0.239074
20 0.240469
21 0.219633
22 0.242695
23 0.254322
24 0.240549
25 0.235974
26 0.23632
27 0.19973
28 0.23406
29 0.18735
"[DEBUG]index 86 centroid... "
0 0.195096
1 0.203789
2 0.20469
3 0.218893
4 0.218927
5 0.190043
6 0.193655
7 0.188786
8 0.122307
9 0.169448
10 0.219535
11 0.20792
12 0.208738
13 0.207996
14 0.217991
15 0.241627
16 0.270721
17 0.288274
18 0.280341
19 0.250244
20 0.252105
21 0.27236
22 0.242506
23 0.246812
24 0.251592
25 0.240102
26 0.238222
27 0.229992
28 0.221279
29 0.218011
"[DEBUG]index 87 centroid... "
0 0.204375
1 0.194672
2 0.212961
3 0.21563
4 0.203212
5 0.228126
6 0.225544
7 0.231121
8 0.144782
9 0.179905
10 0.239384
11 0.189339
12 0.17484
13 0.222804
14 0.240051
15 0.234269
16 0.203143
17 0.21405
18 0.222234
19 0.266327
20 0.242962
21 0.188912
22 0.188241
23 0.243607
24 0.249652
25 0.239101
26 0.225635
27 0.219067
28 0.231974
29 0.250638
"[DEBUG]index 88 centroid... "
0 0.224646
1 0.214758
2 0.224423
3 0.237208
4 0.228264
5 0.233381
6 0.252675
7 0.223874
8 0.135284
9 0.100614
10 0.149824
11 0.237827
12 0.257573
13 0.245757
14 0.229461
15 0.240726
16 0.226394
17 0.190258
18 0.223115
19 0.222304
20 0.233065
21 0.263528
22 0.221222
23 0.242114
24 0.225008
25 0.240001
26 0.24826
27 0.229204
28 0.23886
29 0.22923
"[DEBUG]index 89 centroid... "
0 0.219548
1 0.208548
2 0.201629
3 0.199859
4 0.23682
5 0.214455
6 0.227125
7 0.248312
8 0.15834
9 0.111461
10 0.237529
11 0.218034
12 0.216589
13 0.190933
14 0.190469
15 0.208914
16 0.20647
17 0.258644
18 0.268255
19 0.224663
20 0.243071
21 0.274109
22 0.27371
23 0.263944
24 0.265173
25 0.266308
26 0.271883
27 0.246801
28 0.245239
29 0.245072
"[DEBUG]index 90 centroid... "
0 0.211332
1 0.222389
2 0.222677
3 0.23096
4 0.222418
5 0.226488
6 0.261481
7 0.247998
8 0.155167
9 0.137389
10 0.128232
11 0.156121
12 0.176782
13 0.185932
14 0.185012
15 0.231084
16 0.212205
17 0.206648
18 0.242041
19 0.245512
20 0.214045
21 0.198873
22 0.240707
23 0.227823
24 0.232146
25 0.267744
26 0.254835
27 0.242652
28 0.251639
29 0.259917
"[DEBUG]index 91 centroid... "
0 0.23097
1 0.205933
2 0.207148
3 0.22758
4 0.197615
5 0.19047
6 0.228853
7 0.225201
8 0.156986
9 0.149552
10 0.199641
11 0.223473
12 0.218101
13 0.201256
14 0.161569
15 0.0986476
16 0.116356
17 0.104666
18 0.126606
19 0.12723
20 0.188554
21 0.190202
22 0.18138
23 0.233367
24 0.206063
25 0.179675
26 0.185381
27 0.187835
28 0.175948
29 0.214009
"[DEBUG]index 92 centroid... "
0 0.230893
1 0.236492
2 0.207015
3 0.190716
4 0.205101
5 0.187047
6 0.218388
7 0.200844
8 0.137747
9 0.189503
10 0.209015
11 0.200633
12 0.248665
13 0.197279
14 0.121168
15 0.115975
16 0.081355
17 0.15966
18 0.204624
19 0.214605
20 0.213083
21 0.203174
22 0.197652
23 0.209975
24 0.205434
25 0.217309
26 0.246923
27 0.233511
28 0.251752
29 0.228388
"[DEBUG]index 93 centroid... "
0 0.22948
1 0.235693
2 0.220956
3 0.227263
4 0.232557
5 0.211694
6 0.265114
7 0.226946
8 0.18292
9 0.232562
10 0.230617
11 0.156741
12 0.189052
13 0.238313
14 0.166798
15 0.171073
16 0.254964
17 0.237267
18 0.220219
19 0.203327
20 0.216545
21 0.211546
22 0.211463
23 0.234509
24 0.249331
25 0.246508
26 0.25499
27 0.259775
28 0.240615
29 0.254416
"[DEBUG]index 94 centroid... "
0 0.203727
1 0.202101
2 0.193871
3 0.225957
4 0.207784
5 0.198189
6 0.215453
7 0.187016
8 0.0999365
9 0.179246
10 0.164183
11 0.18578
12 0.244577
13 0.184067
14 0.179135
15 0.235252
16 0.226679
17 0.176702
18 0.202339
19 0.231581
20 0.258996
21 0.288857
22 0.281196
23 0.284272
24 0.263598
25 0.260072
26 0.255208
27 0.238579
28 0.266967
29 0.286196
"[DEBUG]index 95 centroid... "
0 0.194739
1 0.192128
2 0.187729
3 0.221014
4 0.212734
5 0.198954
6 0.242467
7 0.194879
8 0.114722
9 0.127192
10 0.184706
11 0.246845
12 0.257672
13 0.192566
14 0.26095
15 0.221465
16 0.181591
17 0.220662
18 0.172834
19 0.168634
20 0.21917
21 0.232128
22 0.212215
23 0.212238
24 0.209302
25 0.214157
26 0.193608
27 0.229164
28 0.206831
29 0.203368
"[DEBUG]index 96 centroid... "
0 0.207576
1 0.208144
2 0.200222
3 0.226526
4 0.221133
5 0.191327
6 0.237744
7 0.2445
8 0.154947
9 0.183461
10 0.23319
11 0.246236
12 0.207378
13 0.225463
14 0.233971
15 0.198751
16 0.218455
17 0.238231
18 0.198934
19 0.198578
20 0.242684
21 0.227819
22 0.181609
23 0.218325
24 0.22567
25 0.228232
26 0.232599
27 0.227594
28 0.237222
29 0.22941
"[DEBUG]index 97 centroid... "
0 0.229156
1 0.196707
2 0.194654
3 0.220835
4 0.217859
5 0.214596
6 0.215662
7 0.204511
8 0.11862
9 0.200362
10 0.191918
11 0.18579
12 0.176064
13 0.154081
14 0.187536
15 0.212616
16 0.205422
17 0.208336
18 0.193818
19 0.175882
20 0.205671
21 0.16936
22 0.178831
23 0.239156
24 0.232777
25 0.201474
26 0.19576
27 0.18926
28 0.192124
29 0.218163
"[DEBUG]index 98 centroid... "
0 0.26515
1 0.229855
2 0.235394
3 0.243095
4 0.246004
5 0.259205
6 0.283877
7 0.264938
8 0.184576
9 0.275524
10 0.248375
11 0.179285
12 0.201091
13 0.301917
14 0.218534
15 0.170996
16 0.214661
17 0.173266
18 0.183401
19 0.234439
20 0.21606
21 0.243881
22 0.262228
23 0.181309
24 0.179237
25 0.197317
26 0.242677
27 0.237654
28 0.28785
29 0.281651
"[DEBUG]index 99 centroid... "
0 0.219766
1 0.2019
2 0.210154
3 0.223436
4 0.231443
5 0.210658
6 0.245772
7 0.230094
8 0.162837
9 0.197403
10 0.234978
11 0.226137
12 0.211342
13 0.235761
14 0.231274
15 0.206238
16 0.247298
17 0.197978
18 0.137225
19 0.222906
20 0.233029
21 0.208604
22 0.239338
23 0.22513
24 0.207304
25 0.20891
26 0.220503
27 0.226743
28 0.217914
29 0.243735
