correlation level (red against blue): 
-0.362457
-0.560317
-0.679434
-0.194754
-0.817202
-0.695531
-0.697625
-0.386236
-0.697163
-0.702731
-0.769781
-0.672403
-0.830042
-0.561906
-0.582833
-0.77978
-0.781752
-0.729949
-0.772042
-0.731324
-0.498007
-0.848339
-0.785013
-0.789719
-0.745607
-0.667304
-0.550875
-0.708779
-0.663189
-0.729041
-0.672626
-0.600902
-0.666092
-0.726236
-0.915756
-0.565895
-0.80627
-0.820965
-0.783376
-0.853378
-0.64417
-0.597826
-0.81518
-0.838321
-0.590137
-0.715178
-0.664038
-0.622465
-0.80716
-0.752923
-0.750903
-0.685458
-0.901955
-0.646684
-0.245082
-0.420622
-0.777474
-0.764733
-0.73161
-0.709404
-0.619403
-0.660276
-0.716701
-0.581347
-0.553614
-0.628909
-0.521249
-0.515045
-0.505803
-0.638534
-0.784914
-0.823353
-0.535683
-0.606866
-0.71418
-0.547929
-0.709698
-0.776753
-0.701245
-0.66319
-0.805888
-0.752964
-0.71118
-0.682317
-0.731254
-0.687128
-0.640004
-0.771658
-0.677215
-0.786954
-0.562494
-0.436765
-0.75653
-0.738844
-0.721094
-0.715271
-0.717017
-0.769247
-0.638322
-0.846274
