"[DEBUG]index 0 centroid... "
0 0.936047
1 1.19767
2 1.40698
3 1.16279
4 1.37209
5 1.38953
6 2.14535
7 1.31395
8 2.52326
9 3.59302
10 4.2093
11 6.95349
12 7.47093
13 10.8779
14 12.7849
15 15.4651
16 8.40698
17 7.98256
18 6.02907
19 6.65116
20 3.0814
21 2.65698
22 2.2907
23 1.63953
24 1.78488
25 1.75581
26 1.77326
27 1.81977
28 1.42442
29 1.40698
"[DEBUG]index 1 centroid... "
0 5.9434
1 6.5912
2 6.23899
3 4.83648
4 5.30818
5 4.90566
6 4.18239
7 3.08805
8 8.23899
9 3.83019
10 2.32075
11 1.33962
12 1.12579
13 0.654088
14 0.371069
15 0.257862
16 0.389937
17 0.666667
18 0.484277
19 1.04403
20 1.1761
21 1.46541
22 2.33962
23 2.42767
24 2.47799
25 2.93082
26 3.03774
27 3.40252
28 2.87421
29 4.58491
"[DEBUG]index 2 centroid... "
0 3.45696
1 3.02426
2 2.5712
3 2.4374
4 2.83881
5 2.97887
6 2.43036
7 2.33959
8 11.8099
9 4.73944
10 2.79812
11 1.44601
12 0.791862
13 0.846635
14 1.28873
15 2.81847
16 5.61972
17 9.57121
18 22.3028
19 8.9734
20 5.2903
21 2.29264
22 1.30047
23 3.41941
24 3.32551
25 3.26448
26 4.00939
27 3.64163
28 3.32551
29 3.25587
"[DEBUG]index 3 centroid... "
0 4.47368
1 4.02105
2 5.55789
3 4.95789
4 5.24211
5 4.92632
6 3.73684
7 2.90526
8 13.3053
9 4.35789
10 2.22105
11 0.810526
12 1.28421
13 1.94737
14 6.98947
15 7.08421
16 7.13684
17 3.28421
18 1.12632
19 0.547368
20 0.284211
21 0.694737
22 0.978947
23 3.62105
24 3.01053
25 3.44211
26 3.21053
27 3.37895
28 1.97895
29 2.92632
"[DEBUG]index 4 centroid... "
0 3.14104
1 3.0384
2 2.64112
3 2.65672
4 3.23193
5 3.21197
6 2.85125
7 1.66628
8 21.49
9 5.06289
10 2.95774
11 1.64816
12 3.48969
13 2.04629
14 7.81771
15 8.82106
16 2.29499
17 1.47007
18 3.5836
19 2.51903
20 5.11705
21 24.999
22 6.63525
23 3.2923
24 3.74124
25 3.87087
26 3.30572
27 3.05853
28 3.00637
29 3.0815
"[DEBUG]index 5 centroid... "
0 3.51537
1 3.63195
2 3.63862
3 3.29426
4 3.56557
5 3.13218
6 2.69399
7 2.03159
8 20.6662
9 5.8477
10 3.03986
11 5.51358
12 24.0161
13 3.73254
14 2.32284
15 1.89678
16 1.75642
17 2.27226
18 4.62847
19 22.0219
20 5.69089
21 2.80004
22 3.44073
23 3.75736
24 2.97433
25 2.89997
26 3.00028
27 3.31635
28 3.05753
29 3.02661
"[DEBUG]index 6 centroid... "
0 3.0042
1 2.9177
2 2.96666
3 2.55747
4 2.58452
5 2.69783
6 2.23455
7 2.28445
8 17.6232
9 2.86057
10 14.1021
11 16.1513
12 4.96526
13 2.38284
14 1.16554
15 2.08184
16 5.63232
17 5.52273
18 2.15388
19 1.00979
20 2.16298
21 5.58149
22 1.76405
23 2.04453
24 2.06015
25 2.30613
26 2.14269
27 2.09909
28 2.07228
29 1.962
"[DEBUG]index 7 centroid... "
0 3.35377
1 4.41274
2 3.66274
3 3.4033
4 3.47642
5 3.45991
6 3.11557
7 1.98349
8 15.1132
9 4.49764
10 6.19811
11 4.67453
12 14.8585
13 13.125
14 4.73821
15 2.26179
16 1.15802
17 0.497642
18 0.596698
19 1.14623
20 1.03774
21 1.87028
22 7.16745
23 2.5684
24 2.68396
25 2.84906
26 2.99764
27 2.20283
28 2.60142
29 2.76179
"[DEBUG]index 8 centroid... "
0 3.85798
1 3.75466
2 3.66814
3 3.28398
4 4.04859
5 4.13378
6 3.33105
7 2.48846
8 37.8256
9 5.76671
10 3.05279
11 3.38239
12 3.32659
13 10.3222
14 2.47659
15 12.0336
16 2.64887
17 13.8722
18 2.63455
19 2.48746
20 11.1951
21 2.99599
22 1.24101
23 3.66931
24 3.77693
25 3.22695
26 3.34181
27 3.28045
28 3.27373
29 3.06249
"[DEBUG]index 9 centroid... "
0 5.06751
1 4.63112
2 4.55103
3 3.7737
4 4.32686
5 4.26096
6 3.62312
7 2.81017
8 34.034
9 5.71995
10 9.41218
11 11.1207
12 4.31652
13 1.23579
14 2.5971
15 14.6679
16 2.76816
17 1.29775
18 2.81231
19 13.7406
20 2.7641
21 1.27759
22 3.15805
23 4.40589
24 3.49056
25 3.55092
26 3.65629
27 3.53375
28 3.47787
29 3.40141
"[DEBUG]index 10 centroid... "
0 4.4371
1 4.26718
2 4.17091
3 3.89178
4 4.45566
5 4.56233
6 3.68096
7 2.87435
8 32.5628
9 7.61377
10 4.08756
11 1.77344
12 3.32776
13 14.5621
14 3.58257
15 1.42207
16 3.22699
17 13.4826
18 12.4142
19 3.12551
20 1.66128
21 3.25791
22 15.5091
23 3.57161
24 3.61799
25 4.1785
26 4.65734
27 4.10513
28 3.91961
29 3.95798
"[DEBUG]index 11 centroid... "
0 2.38566
1 2.43051
2 2.23579
3 1.99556
4 2.03752
5 2.25155
6 2.44849
7 1.83037
8 11.3295
9 3.22225
10 12.5027
11 4.00333
12 2.17473
13 2.42274
14 1.11368
15 2.04352
16 5.83304
17 2.43806
18 4.5726
19 8.09725
20 25.9092
21 7.91274
22 4.72025
23 2.55706
24 2.69738
25 2.33459
26 2.47202
27 2.40875
28 2.6008
29 2.36168
"[DEBUG]index 12 centroid... "
0 3.53238
1 3.50366
2 3.09904
3 3.0119
4 3.77516
5 3.57336
6 3.43406
7 2.70337
8 26.4854
9 5.30632
10 2.69674
11 2.87681
12 10.118
13 2.78705
14 2.62051
15 5.63796
16 30.2583
17 5.64787
18 2.77918
19 8.1776
20 3.35436
21 2.2977
22 7.76611
23 3.39402
24 3.21592
25 3.35002
26 3.57125
27 3.18078
28 2.96857
29 2.79011
"[DEBUG]index 13 centroid... "
0 3.55059
1 3.48023
2 3.32203
3 3.15306
4 3.23061
5 3.15049
6 3.35953
7 2.16641
8 18.209
9 3.26605
10 18.6867
11 2.97843
12 19.7668
13 3.71238
14 6.6415
15 2.07293
16 2.39497
17 5.05444
18 5.71341
19 1.89779
20 1.19106
21 0.682589
22 1.14484
23 2.07396
24 1.88136
25 2.1885
26 2.09194
27 2.09861
28 2.16795
29 1.8603
"[DEBUG]index 14 centroid... "
0 4.00583
1 4.02768
2 3.57028
3 3.31901
4 4.54406
5 3.97451
6 4.08522
7 2.90605
8 20.3183
9 5.13256
10 3.08813
11 1.35834
12 0.718864
13 1.54771
14 1.26948
15 2.62054
16 12.8711
17 3.27531
18 1.41078
19 1.4217
20 3.49745
21 1.8791
22 11.4727
23 3.08886
24 3.7043
25 4.26147
26 4.46686
27 3.47414
28 3.69774
29 3.6402
"[DEBUG]index 15 centroid... "
0 2.1208
1 2.14563
2 2.3371
3 2.09916
4 1.98329
5 2.60799
6 2.6594
7 1.6941
8 9.49212
9 22.3845
10 8.61292
11 4.23635
12 2.19211
13 4.10393
14 13.1216
15 3.36336
16 1.4127
17 4.15566
18 1.96896
19 4.27025
20 1.60417
21 4.25816
22 3.57648
23 1.76094
24 1.92153
25 1.83877
26 1.84959
27 1.77415
28 1.74614
29 1.58077
"[DEBUG]index 16 centroid... "
0 4.09951
1 3.9105
2 3.56115
3 3.193
4 4.10992
5 3.86437
6 3.19601
7 2.19591
8 33.143
9 5.88643
10 2.95782
11 1.51946
12 1.54596
13 2.80369
14 3.44807
15 1.23252
16 3.18087
17 1.25028
18 2.6546
19 13.726
20 2.13059
21 2.44916
22 1.20198
23 3.68439
24 3.04011
25 3.04371
26 3.24545
27 3.39943
28 3.30001
29 3.34906
"[DEBUG]index 17 centroid... "
0 3.7822
1 3.78799
2 3.93673
3 3.34217
4 3.34567
5 3.46911
6 3.17957
7 2.69794
8 26.5458
9 5.77372
10 2.39144
11 12.5679
12 3.50814
13 1.15036
14 1.56818
15 3.56764
16 1.17418
17 2.76686
18 12.6903
19 2.96339
20 2.41055
21 10.1454
22 10.7778
23 2.68488
24 3.14215
25 3.58797
26 3.59187
27 3.31162
28 3.43222
29 3.51312
"[DEBUG]index 18 centroid... "
0 3.2791
1 3.3729
2 3.13076
3 2.96028
4 3.27738
5 3.59434
6 3.2109
7 2.65234
8 22.2334
9 6.21559
10 2.69752
11 7.734
12 3.18297
13 3.30124
14 7.40503
15 2.40152
16 5.05607
17 28.6648
18 6.67807
19 2.92172
20 6.40103
21 26.0054
22 5.86731
23 3.00972
24 3.82572
25 4.06345
26 3.64924
27 3.74386
28 3.49938
29 3.55228
"[DEBUG]index 19 centroid... "
0 3.28316
1 3.35481
2 3.02357
3 2.76053
4 3.37492
5 3.42898
6 3.07417
7 2.37712
8 18.3865
9 4.90258
10 3.04243
11 1.9604
12 2.64488
13 4.41798
14 22.6826
15 5.27938
16 2.8237
17 6.37461
18 19.4167
19 17.7313
20 4.34664
21 2.57322
22 8.89158
23 3.2159
24 3.21307
25 3.28598
26 3.73476
27 3.57731
28 3.34255
29 3.15431
"[DEBUG]index 20 centroid... "
0 5.79205
1 5.80114
2 5.46591
3 4.71364
4 5.10227
5 5.36591
6 3.72159
7 2.97727
8 21.9409
9 7.96591
10 2.59318
11 3.75455
12 5.175
13 1.22614
14 0.692045
15 1.26477
16 2.925
17 13.0841
18 2.79091
19 3.03523
20 1.50341
21 0.627273
22 1.2625
23 4.01591
24 3.75682
25 3.63409
26 3.68636
27 4.32841
28 4.03977
29 3.79432
"[DEBUG]index 21 centroid... "
0 3.93716
1 3.91868
2 3.83616
3 3.30168
4 3.94888
5 3.7413
6 3.11986
7 2.64575
8 40.7573
9 5.3972
10 2.65372
11 12.6871
12 3.82685
13 2.4252
14 3.02525
15 1.28873
16 2.61833
17 3.43322
18 1.1708
19 2.85288
20 10.3144
21 2.29581
22 2.47802
23 3.12074
24 3.23129
25 2.70858
26 2.93554
27 2.79523
28 2.85183
29 2.82172
"[DEBUG]index 22 centroid... "
0 4.01877
1 3.67644
2 3.57631
3 3.52038
4 4.20519
5 4.00314
6 3.8334
7 2.48261
8 27.0726
9 4.83684
10 2.03582
11 8.24318
12 9.20257
13 2.23024
14 4.99551
15 30.2006
16 4.97398
17 2.79847
18 1.84536
19 1.72325
20 2.71547
21 8.12278
22 2.29769
23 3.49308
24 3.41651
25 3.63965
26 2.95506
27 2.7883
28 2.7898
29 2.60734
"[DEBUG]index 23 centroid... "
0 3.54767
1 3.50614
2 3.41709
3 3.29375
4 3.90714
5 3.95069
6 3.16006
7 2.26902
8 24.5145
9 5.35908
10 2.90123
11 3.26583
12 8.13517
13 4.57948
14 28.0131
15 4.92954
16 2.96695
17 1.64458
18 2.60756
19 7.70532
20 2.38039
21 2.20408
22 1.35254
23 3.42682
24 3.01501
25 2.71139
26 2.66317
27 2.69785
28 2.60492
29 2.58781
"[DEBUG]index 24 centroid... "
0 4.06073
1 3.82177
2 3.81348
3 3.4728
4 4.07939
5 4.13262
6 3.28641
7 2.87184
8 38.1782
9 5.39486
10 2.5075
11 11.8253
12 3.17684
13 7.85273
14 2.79564
15 13.723
16 2.20158
17 2.46391
18 10.5783
19 2.99823
20 1.13035
21 2.81737
22 2.73997
23 3.2413
24 2.93582
25 3.07566
26 2.99118
27 2.91941
28 2.77575
29 2.64705
"[DEBUG]index 25 centroid... "
0 4.5763
1 4.34357
2 4.01344
3 3.3065
4 4.11537
5 4.03018
6 3.31409
7 2.20053
8 37.8282
9 5.52273
10 15.37
11 2.51462
12 1.53812
13 1.30622
14 3.12991
15 2.63947
16 1.1416
17 3.05501
18 3.31917
19 1.02501
20 2.48153
21 2.61098
22 0.918822
23 2.74275
24 2.77544
25 2.68285
26 2.65319
27 2.72987
28 2.70021
29 2.77039
"[DEBUG]index 26 centroid... "
0 3.87776
1 3.91426
2 4.0365
3 3.48387
4 4.4253
5 4.31919
6 3.21392
7 2.28693
8 20.7937
9 6.20883
10 2.42869
11 1.31919
12 3.80051
13 12.6868
14 2.79372
15 0.99236
16 0.79202
17 1.51443
18 3.17742
19 2.40747
20 12.747
21 2.3489
22 11.5552
23 3.10611
24 4.34041
25 3.40662
26 3.50849
27 3.71053
28 3.68846
29 3.82683
"[DEBUG]index 27 centroid... "
0 2.57387
1 2.58844
2 2.51538
3 2.31329
4 2.13572
5 2.38613
6 2.37896
7 2.55075
8 13.1447
9 3.57919
10 11.5064
11 11.9221
12 4.17595
13 1.95006
14 5.91098
15 2.44647
16 4.03884
17 7.38844
18 28.8832
19 9.01827
20 4.56231
21 2.20879
22 6.53734
23 2.07144
24 2.14775
25 2.46058
26 2.75607
27 2.5422
28 2.55445
29 2.43145
"[DEBUG]index 28 centroid... "
0 3.07322
1 3.25466
2 3.43777
3 2.84564
4 3.21952
5 3.22451
6 2.56376
7 2.12101
8 23.8215
9 5.09123
10 7.54204
11 6.7608
12 6.20547
13 28.7314
14 4.87516
15 1.81408
16 7.65691
17 2.30769
18 6.98262
19 2.48211
20 8.99514
21 2.03872
22 8.44799
23 2.63072
24 2.87516
25 2.5745
26 2.79721
27 2.70189
28 2.58778
29 2.48441
"[DEBUG]index 29 centroid... "
0 3.58712
1 3.47549
2 3.21548
3 2.79871
4 3.16064
5 3.41901
6 3.5671
7 2.5928
8 21.4204
9 3.70711
10 22.4673
11 4.06934
12 2.97714
13 2.99163
14 5.74851
15 3.98296
16 23.1877
17 5.04124
18 2.58054
19 6.13822
20 7.92678
21 2.06515
22 1.30335
23 3.03527
24 2.7113
25 2.63718
26 2.67005
27 2.83249
28 2.57277
29 2.50389
"[DEBUG]index 30 centroid... "
0 2.98696
1 3.16692
2 2.97223
3 2.49509
4 3.07871
5 3.24256
6 2.56122
7 1.90058
8 24.5571
9 6.17735
10 2.55983
11 1.3317
12 3.35103
13 1.21326
14 2.85133
15 0.911169
16 2.93817
17 10.9764
18 2.0695
19 9.57456
20 8.55876
21 1.94968
22 10.7447
23 3.16984
24 2.83323
25 3.29089
26 3.62903
27 3.21817
28 3.34106
29 3.11568
"[DEBUG]index 31 centroid... "
0 5.10988
1 4.66676
2 4.50999
3 4.01579
4 4.98029
5 4.47367
6 3.64624
7 2.49826
8 43.667
9 6.48402
10 3.75001
11 3.47895
12 19.0007
13 2.2036
14 1.3302
15 3.42084
16 3.34837
17 1.48726
18 3.18357
19 1.60934
20 3.34762
21 2.69404
22 1.4497
23 3.37307
24 3.25486
25 3.08308
26 3.00226
27 3.12615
28 3.07948
29 3.02641
"[DEBUG]index 32 centroid... "
0 2.62383
1 2.76692
2 2.44548
3 2.20835
4 2.61654
5 3.08269
6 2.89866
7 2.22862
8 17.4325
9 3.63194
10 2.17916
11 1.40049
12 1.42197
13 1.97284
14 3.99797
15 17.801
16 14.7961
17 4.81557
18 5.76328
19 2.21159
20 6.41103
21 5.64775
22 1.78597
23 2.5379
24 3.21403
25 2.7876
26 2.68504
27 2.83543
28 2.42927
29 2.28537
"[DEBUG]index 33 centroid... "
0 3.54029
1 3.32222
2 3.46729
3 2.84822
4 3.1059
5 3.10306
6 2.89088
7 1.90038
8 24.205
9 3.87833
10 27.1477
11 4.01168
12 2.59851
13 3.16678
14 2.86699
15 1.16231
16 1.2891
17 1.12057
18 2.7235
19 6.49877
20 1.9575
21 6.45442
22 2.17895
23 2.63288
24 2.28665
25 2.53538
26 2.32009
27 2.42255
28 2.4674
29 2.46516
"[DEBUG]index 34 centroid... "
0 3.31453
1 3.4115
2 3.35745
3 3.38084
4 4.10531
5 4.16998
6 3.49391
7 2.57035
8 24.9364
9 5.05895
10 3.11643
11 1.88783
12 2.91219
13 5.9834
14 29.2116
15 5.15747
16 2.39032
17 9.11708
18 3.2582
19 1.2667
20 2.93876
21 2.5975
22 7.80092
23 3.40839
24 3.3985
25 3.37781
26 3.31273
27 3.04202
28 2.8543
29 2.84425
"[DEBUG]index 35 centroid... "
0 3.20622
1 3.12295
2 3.03909
3 2.61561
4 2.91673
5 2.90118
6 2.62564
7 1.78811
8 22.1241
9 4.93911
10 6.75207
11 5.15724
12 25.6001
13 4.24778
14 2.126
15 6.48263
16 2.48321
17 7.88112
18 2.39965
19 7.0888
20 5.14082
21 22.511
22 5.55021
23 2.90961
24 3.24183
25 3.33949
26 2.7169
27 2.77663
28 2.88606
29 2.68493
"[DEBUG]index 36 centroid... "
0 3.71605
1 3.67116
2 3.51759
3 3.22602
4 3.01636
5 3.68568
6 3.14902
7 2.17615
8 18.0779
9 21.037
10 5.43358
11 2.1758
12 10.1913
13 2.3032
14 1.07692
15 1.24536
16 2.53693
17 2.38773
18 1.1632
19 2.88992
20 1.11831
21 2.03036
22 6.47007
23 2.19102
24 2.22655
25 2.42335
26 2.57105
27 2.29725
28 2.27643
29 2.32902
"[DEBUG]index 37 centroid... "
0 3.62661
1 3.65289
2 3.40549
3 3.10805
4 3.60388
5 3.81199
6 3.38814
7 2.58896
8 26.4021
9 6.08222
10 2.90594
11 2.93787
12 2.88522
13 3.01319
14 8.47765
15 2.47577
16 5.72987
17 28.7628
18 5.94981
19 2.50285
20 1.7752
21 2.99917
22 1.26111
23 3.09749
24 3.09708
25 2.98237
26 3.00538
27 3.04415
28 2.85919
29 2.46599
"[DEBUG]index 38 centroid... "
0 4.27618
1 4.05169
2 3.7466
3 3.45116
4 4.45056
5 4.44022
6 3.84126
7 2.67219
8 33.9946
9 6.29648
10 2.82443
11 1.96563
12 4.05039
13 1.23754
14 3.24295
15 15.7896
16 2.87801
17 2.71088
18 13.0946
19 3.80922
20 1.23115
21 2.93884
22 12.9571
23 3.37041
24 3.79033
25 4.16604
26 4.46782
27 3.78362
28 3.85349
29 3.60843
"[DEBUG]index 39 centroid... "
0 3.28393
1 3.31703
2 3.19021
3 2.93844
4 3.34682
5 3.36179
6 2.86646
7 2.26264
8 26.1723
9 5.41065
10 2.70165
11 7.54251
12 2.92757
13 6.91562
14 2.0746
15 9.02352
16 7.85534
17 2.78119
18 5.42221
19 31.1196
20 5.29776
21 2.49583
22 3.02406
23 3.64883
24 2.87624
25 3.02154
26 3.03824
27 3.17637
28 3.01398
29 2.70249
"[DEBUG]index 40 centroid... "
0 6.86137
1 6.50536
2 6.08381
3 6.17895
4 6.01197
5 5.84184
6 4.55325
7 4.11783
8 20.506
9 7.02646
10 2.46944
11 12.5085
12 3.3724
13 3.01953
14 3.38059
15 1.38248
16 0.497795
17 1.17391
18 1.36862
19 3.34468
20 0.94518
21 0.572149
22 1.07687
23 3.3472
24 2.89225
25 2.68809
26 2.87524
27 3.03214
28 2.88784
29 2.96975
"[DEBUG]index 41 centroid... "
0 2.30941
1 2.83694
2 2.62729
3 2.56764
4 2.19127
5 2.56753
6 2.42568
7 2.03614
8 7.89063
9 18.6205
10 4.25875
11 19.6168
12 6.96333
13 3.33448
14 3.62279
15 3.76904
16 1.61715
17 1.13078
18 1.5925
19 1.63867
20 2.96647
21 1.5223
22 0.855218
23 1.64045
24 1.52439
25 1.46046
26 1.46683
27 1.54163
28 1.42756
29 1.40687
"[DEBUG]index 42 centroid... "
0 3.60761
1 3.67993
2 3.51214
3 3.06616
4 3.08957
5 3.92781
6 3.18086
7 2.21954
8 19.5999
9 22.6491
10 5.73204
11 2.45337
12 9.54638
13 2.28323
14 2.49612
15 1.28853
16 2.44943
17 9.1763
18 7.64913
19 2.00012
20 8.53764
21 2.56068
22 1.08106
23 2.85339
24 2.92411
25 2.57386
26 2.76728
27 2.88961
28 2.65702
29 2.52643
"[DEBUG]index 43 centroid... "
0 4.15022
1 4.34026
2 4.07105
3 4.08449
4 5.13417
5 4.7593
6 4.12711
7 3.04572
8 31.9934
9 5.65752
10 2.96549
11 3.82136
12 1.487
13 2.93543
14 15.1698
15 3.15544
16 1.4579
17 1.63992
18 1.67637
19 4.04012
20 1.18086
21 2.63422
22 11.9886
23 3.6639
24 3.54268
25 3.89821
26 4.05539
27 3.29435
28 3.47801
29 3.43886
"[DEBUG]index 44 centroid... "
0 3.3876
1 3.50174
2 3.29852
3 2.63933
4 3.29651
5 3.32191
6 2.85392
7 1.88679
8 31.5563
9 5.44821
10 11.5138
11 2.7369
12 1.50822
13 3.33881
14 1.39381
15 2.7091
16 2.13559
17 13.3685
18 2.29558
19 10.6309
20 2.12423
21 10.8065
22 2.22955
23 3.12109
24 2.91239
25 3.37904
26 2.91673
27 3.31188
28 3.17375
29 3.20623
"[DEBUG]index 45 centroid... "
0 3.39113
1 3.34182
2 3.29175
3 2.74414
4 3.31024
5 3.39834
6 2.73958
7 1.92259
8 30.6821
9 4.93643
10 11.5569
11 2.43481
12 2.6305
13 9.75582
14 1.98085
15 9.05736
16 2.61293
17 2.79113
18 1.21086
19 2.50891
20 10.0627
21 1.94944
22 10.2448
23 2.96734
24 3.31281
25 2.98384
26 2.98657
27 2.77613
28 2.88214
29 2.78798
"[DEBUG]index 46 centroid... "
0 4.03196
1 3.92349
2 3.80205
3 3.51605
4 4.45669
5 4.19194
6 3.36844
7 2.17617
8 40.9906
9 6.17974
10 3.53031
11 3.49219
12 13.442
13 2.13303
14 13.1913
15 2.92411
16 1.47972
17 3.5494
18 11.8875
19 2.63921
20 2.71036
21 10.8484
22 3.04724
23 3.5261
24 3.68038
25 3.70721
26 3.32937
27 3.47527
28 3.34781
29 3.33394
"[DEBUG]index 47 centroid... "
0 3.65978
1 3.81928
2 3.40191
3 3.07455
4 3.7721
5 3.69829
6 3.21939
7 2.71397
8 34.4724
9 5.42992
10 2.59233
11 10.1605
12 3.63804
13 1.2477
14 3.22667
15 2.68635
16 12.5592
17 2.69431
18 13.4061
19 2.44137
20 11.4135
21 2.3513
22 2.87454
23 3.19664
24 3.58355
25 3.11631
26 3.41305
27 3.40053
28 3.3153
29 2.98763
"[DEBUG]index 48 centroid... "
0 3.30911
1 3.34344
2 3.15035
3 2.81251
4 3.95507
5 3.64037
6 3.13011
7 2.27283
8 50.942
9 4.86302
10 3.11756
11 2.88879
12 3.32943
13 7.97793
14 2.52516
15 2.3212
16 9.09633
17 3.07113
18 2.77828
19 2.77963
20 2.4317
21 7.43107
22 2.41683
23 2.86544
24 2.97429
25 3.02652
26 2.72945
27 2.78179
28 2.69416
29 2.58423
"[DEBUG]index 49 centroid... "
0 5.12056
1 5.09232
2 4.72718
3 4.66517
4 5.84912
5 4.90872
6 4.5639
7 2.80572
8 27.5777
9 5.2649
10 2.48674
11 1.54668
12 3.64588
13 2.21151
14 14.6242
15 2.21667
16 3.64761
17 1.36893
18 0.660351
19 1.12918
20 3.3331
21 2.57837
22 0.836032
23 3.7475
24 3.53875
25 3.4237
26 3.03031
27 3.37788
28 3.11058
29 3.26697
"[DEBUG]index 50 centroid... "
0 3.89131
1 3.83323
2 3.95483
3 3.52918
4 4.13133
5 4.07633
6 3.17715
7 2.38653
8 37.9356
9 5.86709
10 2.55977
11 10.7777
12 13.62
13 2.16523
14 9.96083
15 2.95455
16 2.4589
17 11.6444
18 2.95036
19 3.19052
20 1.48452
21 2.77544
22 10.9154
23 3.19266
24 3.18111
25 3.40856
26 3.59391
27 3.1853
28 3.16034
29 3.05891
"[DEBUG]index 51 centroid... "
0 3.56164
1 3.48779
2 3.59445
3 2.91994
4 3.79289
5 3.53875
6 3.31709
7 2.11669
8 33.7652
9 4.83361
10 13.0767
11 2.83949
12 1.57238
13 2.88179
14 12.4594
15 2.14421
16 3.00676
17 2.63233
18 13.828
19 2.41138
20 9.75338
21 2.20253
22 11.5803
23 2.86827
24 3.43307
25 3.15538
26 3.68476
27 3.04218
28 3.19762
29 3.08153
"[DEBUG]index 52 centroid... "
0 5.38665
1 5.11264
2 4.50594
3 4.23171
4 5.26503
5 4.85535
6 4.29402
7 3.54847
8 32.5684
9 6.18724
10 2.49036
11 14.0031
12 4.12356
13 1.15557
14 3.73634
15 3.44277
16 12.533
17 3.21425
18 1.30994
19 3.86018
20 1.24928
21 2.9685
22 1.23517
23 4.00984
24 3.45835
25 3.48189
26 3.43236
27 3.48104
28 3.28339
29 3.14681
"[DEBUG]index 53 centroid... "
0 3.73252
1 3.83283
2 3.57447
3 2.43617
4 3.24772
5 4.1383
6 2.69453
7 1.74012
8 16.2918
9 5.26444
10 2.91185
11 1.44225
12 0.636778
13 0.606383
14 0.925532
15 3.3769
16 1.06535
17 1.43921
18 3.14134
19 5.53495
20 16.6277
21 5.92249
22 2.64286
23 3.49848
24 3.57295
25 3.81611
26 4.41185
27 4.07143
28 3.85562
29 3.68845
"[DEBUG]index 54 centroid... "
0 5.95181
1 5.30522
2 5.81124
3 5.47791
4 4.86345
5 5.28112
6 4.53815
7 3.4257
8 15.1165
9 5.45382
10 2.06024
11 10.7309
12 3.49398
13 1.25703
14 1.42169
15 5.21687
16 1.12048
17 1.16466
18 0.787149
19 0.453815
20 0.614458
21 1.36546
22 3.48594
23 3.14859
24 3.71486
25 3.51406
26 3.87149
27 3.40161
28 3.60241
29 3.76305
"[DEBUG]index 55 centroid... "
0 3.60995
1 3.99729
2 4.219
3 3.35747
4 3.3095
5 3.53213
6 3.18462
7 1.95566
8 18.6615
9 5.27511
10 2.02534
11 8.22443
12 9.43982
13 2.1819
14 1.20452
15 3.0371
16 1.28416
17 0.700453
18 1.35294
19 2.65339
20 7.15837
21 18.7104
22 6.36109
23 2.96923
24 3.53032
25 3.93032
26 3.28054
27 3.27692
28 3.60181
29 3.46244
"[DEBUG]index 56 centroid... "
0 4.40427
1 4.29001
2 4.21282
3 4.10829
4 4.28768
5 4.69398
6 3.52593
7 3.13584
8 30.8052
9 6.03474
10 2.99109
11 11.8861
12 2.86274
13 12.047
14 3.01894
15 2.37186
16 10.3247
17 14.5444
18 2.20148
19 1.39415
20 3.39688
21 1.11072
22 3.01945
23 3.38472
24 3.03809
25 3.1016
26 3.33043
27 3.16288
28 2.91734
29 2.87551
"[DEBUG]index 57 centroid... "
0 2.38899
1 2.70386
2 2.33414
3 2.07338
4 2.12823
5 2.62767
6 2.75833
7 2.08311
8 9.38487
9 22.7194
10 8.00112
11 3.42082
12 2.59247
13 1.26937
14 1.64096
15 3.49101
16 13.6756
17 3.23287
18 5.10801
19 1.99981
20 1.16005
21 1.81149
22 4.10895
23 1.68514
24 2.00693
25 2.09846
26 2.18869
27 2.04324
28 1.87945
29 1.76657
"[DEBUG]index 58 centroid... "
0 3.76586
1 3.98189
2 3.54559
3 3.40149
4 3.89545
5 4.18007
6 3.63845
7 2.52569
8 28.187
9 5.94606
10 2.96969
11 1.13755
12 3.49923
13 9.10211
14 2.12407
15 10.9089
16 12.029
17 2.14976
18 12.9069
19 2.65887
20 2.75854
21 1.06358
22 2.76971
23 3.45299
24 3.45787
25 3.31634
26 3.52094
27 3.26098
28 3.04238
29 2.90637
"[DEBUG]index 59 centroid... "
0 3.48966
1 3.4783
2 3.21985
3 3.05712
4 3.56102
5 3.47974
6 3.01392
7 1.73391
8 27.8439
9 5.46602
10 3.23137
11 3.26345
12 11.8692
13 2.70135
14 7.60034
15 2.53074
16 10.4559
17 3.33265
18 3.03532
19 5.52014
20 30.5595
21 6.0912
22 2.9992
23 3.76347
24 4.23813
25 3.14913
26 3.32633
27 3.33729
28 3.5935
29 2.9688
"[DEBUG]index 60 centroid... "
0 2.66851
1 2.67153
2 2.67706
3 2.71781
4 2.9331
5 2.78873
6 2.86771
7 2.17505
8 13.9784
9 3.61066
10 15.4799
11 3.70221
12 3.74447
13 15.2143
14 3.97938
15 15.0458
16 3.87928
17 5.42052
18 2.01408
19 1.28773
20 0.978873
21 1.92103
22 4.50101
23 2.14638
24 1.92455
25 2.29427
26 2.0498
27 1.90795
28 1.92907
29 1.70775
"[DEBUG]index 61 centroid... "
0 3.05716
1 2.78891
2 2.60423
3 2.59253
4 2.74854
5 2.86512
6 2.61856
7 1.91134
8 17.0315
9 5.48746
10 2.78513
11 1.56272
12 3.20958
13 7.92813
14 2.57178
15 1.48557
16 3.2658
17 2.49689
18 4.68327
19 22.7057
20 3.81022
21 20.4497
22 5.59649
23 3.24769
24 3.22713
25 3.26561
26 3.13148
27 3.19166
28 3.11262
29 3.30862
"[DEBUG]index 62 centroid... "
0 4.60305
1 4.10633
2 3.9384
3 3.59867
4 4.41972
5 4.39221
6 3.73413
7 2.63356
8 31.502
9 6.48883
10 2.75558
11 1.94402
12 4.32973
13 1.21048
14 2.56568
15 15.2824
16 2.68742
17 11.364
18 2.57794
19 13.7414
20 2.29083
21 1.43402
22 1.43957
23 4.23675
24 3.53379
25 3.84221
26 3.82929
27 4.02299
28 3.52562
29 3.3798
"[DEBUG]index 63 centroid... "
0 1.86986
1 1.8549
2 1.67988
3 1.61331
4 1.59237
5 1.97158
6 2.13089
7 1.64996
8 8.24233
9 4.13687
10 2.02468
11 1.87509
12 4.2917
13 3.98429
14 1.59162
15 3.3807
16 7.40838
17 16.0658
18 12.1376
19 12.8489
20 15.5595
21 6.91623
22 4.22588
23 2.15183
24 2.34929
25 2.34929
26 2.34555
27 2.48915
28 2.65669
29 2.22139
"[DEBUG]index 64 centroid... "
0 3.36649
1 3.33399
2 3.23262
3 2.77888
4 3.26368
5 3.26084
6 2.74118
7 1.95478
8 37.0735
9 4.99086
10 10.6916
11 2.71377
12 14.1022
13 2.2402
14 2.31225
15 8.90841
16 2.40517
17 9.25749
18 9.79022
19 2.40182
20 10.3553
21 2.37198
22 10.1875
23 2.94703
24 3.25859
25 3.17544
26 3.47722
27 3.07847
28 3.02238
29 2.99994
"[DEBUG]index 65 centroid... "
0 3.25533
1 3.34492
2 3.20112
3 2.80074
4 2.99524
5 3.23153
6 2.90089
7 2.11856
8 19.748
9 3.65487
10 21.8901
11 3.95634
12 2.72646
13 1.35175
14 2.37678
15 8.60294
16 2.45872
17 1.14711
18 1.53424
19 1.35278
20 2.036
21 6.054
22 6.76391
23 2.14215
24 2.59052
25 2.87234
26 2.56156
27 2.46431
28 2.42665
29 2.38796
"[DEBUG]index 66 centroid... "
0 3.55306
1 3.27971
2 3.31959
3 3.00357
4 3.46861
5 3.24966
6 2.98648
7 1.9714
8 33.3142
9 4.69303
10 12.2279
11 2.50994
12 13.8129
13 2.26888
14 10.0029
15 2.2366
16 10.3146
17 1.99799
18 11.161
19 9.66656
20 2.23704
21 8.09428
22 11.4613
23 2.79882
24 3.26553
25 3.36562
26 3.42985
27 3.12176
28 3.17761
29 3.02815
"[DEBUG]index 67 centroid... "
0 4.48089
1 4.63776
2 3.73189
3 3.45693
4 3.81061
5 3.3223
6 3.07701
7 2.45693
8 18.4769
9 5.91728
10 2.22875
11 10.3856
12 3.09469
13 0.932116
14 0.695379
15 1.34398
16 2.86823
17 2.66629
18 5.57387
19 20.2921
20 5.76383
21 2.7142
22 1.28123
23 3.80434
24 2.88705
25 3.56075
26 3.47119
27 3.80262
28 3.51512
29 3.47119
"[DEBUG]index 68 centroid... "
0 3.82775
1 3.83384
2 3.82568
3 3.5716
4 3.95661
5 3.47895
6 3.04119
7 2.20045
8 30.1991
9 6.22208
10 3.22582
11 6.12091
12 34.7316
13 4.65038
14 2.52714
15 3.11561
16 8.30284
17 6.77331
18 2.28977
19 7.41989
20 3.09507
21 2.87905
22 1.5868
23 3.45264
24 2.94452
25 2.84458
26 2.88847
27 2.92267
28 2.80326
29 2.67575
"[DEBUG]index 69 centroid... "
0 2.85103
1 2.8616
2 2.66878
3 2.47808
4 2.74643
5 3.0692
6 3.10512
7 2.55468
8 16.7047
9 3.74591
10 17.9863
11 4.83782
12 2.85156
13 5.33545
14 5.16693
15 17.3122
16 4.3365
17 4.47174
18 20.496
19 5.20549
20 3.8336
21 18.888
22 5.77232
23 2.41838
24 2.99419
25 3.36556
26 3.02747
27 2.8225
28 3.01162
29 2.63127
"[DEBUG]index 70 centroid... "
0 3.39128
1 3.28507
2 3.237
3 2.97878
4 2.86779
5 3.35545
6 2.98557
7 2.06527
8 19.0379
9 22.5697
10 6.44924
11 2.21023
12 2.61577
13 8.20478
14 1.85789
15 2.4807
16 1.21409
17 2.2354
18 7.02961
19 6.9469
20 2.07156
21 1.03406
22 2.42911
23 2.55168
24 2.24077
25 2.16552
26 2.48943
27 2.39807
28 2.3672
29 2.25847
"[DEBUG]index 71 centroid... "
0 3.76285
1 3.73406
2 3.52025
3 3.13647
4 4.1239
5 3.73421
6 3.40298
7 2.27172
8 36.9433
9 5.07768
10 2.71696
11 3.07156
12 4.12971
13 1.11092
14 3.10971
15 1.12088
16 3.08261
17 1.19086
18 3.54692
19 1.25904
20 2.69014
21 2.01377
22 12.9906
23 2.41021
24 3.10607
25 3.09884
26 3.6035
27 2.9225
28 3.10014
29 3.0827
"[DEBUG]index 72 centroid... "
0 4.75351
1 4.11599
2 4.22803
3 3.71724
4 4.52163
5 4.01828
6 3.7413
7 2.23896
8 31.5821
9 5.11884
10 12.6224
11 2.76922
12 13.8728
13 2.06272
14 10.6543
15 9.649
16 2.87868
17 1.20332
18 2.93425
19 1.18817
20 2.7728
21 1.01616
22 2.67371
23 3.1473
24 3.07576
25 2.55855
26 2.75379
27 2.61613
28 2.63367
29 2.40518
"[DEBUG]index 73 centroid... "
0 3.01044
1 3.20825
2 3.23086
3 2.78926
4 3.04722
5 3.56983
6 2.91228
7 2.21894
8 17.631
9 3.23459
10 19.4781
11 5.24925
12 2.89314
13 5.16203
14 20.9428
15 4.15035
16 2.50075
17 1.89563
18 2.5507
19 4.62599
20 16.8459
21 5.17893
22 2.36431
23 3.24081
24 3.27932
25 2.73807
26 2.79026
27 2.67197
28 2.71223
29 2.70303
"[DEBUG]index 74 centroid... "
0 2.69007
1 2.84471
2 2.91688
3 2.59925
4 2.59901
5 2.58644
6 2.10801
7 2.20783
8 14.1222
9 3.01306
10 7.3122
11 24.8304
12 8.92313
13 3.15569
14 2.42775
15 1.30895
16 1.06479
17 1.81074
18 4.34974
19 1.87293
20 1.11182
21 1.8842
22 3.98686
23 1.63834
24 1.69875
25 1.7736
26 1.86263
27 1.79963
28 1.86385
29 1.7753
"[DEBUG]index 75 centroid... "
0 4.75031
1 4.96127
2 4.3218
3 4.02967
4 4.38484
5 4.90688
6 3.68974
7 2.36424
8 24.3869
9 7.14091
10 2.6712
11 1.53399
12 5.12485
13 1.39308
14 0.783272
15 1.19778
16 2.67491
17 13.747
18 3.13515
19 1.29007
20 3.27771
21 13.2163
22 2.51215
23 3.62546
24 4.28224
25 4.7569
26 3.97033
27 4.26082
28 4.19695
29 4.44623
"[DEBUG]index 76 centroid... "
0 3.34993
1 3.0956
2 3.1324
3 2.87157
4 3.3961
5 3.4881
6 3.30844
7 2.38889
8 12.4307
9 4.61797
10 1.93939
11 4.89141
12 14.7341
13 3.25541
14 7.83658
15 23.7727
16 9.30339
17 4.10065
18 2.52778
19 2.51587
20 1.22403
21 0.629149
22 1.12879
23 2.41486
24 2.43074
25 2.21284
26 2.03499
27 2.33081
28 2.08009
29 1.88131
"[DEBUG]index 77 centroid... "
0 3.33961
1 3.3279
2 3.10474
3 3.23009
4 3.67135
5 3.77946
6 3.21463
7 2.71154
8 34.8711
9 5.82059
10 2.23515
11 12.3276
12 3.42393
13 2.09275
14 10.0022
15 11.0806
16 2.402
17 10.8059
18 2.57757
19 11.1498
20 9.0327
21 2.38533
22 10.4955
23 3.6172
24 3.31179
25 3.40229
26 3.59106
27 3.27356
28 3.13219
29 2.99991
"[DEBUG]index 78 centroid... "
0 2.32702
1 2.47332
2 2.64547
3 2.54361
4 2.82339
5 2.74258
6 2.2429
7 1.80896
8 12.8066
9 4.46857
10 2.28815
11 4.47464
12 8.50146
13 29.2392
14 7.21374
15 3.55876
16 2.1904
17 5.09995
18 1.66271
19 1.85608
20 1.81525
21 4.40295
22 1.96375
23 2.13314
24 2.09011
25 1.98251
26 1.82573
27 1.85268
28 1.84389
29 1.75086
"[DEBUG]index 79 centroid... "
0 4.33849
1 4.56208
2 4.07676
3 3.68161
4 4.06234
5 3.73004
6 3.28903
7 2.2102
8 24.4791
9 6.27821
10 2.52962
11 2.9696
12 1.02473
13 2.98197
14 1.08861
15 0.514168
16 0.879959
17 2.49253
18 13.119
19 2.05667
20 2.65842
21 2.58887
22 2.6507
23 3.20556
24 3.2509
25 3.39464
26 3.43122
27 3.35652
28 3.53632
29 3.50026
"[DEBUG]index 80 centroid... "
0 5.27878
1 5.16426
2 4.67573
3 4.43536
4 5.44905
5 5.13635
6 4.11015
7 2.84211
8 31.0355
9 7.40368
10 3.63378
11 1.49159
12 3.33884
13 14.5181
14 3.16202
15 2.86943
16 1.07115
17 4.18839
18 3.3094
19 1.16449
20 1.13842
21 2.67632
22 1.13665
23 3.7568
24 3.46085
25 3.32987
26 3.21441
27 3.35465
28 3.28137
29 3.28716
"[DEBUG]index 81 centroid... "
0 3.81065
1 3.96488
2 3.65643
3 3.73497
4 4.14995
5 3.93922
6 3.46034
7 2.61249
8 21.8423
9 6.70762
10 3.41174
11 2.97473
12 5.74158
13 24.0918
14 6.00052
15 2.82154
16 3.29575
17 6.0823
18 25.3388
19 6.07452
20 2.5661
21 3.33839
22 1.86534
23 3.49417
24 3.31208
25 3.03953
26 3.16667
27 3.23419
28 3.05054
29 2.93857
"[DEBUG]index 82 centroid... "
0 4.14966
1 3.69315
2 3.76152
3 3.37406
4 3.95274
5 4.14513
6 3.45483
7 2.39249
8 32.1984
9 4.80342
10 12.2894
11 2.75515
12 1.39048
13 2.51768
14 11.9368
15 10.3571
16 2.44545
17 2.77359
18 11.9785
19 10.4889
20 1.9933
21 2.78113
22 1.2125
23 3.63801
24 3.32177
25 3.27149
26 3.12251
27 3.36534
28 3.12435
29 3.02648
"[DEBUG]index 83 centroid... "
0 5.23839
1 4.95623
2 4.39709
3 4.09073
4 5.1771
5 4.71785
6 4.53195
7 2.82101
8 30.8811
9 6.79876
10 3.88426
11 1.64784
12 4.80771
13 1.73108
14 1.42719
15 3.26616
16 17.0967
17 3.8301
18 1.52374
19 3.56714
20 14.7533
21 2.34925
22 1.39411
23 4.62123
24 5.10374
25 4.06747
26 4.37739
27 4.55849
28 4.38488
29 4.14373
"[DEBUG]index 84 centroid... "
0 5.61094
1 5.35213
2 5.41415
3 4.49225
4 5.26107
5 4.90696
6 4.56809
7 3.0998
8 21.1895
9 5.36651
10 12.5546
11 2.63772
12 1.34649
13 3.94531
14 1.10403
15 1.03665
16 3.85001
17 0.964195
18 3.09078
19 1.09275
20 0.554835
21 0.982802
22 1.09416
23 3.06823
24 2.70764
25 2.92473
26 2.72061
27 2.80688
28 2.81195
29 2.78884
"[DEBUG]index 85 centroid... "
0 2.10955
1 2.34558
2 2.31052
3 1.98188
4 1.72991
5 2.43634
6 2.21557
7 1.61953
8 8.85674
9 19.2709
10 7.54756
11 3.86076
12 2.07566
13 1.00453
14 1.93592
15 0.825365
16 1.61382
17 4.93441
18 2.06962
19 1.72488
20 3.52474
21 10.6932
22 3.3741
23 1.72203
24 2.0973
25 2.12632
26 1.9485
27 1.98121
28 2.06106
29 1.87921
"[DEBUG]index 86 centroid... "
0 4.94659
1 4.64784
2 4.14757
3 3.67419
4 4.97262
5 4.44443
6 3.93825
7 2.66554
8 38.9795
9 6.2999
10 2.49087
11 1.37861
12 1.22288
13 2.26469
14 0.992798
15 3.08869
16 0.969743
17 2.98511
18 0.97795
19 2.7348
20 2.1398
21 0.747936
22 2.32184
23 2.7427
24 2.56817
25 2.71649
26 2.95193
27 2.965
28 2.98048
29 3.06844
"[DEBUG]index 87 centroid... "
0 3.72251
1 3.88797
2 3.84386
3 3.33961
4 3.78215
5 3.48188
6 2.77904
7 1.9124
8 27.7532
9 5.57859
10 2.05384
11 11.0934
12 12.7111
13 10.1023
14 2.25326
15 1.15324
16 2.9006
17 3.02029
18 3.07082
19 1.10106
20 2.69559
21 9.90909
22 10.7105
23 2.73141
24 3.11866
25 3.66411
26 3.24374
27 3.00041
28 2.99959
29 3.0089
"[DEBUG]index 88 centroid... "
0 3.98196
1 3.85073
2 3.8951
3 3.21414
4 3.63407
5 3.67518
6 3.56492
7 2.52398
8 26.9715
9 4.60533
10 30.0758
11 3.99818
12 2.85983
13 2.02574
14 3.48988
15 1.3967
16 3.23186
17 9.81139
18 2.65789
19 7.39836
20 2.91153
21 1.27885
22 2.9369
23 3.09575
24 2.6254
25 2.8534
26 3.01215
27 2.96371
28 2.8853
29 2.70697
"[DEBUG]index 89 centroid... "
0 3.48405
1 3.28486
2 3.15332
3 2.81238
4 2.92463
5 3.62305
6 3.21634
7 2.25424
8 17.8216
9 21.0042
10 4.89616
11 2.17681
12 1.33956
13 2.21394
14 6.76128
15 1.76616
16 7.03267
17 2.13145
18 1.03301
19 2.39376
20 2.33202
21 0.741811
22 1.69825
23 2.36932
24 2.17158
25 2.09329
26 2.17853
27 2.18496
28 2.05565
29 1.87506
"[DEBUG]index 90 centroid... "
0 3.87634
1 3.73918
2 3.7769
3 3.11542
4 3.83821
5 3.65932
6 3.38747
7 2.04091
8 33.4809
9 4.64479
10 13.0763
11 2.36006
12 13.565
13 2.40664
14 11.0949
15 1.97795
16 9.28751
17 10.6923
18 2.65004
19 1.24907
20 2.93683
21 9.89448
22 2.32214
23 3.2465
24 3.43425
25 3.63963
26 3.02556
27 3.21074
28 3.11892
29 2.85645
"[DEBUG]index 91 centroid... "
0 3.2021
1 3.54892
2 3.06755
3 2.89556
4 3.84459
5 3.56906
6 3.12333
7 2.47549
8 28.9918
9 5.49189
10 3.00659
11 1.54946
12 2.98592
13 10.9453
14 2.28836
15 12.4108
16 2.20834
17 13.9624
18 2.35947
19 12.0677
20 1.97897
21 10.1649
22 9.50312
23 3.45393
24 3.31046
25 3.77847
26 3.4828
27 3.60043
28 3.30814
29 3.35662
"[DEBUG]index 92 centroid... "
0 2.97832
1 2.99552
2 2.92832
3 2.7741
4 3.23898
5 3.27285
6 3.31048
7 2.65556
8 20.0815
9 4.20565
10 2.43737
11 5.83817
12 2.57186
13 3.80009
14 24.2394
15 3.70314
16 22.4002
17 4.05717
18 7.25986
19 2.60215
20 2.64651
21 2.31443
22 6.02545
23 2.66478
24 3.15484
25 2.84615
26 3.04086
27 2.57186
28 2.53692
29 2.43943
"[DEBUG]index 93 centroid... "
0 3.10121
1 3.06498
2 3.22962
3 2.95063
4 3.06745
5 3.31998
6 2.87031
7 2.77366
8 20.2625
9 4.2905
10 4.05047
11 23.6899
12 6.98622
13 2.18007
14 5.49293
15 23.2344
16 3.94259
17 2.15077
18 6.62645
19 2.57041
20 6.40577
21 2.31222
22 6.93265
23 2.84448
24 2.94095
25 2.78653
26 2.94323
27 2.44401
28 2.63804
29 2.45523
"[DEBUG]index 94 centroid... "
0 3.95415
1 3.76192
2 4.01933
3 3.50268
4 3.93513
5 3.77612
6 2.88194
7 2.53654
8 30.7057
9 4.49377
10 11.3753
11 9.01468
12 2.38889
13 9.24156
14 11.7604
15 1.80871
16 1.12689
17 2.80674
18 2.33783
19 1.00268
20 2.10874
21 2.23422
22 2.0494
23 2.48793
24 2.37579
25 2.28133
26 2.1845
27 2.19894
28 2.09209
29 2.04356
"[DEBUG]index 95 centroid... "
0 4.00172
1 4.38531
2 3.67244
3 3.24762
4 3.95877
5 3.95349
6 3.37011
7 2.49168
8 31.1711
9 5.38015
10 14.7845
11 2.32677
12 1.70428
13 3.44966
14 1.24564
15 2.79783
16 13.1077
17 2.30589
18 11.4199
19 10.7649
20 2.63636
21 1.34223
22 3.40328
23 3.50489
24 3.34038
25 3.50423
26 3.60822
27 3.54797
28 3.46591
29 3.30338
"[DEBUG]index 96 centroid... "
0 3.97698
1 3.96452
2 3.74151
3 3.53787
4 4.29582
5 4.00605
6 3.21007
7 2.31544
8 38.2148
9 5.89165
10 3.22184
11 3.48011
12 14.644
13 8.15311
14 2.17241
15 12.2034
16 3.33008
17 1.35829
18 3.32536
19 13.432
20 2.56502
21 2.53426
22 12.0764
23 4.11763
24 3.49183
25 3.63317
26 3.85989
27 3.49708
28 3.46659
29 3.33819
"[DEBUG]index 97 centroid... "
0 3.41051
1 3.46775
2 3.48081
3 3.11328
4 3.55001
5 3.41557
6 2.6194
7 2.52498
8 29.5005
9 5.37793
10 2.54017
11 12.0079
12 2.71979
13 10.2464
14 2.41005
15 2.66486
16 1.28812
17 3.01316
18 2.57642
19 12.5053
20 2.05024
21 9.05024
22 10.0841
23 3.37775
24 3.00543
25 3.32916
26 3.17401
27 3.01463
28 3.05779
29 3.02411
"[DEBUG]index 98 centroid... "
0 3.08953
1 2.90858
2 2.89565
3 2.82598
4 2.86854
5 3.15353
6 2.91362
7 2.56557
8 17.559
9 4.86444
10 1.8471
11 6.71185
12 7.23014
13 1.57881
14 5.40889
15 21.5665
16 3.24023
17 16.4994
18 15.8238
19 4.59048
20 5.46438
21 2.63398
22 1.33859
23 2.92844
24 2.69136
25 2.63682
26 2.91488
27 2.96154
28 2.57125
29 2.29445
"[DEBUG]index 99 centroid... "
0 3.42158
1 3.48468
2 3.13256
3 2.86451
4 3.15429
5 3.09707
6 2.67042
7 2.12296
8 25.1535
9 5.95055
10 3.0199
11 3.013
12 10.045
13 2.43341
14 1.42187
15 3.28463
16 2.93175
17 5.95231
18 28.5029
19 5.49209
20 2.6171
21 8.02202
22 3.1716
23 2.81149
24 3.07789
25 3.23263
26 3.13841
27 3.40536
28 3.16298
29 3.10908
