"[DEBUG]index 0 centroid... "
0 0.18398
1 0.180443
2 0.191201
3 0.251436
4 0.244651
5 0.125114
6 0.132564
7 0.266691
8 0.158322
9 0.126617
10 0.229315
11 0.12894
12 0.108758
13 0.149342
14 -0.0160469
15 0.128114
16 0.065604
17 0.0481275
18 0.185289
19 0.225362
20 0.154671
21 0.356718
22 0.0822148
23 0.207329
24 0.269973
25 0.260403
26 0.270168
27 0.362329
28 0.185846
29 0.150362
"[DEBUG]index 1 centroid... "
0 0.196314
1 0.308083
2 0.240096
3 0.0923783
4 0.309859
5 0.121295
6 0.236071
7 0.168551
8 0.237096
9 0.203096
10 0.130821
11 0.255192
12 0.19391
13 0.276615
14 0.135962
15 0.234647
16 0.304641
17 0.240391
18 0.217827
19 0.192468
20 0.148051
21 0.269795
22 0.172878
23 0.142763
24 0.0532757
25 0.111955
26 0.204199
27 0.201013
28 0.222103
29 0.219122
"[DEBUG]index 2 centroid... "
0 0.24427
1 0.255148
2 0.232411
3 0.301035
4 0.268795
5 0.227947
6 0.308942
7 0.301723
8 0.264456
9 0.290779
10 0.269289
11 0.27164
12 0.282105
13 0.341962
14 0.285452
15 0.276997
16 0.298572
17 0.215876
18 0.222794
19 0.259522
20 0.281362
21 0.257247
22 0.255718
23 0.251785
24 0.255705
25 0.243495
26 0.285078
27 0.25811
28 0.300429
29 0.292165
"[DEBUG]index 3 centroid... "
0 0.458303
1 0.242658
2 0.248526
3 0.260526
4 0.412566
5 -0.00450001
6 0.133961
7 0.325737
8 0.264711
9 0.309329
10 0.279171
11 0.296882
12 0.445697
13 0.136961
14 0.344763
15 0.399303
16 0.171039
17 0.288434
18 0.406645
19 0.337434
20 0.186342
21 0.211342
22 0.164066
23 0.272474
24 0.207316
25 0.312395
26 0.246618
27 0.184066
28 0.260974
29 0.345395
"[DEBUG]index 4 centroid... "
0 0.202923
1 0.21077
2 0.2157
3 0.259155
4 0.263709
5 0.209488
6 0.245254
7 0.239507
8 0.188865
9 0.207159
10 0.24021
11 0.227609
12 0.244779
13 0.257643
14 0.191847
15 0.199709
16 0.249329
17 0.237129
18 0.236234
19 0.300696
20 0.244385
21 0.176274
22 0.236963
23 0.261811
24 0.243707
25 0.238389
26 0.225308
27 0.20771
28 0.230288
29 0.244931
"[DEBUG]index 5 centroid... "
0 0.243823
1 0.249042
2 0.266973
3 0.244551
4 0.23834
5 0.221186
6 0.277596
7 0.286952
8 0.244891
9 0.24575
10 0.266066
11 0.250119
12 0.220543
13 0.299536
14 0.291697
15 0.267714
16 0.254047
17 0.260401
18 0.265752
19 0.197221
20 0.242933
21 0.248944
22 0.216822
23 0.288541
24 0.263573
25 0.234991
26 0.262762
27 0.256115
28 0.262007
29 0.256989
"[DEBUG]index 6 centroid... "
0 0.231513
1 0.227528
2 0.235124
3 0.242588
4 0.226409
5 0.246307
6 0.246527
7 0.22702
8 0.174328
9 0.244562
10 0.170041
11 0.160988
12 0.247705
13 0.229961
14 0.208008
15 0.207703
16 0.20786
17 0.200573
18 0.244585
19 0.248311
20 0.261653
21 0.23849
22 0.253174
23 0.253725
24 0.249888
25 0.261557
26 0.251377
27 0.250989
28 0.261984
29 0.242104
"[DEBUG]index 7 centroid... "
0 0.258038
1 0.359872
2 0.264619
3 0.24445
4 0.295137
5 0.250277
6 0.267114
7 0.337159
8 0.243984
9 0.272448
10 0.240621
11 0.303901
12 0.285436
13 0.25978
14 0.325256
15 0.385329
16 0.321502
17 0.322656
18 0.299026
19 0.305287
20 0.306758
21 0.273986
22 0.306481
23 0.382559
24 0.335334
25 0.345697
26 0.397621
27 0.327735
28 0.39387
29 0.370694
"[DEBUG]index 8 centroid... "
0 0.259996
1 0.249233
2 0.247633
3 0.26031
4 0.26886
5 0.225524
6 0.266014
7 0.240164
8 0.186291
9 0.244411
10 0.266996
11 0.25545
12 0.251992
13 0.231486
14 0.19066
15 0.177827
16 0.211846
17 0.201892
18 0.262254
19 0.275671
20 0.222335
21 0.262111
22 0.266308
23 0.23639
24 0.241175
25 0.243717
26 0.241292
27 0.246729
28 0.261748
29 0.257819
"[DEBUG]index 9 centroid... "
0 0.253187
1 0.244497
2 0.253602
3 0.256789
4 0.276388
5 0.246025
6 0.288949
7 0.245982
8 0.184228
9 0.248832
10 0.274162
11 0.255305
12 0.286287
13 0.312627
14 0.271151
15 0.254463
16 0.281543
17 0.297091
18 0.266003
19 0.220095
20 0.287665
21 0.294349
22 0.277438
23 0.283559
24 0.284705
25 0.254254
26 0.26149
27 0.256293
28 0.277933
29 0.276078
"[DEBUG]index 10 centroid... "
0 0.291253
1 0.233458
2 0.257294
3 0.234897
4 0.258636
5 0.219831
6 0.24381
7 0.261477
8 0.207926
9 0.229716
10 0.279149
11 0.301278
12 0.288549
13 0.265241
14 0.242374
15 0.245996
16 0.267573
17 0.212747
18 0.250325
19 0.263638
20 0.255933
21 0.25417
22 0.208036
23 0.249213
24 0.242486
25 0.226137
26 0.2628
27 0.250667
28 0.254877
29 0.255642
"[DEBUG]index 11 centroid... "
0 0.246863
1 0.244108
2 0.221885
3 0.241837
4 0.240848
5 0.242337
6 0.285159
7 0.255786
8 0.197306
9 0.215577
10 0.185855
11 0.237424
12 0.259072
13 0.234712
14 0.208333
15 0.242662
16 0.232368
17 0.230901
18 0.235697
19 0.208721
20 0.21165
21 0.256186
22 0.25844
23 0.278454
24 0.27243
25 0.266634
26 0.236685
27 0.233061
28 0.243825
29 0.25915
"[DEBUG]index 12 centroid... "
0 0.25443
1 0.245163
2 0.241305
3 0.254869
4 0.256286
5 0.230996
6 0.255011
7 0.252428
8 0.185056
9 0.216989
10 0.249992
11 0.242349
12 0.254945
13 0.238286
14 0.258074
15 0.228493
16 0.177137
17 0.255348
18 0.258101
19 0.216918
20 0.255639
21 0.248823
22 0.219762
23 0.234963
24 0.251749
25 0.245265
26 0.24633
27 0.246507
28 0.256726
29 0.245597
"[DEBUG]index 13 centroid... "
0 0.232173
1 0.233573
2 0.21457
3 0.200158
4 0.23431
5 0.218272
6 0.239224
7 0.227773
8 0.187508
9 0.151544
10 0.111886
11 0.167012
12 0.163471
13 0.196674
14 0.214172
15 0.220659
16 0.242586
17 0.175124
18 0.193329
19 0.236097
20 0.208246
21 0.259088
22 0.28383
23 0.250337
24 0.296971
25 0.259018
26 0.284733
27 0.279348
28 0.310401
29 0.278744
"[DEBUG]index 14 centroid... "
0 0.244909
1 0.233903
2 0.240639
3 0.240165
4 0.24033
5 0.265108
6 0.242577
7 0.23994
8 0.181911
9 0.222925
10 0.303325
11 0.265347
12 0.288942
13 0.236078
14 0.30146
15 0.242447
16 0.231957
17 0.263576
18 0.277913
19 0.266979
20 0.27799
21 0.192753
22 0.191901
23 0.246827
24 0.249548
25 0.192942
26 0.235972
27 0.24715
28 0.303241
29 0.283472
"[DEBUG]index 15 centroid... "
0 0.24973
1 0.227417
2 0.20241
3 0.195345
4 0.224012
5 0.242136
6 0.233353
7 0.24387
8 0.210637
9 0.154066
10 0.2293
11 0.222509
12 0.217809
13 0.19214
14 0.172467
15 0.225724
16 0.232614
17 0.201911
18 0.220204
19 0.19673
20 0.229926
21 0.229624
22 0.227049
23 0.229587
24 0.235112
25 0.236196
26 0.266174
27 0.251353
28 0.243939
29 0.280871
"[DEBUG]index 16 centroid... "
0 0.217597
1 0.221317
2 0.242792
3 0.23794
4 0.246888
5 0.218234
6 0.227594
7 0.223292
8 0.157937
9 0.205735
10 0.251934
11 0.226921
12 0.253932
13 0.234094
14 0.255343
15 0.257386
16 0.263384
17 0.288572
18 0.262956
19 0.203183
20 0.246647
21 0.243433
22 0.243248
23 0.258999
24 0.261114
25 0.234303
26 0.233307
27 0.232598
28 0.235622
29 0.242205
"[DEBUG]index 17 centroid... "
0 0.237126
1 0.223776
2 0.226793
3 0.238758
4 0.236873
5 0.215084
6 0.276621
7 0.276532
8 0.159732
9 0.260608
10 0.280256
11 0.206591
12 0.242448
13 0.273357
14 0.221384
15 0.22119
16 0.274496
17 0.25451
18 0.213718
19 0.253985
20 0.276992
21 0.21458
22 0.228595
23 0.282124
24 0.24676
25 0.220165
26 0.242696
27 0.259726
28 0.233728
29 0.2387
"[DEBUG]index 18 centroid... "
0 0.254487
1 0.260495
2 0.25767
3 0.265619
4 0.253267
5 0.239811
6 0.28231
7 0.259482
8 0.188113
9 0.260069
10 0.262663
11 0.240777
12 0.284241
13 0.238833
14 0.221219
15 0.28545
16 0.262938
17 0.206314
18 0.25342
19 0.29992
20 0.22515
21 0.212756
22 0.295564
23 0.267007
24 0.238195
25 0.238189
26 0.236157
27 0.240901
28 0.22856
29 0.270942
"[DEBUG]index 19 centroid... "
0 0.24443
1 0.2549
2 0.235304
3 0.303252
4 0.258677
5 0.239376
6 0.292316
7 0.254848
8 0.21373
9 0.231532
10 0.245976
11 0.251339
12 0.287797
13 0.275541
14 0.211393
15 0.246498
16 0.255756
17 0.27396
18 0.250724
19 0.227662
20 0.303866
21 0.269392
22 0.20419
23 0.274851
24 0.251386
25 0.226844
26 0.242249
27 0.261091
28 0.255141
29 0.260525
"[DEBUG]index 20 centroid... "
0 0.229637
1 0.200277
2 0.232373
3 0.246668
4 0.216592
5 0.215563
6 0.234643
7 0.214376
8 0.159262
9 0.164638
10 0.2553
11 0.24454
12 0.271136
13 0.259848
14 0.210374
15 0.260715
16 0.197041
17 0.262117
18 0.322782
19 0.29541
20 0.278354
21 0.276623
22 0.200686
23 0.186632
24 0.220031
25 0.215483
26 0.293312
27 0.252992
28 0.296553
29 0.271999
"[DEBUG]index 21 centroid... "
0 0.237443
1 0.236013
2 0.242185
3 0.24652
4 0.246321
5 0.217454
6 0.248813
7 0.235512
8 0.158758
9 0.233065
10 0.265242
11 0.212882
12 0.242502
13 0.251551
14 0.225775
15 0.248706
16 0.239374
17 0.229214
18 0.266037
19 0.252487
20 0.229204
21 0.260736
22 0.268349
23 0.256238
24 0.253049
25 0.24915
26 0.241519
27 0.235596
28 0.240658
29 0.245599
"[DEBUG]index 22 centroid... "
0 0.238361
1 0.24822
2 0.25043
3 0.244063
4 0.24219
5 0.234404
6 0.26649
7 0.242886
8 0.171853
9 0.224218
10 0.280257
11 0.222531
12 0.223993
13 0.281585
14 0.231837
15 0.164196
16 0.243509
17 0.264323
18 0.231237
19 0.258075
20 0.255335
21 0.222844
22 0.258924
23 0.258832
24 0.248272
25 0.271833
26 0.26082
27 0.248249
28 0.256181
29 0.260363
"[DEBUG]index 23 centroid... "
0 0.262736
1 0.247482
2 0.262477
3 0.262793
4 0.257855
5 0.243692
6 0.255649
7 0.255039
8 0.213577
9 0.235525
10 0.269336
11 0.228311
12 0.234132
13 0.221097
14 0.178386
15 0.257651
16 0.263611
17 0.25518
18 0.248126
19 0.232842
20 0.232329
21 0.243889
22 0.267782
23 0.276497
24 0.245245
25 0.267483
26 0.281583
27 0.258715
28 0.274907
29 0.283915
"[DEBUG]index 24 centroid... "
0 0.257593
1 0.238149
2 0.24238
3 0.253651
4 0.257115
5 0.230427
6 0.262501
7 0.236206
8 0.174892
9 0.248629
10 0.258298
11 0.222331
12 0.218524
13 0.203619
14 0.199579
15 0.204664
16 0.265228
17 0.255186
18 0.195577
19 0.243911
20 0.262044
21 0.230463
22 0.242756
23 0.253716
24 0.247337
25 0.250708
26 0.256999
27 0.257593
28 0.251375
29 0.259816
"[DEBUG]index 25 centroid... "
0 0.237978
1 0.23262
2 0.241025
3 0.257076
4 0.264242
5 0.239791
6 0.266889
7 0.242791
8 0.148366
9 0.153328
10 0.204853
11 0.246715
12 0.278064
13 0.256496
14 0.23047
15 0.250867
16 0.29061
17 0.261493
18 0.267532
19 0.302053
20 0.276136
21 0.277896
22 0.294942
23 0.266873
24 0.265749
25 0.27512
26 0.279653
27 0.27635
28 0.276205
29 0.255964
"[DEBUG]index 26 centroid... "
0 0.24127
1 0.289182
2 0.230233
3 0.233283
4 0.235333
5 0.212818
6 0.240299
7 0.262851
8 0.233301
9 0.28141
10 0.281082
11 0.273498
12 0.251933
13 0.214489
14 0.225822
15 0.228678
16 0.27866
17 0.228703
18 0.320675
19 0.262466
20 0.213336
21 0.225927
22 0.221485
23 0.266595
24 0.292628
25 0.275546
26 0.210062
27 0.223524
28 0.242334
29 0.258862
"[DEBUG]index 27 centroid... "
0 0.260375
1 0.288537
2 0.24092
3 0.288656
4 0.260902
5 0.265294
6 0.297078
7 0.239967
8 0.183851
9 0.235158
10 0.1934
11 0.21232
12 0.250709
13 0.250577
14 0.238239
15 0.21751
16 0.2569
17 0.233548
18 0.209267
19 0.22489
20 0.273812
21 0.246866
22 0.240624
23 0.262061
24 0.260782
25 0.261585
26 0.26061
27 0.255392
28 0.271874
29 0.280189
"[DEBUG]index 28 centroid... "
0 0.233409
1 0.247753
2 0.246812
3 0.240445
4 0.22729
5 0.22984
6 0.228179
7 0.235596
8 0.167766
9 0.215102
10 0.229969
11 0.262128
12 0.227596
13 0.169692
14 0.257343
15 0.26835
16 0.212126
17 0.231197
18 0.205786
19 0.214541
20 0.211778
21 0.239262
22 0.229554
23 0.248581
24 0.254584
25 0.255637
26 0.249792
27 0.265573
28 0.257241
29 0.254784
"[DEBUG]index 29 centroid... "
0 0.253282
1 0.253885
2 0.237393
3 0.253495
4 0.257899
5 0.271635
6 0.285844
7 0.25747
8 0.19997
9 0.178413
10 0.183923
11 0.220815
12 0.255877
13 0.218363
14 0.237164
15 0.230023
16 0.176428
17 0.238844
18 0.242628
19 0.232116
20 0.229621
21 0.27455
22 0.240961
23 0.237186
24 0.242523
25 0.242545
26 0.246922
27 0.251594
28 0.279761
29 0.259422
"[DEBUG]index 30 centroid... "
0 0.247185
1 0.249098
2 0.244724
3 0.270829
4 0.275278
5 0.243518
6 0.263132
7 0.247185
8 0.192669
9 0.22031
10 0.253124
11 0.254
12 0.247683
13 0.244802
14 0.237066
15 0.242569
16 0.229858
17 0.218138
18 0.264488
19 0.230407
20 0.242897
21 0.265833
22 0.199639
23 0.225864
24 0.240016
25 0.249624
26 0.228636
27 0.21957
28 0.241328
29 0.223387
"[DEBUG]index 31 centroid... "
0 0.237691
1 0.235671
2 0.23329
3 0.256817
4 0.264652
5 0.233043
6 0.264903
7 0.272137
8 0.205507
9 0.205346
10 0.234715
11 0.223102
12 0.223936
13 0.282355
14 0.270464
15 0.220755
16 0.24456
17 0.261105
18 0.23907
19 0.26293
20 0.268033
21 0.278129
22 0.287267
23 0.273208
24 0.263545
25 0.266956
26 0.261402
27 0.266377
28 0.261031
29 0.262147
"[DEBUG]index 32 centroid... "
0 0.244851
1 0.230756
2 0.214256
3 0.251367
4 0.225366
5 0.257647
6 0.305992
7 0.261974
8 0.176518
9 0.245668
10 0.212147
11 0.241386
12 0.254596
13 0.305359
14 0.327265
15 0.206699
16 0.230421
17 0.270932
18 0.28272
19 0.267313
20 0.205356
21 0.239316
22 0.221214
23 0.215826
24 0.236735
25 0.246806
26 0.234436
27 0.234128
28 0.256345
29 0.256212
"[DEBUG]index 33 centroid... "
0 0.242245
1 0.244242
2 0.244874
3 0.260991
4 0.256388
5 0.255621
6 0.283605
7 0.266053
8 0.171196
9 0.154641
10 0.178138
11 0.249283
12 0.282164
13 0.242718
14 0.268338
15 0.244343
16 0.261189
17 0.272639
18 0.259028
19 0.24732
20 0.272878
21 0.248381
22 0.271873
23 0.270876
24 0.26481
25 0.280264
26 0.271898
27 0.253346
28 0.255452
29 0.25232
"[DEBUG]index 34 centroid... "
0 0.249021
1 0.236698
2 0.231507
3 0.245386
4 0.261345
5 0.239355
6 0.25323
7 0.233643
8 0.202084
9 0.222686
10 0.235626
11 0.230685
12 0.247735
13 0.208378
14 0.174264
15 0.256136
16 0.272298
17 0.228454
18 0.254024
19 0.257062
20 0.239424
21 0.231129
22 0.230762
23 0.257915
24 0.255676
25 0.243183
26 0.252514
27 0.235986
28 0.238287
29 0.255407
"[DEBUG]index 35 centroid... "
0 0.280671
1 0.262466
2 0.267345
3 0.275082
4 0.256982
5 0.243458
6 0.286716
7 0.299283
8 0.232684
9 0.221497
10 0.224421
11 0.203006
12 0.22896
13 0.28284
14 0.285698
15 0.237804
16 0.268615
17 0.235796
18 0.245338
19 0.24054
20 0.21837
21 0.219781
22 0.281948
23 0.289549
24 0.26338
25 0.286559
26 0.273015
27 0.246058
28 0.263487
29 0.273526
"[DEBUG]index 36 centroid... "
0 0.242843
1 0.235322
2 0.234841
3 0.206388
4 0.256856
5 0.230271
6 0.247545
7 0.271143
8 0.178565
9 0.136448
10 0.27391
11 0.261646
12 0.187601
13 0.238798
14 0.268386
15 0.221749
16 0.207666
17 0.256388
18 0.27822
19 0.291763
20 0.293339
21 0.299315
22 0.27258
23 0.293783
24 0.286124
25 0.285907
26 0.285956
27 0.278707
28 0.283546
29 0.279242
"[DEBUG]index 37 centroid... "
0 0.248347
1 0.242764
2 0.227902
3 0.248483
4 0.260959
5 0.23312
6 0.262978
7 0.236279
8 0.17913
9 0.229931
10 0.247027
11 0.22918
12 0.258222
13 0.254162
14 0.222744
15 0.266463
16 0.235806
17 0.191678
18 0.240335
19 0.266366
20 0.236145
21 0.247097
22 0.243607
23 0.254264
24 0.243597
25 0.24911
26 0.277725
27 0.269257
28 0.26623
29 0.265487
"[DEBUG]index 38 centroid... "
0 0.224954
1 0.20825
2 0.233973
3 0.240702
4 0.262405
5 0.212584
6 0.234495
7 0.2296
8 0.150439
9 0.178932
10 0.246653
11 0.222487
12 0.227776
13 0.265027
14 0.239576
15 0.189315
16 0.253348
17 0.272359
18 0.217037
19 0.242473
20 0.253275
21 0.215727
22 0.192801
23 0.240935
24 0.223665
25 0.208207
26 0.228121
27 0.224125
28 0.218466
29 0.220839
"[DEBUG]index 39 centroid... "
0 0.261624
1 0.252089
2 0.240426
3 0.271062
4 0.25699
5 0.22383
6 0.26178
7 0.249793
8 0.186396
9 0.265233
10 0.262617
11 0.236384
12 0.238573
13 0.218693
14 0.248219
15 0.230867
16 0.218877
17 0.276383
18 0.192613
19 0.158589
20 0.246829
21 0.256135
22 0.234853
23 0.25267
24 0.2587
25 0.237214
26 0.248781
27 0.258572
28 0.263705
29 0.25932
"[DEBUG]index 40 centroid... "
0 0.232444
1 0.233324
2 0.211612
3 0.209581
4 0.228579
5 0.254023
6 0.261994
7 0.300915
8 0.177049
9 0.241189
10 0.259258
11 0.18899
12 0.24548
13 0.211899
14 0.211128
15 0.256457
16 0.254325
17 0.286056
18 0.310861
19 0.29134
20 0.343789
21 0.328419
22 0.246757
23 0.227304
24 0.261685
25 0.285924
26 0.254901
27 0.244712
28 0.247145
29 0.285288
"[DEBUG]index 41 centroid... "
0 0.244186
1 0.220259
2 0.20232
3 0.21067
4 0.232221
5 0.217819
6 0.24128
7 0.273665
8 0.212
9 0.178446
10 0.211533
11 0.170295
12 0.184803
13 0.227292
14 0.193864
15 0.184259
16 0.205416
17 0.21894
18 0.2425
19 0.278838
20 0.285763
21 0.315595
22 0.319916
23 0.31167
24 0.319581
25 0.319714
26 0.302615
27 0.304478
28 0.291981
29 0.321326
"[DEBUG]index 42 centroid... "
0 0.209846
1 0.253415
2 0.214594
3 0.235111
4 0.242247
5 0.205808
6 0.230561
7 0.282715
8 0.161075
9 0.118626
10 0.248236
11 0.227948
12 0.202076
13 0.217833
14 0.210852
15 0.233591
16 0.244426
17 0.165753
18 0.229161
19 0.26274
20 0.219127
21 0.252688
22 0.272537
23 0.222961
24 0.252882
25 0.266857
26 0.256077
27 0.258024
28 0.261533
29 0.260037
"[DEBUG]index 43 centroid... "
0 0.229204
1 0.217899
2 0.237058
3 0.232195
4 0.249229
5 0.212746
6 0.247831
7 0.222617
8 0.161618
9 0.22866
10 0.272073
11 0.246451
12 0.265952
13 0.242757
14 0.194904
15 0.254115
16 0.273079
17 0.261263
18 0.241576
19 0.23429
20 0.260202
21 0.247178
22 0.200762
23 0.241973
24 0.24802
25 0.217757
26 0.230095
27 0.221407
28 0.220959
29 0.231457
"[DEBUG]index 44 centroid... "
0 0.246261
1 0.23847
2 0.260438
3 0.261936
4 0.288397
5 0.262657
6 0.269975
7 0.274161
8 0.178399
9 0.184529
10 0.232226
11 0.286178
12 0.29842
13 0.289766
14 0.264593
15 0.252089
16 0.240318
17 0.225571
18 0.206986
19 0.208171
20 0.220783
21 0.236668
22 0.267706
23 0.267322
24 0.252054
25 0.259147
26 0.268877
27 0.234563
28 0.245552
29 0.254859
"[DEBUG]index 45 centroid... "
0 0.235154
1 0.226433
2 0.238965
3 0.250123
4 0.264746
5 0.22596
6 0.259168
7 0.235331
8 0.156033
9 0.165477
10 0.198299
11 0.263828
12 0.24759
13 0.22421
14 0.226396
15 0.194369
16 0.224423
17 0.235892
18 0.267826
19 0.235906
20 0.220513
21 0.230469
22 0.212281
23 0.233147
24 0.255883
25 0.237102
26 0.259741
27 0.230541
28 0.223748
29 0.244888
"[DEBUG]index 46 centroid... "
0 0.255667
1 0.254597
2 0.254996
3 0.265439
4 0.265662
5 0.241397
6 0.273373
7 0.275468
8 0.197443
9 0.22333
10 0.239876
11 0.217867
12 0.231909
13 0.269684
14 0.226205
15 0.233009
16 0.278654
17 0.255123
18 0.229618
19 0.278121
20 0.274864
21 0.222616
22 0.2602
23 0.262045
24 0.255165
25 0.2518
26 0.255665
27 0.252524
28 0.25412
29 0.254492
"[DEBUG]index 47 centroid... "
0 0.236151
1 0.237106
2 0.238348
3 0.259055
4 0.254763
5 0.226141
6 0.256874
7 0.245366
8 0.175498
9 0.246301
10 0.261521
11 0.232213
12 0.270582
13 0.270766
14 0.256974
15 0.2278
16 0.204652
17 0.174159
18 0.165177
19 0.204715
20 0.21996
21 0.245443
22 0.257484
23 0.246285
24 0.245877
25 0.240683
26 0.2393
27 0.23043
28 0.237847
29 0.248199
"[DEBUG]index 48 centroid... "
0 0.229181
1 0.230373
2 0.229582
3 0.242222
4 0.238884
5 0.207779
6 0.223323
7 0.210895
8 0.150835
9 0.206465
10 0.225787
11 0.229489
12 0.246262
13 0.214484
14 0.233987
15 0.231005
16 0.207278
17 0.240986
18 0.235529
19 0.237665
20 0.244061
21 0.222764
22 0.240428
23 0.244087
24 0.237464
25 0.244254
26 0.236677
27 0.232061
28 0.232854
29 0.237859
"[DEBUG]index 49 centroid... "
0 0.212109
1 0.205968
2 0.248549
3 0.24069
4 0.220104
5 0.215896
6 0.214275
7 0.228798
8 0.166575
9 0.215106
10 0.233731
11 0.197407
12 0.232067
13 0.234818
14 0.157433
15 0.256616
16 0.226905
17 0.258392
18 0.28406
19 0.2458
20 0.250436
21 0.273928
22 0.278364
23 0.258047
24 0.262594
25 0.257167
26 0.234491
27 0.24369
28 0.221547
29 0.198869
"[DEBUG]index 50 centroid... "
0 0.249872
1 0.236787
2 0.248302
3 0.253999
4 0.238902
5 0.220244
6 0.254997
7 0.258241
8 0.16372
9 0.216399
10 0.271373
11 0.182763
12 0.233704
13 0.277332
14 0.200741
15 0.24002
16 0.229394
17 0.188788
18 0.240685
19 0.241033
20 0.269326
21 0.238381
22 0.214244
23 0.252677
24 0.265672
25 0.253428
26 0.259388
27 0.261059
28 0.248479
29 0.257514
"[DEBUG]index 51 centroid... "
0 0.244368
1 0.241374
2 0.24613
3 0.250238
4 0.268042
5 0.240951
6 0.280459
7 0.243449
8 0.169459
9 0.190076
10 0.22358
11 0.241815
12 0.275666
13 0.255397
14 0.245396
15 0.250501
16 0.246081
17 0.213011
18 0.219165
19 0.207426
20 0.196447
21 0.216077
22 0.215203
23 0.251703
24 0.257024
25 0.242429
26 0.243384
27 0.239271
28 0.241674
29 0.244903
"[DEBUG]index 52 centroid... "
0 0.2417
1 0.221954
2 0.234459
3 0.24648
4 0.241659
5 0.228284
6 0.259535
7 0.244545
8 0.160741
9 0.244412
10 0.272923
11 0.214016
12 0.264923
13 0.266999
14 0.227714
15 0.225041
16 0.196887
17 0.251312
18 0.268112
19 0.234795
20 0.245641
21 0.248883
22 0.247863
23 0.246377
24 0.257465
25 0.264787
26 0.263645
27 0.262729
28 0.262335
29 0.259786
"[DEBUG]index 53 centroid... "
0 0.270288
1 0.229919
2 0.27527
3 0.276914
4 0.296471
5 0.267437
6 0.251366
7 0.305599
8 0.192283
9 0.20532
10 0.296104
11 0.229453
12 0.284791
13 0.272
14 0.212523
15 0.24839
16 0.288416
17 0.27368
18 0.284991
19 0.22217
20 0.210369
21 0.214316
22 0.244489
23 0.33532
24 0.258623
25 0.251523
26 0.278329
27 0.214888
28 0.217019
29 0.262749
"[DEBUG]index 54 centroid... "
0 0.228046
1 0.21976
2 0.310753
3 0.341865
4 0.131
5 0.209803
6 0.20249
7 0.193247
8 0.116905
9 0.26151
10 0.245066
11 0.249809
12 0.216859
13 0.292704
14 0.243013
15 0.286779
16 0.310612
17 0.23525
18 0.321671
19 0.21024
20 0.296638
21 0.303885
22 0.201882
23 0.254066
24 0.317836
25 0.243378
26 0.189464
27 0.307622
28 0.207618
29 0.197678
"[DEBUG]index 55 centroid... "
0 0.266069
1 0.193061
2 0.251148
3 0.193045
4 0.268385
5 0.200019
6 0.278644
7 0.29032
8 0.172867
9 0.157719
10 0.259461
11 0.269866
12 0.255097
13 0.298166
14 0.226591
15 0.183814
16 0.251781
17 0.291492
18 0.294034
19 0.307273
20 0.270006
21 0.175694
22 0.243404
23 0.277364
24 0.250491
25 0.299979
26 0.304607
27 0.197545
28 0.232784
29 0.230636
"[DEBUG]index 56 centroid... "
0 0.25445
1 0.253186
2 0.238918
3 0.256561
4 0.217918
5 0.245676
6 0.251793
7 0.25991
8 0.175775
9 0.251404
10 0.249284
11 0.202367
12 0.233062
13 0.204194
14 0.239195
15 0.249471
16 0.18546
17 0.193779
18 0.262096
19 0.248509
20 0.243818
21 0.248216
22 0.254956
23 0.238378
24 0.26623
25 0.288761
26 0.261678
27 0.255721
28 0.248362
29 0.246795
"[DEBUG]index 57 centroid... "
0 0.259344
1 0.231473
2 0.221468
3 0.220915
4 0.223548
5 0.205819
6 0.241911
7 0.267752
8 0.211616
9 0.163145
10 0.245205
11 0.278582
12 0.241159
13 0.226535
14 0.261598
15 0.223657
16 0.164237
17 0.198565
18 0.237443
19 0.217038
20 0.251417
21 0.223677
22 0.232511
23 0.23937
24 0.25074
25 0.204266
26 0.246104
27 0.225716
28 0.216236
29 0.224186
"[DEBUG]index 58 centroid... "
0 0.235497
1 0.226401
2 0.227609
3 0.248725
4 0.240824
5 0.217436
6 0.24621
7 0.24762
8 0.15181
9 0.207865
10 0.227692
11 0.247168
12 0.221466
13 0.221491
14 0.272088
15 0.174811
16 0.198135
17 0.248914
18 0.185958
19 0.217318
20 0.23362
21 0.248771
22 0.264611
23 0.227302
24 0.242837
25 0.259294
26 0.238054
27 0.253756
28 0.247797
29 0.261339
"[DEBUG]index 59 centroid... "
0 0.249654
1 0.255888
2 0.257323
3 0.271524
4 0.266229
5 0.242204
6 0.275832
7 0.273057
8 0.214502
9 0.248031
10 0.27228
11 0.246266
12 0.252552
13 0.243954
14 0.232676
15 0.242491
16 0.24677
17 0.242738
18 0.2693
19 0.231817
20 0.197293
21 0.264153
22 0.268675
23 0.246713
24 0.2637
25 0.262667
26 0.247718
27 0.250557
28 0.268632
29 0.265421
"[DEBUG]index 60 centroid... "
0 0.270525
1 0.257104
2 0.216824
3 0.260498
4 0.249592
5 0.220859
6 0.27009
7 0.212303
8 0.18827
9 0.22878
10 0.200346
11 0.293054
12 0.284678
13 0.217964
14 0.218507
15 0.195947
16 0.20404
17 0.261286
18 0.245147
19 0.243842
20 0.221444
21 0.227168
22 0.262361
23 0.280217
24 0.300443
25 0.290159
26 0.25561
27 0.289373
28 0.301818
29 0.255825
"[DEBUG]index 61 centroid... "
0 0.222135
1 0.259414
2 0.250865
3 0.250936
4 0.274909
5 0.252091
6 0.263997
7 0.279504
8 0.208036
9 0.232513
10 0.242372
11 0.268157
12 0.261006
13 0.247854
14 0.253145
15 0.24461
16 0.246838
17 0.293614
18 0.226384
19 0.161063
20 0.172996
21 0.164548
22 0.259238
23 0.290387
24 0.250547
25 0.255289
26 0.255508
27 0.254569
28 0.264225
29 0.243363
"[DEBUG]index 62 centroid... "
0 0.240714
1 0.232549
2 0.240983
3 0.258931
4 0.277339
5 0.249956
6 0.250182
7 0.241126
8 0.195175
9 0.209109
10 0.25232
11 0.232272
12 0.261969
13 0.286214
14 0.263187
15 0.219633
16 0.214338
17 0.187335
18 0.212543
19 0.236195
20 0.276096
21 0.261559
22 0.25749
23 0.241466
24 0.257097
25 0.23964
26 0.240717
27 0.261521
28 0.254201
29 0.249757
"[DEBUG]index 63 centroid... "
0 0.334169
1 0.269094
2 0.266407
3 0.272108
4 0.256594
5 0.271612
6 0.2795
7 0.264963
8 0.243053
9 0.2641
10 0.253647
11 0.279561
12 0.187849
13 0.213378
14 0.234172
15 0.188914
16 0.206709
17 0.186798
18 0.222212
19 0.216244
20 0.176058
21 0.251328
22 0.223274
23 0.247947
24 0.226489
25 0.220359
26 0.241069
27 0.210801
28 0.297564
29 0.30002
"[DEBUG]index 64 centroid... "
0 0.246212
1 0.234695
2 0.230828
3 0.248046
4 0.266205
5 0.254131
6 0.281236
7 0.262327
8 0.189943
9 0.163563
10 0.166321
11 0.212508
12 0.229976
13 0.268228
14 0.267005
15 0.231393
16 0.264602
17 0.227701
18 0.24004
19 0.244021
20 0.207721
21 0.23845
22 0.228647
23 0.249605
24 0.264554
25 0.247617
26 0.259731
27 0.257004
28 0.254987
29 0.259981
"[DEBUG]index 65 centroid... "
0 0.22571
1 0.199996
2 0.233377
3 0.225437
4 0.245126
5 0.239599
6 0.279904
7 0.241405
8 0.149016
9 0.125892
10 0.140113
11 0.230464
12 0.248124
13 0.22637
14 0.251333
15 0.192488
16 0.250947
17 0.25137
18 0.241528
19 0.249438
20 0.24653
21 0.224741
22 0.245424
23 0.255151
24 0.245955
25 0.247133
26 0.258211
27 0.207949
28 0.216195
29 0.205167
"[DEBUG]index 66 centroid... "
0 0.254812
1 0.26684
2 0.240413
3 0.268542
4 0.267355
5 0.238648
6 0.275953
7 0.251786
8 0.162586
9 0.197103
10 0.198382
11 0.214514
12 0.215772
13 0.209625
14 0.215241
15 0.220976
16 0.215053
17 0.277643
18 0.236348
19 0.248983
20 0.279172
21 0.207988
22 0.229794
23 0.261287
24 0.25761
25 0.242654
26 0.251399
27 0.251975
28 0.232765
29 0.267941
"[DEBUG]index 67 centroid... "
0 0.275504
1 0.234446
2 0.263316
3 0.219797
4 0.26585
5 0.262592
6 0.256064
7 0.291224
8 0.202369
9 0.248409
10 0.285778
11 0.270782
12 0.244764
13 0.303298
14 0.246171
15 0.247582
16 0.293094
17 0.276509
18 0.248269
19 0.189803
20 0.230868
21 0.266308
22 0.281342
23 0.303897
24 0.249013
25 0.225439
26 0.273896
27 0.30617
28 0.259168
29 0.273944
"[DEBUG]index 68 centroid... "
0 0.248764
1 0.250575
2 0.24458
3 0.251002
4 0.256381
5 0.228252
6 0.264785
7 0.283638
8 0.218249
9 0.228643
10 0.254849
11 0.240158
12 0.234684
13 0.280409
14 0.274976
15 0.24524
16 0.221255
17 0.245251
18 0.257174
19 0.228242
20 0.246712
21 0.259704
22 0.25484
23 0.261669
24 0.272942
25 0.271743
26 0.278469
27 0.281508
28 0.286291
29 0.288817
"[DEBUG]index 69 centroid... "
0 0.267454
1 0.278878
2 0.243999
3 0.263351
4 0.257099
5 0.24311
6 0.284795
7 0.193001
8 0.187509
9 0.194196
10 0.165767
11 0.266724
12 0.25755
13 0.278288
14 0.228745
15 0.163723
16 0.246378
17 0.173673
18 0.206425
19 0.283012
20 0.26819
21 0.22213
22 0.277432
23 0.259827
24 0.236592
25 0.212789
26 0.23698
27 0.271875
28 0.251024
29 0.29779
"[DEBUG]index 70 centroid... "
0 0.232748
1 0.220611
2 0.217965
3 0.246641
4 0.247424
5 0.207566
6 0.261108
7 0.287051
8 0.206729
9 0.179527
10 0.260841
11 0.258753
12 0.221226
13 0.203111
14 0.230214
15 0.253104
16 0.23601
17 0.232336
18 0.220617
19 0.230716
20 0.281643
21 0.269809
22 0.253859
23 0.243049
24 0.257602
25 0.267271
26 0.256142
27 0.257501
28 0.249134
29 0.255593
"[DEBUG]index 71 centroid... "
0 0.240646
1 0.223234
2 0.230698
3 0.246866
4 0.240407
5 0.221344
6 0.236818
7 0.235815
8 0.170795
9 0.216658
10 0.253025
11 0.230986
12 0.253014
13 0.252122
14 0.233579
15 0.2173
16 0.233456
17 0.239254
18 0.240526
19 0.226978
20 0.240355
21 0.226457
22 0.191032
23 0.231079
24 0.24823
25 0.231843
26 0.243878
27 0.234228
28 0.22949
29 0.229299
"[DEBUG]index 72 centroid... "
0 0.233366
1 0.218263
2 0.228669
3 0.228896
4 0.235882
5 0.2362
6 0.237057
7 0.23448
8 0.156256
9 0.141432
10 0.13897
11 0.162931
12 0.181195
13 0.224148
14 0.219151
15 0.209366
16 0.258906
17 0.256632
18 0.232569
19 0.222364
20 0.233651
21 0.2566
22 0.284541
23 0.264064
24 0.277833
25 0.272408
26 0.267605
27 0.262556
28 0.269251
29 0.257192
"[DEBUG]index 73 centroid... "
0 0.221226
1 0.238767
2 0.208148
3 0.248989
4 0.249197
5 0.224174
6 0.23767
7 0.212829
8 0.166295
9 0.199975
10 0.178378
11 0.179347
12 0.249452
13 0.226693
14 0.203005
15 0.249848
16 0.24597
17 0.245206
18 0.236749
19 0.263705
20 0.201079
21 0.264854
22 0.265242
23 0.229942
24 0.266018
25 0.234058
26 0.227734
27 0.232089
28 0.255773
29 0.269907
"[DEBUG]index 74 centroid... "
0 0.206989
1 0.1973
2 0.222109
3 0.21637
4 0.194058
5 0.217891
6 0.234402
7 0.225418
8 0.185576
9 0.230608
10 0.194091
11 0.139567
12 0.176059
13 0.231634
14 0.199302
15 0.204942
16 0.209341
17 0.224939
18 0.240862
19 0.285494
20 0.302265
21 0.3021
22 0.259812
23 0.281399
24 0.285882
25 0.28194
26 0.30289
27 0.297958
28 0.292399
29 0.276656
"[DEBUG]index 75 centroid... "
0 0.235649
1 0.226037
2 0.24609
3 0.247695
4 0.24751
5 0.214542
6 0.246877
7 0.25815
8 0.228341
9 0.210376
10 0.292529
11 0.266791
12 0.267542
13 0.251139
14 0.246463
15 0.268586
16 0.306088
17 0.261324
18 0.283224
19 0.274982
20 0.298543
21 0.264622
22 0.249415
23 0.233081
24 0.257562
25 0.258195
26 0.262618
27 0.253779
28 0.241437
29 0.272287
"[DEBUG]index 76 centroid... "
0 0.243796
1 0.268699
2 0.224871
3 0.254776
4 0.228557
5 0.24908
6 0.223687
7 0.248062
8 0.169106
9 0.215525
10 0.242929
11 0.25615
12 0.223096
13 0.274137
14 0.223653
15 0.175877
16 0.217588
17 0.205019
18 0.209003
19 0.231603
20 0.230126
21 0.265011
22 0.28104
23 0.246409
24 0.279639
25 0.337079
26 0.329822
27 0.294273
28 0.29996
29 0.29202
"[DEBUG]index 77 centroid... "
0 0.253618
1 0.241818
2 0.250757
3 0.25435
4 0.270193
5 0.236075
6 0.273162
7 0.250157
8 0.153277
9 0.247318
10 0.273818
11 0.209444
12 0.26252
13 0.267318
14 0.175573
15 0.229459
16 0.240032
17 0.211064
18 0.245475
19 0.18875
20 0.23965
21 0.261459
22 0.201854
23 0.24022
24 0.23307
25 0.235297
26 0.236585
27 0.243876
28 0.254944
29 0.249346
"[DEBUG]index 78 centroid... "
0 0.221129
1 0.226451
2 0.215096
3 0.226303
4 0.227277
5 0.200598
6 0.249282
7 0.238253
8 0.190944
9 0.241441
10 0.239248
11 0.222822
12 0.21279
13 0.160361
14 0.189842
15 0.212466
16 0.212898
17 0.208494
18 0.217659
19 0.236822
20 0.235718
21 0.245251
22 0.255247
23 0.259418
24 0.258824
25 0.281439
26 0.29293
27 0.270556
28 0.285953
29 0.287412
"[DEBUG]index 79 centroid... "
0 0.216556
1 0.179629
2 0.244197
3 0.259148
4 0.239592
5 0.20711
6 0.283162
7 0.217796
8 0.198408
9 0.254798
10 0.285015
11 0.302408
12 0.306243
13 0.277344
14 0.30958
15 0.259938
16 0.31222
17 0.291863
18 0.180974
19 0.260513
20 0.2635
21 0.252094
22 0.237051
23 0.26384
24 0.229446
25 0.259064
26 0.221101
27 0.20964
28 0.243153
29 0.247716
"[DEBUG]index 80 centroid... "
0 0.221603
1 0.232611
2 0.226209
3 0.249136
4 0.248
5 0.22684
6 0.237092
7 0.233399
8 0.169805
9 0.221628
10 0.250035
11 0.259768
12 0.241573
13 0.21715
14 0.239392
15 0.233643
16 0.232553
17 0.230888
18 0.230026
19 0.266436
20 0.252639
21 0.259473
22 0.266759
23 0.259748
24 0.259092
25 0.255672
26 0.250227
27 0.248289
28 0.253493
29 0.248855
"[DEBUG]index 81 centroid... "
0 0.252607
1 0.246035
2 0.259694
3 0.243192
4 0.238946
5 0.242284
6 0.258274
7 0.249916
8 0.228789
9 0.257769
10 0.263053
11 0.257146
12 0.269739
13 0.219188
14 0.263256
15 0.249721
16 0.271715
17 0.213086
18 0.194433
19 0.270124
20 0.247777
21 0.245752
22 0.271279
23 0.243134
24 0.246666
25 0.254215
26 0.261898
27 0.278869
28 0.263399
29 0.245137
"[DEBUG]index 82 centroid... "
0 0.2393
1 0.245648
2 0.269886
3 0.285047
4 0.296379
5 0.2156
6 0.249321
7 0.229905
8 0.15292
9 0.192325
10 0.243313
11 0.253816
12 0.26386
13 0.272104
14 0.233148
15 0.266961
16 0.285473
17 0.271123
18 0.206429
19 0.232648
20 0.2681
21 0.227577
22 0.275604
23 0.258217
24 0.244636
25 0.275218
26 0.253627
27 0.278838
28 0.260191
29 0.241729
"[DEBUG]index 83 centroid... "
0 0.25311
1 0.251706
2 0.263036
3 0.25857
4 0.285049
5 0.242425
6 0.273759
7 0.265787
8 0.198586
9 0.234619
10 0.274641
11 0.262968
12 0.266787
13 0.260088
14 0.288726
15 0.260522
16 0.228531
17 0.289671
18 0.332028
19 0.274368
20 0.270991
21 0.311402
22 0.277476
23 0.262458
24 0.2517
25 0.273455
26 0.245127
27 0.266393
28 0.25109
29 0.249819
"[DEBUG]index 84 centroid... "
0 0.210075
1 0.222854
2 0.279587
3 0.263509
4 0.260513
5 0.23965
6 0.261765
7 0.239658
8 0.133233
9 0.182851
10 0.183024
11 0.268003
12 0.29092
13 0.188167
14 0.236619
15 0.250314
16 0.23766
17 0.259688
18 0.27241
19 0.2867
20 0.30259
21 0.291484
22 0.294776
23 0.273406
24 0.25181
25 0.298451
26 0.243326
27 0.26938
28 0.285227
29 0.264315
"[DEBUG]index 85 centroid... "
0 0.238172
1 0.214956
2 0.216649
3 0.220595
4 0.224592
5 0.231438
6 0.256866
7 0.262409
8 0.21337
9 0.195013
10 0.226425
11 0.248107
12 0.289655
13 0.246513
14 0.226985
15 0.210078
16 0.220663
17 0.23429
18 0.239201
19 0.267061
20 0.251785
21 0.230431
22 0.223907
23 0.293107
24 0.275583
25 0.252161
26 0.249416
27 0.238727
28 0.249154
29 0.243306
"[DEBUG]index 86 centroid... "
0 0.214199
1 0.220101
2 0.233027
3 0.231168
4 0.231427
5 0.197149
6 0.208202
7 0.212758
8 0.149183
9 0.190233
10 0.234268
11 0.236068
12 0.233299
13 0.227524
14 0.243472
15 0.254696
16 0.266136
17 0.286214
18 0.292548
19 0.267721
20 0.27902
21 0.285491
22 0.26395
23 0.267131
24 0.273629
25 0.248315
26 0.248385
27 0.24081
28 0.233377
29 0.226233
"[DEBUG]index 87 centroid... "
0 0.229997
1 0.235967
2 0.230591
3 0.234754
4 0.218582
5 0.244961
6 0.266949
7 0.303317
8 0.218791
9 0.222922
10 0.258178
11 0.207331
12 0.199857
13 0.225534
14 0.279878
15 0.236519
16 0.200139
17 0.228569
18 0.238971
19 0.28696
20 0.273043
21 0.212278
22 0.223483
23 0.257816
24 0.264219
25 0.225362
26 0.244387
27 0.279598
28 0.263071
29 0.26241
"[DEBUG]index 88 centroid... "
0 0.245304
1 0.234413
2 0.245651
3 0.247704
4 0.259439
5 0.249095
6 0.270022
7 0.23661
8 0.151161
9 0.13298
10 0.162836
11 0.248196
12 0.269994
13 0.24678
14 0.249433
15 0.271634
16 0.240393
17 0.203991
18 0.230276
19 0.23247
20 0.245357
21 0.275512
22 0.244488
23 0.253627
24 0.260537
25 0.251949
26 0.25736
27 0.251233
28 0.255648
29 0.254295
"[DEBUG]index 89 centroid... "
0 0.213681
1 0.208723
2 0.213555
3 0.219632
4 0.225759
5 0.215428
6 0.223042
7 0.246784
8 0.161647
9 0.159375
10 0.233133
11 0.243803
12 0.216903
13 0.187898
14 0.188142
15 0.2288
16 0.224406
17 0.24492
18 0.266818
19 0.217664
20 0.239118
21 0.277386
22 0.264154
23 0.266451
24 0.249328
25 0.253162
26 0.255381
27 0.23574
28 0.250751
29 0.267722
"[DEBUG]index 90 centroid... "
0 0.247629
1 0.258801
2 0.233037
3 0.235988
4 0.265188
5 0.236893
6 0.283592
7 0.282355
8 0.188115
9 0.166899
10 0.179955
11 0.198169
12 0.200669
13 0.211501
14 0.215057
15 0.261927
16 0.228952
17 0.245201
18 0.25996
19 0.275985
20 0.239173
21 0.245513
22 0.271928
23 0.260595
24 0.272538
25 0.286428
26 0.286543
27 0.275732
28 0.26465
29 0.275044
"[DEBUG]index 91 centroid... "
0 0.271272
1 0.251114
2 0.223738
3 0.277872
4 0.277922
5 0.23947
6 0.261608
7 0.253111
8 0.211752
9 0.264656
10 0.262301
11 0.260693
12 0.284926
13 0.269427
14 0.224695
15 0.17482
16 0.161779
17 0.16811
18 0.184207
19 0.205072
20 0.269699
21 0.252694
22 0.249449
23 0.280811
24 0.251331
25 0.264435
26 0.247366
27 0.253874
28 0.263046
29 0.247863
"[DEBUG]index 92 centroid... "
0 0.26324
1 0.252974
2 0.253404
3 0.261192
4 0.24964
5 0.229005
6 0.250042
7 0.257039
8 0.183507
9 0.220128
10 0.252208
11 0.225757
12 0.285788
13 0.236074
14 0.168182
15 0.176079
16 0.132221
17 0.210581
18 0.238641
19 0.255576
20 0.268739
21 0.246738
22 0.234795
23 0.244578
24 0.256455
25 0.264793
26 0.256827
27 0.256455
28 0.279924
29 0.284736
"[DEBUG]index 93 centroid... "
0 0.254746
1 0.26304
2 0.214936
3 0.252195
4 0.220425
5 0.202151
6 0.265208
7 0.248302
8 0.204252
9 0.292211
10 0.260562
11 0.184802
12 0.217255
13 0.258713
14 0.200472
15 0.196174
16 0.276742
17 0.262497
18 0.209477
19 0.214304
20 0.206201
21 0.221539
22 0.220065
23 0.246698
24 0.255676
25 0.241162
26 0.261355
27 0.264543
28 0.242628
29 0.24936
"[DEBUG]index 94 centroid... "
0 0.240995
1 0.250761
2 0.235869
3 0.256527
4 0.250714
5 0.23387
6 0.263599
7 0.224664
8 0.140927
9 0.215552
10 0.224407
11 0.234001
12 0.281761
13 0.192313
14 0.188535
15 0.245539
16 0.252808
17 0.208099
18 0.226309
19 0.272513
20 0.275437
21 0.281414
22 0.320243
23 0.31628
24 0.294408
25 0.294986
26 0.286205
27 0.290246
28 0.287938
29 0.294762
"[DEBUG]index 95 centroid... "
0 0.245137
1 0.243551
2 0.256905
3 0.278955
4 0.290654
5 0.247559
6 0.284284
7 0.240896
8 0.17844
9 0.166602
10 0.194687
11 0.275992
12 0.294687
13 0.247144
14 0.280006
15 0.226726
16 0.215315
17 0.263432
18 0.213177
19 0.246442
20 0.291044
21 0.280853
22 0.281669
23 0.245172
24 0.250032
25 0.236297
26 0.26432
27 0.255831
28 0.255109
29 0.264868
"[DEBUG]index 96 centroid... "
0 0.269067
1 0.241069
2 0.245675
3 0.261222
4 0.262871
5 0.222454
6 0.274905
7 0.272418
8 0.176389
9 0.215871
10 0.273823
11 0.269879
12 0.248539
13 0.269827
14 0.273794
15 0.224978
16 0.254403
17 0.282066
18 0.245078
19 0.21881
20 0.279925
21 0.258763
22 0.220219
23 0.260211
24 0.28489
25 0.251093
26 0.26596
27 0.259267
28 0.267154
29 0.258368
"[DEBUG]index 97 centroid... "
0 0.22796
1 0.203742
2 0.229946
3 0.259237
4 0.25538
5 0.220865
6 0.230903
7 0.240265
8 0.188828
9 0.264753
10 0.254376
11 0.202432
12 0.212368
13 0.198392
14 0.227259
15 0.233782
16 0.215034
17 0.233704
18 0.200487
19 0.201012
20 0.239251
21 0.212271
22 0.221553
23 0.273382
24 0.243988
25 0.242885
26 0.228899
27 0.222641
28 0.228696
29 0.235683
"[DEBUG]index 98 centroid... "
0 0.275974
1 0.247399
2 0.262419
3 0.245072
4 0.254331
5 0.257262
6 0.287847
7 0.236847
8 0.197458
9 0.240738
10 0.25894
11 0.192413
12 0.248803
13 0.304339
14 0.220641
15 0.21662
16 0.259335
17 0.1547
18 0.228518
19 0.2937
20 0.257688
21 0.249603
22 0.252092
23 0.231724
24 0.25908
25 0.278909
26 0.262652
27 0.289137
28 0.317069
29 0.306947
"[DEBUG]index 99 centroid... "
0 0.249347
1 0.226968
2 0.24993
3 0.266912
4 0.253577
5 0.232226
6 0.272874
7 0.259092
8 0.18409
9 0.213862
10 0.25553
11 0.244553
12 0.250161
13 0.259456
14 0.255603
15 0.230391
16 0.260278
17 0.226889
18 0.179458
19 0.251689
20 0.26993
21 0.235373
22 0.267468
23 0.272149
24 0.239905
25 0.23172
26 0.236085
27 0.232849
28 0.251261
29 0.262617
