correlation level (red against blue): 
-0.586635
0.0366056
-0.4163
-0.0193312
-0.585955
-0.542395
-0.819747
-0.454095
-0.612661
-0.752628
-0.512398
-0.48354
-0.838318
-0.599717
-0.54976
-0.701083
-0.735933
-0.735638
-0.672169
-0.497698
-0.383536
-0.84598
-0.866293
-0.734853
-0.706302
-0.6871
-0.304108
-0.636184
-0.779894
-0.676541
-0.676264
-0.527467
-0.400397
-0.685532
-0.756359
-0.502212
-0.743171
-0.787865
-0.725936
-0.804666
-0.67909
-0.568051
-0.818342
-0.783008
-0.583325
-0.681876
-0.69684
-0.603885
-0.830344
-0.670533
-0.77889
-0.604372
-0.828573
-0.486918
-0.381483
-0.502525
-0.790844
-0.61851
-0.821305
-0.749084
-0.534383
-0.738941
-0.575351
-0.589024
-0.523639
-0.649713
-0.665936
-0.591459
-0.49516
-0.581249
-0.65808
-0.766816
-0.584284
-0.644295
-0.59224
-0.282079
-0.600161
-0.826891
-0.613872
-0.505169
-0.803033
-0.69357
-0.660139
-0.6195
-0.757789
-0.42477
-0.623488
-0.496235
-0.705403
-0.741234
-0.525244
-0.386561
-0.797847
-0.595586
-0.710261
-0.644311
-0.759273
-0.542069
-0.663886
-0.773591
