"[DEBUG]index 0 centroid... "
0 1.2953
1 1.78523
2 1.86577
3 1.2349
4 1.42282
5 1.85906
6 2.18792
7 1.44966
8 3.8255
9 4.69799
10 4.37584
11 8.69128
12 10.0067
13 10.7852
14 13.7315
15 16.3826
16 10.7987
17 10.9664
18 8.12752
19 5.44295
20 4.95973
21 4.19463
22 2.7651
23 2.51007
24 2.07383
25 1.75168
26 2.00671
27 2.60403
28 1.7047
29 1.42953
"[DEBUG]index 1 centroid... "
0 6.62179
1 8.08974
2 6.53205
3 6.39744
4 6.49359
5 4.99359
6 6.17308
7 3.91026
8 10.75
9 5.64744
10 2.92949
11 2.45513
12 1.75
13 0.961538
14 0.634615
15 0.429487
16 0.596154
17 0.74359
18 0.948718
19 1.26282
20 2.11538
21 1.87179
22 2.85256
23 3.52564
24 3.59615
25 5
26 4.47436
27 4.36538
28 4.73077
29 5.25641
"[DEBUG]index 2 centroid... "
0 3.6
1 3.59914
2 3.12672
3 2.56207
4 2.92241
5 3.57155
6 2.81724
7 2.16293
8 12.9241
9 4.52328
10 2.96293
11 1.44569
12 1.00603
13 1.00172
14 1.61379
15 2.65776
16 6.57931
17 9.51552
18 22.2991
19 8.35345
20 6.68534
21 2.6681
22 1.55431
23 3.39741
24 3.31638
25 3.17586
26 3.53707
27 4.42586
28 4.20603
29 3.37241
"[DEBUG]index 3 centroid... "
0 7.38158
1 5.10526
2 7.51316
3 4.76316
4 6.39474
5 7.43421
6 7.35526
7 5.40789
8 18.2632
9 4.76316
10 3.69737
11 2.43421
12 2.43421
13 3.88158
14 9.93421
15 9
16 10.0921
17 3.80263
18 1.76316
19 1.35526
20 0.486842
21 1.09211
22 1.38158
23 4.73684
24 3.94737
25 3.89474
26 4.89474
27 4.64474
28 3.92105
29 3.93421
"[DEBUG]index 4 centroid... "
0 3.48212
1 3.47308
2 3.14192
3 2.82308
4 3.36731
5 3.75904
6 3.58654
7 1.78077
8 24.0087
9 4.35731
10 3.57462
11 1.93077
12 4.15385
13 2.42115
14 7.58019
15 9.73865
16 2.56731
17 1.55077
18 4.46365
19 2.835
20 4.72212
21 28.3385
22 6.31
23 4.10904
24 4.66173
25 4.48462
26 3.41481
27 3.57
28 3.48846
29 3.71288
"[DEBUG]index 5 centroid... "
0 4.07556
1 3.98066
2 3.95445
3 3.77082
4 3.65172
5 3.53179
6 3.39015
7 1.99514
8 22.1256
9 6.04009
10 3.76062
11 5.61827
12 27.0822
13 3.35421
14 2.85718
15 2.18837
16 2.0758
17 2.89004
18 4.07295
19 25.1321
20 5.61079
21 3.20593
22 3.99609
23 3.9306
24 3.18826
25 3.17438
26 3.11008
27 3.74638
28 3.45089
29 3.34128
"[DEBUG]index 6 centroid... "
0 3.49727
1 3.32543
2 3.2876
3 2.88104
4 3.28327
5 3.23929
6 2.80287
7 2.41933
8 20.6832
9 3.00296
10 15.9373
11 17.8783
12 5.11645
13 3.13309
14 1.5866
15 2.59959
16 6.12124
17 5.92662
18 2.44667
19 1.39129
20 2.71969
21 6.16203
22 1.94189
23 2.51983
24 2.73017
25 2.43414
26 2.57224
27 2.5082
28 2.52028
29 2.34344
"[DEBUG]index 7 centroid... "
0 4.83886
1 4.08531
2 4.53081
3 4.40047
4 4.17299
5 3.85545
6 3.91706
7 2.53555
8 15.5782
9 4.57583
10 7.9763
11 4.67299
12 15.8957
13 14.0972
14 5.48815
15 2.2346
16 1.4763
17 0.748815
18 0.718009
19 1.27014
20 1.35308
21 2.20853
22 7.24645
23 2.84123
24 3.06872
25 2.96682
26 2.95498
27 2.80332
28 2.77251
29 2.80332
"[DEBUG]index 8 centroid... "
0 4.60147
1 4.59594
2 4.42997
3 3.90042
4 5.2159
5 5.2652
6 4.56913
7 2.68641
8 45.2861
9 5.44854
10 3.95322
11 4.57575
12 3.90718
13 12.061
14 2.79844
15 15.2076
16 2.81603
17 16.9964
18 3.40526
19 3.08557
20 12.9879
21 3.64269
22 1.70143
23 4.95492
24 4.59597
25 3.95136
26 4.27614
27 4.08995
28 4.04941
29 3.94969
"[DEBUG]index 9 centroid... "
0 5.85457
1 5.59582
2 5.49251
3 4.77755
4 5.12011
5 5.58559
6 4.60508
7 3.2246
8 40.4056
9 5.90908
10 11.4772
11 14.5199
12 4.80028
13 1.83367
14 3.24927
15 16.6119
16 3.35861
17 1.96111
18 3.46655
19 16.3192
20 3.30464
21 1.8382
22 4.42379
23 5.4115
24 4.21793
25 4.69137
26 4.61273
27 4.95174
28 4.44673
29 4.2915
"[DEBUG]index 10 centroid... "
0 4.75635
1 4.89087
2 4.63198
3 4.27098
4 4.88054
5 4.96059
6 4.69329
7 2.76984
8 36.3086
9 6.88299
10 4.94903
11 2.25941
12 3.27588
13 16.5814
14 3.64477
15 1.83412
16 3.87599
17 15.1745
18 12.5712
19 4.01086
20 2.19863
21 3.47959
22 17.3403
23 3.85759
24 4.44123
25 5.15309
26 5.49186
27 4.70993
28 4.6171
29 4.50552
"[DEBUG]index 11 centroid... "
0 2.53677
1 2.65734
2 2.55873
3 2.10731
4 2.22457
5 2.49803
6 2.66522
7 1.91983
8 12.5293
9 2.83095
10 13.2287
11 4.12907
12 2.36296
13 2.66729
14 1.25047
15 2.16843
16 5.91796
17 2.39818
18 5.39859
19 7.64429
20 26.9037
21 7.67557
22 5.74083
23 2.98446
24 2.81272
25 2.71349
26 2.79428
27 2.59747
28 2.98571
29 2.76424
"[DEBUG]index 12 centroid... "
0 4.19781
1 4.15482
2 3.87665
3 3.68331
4 5.08348
5 4.37331
6 4.55566
7 2.96503
8 30.9039
9 5.24262
10 3.58606
11 3.50468
12 11.4251
13 3.30302
14 3.52494
15 5.34686
16 36.7024
17 5.89174
18 3.42356
19 10.4789
20 4.12546
21 2.79016
22 9.54656
23 3.60072
24 4.03552
25 4.07404
26 4.02657
27 3.70697
28 3.59225
29 3.38126
"[DEBUG]index 13 centroid... "
0 4.11358
1 4.09539
2 4.4299
3 3.33407
4 4.04525
5 3.61579
6 3.93744
7 2.48669
8 20.8509
9 2.96717
10 21.9632
11 3.03061
12 23.7999
13 3.99778
14 8.52351
15 2.58163
16 2.95608
17 5.52263
18 6.3913
19 2.27551
20 1.63798
21 0.989796
22 1.2866
23 2.53727
24 2.40949
25 2.51908
26 2.79769
27 2.60648
28 2.70408
29 2.32875
"[DEBUG]index 14 centroid... "
0 4.9751
1 4.70281
2 3.94217
3 3.48353
4 4.57671
5 4.58233
6 4.60321
7 2.57831
8 22.049
9 4.78474
10 3.47068
11 1.68193
12 0.828916
13 1.90683
14 1.39598
15 2.64578
16 14.3398
17 3.21205
18 1.84177
19 1.68273
20 4.02651
21 1.97349
22 12.5518
23 2.91566
24 4.37912
25 4.37108
26 4.78956
27 4.08675
28 3.73012
29 3.75582
"[DEBUG]index 15 centroid... "
0 2.62553
1 2.62634
2 2.78711
3 2.34336
4 2.53908
5 2.94446
6 3.12018
7 2.16966
8 9.92062
9 25.2052
10 8.63826
11 5.60715
12 2.52959
13 4.54575
14 14.9441
15 3.55181
16 1.69138
17 4.98081
18 2.16037
19 4.97233
20 1.72026
21 4.86892
22 4.41426
23 2.17168
24 2.34377
25 2.20218
26 2.17936
27 2.38457
28 2.01414
29 1.86568
"[DEBUG]index 16 centroid... "
0 4.69812
1 4.41603
2 4.18778
3 3.81467
4 4.85543
5 4.65281
6 4.04836
7 2.26421
8 37.7316
9 5.27545
10 3.57513
11 1.98836
12 1.90459
13 3.07383
14 3.97767
15 1.37017
16 3.93261
17 1.59876
18 2.87696
19 15.6146
20 2.20736
21 3.26486
22 1.52158
23 4.48676
24 3.53542
25 3.68988
26 3.64987
27 4.02423
28 3.85908
29 3.91373
"[DEBUG]index 17 centroid... "
0 4.43816
1 4.39673
2 4.35845
3 3.95748
4 3.90018
5 4.52029
6 4.07753
7 2.51326
8 29.8608
9 6.62459
10 2.94706
11 15.4157
12 3.60569
13 1.5232
14 1.99503
15 4.48928
16 1.44313
17 3.15276
18 14.3618
19 3.51157
20 3.03247
21 11.576
22 11.5279
23 3.20497
24 4.47813
25 4.38328
26 4.11145
27 4.29921
28 4.07426
29 4.17165
"[DEBUG]index 18 centroid... "
0 3.93696
1 3.97741
2 3.74969
3 3.62516
4 3.80734
5 4.45191
6 4.35823
7 2.68554
8 25.2415
9 6.54285
10 3.23858
11 10.2854
12 3.78763
13 3.84639
14 9.63534
15 2.88787
16 4.99801
17 32.2535
18 7.07751
19 3.86506
20 7.20108
21 28.6962
22 5.95468
23 3.96191
24 4.68731
25 4.69683
26 4.34406
27 4.38451
28 4.18329
29 4.07581
"[DEBUG]index 19 centroid... "
0 3.36784
1 3.27894
2 2.87396
3 2.96642
4 3.27025
5 3.63137
6 3.74279
7 2.16792
8 18.9498
9 4.48202
10 3.15488
11 2.27104
12 2.90241
13 4.2098
14 23.9577
15 4.48597
16 3.53181
17 6.48913
18 18.4168
19 18.1501
20 5.08969
21 2.75346
22 9.07665
23 3.34848
24 3.29
25 3.2256
26 3.88977
27 3.65982
28 3.34097
29 3.31569
"[DEBUG]index 20 centroid... "
0 5.57882
1 5.36462
2 5.44886
3 5.17088
4 4.9278
5 5.43803
6 4.22744
7 2.80024
8 21.5872
9 7.87365
10 2.75692
11 3.98195
12 4.59446
13 1.46811
14 0.832732
15 1.45006
16 3.07581
17 13.4597
18 2.5704
19 3.56077
20 1.66546
21 0.744886
22 1.18893
23 4.23586
24 3.91937
25 4.12635
26 4.13357
27 4.09627
28 4.45367
29 4.0349
"[DEBUG]index 21 centroid... "
0 4.72876
1 4.77422
2 4.78423
3 4.0002
4 4.68214
5 5.15678
6 4.19995
7 2.61705
8 50.6197
9 5.77698
10 3.3962
11 16.1613
12 4.15995
13 3.3079
14 4.28508
15 1.69841
16 3.35111
17 4.48817
18 1.60817
19 3.38326
20 12.4766
21 2.71034
22 3.45951
23 4.24578
24 4.02065
25 3.58806
26 3.79261
27 3.58758
28 3.80549
29 3.75153
"[DEBUG]index 22 centroid... "
0 6.76724
1 5.27282
2 4.64688
3 4.89729
4 4.9936
5 4.95846
6 4.80837
7 2.82028
8 33.6415
9 5.20632
10 3.45509
11 9.28703
12 11.3436
13 2.78366
14 5.76962
15 40.1143
16 4.76601
17 3.69187
18 3.19261
19 2.0436
20 3.04097
21 9.00263
22 2.38415
23 4.19655
24 4.18227
25 3.88325
26 3.51404
27 3.45271
28 3.38851
29 3.13621
"[DEBUG]index 23 centroid... "
0 3.90683
1 4.00049
2 3.76618
3 3.71724
4 4.17252
5 4.50315
6 3.98722
7 2.335
8 27.6769
9 4.9611
10 3.61938
11 3.96854
12 9.2572
13 4.0846
14 32.5455
15 4.78057
16 3.76399
17 2.07045
18 2.84487
19 8.22978
20 2.49215
21 2.81851
22 1.58379
23 3.94387
24 3.39429
25 3.27701
26 3.01739
27 3.12949
28 3.01828
29 2.95827
"[DEBUG]index 24 centroid... "
0 5.05068
1 5.01819
2 4.96291
3 4.52352
4 5.03384
5 5.68607
6 4.86643
7 3.04754
8 46.0822
9 6.05916
10 3.55606
11 15.7363
12 3.57241
13 10.3053
14 3.11366
15 17.1274
16 2.99569
17 3.24757
18 12.9964
19 3.64012
20 1.76816
21 4.06727
22 3.62151
23 4.14628
24 4.06607
25 3.95667
26 3.99197
27 3.96567
28 4.02316
29 3.64815
"[DEBUG]index 25 centroid... "
0 5.38126
1 4.90866
2 4.6956
3 3.86295
4 4.80304
5 4.95826
6 4.21938
7 2.46987
8 44.8141
9 4.53523
10 18.2198
11 3.0991
12 1.99777
13 1.69681
14 3.8502
15 3.32387
16 1.40133
17 3.77161
18 3.96115
19 1.28473
20 3.23775
21 3.27462
22 1.217
23 3.73705
24 3.46263
25 3.39473
26 3.52642
27 3.49615
28 3.41477
29 3.64085
"[DEBUG]index 26 centroid... "
0 4.82808
1 4.83745
2 4.4783
3 3.99404
4 5.33617
5 4.53277
6 4.22894
7 2.34638
8 23.1055
9 6.91234
10 3.28426
11 1.81362
12 4.02809
13 13.9745
14 2.43574
15 1.2017
16 1.10298
17 2.0034
18 4.15574
19 2.3234
20 14.3166
21 2.27574
22 13.9387
23 3.43574
24 4.73702
25 4.35574
26 4.50979
27 4.15404
28 4.25021
29 5.05787
"[DEBUG]index 27 centroid... "
0 2.82759
1 2.90038
2 2.83932
3 2.65852
4 2.44037
5 2.92553
6 2.76916
7 2.47821
8 14.7222
9 3.55843
10 12.431
11 12.426
12 4.57447
13 2.28496
14 6.54406
15 2.70929
16 4.85225
17 7.24976
18 32.255
19 8.68391
20 5.73779
21 2.53161
22 6.91547
23 2.53065
24 2.39535
25 2.61806
26 2.86925
27 2.88841
28 2.80771
29 2.49138
"[DEBUG]index 28 centroid... "
0 3.6941
1 4.03775
2 4.47572
3 3.89987
4 4.11795
5 4.29408
6 3.62451
7 2.56834
8 28.148
9 5.69801
10 9.91229
11 9.28878
12 6.48503
13 34.6689
14 5.9244
15 2.45679
16 10.3487
17 2.77511
18 8.97317
19 2.97747
20 10.7565
21 2.41093
22 10.0434
23 3.31361
24 3.925
25 3.42856
26 3.77831
27 3.3845
28 3.52989
29 3.20977
"[DEBUG]index 29 centroid... "
0 4.47925
1 4.24443
2 3.95731
3 3.46343
4 3.92634
5 4.75596
6 4.87614
7 3.652
8 27.7898
9 3.36395
10 28.1785
11 5.35486
12 3.92318
13 4.12755
14 8.3679
15 3.91936
16 29.2377
17 5.5985
18 3.78587
19 7.59441
20 8.42733
21 2.59033
22 1.76914
23 4.94901
24 3.59086
25 3.28792
26 3.41046
27 3.25814
28 3.32046
29 3.54184
"[DEBUG]index 30 centroid... "
0 3.87597
1 3.85876
2 3.79374
3 3.3915
4 3.90438
5 4.30327
6 3.69985
7 2.13616
8 29.6267
9 6.23744
10 3.39115
11 1.77226
12 4.44636
13 1.61658
14 3.86303
15 1.21896
16 3.66185
17 13.5094
18 2.35824
19 11.1906
20 10.3559
21 2.20487
22 13.2294
23 3.42799
24 3.96339
25 4.2759
26 4.25153
27 4.20349
28 4.31793
29 4.14528
"[DEBUG]index 31 centroid... "
0 5.86193
1 5.40658
2 5.48658
3 4.74252
4 5.78444
5 5.37392
6 4.93912
7 2.58074
8 52.5864
9 6.37034
10 4.94502
11 3.92665
12 22.1242
13 2.50486
14 1.83061
15 4.39349
16 4.06582
17 1.89226
18 4.06924
19 1.95597
20 4.13777
21 3.59002
22 1.859
23 4.38953
24 4.28391
25 3.80371
26 3.87951
27 4.06468
28 3.94619
29 3.90493
"[DEBUG]index 32 centroid... "
0 2.80393
1 2.60067
2 2.4046
3 2.3466
4 2.71908
5 3.26366
6 3.20901
7 1.99616
8 16.9247
9 3.35187
10 2.21237
11 1.46644
12 1.41707
13 2.14909
14 3.71668
15 16.78
16 13.9669
17 4.31544
18 7.61697
19 2.12224
20 6.24113
21 6.04123
22 1.78955
23 3.0489
24 3.25791
25 3.01007
26 2.84899
27 3.05081
28 2.49856
29 2.39262
"[DEBUG]index 33 centroid... "
0 4.03849
1 3.73513
2 3.93986
3 3.34194
4 3.55985
5 3.75674
6 3.63803
7 2.10213
8 27.998
9 3.31382
10 31.04
11 4.81782
12 3.11212
13 3.64964
14 3.59911
15 1.50451
16 1.73845
17 1.41544
18 3.40778
19 7.48388
20 2.13675
21 8.32769
22 2.58754
23 3.41884
24 3.03688
25 3.03011
26 2.7712
27 2.94024
28 2.92697
29 2.94202
"[DEBUG]index 34 centroid... "
0 3.72647
1 3.70131
2 3.73405
3 3.76904
4 4.22556
5 4.78402
6 4.20667
7 2.49395
8 28.647
9 4.77949
10 3.5884
11 2.4519
12 3.57744
13 5.33577
14 33.3251
15 5.2643
16 2.83468
17 10.5498
18 3.53408
19 1.67929
20 3.76452
21 2.71211
22 8.7048
23 3.70793
24 4.03308
25 3.94193
26 3.9072
27 3.65352
28 3.53582
29 3.53025
"[DEBUG]index 35 centroid... "
0 3.73727
1 3.74592
2 3.7234
3 3.17886
4 3.49719
5 3.63075
6 3.52505
7 1.95388
8 25.2965
9 5.1558
10 8.30048
11 5.24489
12 28.7112
13 4.86891
14 2.70007
15 8.13795
16 2.82636
17 8.814
18 2.67248
19 9.26932
20 4.83432
21 25.663
22 6.0523
23 3.47316
24 4.05189
25 3.90817
26 3.14248
27 3.34962
28 3.69842
29 3.29348
"[DEBUG]index 36 centroid... "
0 4.83736
1 3.9951
2 4.26189
3 3.60399
4 3.51431
5 4.56143
6 3.85853
7 2.44224
8 19.682
9 22.9401
10 6.09781
11 2.64877
12 11.2536
13 2.40882
14 1.38131
15 1.46719
16 2.6344
17 2.52824
18 1.35636
19 3.51599
20 1.31068
21 2.38008
22 7.45951
23 2.32851
24 2.98084
25 2.9687
26 3.09647
27 2.67316
28 2.72285
29 3.10081
"[DEBUG]index 37 centroid... "
0 4.1767
1 4.34672
2 3.85042
3 3.62417
4 4.04854
5 4.54233
6 4.4308
7 2.649
8 31.6264
9 5.74412
10 3.35841
11 3.97016
12 3.52737
13 3.40528
14 10.3898
15 3.00051
16 5.7687
17 33.7926
18 5.85565
19 3.48522
20 2.22934
21 3.64417
22 1.60202
23 3.67459
24 3.54259
25 3.73511
26 3.67027
27 3.67757
28 3.41232
29 3.13037
"[DEBUG]index 38 centroid... "
0 4.91373
1 4.51305
2 4.23721
3 4.06321
4 4.98562
5 5.01709
6 4.93245
7 2.77649
8 38.1207
9 5.76149
10 3.52427
11 2.317
12 5.08779
13 1.54074
14 3.24624
15 18.2139
16 3.19972
17 3.2199
18 14.2381
19 4.00739
20 1.6543
21 3.47268
22 14.1832
23 3.38348
24 4.85633
25 5.08356
26 5.11559
27 4.60389
28 4.6671
29 4.11971
"[DEBUG]index 39 centroid... "
0 4.30437
1 4.14372
2 3.98804
3 3.67157
4 4.13264
5 4.38214
6 4.16214
7 2.55325
8 32.2055
9 5.75136
10 3.6748
11 10.4618
12 3.26874
13 9.23321
14 2.6949
15 10.1262
16 10.0442
17 3.71597
18 6.06952
19 37.586
20 5.33022
21 3.71713
22 4.42462
23 4.43981
24 3.56188
25 3.79268
26 3.79649
27 3.81177
28 3.74341
29 3.54809
"[DEBUG]index 40 centroid... "
0 8.28895
1 7.52561
2 7.5283
3 7.08248
4 7.02049
5 7.29057
6 6.31806
7 3.74933
8 24.0534
9 8.48194
10 2.97466
11 16.4863
12 3.90836
13 3.81725
14 4.88248
15 2.00755
16 0.818868
17 1.69218
18 1.62534
19 4.06954
20 1.26792
21 0.877628
22 1.56173
23 4.36065
24 3.60755
25 3.81186
26 3.92668
27 4.73585
28 4.17466
29 4.40054
"[DEBUG]index 41 centroid... "
0 2.98271
1 3.48565
2 3.17065
3 3.13396
4 2.6631
5 3.51225
6 3.50065
7 2.52014
8 10.0271
9 23.6199
10 4.57923
11 25.1672
12 8.88224
13 4.16375
14 5.25632
15 4.72978
16 2.22723
17 1.53634
18 2.11397
19 1.93562
20 3.48865
21 1.96521
22 1.18205
23 2.13516
24 2.08767
25 1.78846
26 1.90343
27 1.98011
28 1.84915
29 1.80206
"[DEBUG]index 42 centroid... "
0 4.65026
1 5.50031
2 4.17596
3 3.9142
4 3.92292
5 4.38119
6 4.47213
7 2.88384
8 22.0836
9 26.6573
10 5.86219
11 3.2806
12 10.7211
13 2.71271
14 3.18546
15 1.94098
16 2.87574
17 10.6867
18 10.4885
19 2.1554
20 10.7418
21 3.43055
22 1.40548
23 3.86795
24 3.53675
25 3.02149
26 3.47758
27 3.39474
28 3.38321
29 3.27904
"[DEBUG]index 43 centroid... "
0 5.04122
1 5.00275
2 4.94561
3 4.76443
4 5.46897
5 5.65706
6 5.29082
7 2.9132
8 37.2848
9 5.45722
10 3.75249
11 5.0976
12 1.81418
13 3.48877
14 17.5046
15 3.0325
16 1.98152
17 2.2242
18 2.00512
19 4.90524
20 1.5208
21 3.03639
22 13.509
23 3.83692
24 4.75381
25 4.94504
26 4.64835
27 3.97735
28 4.22932
29 4.33232
"[DEBUG]index 44 centroid... "
0 4.01105
1 3.99884
2 3.74781
3 3.01963
4 3.75905
5 3.87669
6 3.58567
7 2.2172
8 35.0697
9 4.51704
10 12.5402
11 3.20188
12 1.7559
13 4.11546
14 1.6023
15 3.30769
16 2.40555
17 15.0676
18 2.29679
19 12.4223
20 2.184
21 12.2559
22 2.48131
23 3.85905
24 3.36203
25 3.89458
26 3.43187
27 3.74422
28 3.68984
29 3.78901
"[DEBUG]index 45 centroid... "
0 4.04649
1 4.00031
2 4.00137
3 3.36084
4 4.03079
5 4.11928
6 3.67063
7 2.20977
8 36.6139
9 4.414
10 14.2163
11 3.23676
12 3.39088
13 12.1263
14 2.14976
15 10.3426
16 3.14284
17 3.6525
18 1.65306
19 3.31933
20 11.8006
21 2.07292
22 12.4567
23 3.56182
24 4.15044
25 3.98841
26 3.76891
27 3.49801
28 3.5597
29 3.49046
"[DEBUG]index 46 centroid... "
0 4.96382
1 4.65695
2 4.73179
3 4.30276
4 5.20064
5 5.16319
6 4.62012
7 2.25413
8 48.5578
9 6.45544
10 4.66761
11 4.49565
12 16.2408
13 2.21371
14 15.8319
15 3.78511
16 1.97146
17 4.29525
18 13.9876
19 3.29791
20 3.44494
21 13.645
22 3.40247
23 4.67427
24 4.83211
25 4.66502
26 4.28947
27 4.64753
28 4.35521
29 4.38365
"[DEBUG]index 47 centroid... "
0 4.44316
1 4.40315
2 4.24155
3 3.76962
4 4.46657
5 4.65467
6 4.33003
7 2.66388
8 40.1819
9 5.52595
10 3.24649
11 12.2355
12 4.174
13 1.74669
14 4.26415
15 3.15718
16 14.4082
17 2.75873
18 15.9444
19 2.56263
20 13.8042
21 2.94773
22 3.76712
23 4.08262
24 4.36876
25 3.77064
26 4.16637
27 4.05123
28 4.19656
29 3.8376
"[DEBUG]index 48 centroid... "
0 4.0435
1 4.06539
2 3.85195
3 3.45491
4 4.76862
5 4.60735
6 4.14655
7 2.45494
8 63.0942
9 4.46469
10 4.0485
11 3.98641
12 3.88421
13 9.4746
14 3.20293
15 2.83424
16 10.8798
17 3.48568
18 3.63513
19 3.70128
20 2.89578
21 8.9801
22 2.88093
23 3.70564
24 3.7559
25 3.7243
26 3.41893
27 3.55468
28 3.47342
29 3.32264
"[DEBUG]index 49 centroid... "
0 6.42818
1 5.77408
2 6.82311
3 5.12204
4 6.65513
5 6.02331
6 6.57971
7 3.38773
8 35.1052
9 5.14913
10 3.68289
11 2.1097
12 5.10559
13 2.28145
14 18.6469
15 2.36099
16 5.15153
17 1.95543
18 0.874529
19 1.42887
20 4.24991
21 3.05554
22 1.15701
23 5.24889
24 4.57765
25 4.51526
26 4.14467
27 4.26945
28 4.2722
29 4.61913
"[DEBUG]index 50 centroid... "
0 4.88945
1 4.88738
2 4.96217
3 4.55562
4 5.03434
5 5.5902
6 5.00509
7 2.63708
8 45.4196
9 7.03258
10 3.16944
11 13.8343
12 15.252
13 2.44516
14 13.8787
15 3.77801
16 3.18824
17 14.0358
18 3.4739
19 4.31429
20 2.21533
21 3.56651
22 12.8951
23 3.78392
24 4.25301
25 4.52312
26 4.68833
27 4.16513
28 4.12108
29 3.9265
"[DEBUG]index 51 centroid... "
0 4.10951
1 4.0871
2 4.19003
3 3.30884
4 4.31784
5 4.26717
6 4.27496
7 2.30042
8 37.7516
9 3.93693
10 14.7182
11 3.41654
12 2.01558
13 3.21181
14 13.4478
15 2.32714
16 3.92006
17 3.04987
18 15.1458
19 2.48044
20 12.1232
21 2.22203
22 13.2899
23 3.26198
24 4.29091
25 3.75205
26 4.14694
27 3.60406
28 4.0057
29 3.66855
"[DEBUG]index 52 centroid... "
0 6.01564
1 5.98208
2 5.39599
3 4.96263
4 5.69686
5 6.11373
6 5.53264
7 3.54477
8 38.1483
9 6.93294
10 3.09275
11 17.2071
12 4.52814
13 1.65954
14 5.06845
15 3.81312
16 14.3865
17 3.86974
18 1.71175
19 5.1463
20 1.55734
21 4.02732
22 1.63554
23 4.94472
24 4.39614
25 4.56159
26 4.34224
27 4.36917
28 4.29636
29 4.28166
"[DEBUG]index 53 centroid... "
0 3.80421
1 3.4644
2 3.35599
3 3.21197
4 3.48706
5 3.96116
6 3.46926
7 1.55825
8 16.1036
9 4.61812
10 2.87702
11 1.40291
12 0.885113
13 0.653722
14 0.949838
15 3.13916
16 1.00485
17 1.56796
18 3.2767
19 4.66343
20 16.4741
21 5.60518
22 2.89806
23 4.04207
24 3.31877
25 3.96278
26 3.50971
27 3.96764
28 3.97896
29 3.26052
"[DEBUG]index 54 centroid... "
0 7.70724
1 6.40461
2 6.49013
3 6.15132
4 5.17434
5 6.32566
6 6.30592
7 3.55263
8 17.6809
9 7.03947
10 2.55592
11 12.9178
12 4.33882
13 1.79934
14 1.85197
15 6.77632
16 1.27961
17 1.90132
18 1.22368
19 0.641447
20 1.01974
21 1.70066
22 4.59868
23 4.62171
24 4.38158
25 4.28289
26 4.05263
27 5.70724
28 4.64803
29 4.67434
"[DEBUG]index 55 centroid... "
0 5.52546
1 5.10279
2 4.10567
3 6.04611
4 3.44861
5 4.23727
6 3.54851
7 1.67531
8 22.3429
9 6.34006
10 2.5562
11 9.01633
12 9.14601
13 2.28146
14 1.15562
15 3.15466
16 1.22959
17 0.833814
18 1.62248
19 2.84054
20 6.34006
21 23.8261
22 6.4928
23 4.45629
24 4.54371
25 4.64553
26 3.87128
27 3.86071
28 4.82613
29 5.64842
"[DEBUG]index 56 centroid... "
0 5.47711
1 5.34013
2 5.14945
3 4.67716
4 5.02348
5 5.96114
6 4.6018
7 3.31819
8 35.0865
9 7.04897
10 3.61718
11 15.4599
12 2.88059
13 15.142
14 3.97342
15 3.05152
16 11.4406
17 15.888
18 2.73523
19 1.98817
20 4.51616
21 1.5137
22 3.9534
23 3.97488
24 3.76399
25 4.12387
26 4.15719
27 4.03422
28 3.74497
29 3.81879
"[DEBUG]index 57 centroid... "
0 2.59624
1 2.79367
2 2.30418
3 2.31159
4 2.01557
5 2.81789
6 3.03459
7 2.21423
8 9.01754
9 23.5389
10 7.03484
11 4.29825
12 2.64863
13 1.48332
14 1.80405
15 3.44996
16 14.216
17 3.04472
18 5.58463
19 2.19743
20 1.23425
21 1.93378
22 4.66494
23 1.56289
24 2.45713
25 2.41833
26 2.36719
27 2.23919
28 2.14678
29 1.90882
"[DEBUG]index 58 centroid... "
0 4.77669
1 4.50515
2 4.32573
3 4.11973
4 4.75164
5 5.32842
6 4.86798
7 2.77914
8 32.897
9 5.66
10 4.15836
11 1.62594
12 4.01662
13 11.5909
14 2.53523
15 12.6135
16 14.1816
17 2.45751
18 16.0676
19 2.86271
20 3.89572
21 1.59785
22 3.74228
23 4.18258
24 4.47823
25 4.08275
26 4.32022
27 4.00714
28 4.06273
29 3.86962
"[DEBUG]index 59 centroid... "
0 4.00124
1 3.92287
2 3.73906
3 3.35889
4 3.97154
5 4.17356
6 3.88902
7 1.80623
8 31.0661
9 5.44403
10 3.90979
11 3.76565
12 13.0127
13 2.69437
14 9.1152
15 2.63211
16 11.4703
17 3.80571
18 3.77892
19 5.34446
20 34.2403
21 6.02627
22 3.7216
23 4.68261
24 4.73647
25 3.63952
26 3.87084
27 3.803
28 4.16455
29 3.47497
"[DEBUG]index 60 centroid... "
0 3.28771
1 3.31863
2 3.55581
3 3.12707
4 3.5724
5 3.67044
6 3.72662
7 2.41252
8 16.2643
9 3.47926
10 18.411
11 4.60294
12 5.07014
13 18.0626
14 3.83333
15 17.4838
16 4.11916
17 6.55354
18 2.69532
19 1.71456
20 1.36199
21 2.38009
22 4.70324
23 2.35633
24 2.51998
25 2.69231
26 2.3948
27 2.50528
28 2.32353
29 2.21531
"[DEBUG]index 61 centroid... "
0 3.284
1 3.32483
2 3.082
3 2.987
4 3.09083
5 3.451
6 3.554
7 2.19117
8 19.0843
9 5.40683
10 3.66983
11 2.14083
12 3.39883
13 8.47983
14 2.79783
15 1.72533
16 3.89883
17 2.845
18 5.09817
19 24.7493
20 3.439
21 22.6903
22 6.173
23 3.44683
24 3.998
25 3.7695
26 3.28967
27 3.81917
28 3.8035
29 3.72783
"[DEBUG]index 62 centroid... "
0 5.16481
1 4.43528
2 4.31902
3 4.05224
4 4.89254
5 4.76128
6 4.67057
7 2.70897
8 34.5415
9 5.9023
10 3.40922
11 2.23691
12 5.30376
13 1.46017
14 2.96483
15 16.75
16 2.63811
17 13.5389
18 2.47879
19 15.1001
20 2.53071
21 1.81197
22 1.80628
23 4.93237
24 3.7415
25 4.40392
26 4.51804
27 4.575
28 4.13429
29 3.98203
"[DEBUG]index 63 centroid... "
0 2.14449
1 2.20887
2 2.15808
3 1.74821
4 1.88269
5 2.48498
6 2.56795
7 1.67811
8 9.05579
9 4.06438
10 2.35837
11 2.48856
12 4.54363
13 4.25322
14 2.06366
15 3.83763
16 7.77539
17 18.3419
18 12.4113
19 12.3984
20 18.4764
21 7.01574
22 4.52217
23 2.88484
24 2.87482
25 2.72461
26 2.61302
27 2.76681
28 2.79828
29 2.27754
"[DEBUG]index 64 centroid... "
0 4.23205
1 4.21558
2 4.14774
3 3.66887
4 4.3021
5 4.13776
6 3.74216
7 2.498
8 44.2339
9 4.73542
10 13.2147
11 3.09899
12 17.5431
13 2.82747
14 3.26034
15 11.5146
16 2.83629
17 11.042
18 11.6525
19 2.9698
20 13.3598
21 2.78808
22 12.0522
23 3.7546
24 4.32385
25 4.3194
26 4.39959
27 3.9164
28 4.01468
29 3.97334
"[DEBUG]index 65 centroid... "
0 3.58941
1 3.20015
2 3.46867
3 3.0756
4 3.31042
5 3.52942
6 3.42639
7 2.03771
8 21.2651
9 2.81965
10 23.2141
11 4.02133
12 3.21843
13 1.76443
14 2.30832
15 8.7768
16 2.56884
17 1.35822
18 1.6494
19 1.51114
20 2.32013
21 6.04666
22 6.90687
23 2.39307
24 3.29556
25 3.17844
26 2.94706
27 2.78137
28 2.68635
29 2.75319
"[DEBUG]index 66 centroid... "
0 4.03929
1 4.02015
2 4.05635
3 3.35716
4 4.35994
5 3.94018
6 4.20579
7 2.24539
8 39.5037
9 4.39861
10 14.7685
11 2.96689
12 15.9336
13 2.44647
14 12.3064
15 2.27827
16 12.9275
17 2.39514
18 12.1646
19 11.9157
20 2.7093
21 9.38533
22 12.531
23 3.21667
24 4.36634
25 4.32844
26 3.96843
27 3.86422
28 4.17013
29 3.56673
"[DEBUG]index 67 centroid... "
0 4.36901
1 4.58959
2 3.66292
3 3.6783
4 3.945
5 3.92135
6 3.767
7 2.20284
8 18.6901
9 6.02543
10 2.64932
11 11.2484
12 3.18391
13 1.04613
14 0.836192
15 1.47723
16 3.3288
17 2.94855
18 4.99468
19 21.2797
20 5.93081
21 3.48965
22 1.49675
23 4.94796
24 2.94441
25 3.53933
26 3.8699
27 4.08279
28 3.88646
29 3.76937
"[DEBUG]index 68 centroid... "
0 4.62087
1 4.66302
2 4.34161
3 4.0896
4 4.53328
5 4.23153
6 4.04284
7 2.24055
8 34.8116
9 6.41245
10 4.29273
11 6.29183
12 40.4352
13 4.44864
14 3.54237
15 3.7137
16 9.08446
17 8.50374
18 2.59833
19 9.07016
20 3.35214
21 3.6581
22 1.97121
23 4.06818
24 3.32202
25 3.4145
26 3.47423
27 3.57238
28 3.5179
29 3.33324
"[DEBUG]index 69 centroid... "
0 3.06075
1 3.32199
2 3.53463
3 2.87404
4 3.3787
5 3.64844
6 3.95342
7 2.94532
8 19.0502
9 3.82463
10 19.9449
11 5.62819
12 3.5885
13 6.95585
14 4.62252
15 19.4617
16 5.34062
17 5.12191
18 22.1507
19 5.98542
20 4.58688
21 21.6889
22 5.38153
23 3.11786
24 4.04131
25 3.84771
26 3.661
27 3.31956
28 3.33333
29 3.10976
"[DEBUG]index 70 centroid... "
0 3.55037
1 3.36857
2 3.09483
3 3.02492
4 2.90451
5 3.43822
6 3.34431
7 2.23256
8 17.4714
9 21.183
10 5.98833
11 2.75774
12 2.43888
13 8.56375
14 1.7239
15 2.66251
16 1.25971
17 2.51128
18 6.8468
19 6.60205
20 2.12513
21 1.11254
22 2.61779
23 2.40832
24 2.21183
25 2.37015
26 2.39022
27 2.45619
28 2.45658
29 2.33145
"[DEBUG]index 71 centroid... "
0 4.48117
1 4.45758
2 4.36676
3 3.85507
4 4.94519
5 4.67735
6 4.61771
7 2.34187
8 44.2151
9 4.82483
10 3.49512
11 3.84351
12 5.0039
13 1.4097
14 4.04247
15 1.40573
16 4.03133
17 1.45882
18 4.27254
19 1.64896
20 3.64278
21 2.20549
22 15.578
23 2.82779
24 4.13909
25 4.05164
26 4.35946
27 3.61623
28 3.893
29 3.6342
"[DEBUG]index 72 centroid... "
0 5.28778
1 4.82285
2 5.06204
3 4.2079
4 5.21002
5 4.63462
6 4.66492
7 2.46036
8 36.3859
9 4.46659
10 15.8915
11 2.71693
12 16.9259
13 2.38656
14 12.2658
15 9.79856
16 3.46333
17 1.55216
18 3.72513
19 1.47942
20 3.4615
21 1.22726
22 3.26538
23 3.62369
24 3.7202
25 3.29651
26 3.58162
27 3.19529
28 3.37851
29 3.16279
"[DEBUG]index 73 centroid... "
0 3.64308
1 3.26581
2 3.41895
3 3.0991
4 3.42888
5 3.73104
6 3.44366
7 2.25539
8 19.4117
9 2.69615
10 21.5721
11 6.0756
12 3.61061
13 5.19336
14 22.0494
15 3.74243
16 2.80131
17 2.44173
18 3.18536
19 4.62224
20 18.1485
21 4.74558
22 3.02738
23 3.81924
24 3.49455
25 3.13811
26 3.42961
27 3.07536
28 3.06058
29 3.43664
"[DEBUG]index 74 centroid... "
0 3.28279
1 3.36837
2 3.50241
3 3.14106
4 3.21801
5 3.18985
6 2.63078
7 2.44211
8 17.491
9 3.84516
10 8.26342
11 30.2433
12 9.06148
13 3.98867
14 3.04753
15 1.60431
16 1.36609
17 2.03569
18 4.89311
19 2.27036
20 1.41412
21 2.25928
22 4.53657
23 1.93573
24 2.14004
25 2.24744
26 2.24973
27 2.26698
28 2.16871
29 2.18021
"[DEBUG]index 75 centroid... "
0 5.62984
1 5.1069
2 5.08552
3 4.28775
4 5.01425
5 4.90022
6 4.69087
7 2.58931
8 25.9269
9 6.93185
10 2.99109
11 1.71047
12 5.29443
13 1.69488
14 1.0392
15 1.67394
16 2.42183
17 14.8423
18 3.15189
19 1.60668
20 3.67127
21 14.0918
22 2.67038
23 4.49488
24 4.93318
25 4.98931
26 4.71136
27 4.84365
28 4.74833
29 4.95011
"[DEBUG]index 76 centroid... "
0 3.92555
1 4.56495
2 4.09849
3 3.70841
4 4.66344
5 3.70764
6 5.0318
7 3.01163
8 15.5595
9 5.84102
10 3.68903
11 5.35285
12 16.8782
13 4.31756
14 10.1338
15 28.6638
16 11.1357
17 5.6235
18 3.05661
19 3.0411
20 1.48313
21 0.882125
22 1.36138
23 2.60993
24 2.72625
25 2.67701
26 3.08065
27 2.75417
28 2.79527
29 3.09732
"[DEBUG]index 77 centroid... "
0 4.35859
1 4.32173
2 4.5223
3 4.21067
4 4.57022
5 5.45201
6 4.73923
7 2.99035
8 43.0596
9 6.32946
10 3.10888
11 16.3678
12 4.183
13 2.89502
14 12.7645
15 13.2159
16 2.91457
17 15.2415
18 3.17105
19 13.9184
20 11.6882
21 2.76307
22 13.4052
23 4.56358
24 4.57265
25 4.80588
26 4.77994
27 4.53508
28 4.60409
29 4.24128
"[DEBUG]index 78 centroid... "
0 2.79739
1 2.97987
2 2.93292
3 3.06727
4 3.18967
5 3.2937
6 2.92913
7 2.00738
8 15.1349
9 4.97013
10 2.85404
11 5.9749
12 9.08637
13 35.3471
14 7.23543
15 4.9503
16 2.48799
17 6.26604
18 2.10281
19 2.3841
20 2.21216
21 5.17648
22 2.2905
23 2.63548
24 2.57544
25 2.51284
26 2.29163
27 2.32239
28 2.42953
29 2.26629
"[DEBUG]index 79 centroid... "
0 5.58477
1 4.73307
2 4.79733
3 4.08057
4 4.98814
5 4.29511
6 4.99703
7 2.4612
8 28.7578
9 6.69649
10 3.43104
11 3.63272
12 1.11122
13 3.81859
14 1.22689
15 0.704894
16 1.25704
17 2.76718
18 14.9669
19 2.37074
20 3.72862
21 3.46812
22 3.04301
23 4.07514
24 4.1132
25 4.18092
26 4.00297
27 4.62383
28 4.43599
29 3.99802
"[DEBUG]index 80 centroid... "
0 6.11668
1 5.8018
2 5.53476
3 5.15526
4 6.15929
5 6.04502
6 5.28234
7 2.89325
8 35.3844
9 6.87789
10 4.83152
11 2.02013
12 3.83125
13 16.4693
14 3.36198
15 3.70109
16 1.36554
17 4.74161
18 3.85266
19 1.46773
20 1.49886
21 3.54757
22 1.4056
23 4.56924
24 4.02187
25 3.9733
26 4.05904
27 4.23544
28 4.00389
29 4.06622
"[DEBUG]index 81 centroid... "
0 3.95633
1 4.17569
2 4.0078
3 3.81152
4 4.13401
5 4.29392
6 4.00399
7 2.63534
8 22.1481
9 6.39837
10 4.10744
11 3.63916
12 5.31103
13 24.7923
14 5.5827
15 3.36765
16 3.93441
17 6.12488
18 26.1828
19 5.59781
20 3.05115
21 4.06709
22 1.88143
23 3.83295
24 3.72135
25 3.14763
26 3.32448
27 3.70757
28 3.42162
29 3.09698
"[DEBUG]index 82 centroid... "
0 4.55097
1 4.34347
2 4.45018
3 3.59036
4 4.42972
5 4.67527
6 4.11819
7 2.51386
8 35.952
9 4.00057
10 14.9021
11 3.33238
12 1.78371
13 3.07076
14 12.4594
15 11.2209
16 3.19774
17 3.47791
18 12.886
19 11.7531
20 2.21438
21 3.7183
22 1.4454
23 4.71907
24 3.63167
25 3.74833
26 3.82884
27 3.83362
28 3.92216
29 3.36871
"[DEBUG]index 83 centroid... "
0 5.94698
1 5.49904
2 5.14784
3 4.48974
4 6.14651
5 5.48733
6 5.52481
7 2.98537
8 34.4348
9 6.08394
10 4.60467
11 1.8529
12 5.71512
13 2.00274
14 1.72575
15 3.25389
16 18.8094
17 4.22729
18 2.1515
19 3.94349
20 16.0643
21 2.78476
22 1.7875
23 5.88448
24 5.63982
25 4.61223
26 5.00681
27 5.15084
28 5.11319
29 5.13513
"[DEBUG]index 84 centroid... "
0 7.34946
1 6.50924
2 6.47328
3 5.90732
4 6.32464
5 6.26462
6 5.66954
7 3.71259
8 26.7974
9 5.2669
10 15.4657
11 3.62649
12 1.95315
13 5.67182
14 1.62953
15 1.4786
16 5.58217
17 1.34971
18 4.0238
19 1.74475
20 0.876931
21 1.64016
22 1.60952
23 3.98
24 3.46113
25 3.60496
26 3.89592
27 3.96607
28 4.00633
29 3.97924
"[DEBUG]index 85 centroid... "
0 2.46259
1 2.42208
2 2.18892
3 2.24328
4 1.76189
5 2.55601
6 2.56325
7 1.89252
8 8.7315
9 20.5562
10 6.46403
11 4.67114
12 2.26767
13 1.03989
14 2.09963
15 0.879082
16 1.58971
17 5.19057
18 2.09921
19 1.97292
20 3.72427
21 10.8336
22 3.47334
23 1.97706
24 2.41091
25 2.3026
26 2.15812
27 2.24928
28 2.01033
29 2.00951
"[DEBUG]index 86 centroid... "
0 5.71758
1 5.26593
2 5.09715
3 4.48297
4 6.02323
5 5.52813
6 5.23413
7 2.85738
8 48.3195
9 5.77168
10 3.35938
11 1.89518
12 1.63616
13 2.99336
14 1.28653
15 3.79703
16 1.17874
17 3.99912
18 1.21916
19 3.50466
20 2.8406
21 1.0402
22 3.13743
23 3.53549
24 3.25041
25 3.62828
26 3.81084
27 3.89551
28 3.74534
29 3.90854
"[DEBUG]index 87 centroid... "
0 4.2016
1 3.95833
2 4.15657
3 3.82764
4 3.98421
5 4.15217
6 3.2984
7 1.85093
8 28.4149
9 5.90502
10 2.75725
11 12.2298
12 11.7785
13 10.462
14 2.79115
15 1.24819
16 3.30254
17 3.37759
18 3.39337
19 1.27873
20 3.22748
21 10.7606
22 10.4977
23 3.01449
24 4.01889
25 4.17107
26 3.65295
27 3.40295
28 3.63199
29 3.61413
"[DEBUG]index 88 centroid... "
0 4.46678
1 4.37069
2 4.37191
3 3.53431
4 4.05138
5 4.01091
6 4.28399
7 2.7127
8 30.2707
9 3.84388
10 32.7741
11 4.62508
12 3.32777
13 2.37326
14 4.46713
15 1.63844
16 3.52842
17 11.1016
18 2.64734
19 8.65433
20 3.56422
21 1.56435
22 3.5926
23 3.44949
24 3.04305
25 3.57212
26 3.51655
27 3.45582
28 3.66821
29 3.34091
"[DEBUG]index 89 centroid... "
0 3.98366
1 3.91742
2 3.62189
3 3.30927
4 3.20849
5 4.40857
6 4.02786
7 2.60357
8 19.8201
9 23.3488
10 5.24427
11 2.91779
12 1.70732
13 2.63687
14 7.87743
15 1.67042
16 8.34617
17 2.63984
18 1.29813
19 2.87991
20 2.72874
21 0.900087
22 2.26656
23 2.59317
24 2.51244
25 2.49053
26 2.57918
27 2.63637
28 2.56122
29 2.33936
"[DEBUG]index 90 centroid... "
0 4.83241
1 4.50432
2 4.46694
3 3.74734
4 4.56963
5 4.39018
6 4.31994
7 2.38014
8 39.2796
9 4.01754
10 15.7051
11 2.5814
12 16.4343
13 2.54888
14 13.5513
15 2.35453
16 10.4836
17 11.6854
18 3.13102
19 1.8311
20 3.55538
21 11.134
22 2.63386
23 4.33575
24 4.25463
25 4.329
26 4.042
27 3.99325
28 3.7471
29 3.69283
"[DEBUG]index 91 centroid... "
0 3.64632
1 3.90667
2 3.64619
3 3.40646
4 4.19313
5 4.70405
6 4.09278
7 2.56564
8 32.1001
9 5.27753
10 3.64
11 1.91533
12 3.45155
13 12.1111
14 2.38955
15 13.9201
16 2.31326
17 15.9237
18 2.36852
19 14.1797
20 2.211
21 10.9476
22 10.1718
23 3.75945
24 4.34199
25 4.66529
26 4.03519
27 4.21553
28 3.91148
29 3.93127
"[DEBUG]index 92 centroid... "
0 3.55534
1 3.79732
2 3.75747
3 3.32195
4 3.91027
5 4.4426
6 4.3078
7 2.88155
8 23.515
9 4.81656
10 3.24157
11 8.27503
12 3.23827
13 5.12758
14 28.6425
15 3.3978
16 27.4285
17 4.90656
18 8.5539
19 3.65448
20 3.56791
21 2.96393
22 7.23023
23 3.09165
24 3.90196
25 3.69962
26 3.63222
27 3.39821
28 3.27544
29 3.03772
"[DEBUG]index 93 centroid... "
0 3.68587
1 3.91119
2 3.87131
3 3.60601
4 3.64494
5 4.3163
6 3.81074
7 2.83803
8 23.7296
9 5.47437
10 4.87956
11 27.8952
12 8.4065
13 2.81552
14 6.17927
15 27.7667
16 4.50582
17 3.00365
18 8.56448
19 3.01816
20 8.65181
21 2.68092
22 9.13486
23 3.94004
24 3.77242
25 3.86166
26 3.68952
27 3.51486
28 3.47176
29 3.23132
"[DEBUG]index 94 centroid... "
0 5.01257
1 5.0794
2 5.10532
3 4.93507
4 4.90836
5 5.35998
6 4.16427
7 2.8183
8 38.7644
9 5.15677
10 13.8937
11 14.0785
12 2.74896
13 11.2279
14 14.6681
15 2.41372
16 1.6887
17 3.87922
18 3.32537
19 1.46247
20 3.05315
21 3.10197
22 2.71377
23 3.44727
24 3.39392
25 3.14664
26 3.23018
27 3.20111
28 3.02677
29 3.07874
"[DEBUG]index 95 centroid... "
0 4.71865
1 4.72577
2 4.30654
3 3.68941
4 4.62041
5 4.35429
6 4.19231
7 2.72927
8 33.5323
9 4.458
10 16.341
11 2.89125
12 1.88917
13 4.05377
14 1.54277
15 3.08915
16 15.0736
17 2.29821
18 12.1044
19 11.8052
20 3.05662
21 1.80385
22 4.06286
23 3.88994
24 3.65568
25 3.98313
26 4.18432
27 4.04775
28 4.03023
29 3.6364
"[DEBUG]index 96 centroid... "
0 4.87773
1 4.78612
2 4.69639
3 4.35125
4 5.0609
5 5.06508
6 4.42155
7 2.39679
8 44.364
9 5.78539
10 4.3231
11 4.06304
12 16.559
13 8.95545
14 2.50449
15 14.657
16 3.96307
17 1.863
18 3.65925
19 15.7593
20 3.02168
21 3.19952
22 14.2111
23 4.52967
24 4.4743
25 4.72276
26 4.5106
27 4.42327
28 4.35517
29 4.08451
"[DEBUG]index 97 centroid... "
0 4.24291
1 4.3593
2 4.6973
3 3.75836
4 4.61433
5 4.93474
6 3.63837
7 2.67186
8 38.3878
9 6.23725
10 3.58357
11 17.321
12 3.0857
13 12.4924
14 3.35418
15 3.50819
16 2.07032
17 4.28765
18 3.03969
19 16.8808
20 2.54088
21 11.2546
22 14.0954
23 3.86676
24 4.24451
25 4.69537
26 3.91743
27 3.96817
28 4.23372
29 3.8021
"[DEBUG]index 98 centroid... "
0 3.99487
1 3.95599
2 3.94033
3 3.7932
4 3.74595
5 4.68602
6 4.19033
7 2.90956
8 21.3639
9 6.2878
10 2.46004
11 8.75621
12 9.38283
13 2.125
14 6.60124
15 26.8966
16 3.73542
17 21.2098
18 19.5518
19 5.19654
20 7.82316
21 3.79104
22 1.86825
23 4.58315
24 3.68467
25 3.56992
26 4.11042
27 4.22597
28 3.65524
29 3.31857
"[DEBUG]index 99 centroid... "
0 3.95208
1 4.02525
2 3.64859
3 3.48777
4 3.7544
5 3.69799
6 3.54383
7 2.15786
8 28.478
9 5.84292
10 3.97113
11 3.33918
12 10.9165
13 2.80154
14 1.678
15 4.2209
16 3.64851
17 5.39263
18 32.2846
19 5.92208
20 3.15856
21 9.72327
22 3.41332
23 3.29765
24 3.7006
25 3.75222
26 3.54952
27 4.14415
28 3.66776
29 3.90724
