"[DEBUG]index 0 centroid... "
0 0.185555
1 -0.0125
2 0.125127
3 0.277645
4 0.216318
5 0.239318
6 0.0320091
7 0.143118
8 0.2439
9 0.0358909
10 0.165727
11 0.0891455
12 0.187282
13 0.2514
14 0.0937454
15 0.175845
16 0.227573
17 0.201491
18 0.140318
19 0.196309
20 0.173564
21 0.155155
22 0.107227
23 0.0973181
24 0.178482
25 0.186073
26 0.300127
27 0.253764
28 0.251582
29 0.143291
"[DEBUG]index 1 centroid... "
0 0.611078
1 0.496585
2 0.330597
3 0.47987
4 0.560727
5 0.331286
6 0.37852
7 0.435455
8 0.315766
9 0.186026
10 0.416597
11 0.574143
12 0.528896
13 0.388247
14 0.312312
15 0.542416
16 0.513247
17 0.26587
18 0.406909
19 0.621273
20 0.554649
21 0.45739
22 0.435948
23 0.313182
24 0.470481
25 0.298623
26 0.184429
27 0.322442
28 0.502558
29 0.341727
"[DEBUG]index 2 centroid... "
0 0.241185
1 0.247656
2 0.234311
3 0.293566
4 0.268281
5 0.251499
6 0.25326
7 0.228613
8 0.209551
9 0.198666
10 0.335198
11 0.306065
12 0.332222
13 0.310748
14 0.303503
15 0.325529
16 0.251131
17 0.216826
18 0.226322
19 0.248962
20 0.250527
21 0.37702
22 0.229978
23 0.148281
24 0.269751
25 0.245056
26 0.244973
27 0.180415
28 0.241057
29 0.241782
"[DEBUG]index 3 centroid... "
0 0.0971803
1 0.402574
2 0.307262
3 0.246213
4 0.231164
5 0.0967541
6 0.286689
7 0.278984
8 0.12018
9 -0.0534754
10 0.088918
11 0.201984
12 0.178984
13 0.239082
14 0.173574
15 -0.299705
16 0.264361
17 0.280459
18 0.176312
19 0.168213
20 -0.0172787
21 0.00893442
22 -0.0209836
23 0.131262
24 0.282148
25 0.217869
26 0.139311
27 0.366279
28 0.399
29 0.304508
"[DEBUG]index 4 centroid... "
0 0.201035
1 0.205418
2 0.188162
3 0.230216
4 0.216541
5 0.238907
6 0.268316
7 0.235448
8 0.161479
9 0.199376
10 0.233629
11 0.213667
12 0.211527
13 0.243593
14 0.188083
15 0.180824
16 0.217116
17 0.22855
18 0.23337
19 0.27282
20 0.247942
21 0.141268
22 0.209366
23 0.230822
24 0.214355
25 0.239142
26 0.218713
27 0.21962
28 0.196039
29 0.204571
"[DEBUG]index 5 centroid... "
0 0.239949
1 0.213374
2 0.235714
3 0.246098
4 0.241644
5 0.230339
6 0.263329
7 0.288033
8 0.224752
9 0.217171
10 0.254378
11 0.218096
12 0.2252
13 0.278085
14 0.246402
15 0.25236
16 0.223488
17 0.270477
18 0.22817
19 0.198954
20 0.241264
21 0.261647
22 0.246365
23 0.265044
24 0.265613
25 0.21046
26 0.214907
27 0.243736
28 0.254352
29 0.24565
"[DEBUG]index 6 centroid... "
0 0.209864
1 0.212829
2 0.250307
3 0.218677
4 0.187604
5 0.165523
6 0.255218
7 0.211906
8 0.180893
9 0.209582
10 0.180333
11 0.179635
12 0.240684
13 0.227401
14 0.204483
15 0.192823
16 0.18661
17 0.180177
18 0.208988
19 0.229551
20 0.254823
21 0.239408
22 0.269768
23 0.272805
24 0.270224
25 0.25034
26 0.251005
27 0.248911
28 0.244816
29 0.216221
"[DEBUG]index 7 centroid... "
0 0.18705
1 0.267528
2 0.264274
3 0.251201
4 0.168328
5 0.199
6 0.209983
7 0.17002
8 0.146793
9 0.1499
10 0.162475
11 0.220094
12 0.238298
13 0.176364
14 0.14694
15 0.236589
16 0.209615
17 0.257114
18 0.191077
19 0.278502
20 0.307699
21 0.178348
22 0.258103
23 0.239612
24 0.328873
25 0.347789
26 0.326291
27 0.26604
28 0.252234
29 0.269161
"[DEBUG]index 8 centroid... "
0 0.220336
1 0.218008
2 0.214376
3 0.228118
4 0.228392
5 0.205605
6 0.250563
7 0.215158
8 0.168182
9 0.218579
10 0.251575
11 0.231717
12 0.226163
13 0.207653
14 0.175815
15 0.15786
16 0.182125
17 0.192137
18 0.236358
19 0.24673
20 0.199547
21 0.227733
22 0.237572
23 0.210171
24 0.227225
25 0.227315
26 0.222241
27 0.22087
28 0.236221
29 0.232631
"[DEBUG]index 9 centroid... "
0 0.205284
1 0.192931
2 0.21126
3 0.230013
4 0.226703
5 0.204075
6 0.246017
7 0.222906
8 0.14187
9 0.18736
10 0.223
11 0.196489
12 0.243799
13 0.248046
14 0.226444
15 0.207152
16 0.231468
17 0.246328
18 0.19655
19 0.214012
20 0.259342
21 0.271255
22 0.249003
23 0.249537
24 0.259221
25 0.219032
26 0.227602
27 0.235986
28 0.219967
29 0.231791
"[DEBUG]index 10 centroid... "
0 0.233132
1 0.221213
2 0.216404
3 0.265711
4 0.251434
5 0.215318
6 0.26331
7 0.238395
8 0.159291
9 0.227441
10 0.226318
11 0.267899
12 0.242613
13 0.215509
14 0.219697
15 0.213522
16 0.228345
17 0.201027
18 0.22339
19 0.240261
20 0.253197
21 0.218756
22 0.196836
23 0.233048
24 0.21781
25 0.202475
26 0.248243
27 0.230921
28 0.199767
29 0.213315
"[DEBUG]index 11 centroid... "
0 0.217458
1 0.230983
2 0.256413
3 0.23556
4 0.207871
5 0.250703
6 0.253809
7 0.227735
8 0.199397
9 0.197648
10 0.187122
11 0.237645
12 0.228518
13 0.231515
14 0.235093
15 0.232191
16 0.240712
17 0.219179
18 0.240511
19 0.186609
20 0.158586
21 0.225069
22 0.241558
23 0.268211
24 0.261126
25 0.239288
26 0.225241
27 0.215698
28 0.245109
29 0.247651
"[DEBUG]index 12 centroid... "
0 0.244653
1 0.230482
2 0.233938
3 0.237353
4 0.23197
5 0.213045
6 0.236858
7 0.247775
8 0.167398
9 0.194815
10 0.236738
11 0.236407
12 0.236745
13 0.221968
14 0.238201
15 0.187542
16 0.163706
17 0.239169
18 0.251809
19 0.190996
20 0.24093
21 0.233232
22 0.19958
23 0.224786
24 0.232319
25 0.216519
26 0.218392
27 0.234429
28 0.2283
29 0.231804
"[DEBUG]index 13 centroid... "
0 0.182683
1 0.186927
2 0.186179
3 0.204315
4 0.202848
5 0.213658
6 0.203835
7 0.172664
8 0.151493
9 0.102225
10 0.0285377
11 0.102076
12 0.092175
13 0.160591
14 0.197244
15 0.159018
16 0.193298
17 0.137261
18 0.114227
19 0.162837
20 0.191725
21 0.197413
22 0.222026
23 0.252998
24 0.290823
25 0.298088
26 0.263005
27 0.246355
28 0.304031
29 0.245097
"[DEBUG]index 14 centroid... "
0 0.245378
1 0.178259
2 0.213666
3 0.243631
4 0.282181
5 0.291515
6 0.287193
7 0.2692
8 0.22758
9 0.173993
10 0.264754
11 0.254678
12 0.273703
13 0.274728
14 0.306305
15 0.2715
16 0.237448
17 0.288763
18 0.259593
19 0.226188
20 0.244339
21 0.237857
22 0.287746
23 0.203192
24 0.261944
25 0.254163
26 0.297767
27 0.254494
28 0.192546
29 0.2515
"[DEBUG]index 15 centroid... "
0 0.233894
1 0.218202
2 0.214316
3 0.21208
4 0.209321
5 0.209856
6 0.265979
7 0.266838
8 0.213467
9 0.147111
10 0.209854
11 0.225078
12 0.234539
13 0.186406
14 0.16868
15 0.199685
16 0.208668
17 0.183131
18 0.199951
19 0.196364
20 0.21339
21 0.192944
22 0.206365
23 0.244774
24 0.228236
25 0.238586
26 0.233955
27 0.214395
28 0.223682
29 0.229674
"[DEBUG]index 16 centroid... "
0 0.228893
1 0.219817
2 0.220928
3 0.231852
4 0.24392
5 0.193318
6 0.219083
7 0.214336
8 0.16115
9 0.200324
10 0.248874
11 0.225596
12 0.238861
13 0.221307
14 0.232158
15 0.241582
16 0.225686
17 0.264213
18 0.242278
19 0.187169
20 0.228887
21 0.212555
22 0.221589
23 0.225311
24 0.223476
25 0.199557
26 0.207844
27 0.213786
28 0.204454
29 0.209517
"[DEBUG]index 17 centroid... "
0 0.221888
1 0.216722
2 0.200037
3 0.21677
4 0.226062
5 0.210162
6 0.238623
7 0.239813
8 0.177382
9 0.243661
10 0.273931
11 0.195918
12 0.228829
13 0.257167
14 0.22267
15 0.222083
16 0.280988
17 0.284859
18 0.204041
19 0.252283
20 0.248376
21 0.185878
22 0.198457
23 0.249252
24 0.20195
25 0.22516
26 0.2346
27 0.212815
28 0.199073
29 0.214884
"[DEBUG]index 18 centroid... "
0 0.258356
1 0.227993
2 0.25105
3 0.259229
4 0.234179
5 0.219969
6 0.270132
7 0.239231
8 0.202876
9 0.241366
10 0.243395
11 0.220003
12 0.259917
13 0.241149
14 0.231267
15 0.275981
16 0.269158
17 0.184226
18 0.245143
19 0.274659
20 0.21172
21 0.204599
22 0.28276
23 0.274996
24 0.228343
25 0.22912
26 0.224723
27 0.223489
28 0.237084
29 0.256002
"[DEBUG]index 19 centroid... "
0 0.239693
1 0.258459
2 0.229188
3 0.240374
4 0.278217
5 0.245812
6 0.271043
7 0.214175
8 0.188926
9 0.251972
10 0.236513
11 0.23159
12 0.250752
13 0.224827
14 0.222785
15 0.212317
16 0.235777
17 0.238001
18 0.169113
19 0.200599
20 0.262381
21 0.2341
22 0.226229
23 0.224583
24 0.245132
25 0.236972
26 0.20228
27 0.212675
28 0.23012
29 0.211207
"[DEBUG]index 20 centroid... "
0 0.131844
1 0.131046
2 0.190624
3 0.169909
4 0.238449
5 0.221559
6 0.22349
7 0.318491
8 0.23233
9 0.245405
10 0.226692
11 0.212544
12 0.265291
13 0.32937
14 0.311543
15 0.239382
16 0.199996
17 0.235227
18 0.373103
19 0.305118
20 0.245571
21 0.294864
22 0.290672
23 0.135903
24 0.221899
25 0.276093
26 0.287188
27 0.334889
28 0.252933
29 0.24714
"[DEBUG]index 21 centroid... "
0 0.21346
1 0.204052
2 0.222566
3 0.22614
4 0.232685
5 0.207696
6 0.228601
7 0.222877
8 0.151741
9 0.223338
10 0.248743
11 0.202157
12 0.232757
13 0.24043
14 0.213436
15 0.234614
16 0.218427
17 0.212875
18 0.245448
19 0.2297
20 0.224442
21 0.247727
22 0.245812
23 0.232916
24 0.231705
25 0.235847
26 0.226032
27 0.216582
28 0.22537
29 0.218124
"[DEBUG]index 22 centroid... "
0 0.214033
1 0.211431
2 0.206118
3 0.229568
4 0.230534
5 0.229234
6 0.238371
7 0.230297
8 0.170201
9 0.214892
10 0.247838
11 0.200508
12 0.21759
13 0.239188
14 0.185425
15 0.158329
16 0.218306
17 0.239909
18 0.209829
19 0.235416
20 0.21476
21 0.214448
22 0.223265
23 0.231065
24 0.238636
25 0.258947
26 0.265125
27 0.228137
28 0.234344
29 0.234893
"[DEBUG]index 23 centroid... "
0 0.243654
1 0.218202
2 0.234122
3 0.247007
4 0.226135
5 0.216908
6 0.207599
7 0.219702
8 0.181097
9 0.205831
10 0.227826
11 0.186174
12 0.209843
13 0.200461
14 0.155113
15 0.226968
16 0.248559
17 0.238445
18 0.234577
19 0.22575
20 0.211516
21 0.221258
22 0.255807
23 0.237094
24 0.243266
25 0.2455
26 0.241294
27 0.253413
28 0.246166
29 0.255266
"[DEBUG]index 24 centroid... "
0 0.216672
1 0.210933
2 0.22249
3 0.232739
4 0.223573
5 0.207384
6 0.231888
7 0.210933
8 0.146588
9 0.213796
10 0.234313
11 0.202242
12 0.193694
13 0.179454
14 0.178211
15 0.168863
16 0.232074
17 0.239325
18 0.186843
19 0.226542
20 0.231451
21 0.221284
22 0.22739
23 0.230526
24 0.236819
25 0.224328
26 0.223299
27 0.229836
28 0.225198
29 0.237227
"[DEBUG]index 25 centroid... "
0 0.188458
1 0.198119
2 0.216207
3 0.232268
4 0.22786
5 0.207091
6 0.240727
7 0.227739
8 0.130589
9 0.12312
10 0.16676
11 0.226575
12 0.242159
13 0.225425
14 0.221568
15 0.232072
16 0.258501
17 0.231598
18 0.244643
19 0.277241
20 0.25347
21 0.254168
22 0.266787
23 0.245328
24 0.235342
25 0.242192
26 0.2397
27 0.23173
28 0.242288
29 0.23026
"[DEBUG]index 26 centroid... "
0 0.148028
1 0.209814
2 0.159232
3 0.130927
4 0.204803
5 0.174063
6 0.221533
7 0.29224
8 0.193334
9 0.256218
10 0.263517
11 0.246324
12 0.204139
13 0.185636
14 0.207142
15 0.253007
16 0.188416
17 0.220551
18 0.203665
19 0.192594
20 0.125212
21 0.155902
22 0.135097
23 0.169324
24 0.275225
25 0.216117
26 0.174871
27 0.195109
28 0.19862
29 0.194049
"[DEBUG]index 27 centroid... "
0 0.220342
1 0.210278
2 0.220176
3 0.253567
4 0.207638
5 0.187672
6 0.207367
7 0.207558
8 0.159085
9 0.198853
10 0.13478
11 0.155439
12 0.229813
13 0.204557
14 0.196042
15 0.178665
16 0.217952
17 0.21222
18 0.192629
19 0.214246
20 0.21271
21 0.201582
22 0.176638
23 0.247875
24 0.227013
25 0.234168
26 0.190234
27 0.217234
28 0.236112
29 0.244041
"[DEBUG]index 28 centroid... "
0 0.239483
1 0.208459
2 0.224992
3 0.196902
4 0.236302
5 0.220261
6 0.250339
7 0.231088
8 0.176083
9 0.23009
10 0.211916
11 0.239695
12 0.214663
13 0.141912
14 0.252192
15 0.23958
16 0.203403
17 0.21559
18 0.209769
19 0.164901
20 0.172969
21 0.201319
22 0.226877
23 0.230287
24 0.252489
25 0.233487
26 0.22463
27 0.243783
28 0.23479
29 0.230494
"[DEBUG]index 29 centroid... "
0 0.242647
1 0.24229
2 0.190865
3 0.239354
4 0.242065
5 0.251262
6 0.240924
7 0.239806
8 0.180493
9 0.149562
10 0.171513
11 0.208938
12 0.257585
13 0.218752
14 0.229918
15 0.230409
16 0.176978
17 0.226337
18 0.259086
19 0.199121
20 0.201896
21 0.212137
22 0.21851
23 0.216656
24 0.224953
25 0.228163
26 0.245275
27 0.243037
28 0.232586
29 0.251323
"[DEBUG]index 30 centroid... "
0 0.228779
1 0.189957
2 0.214615
3 0.210827
4 0.243637
5 0.201962
6 0.223424
7 0.242679
8 0.163983
9 0.184685
10 0.239508
11 0.207136
12 0.222185
13 0.212887
14 0.21576
15 0.273667
16 0.191062
17 0.20232
18 0.259159
19 0.220084
20 0.225813
21 0.238816
22 0.183708
23 0.183142
24 0.208843
25 0.180621
26 0.212277
27 0.219783
28 0.206755
29 0.205118
"[DEBUG]index 31 centroid... "
0 0.213073
1 0.214352
2 0.219492
3 0.241802
4 0.233332
5 0.207536
6 0.240317
7 0.258659
8 0.184769
9 0.175978
10 0.210611
11 0.205323
12 0.211222
13 0.263904
14 0.253436
15 0.206111
16 0.229972
17 0.24147
18 0.225538
19 0.248746
20 0.25929
21 0.254814
22 0.268568
23 0.246147
24 0.239694
25 0.241235
26 0.227556
27 0.244929
28 0.240195
29 0.241836
"[DEBUG]index 32 centroid... "
0 0.24828
1 0.20612
2 0.211855
3 0.215374
4 0.235535
5 0.221181
6 0.244685
7 0.18011
8 0.144017
9 0.176676
10 0.184369
11 0.211505
12 0.240207
13 0.264838
14 0.275216
15 0.198789
16 0.192084
17 0.233092
18 0.244341
19 0.207603
20 0.200313
21 0.166103
22 0.26714
23 0.202172
24 0.20696
25 0.200036
26 0.190007
27 0.15829
28 0.236194
29 0.210807
"[DEBUG]index 33 centroid... "
0 0.212295
1 0.211154
2 0.217045
3 0.235345
4 0.229563
5 0.223125
6 0.247598
7 0.207235
8 0.140529
9 0.11807
10 0.133253
11 0.203384
12 0.218941
13 0.231504
14 0.227876
15 0.217935
16 0.225648
17 0.22334
18 0.204154
19 0.215989
20 0.224897
21 0.217574
22 0.221249
23 0.227329
24 0.220547
25 0.226195
26 0.222356
27 0.210314
28 0.212277
29 0.222627
"[DEBUG]index 34 centroid... "
0 0.221782
1 0.228366
2 0.210798
3 0.232338
4 0.245362
5 0.223832
6 0.242592
7 0.214371
8 0.155402
9 0.209881
10 0.207563
11 0.214089
12 0.225705
13 0.207949
14 0.161059
15 0.233984
16 0.252558
17 0.203472
18 0.233707
19 0.25714
20 0.212151
21 0.217883
22 0.201506
23 0.232647
24 0.223131
25 0.20965
26 0.2066
27 0.217106
28 0.228682
29 0.226851
"[DEBUG]index 35 centroid... "
0 0.240319
1 0.217308
2 0.221006
3 0.242265
4 0.214604
5 0.22676
6 0.24642
7 0.265627
8 0.161092
9 0.171409
10 0.159036
11 0.170726
12 0.181212
13 0.263162
14 0.221898
15 0.204692
16 0.208977
17 0.229964
18 0.206987
19 0.189742
20 0.214391
21 0.180044
22 0.25426
23 0.244946
24 0.23118
25 0.247237
26 0.223345
27 0.247473
28 0.209911
29 0.20774
"[DEBUG]index 36 centroid... "
0 0.217842
1 0.227048
2 0.196391
3 0.224664
4 0.239771
5 0.228771
6 0.254012
7 0.269799
8 0.170297
9 0.130704
10 0.242681
11 0.248229
12 0.196037
13 0.217732
14 0.229261
15 0.202793
16 0.202973
17 0.243808
18 0.240892
19 0.258294
20 0.262491
21 0.28188
22 0.243802
23 0.249249
24 0.273302
25 0.23856
26 0.248782
27 0.227037
28 0.231596
29 0.248695
"[DEBUG]index 37 centroid... "
0 0.22108
1 0.217908
2 0.235088
3 0.237326
4 0.2423
5 0.208466
6 0.232005
7 0.231497
8 0.167344
9 0.181619
10 0.217722
11 0.19837
12 0.248564
13 0.230335
14 0.205114
15 0.22282
16 0.207506
17 0.160871
18 0.216351
19 0.231789
20 0.205752
21 0.218143
22 0.211183
23 0.205214
24 0.211438
25 0.220253
26 0.24756
27 0.238074
28 0.239808
29 0.2461
"[DEBUG]index 38 centroid... "
0 0.212636
1 0.208534
2 0.214431
3 0.24257
4 0.265944
5 0.210148
6 0.255178
7 0.244441
8 0.146179
9 0.217997
10 0.250028
11 0.216001
12 0.239262
13 0.249679
14 0.243683
15 0.197619
16 0.250524
17 0.267677
18 0.212846
19 0.242358
20 0.236853
21 0.21966
22 0.198221
23 0.238222
24 0.23892
25 0.213405
26 0.226941
27 0.208369
28 0.226224
29 0.214296
"[DEBUG]index 39 centroid... "
0 0.227345
1 0.221194
2 0.210377
3 0.231828
4 0.235422
5 0.216252
6 0.235416
7 0.236702
8 0.159032
9 0.239369
10 0.248625
11 0.201279
12 0.230953
13 0.203814
14 0.216827
15 0.19953
16 0.174049
17 0.249394
18 0.197388
19 0.157319
20 0.236528
21 0.240308
22 0.211685
23 0.225165
24 0.217743
25 0.227683
26 0.217433
27 0.236823
28 0.245057
29 0.243655
"[DEBUG]index 40 centroid... "
0 0.217043
1 0.212203
2 0.230017
3 0.218059
4 0.238543
5 0.178133
6 0.229899
7 0.217055
8 0.159688
9 0.198818
10 0.270561
11 0.152717
12 0.12944
13 0.183635
14 0.184602
15 0.27906
16 0.26612
17 0.24914
18 0.250289
19 0.30869
20 0.330743
21 0.323515
22 0.279201
23 0.278064
24 0.275044
25 0.220117
26 0.277012
27 0.212933
28 0.321059
29 0.321005
"[DEBUG]index 41 centroid... "
0 0.24191
1 0.240467
2 0.231813
3 0.213944
4 0.238268
5 0.215413
6 0.224886
7 0.2621
8 0.222178
9 0.151269
10 0.194135
11 0.141115
12 0.184862
13 0.208208
14 0.184543
15 0.192619
16 0.210718
17 0.195944
18 0.227273
19 0.245725
20 0.239258
21 0.276746
22 0.271925
23 0.289457
24 0.275151
25 0.288598
26 0.263112
27 0.283306
28 0.278991
29 0.258786
"[DEBUG]index 42 centroid... "
0 0.205831
1 0.224379
2 0.240906
3 0.22278
4 0.218231
5 0.219141
6 0.229418
7 0.26527
8 0.136918
9 0.110589
10 0.241517
11 0.203753
12 0.193004
13 0.20024
14 0.185691
15 0.214806
16 0.221326
17 0.173181
18 0.220766
19 0.242936
20 0.19743
21 0.210935
22 0.231961
23 0.233396
24 0.240149
25 0.244862
26 0.252048
27 0.241537
28 0.233383
29 0.255642
"[DEBUG]index 43 centroid... "
0 0.194027
1 0.204112
2 0.222343
3 0.257571
4 0.207983
5 0.18886
6 0.226494
7 0.181558
8 0.120115
9 0.201903
10 0.251214
11 0.204826
12 0.242187
13 0.222939
14 0.173127
15 0.226393
16 0.235164
17 0.229538
18 0.227264
19 0.211049
20 0.240203
21 0.239887
22 0.180801
23 0.22438
24 0.237514
25 0.228974
26 0.220693
27 0.217807
28 0.190457
29 0.20511
"[DEBUG]index 44 centroid... "
0 0.19237
1 0.203991
2 0.195658
3 0.206595
4 0.229907
5 0.202183
6 0.223304
7 0.19483
8 0.141542
9 0.137
10 0.159445
11 0.236642
12 0.252055
13 0.226592
14 0.224534
15 0.224441
16 0.193834
17 0.173188
18 0.177109
19 0.168338
20 0.1715
21 0.19091
22 0.218353
23 0.232942
24 0.209145
25 0.218296
26 0.208872
27 0.216201
28 0.201441
29 0.219361
"[DEBUG]index 45 centroid... "
0 0.206889
1 0.189935
2 0.203515
3 0.221975
4 0.2321
5 0.219503
6 0.241249
7 0.227919
8 0.13873
9 0.144812
10 0.180983
11 0.224241
12 0.23832
13 0.200132
14 0.204058
15 0.206274
16 0.212765
17 0.215281
18 0.240873
19 0.229087
20 0.204805
21 0.209626
22 0.193661
23 0.196791
24 0.212798
25 0.220603
26 0.209674
27 0.210869
28 0.202086
29 0.212609
"[DEBUG]index 46 centroid... "
0 0.222289
1 0.226853
2 0.223988
3 0.230998
4 0.233784
5 0.213439
6 0.245478
7 0.252029
8 0.171056
9 0.191525
10 0.219822
11 0.187846
12 0.224376
13 0.239364
14 0.204995
15 0.214073
16 0.242664
17 0.222888
18 0.207399
19 0.259855
20 0.242288
21 0.201277
22 0.240136
23 0.239791
24 0.219861
25 0.220458
26 0.221739
27 0.226846
28 0.221468
29 0.234739
"[DEBUG]index 47 centroid... "
0 0.222538
1 0.215024
2 0.222289
3 0.246993
4 0.250178
5 0.218548
6 0.241691
7 0.222387
8 0.169873
9 0.234206
10 0.24651
11 0.220509
12 0.260521
13 0.24279
14 0.223289
15 0.204195
16 0.183828
17 0.157109
18 0.150423
19 0.183348
20 0.202748
21 0.23502
22 0.236483
23 0.228544
24 0.229716
25 0.217418
26 0.222429
27 0.225579
28 0.216435
29 0.230055
"[DEBUG]index 48 centroid... "
0 0.205479
1 0.201758
2 0.207505
3 0.219103
4 0.223248
5 0.188291
6 0.204729
7 0.195105
8 0.136557
9 0.190874
10 0.207429
11 0.211829
12 0.22459
13 0.203329
14 0.209714
15 0.203199
16 0.189221
17 0.219377
18 0.218872
19 0.215723
20 0.22421
21 0.20615
22 0.218867
23 0.219384
24 0.217633
25 0.222863
26 0.217494
27 0.215126
28 0.214722
29 0.215271
"[DEBUG]index 49 centroid... "
0 0.232918
1 0.200245
2 0.220032
3 0.227613
4 0.235237
5 0.181038
6 0.209465
7 0.1959
8 0.156988
9 0.182373
10 0.203564
11 0.216829
12 0.225194
13 0.171433
14 0.165879
15 0.199896
16 0.242488
17 0.256813
18 0.278062
19 0.234299
20 0.222679
21 0.225546
22 0.276808
23 0.242961
24 0.214041
25 0.168395
26 0.175019
27 0.209977
28 0.220035
29 0.197749
"[DEBUG]index 50 centroid... "
0 0.2194
1 0.204193
2 0.219983
3 0.230723
4 0.22715
5 0.209546
6 0.264488
7 0.251492
8 0.157559
9 0.173544
10 0.213177
11 0.169124
12 0.213002
13 0.25768
14 0.185477
15 0.215711
16 0.211131
17 0.182694
18 0.215854
19 0.226586
20 0.235407
21 0.229589
22 0.205228
23 0.237543
24 0.238837
25 0.229277
26 0.237205
27 0.231068
28 0.217575
29 0.222517
"[DEBUG]index 51 centroid... "
0 0.228575
1 0.218475
2 0.21817
3 0.219304
4 0.233693
5 0.218499
6 0.256148
7 0.208317
8 0.134255
9 0.175467
10 0.19157
11 0.222358
12 0.254368
13 0.234944
14 0.224954
15 0.214111
16 0.217327
17 0.20892
18 0.177815
19 0.186739
20 0.175235
21 0.185799
22 0.194092
23 0.217333
24 0.236646
25 0.208694
26 0.21558
27 0.214423
28 0.209184
29 0.227525
"[DEBUG]index 52 centroid... "
0 0.223807
1 0.217493
2 0.222232
3 0.223014
4 0.224268
5 0.219669
6 0.23543
7 0.216313
8 0.15951
9 0.231053
10 0.26418
11 0.196812
12 0.249974
13 0.242191
14 0.222622
15 0.202963
16 0.186623
17 0.253771
18 0.259006
19 0.229606
20 0.234424
21 0.253447
22 0.229859
23 0.228438
24 0.240758
25 0.267005
26 0.230577
27 0.243014
28 0.233674
29 0.242431
"[DEBUG]index 53 centroid... "
0 0.258231
1 0.125908
2 0.225742
3 0.191995
4 0.241988
5 0.1772
6 0.162477
7 0.187824
8 0.20861
9 0.153877
10 0.195484
11 0.176894
12 0.18746
13 0.243566
14 0.174508
15 0.192636
16 0.198872
17 0.310699
18 0.217935
19 0.145349
20 0.183879
21 0.212976
22 0.158104
23 0.138667
24 0.197749
25 0.179193
26 0.138468
27 0.126875
28 0.174451
29 0.177359
"[DEBUG]index 54 centroid... "
0 0.265145
1 0.220954
2 0.150792
3 0.326202
4 0.22263
5 0.170173
6 0.15615
7 0.284902
8 0.151815
9 0.236723
10 0.352237
11 0.205231
12 0.165017
13 0.203566
14 0.241913
15 0.351555
16 0.22378
17 0.220162
18 0.201381
19 0.149804
20 0.36148
21 0.262653
22 0.184653
23 0.207578
24 0.312821
25 0.232977
26 0.202607
27 0.395699
28 0.0159249
29 0.336266
"[DEBUG]index 55 centroid... "
0 0.229106
1 0.25023
2 0.282464
3 0.200502
4 0.205176
5 0.141866
6 0.171085
7 0.227955
8 0.154266
9 0.177799
10 0.251479
11 0.195287
12 0.195941
13 0.274694
14 0.232276
15 0.176493
16 0.143309
17 0.182697
18 0.228345
19 0.245885
20 0.176342
21 0.211694
22 0.247496
23 0.291184
24 0.195763
25 0.22245
26 0.219258
27 0.234461
28 0.194252
29 0.26596
"[DEBUG]index 56 centroid... "
0 0.227579
1 0.23225
2 0.202547
3 0.237535
4 0.217371
5 0.227978
6 0.259372
7 0.227828
8 0.17403
9 0.233699
10 0.220316
11 0.176034
12 0.215458
13 0.177477
14 0.208772
15 0.227898
16 0.154642
17 0.176269
18 0.267717
19 0.235044
20 0.203587
21 0.218292
22 0.219667
23 0.24232
24 0.257892
25 0.25924
26 0.245807
27 0.251469
28 0.22015
29 0.231881
"[DEBUG]index 57 centroid... "
0 0.285433
1 0.231443
2 0.229825
3 0.193534
4 0.21528
5 0.207963
6 0.255684
7 0.267656
8 0.177824
9 0.151286
10 0.215602
11 0.244226
12 0.205619
13 0.238292
14 0.257418
15 0.206405
16 0.148684
17 0.132863
18 0.197955
19 0.203378
20 0.234412
21 0.216042
22 0.205643
23 0.25278
24 0.235805
25 0.232904
26 0.241604
27 0.207799
28 0.248569
29 0.205796
"[DEBUG]index 58 centroid... "
0 0.20373
1 0.226347
2 0.223534
3 0.261568
4 0.227331
5 0.215886
6 0.211331
7 0.22678
8 0.140126
9 0.197444
10 0.205232
11 0.224886
12 0.226359
13 0.197257
14 0.236725
15 0.186451
16 0.190125
17 0.208748
18 0.174762
19 0.211872
20 0.218997
21 0.225072
22 0.208349
23 0.227542
24 0.207217
25 0.238136
26 0.25119
27 0.265165
28 0.244064
29 0.241328
"[DEBUG]index 59 centroid... "
0 0.237469
1 0.209954
2 0.232216
3 0.235212
4 0.235571
5 0.223932
6 0.243133
7 0.246431
8 0.186407
9 0.203637
10 0.23218
11 0.203898
12 0.223368
13 0.196629
14 0.200033
15 0.204388
16 0.206539
17 0.205392
18 0.226737
19 0.218094
20 0.193698
21 0.245813
22 0.248837
23 0.228301
24 0.217671
25 0.231011
26 0.214373
27 0.217973
28 0.237688
29 0.237184
"[DEBUG]index 60 centroid... "
0 0.249395
1 0.232602
2 0.227446
3 0.259488
4 0.218381
5 0.208162
6 0.190186
7 0.213414
8 0.154886
9 0.153065
10 0.178065
11 0.199752
12 0.207419
13 0.18368
14 0.171473
15 0.153977
16 0.193072
17 0.213327
18 0.247782
19 0.226115
20 0.207651
21 0.249687
22 0.253457
23 0.244732
24 0.276485
25 0.253055
26 0.289318
27 0.251812
28 0.196732
29 0.244445
"[DEBUG]index 61 centroid... "
0 0.224316
1 0.224313
2 0.230573
3 0.250958
4 0.253263
5 0.236677
6 0.237774
7 0.23273
8 0.189045
9 0.227136
10 0.235471
11 0.245513
12 0.234683
13 0.200125
14 0.237815
15 0.213021
16 0.222289
17 0.26062
18 0.229061
19 0.172285
20 0.186858
21 0.157758
22 0.265808
23 0.292095
24 0.248705
25 0.233191
26 0.211509
27 0.237398
28 0.207836
29 0.243193
"[DEBUG]index 62 centroid... "
0 0.220831
1 0.230715
2 0.221951
3 0.248707
4 0.2671
5 0.213637
6 0.232678
7 0.215032
8 0.175629
9 0.20964
10 0.248642
11 0.231509
12 0.217517
13 0.245799
14 0.227892
15 0.19559
16 0.177048
17 0.185826
18 0.185329
19 0.21041
20 0.239678
21 0.246799
22 0.231313
23 0.230306
24 0.221993
25 0.231736
26 0.208577
27 0.233928
28 0.212162
29 0.231162
"[DEBUG]index 63 centroid... "
0 0.270907
1 0.230411
2 0.261673
3 0.312257
4 0.300029
5 0.225506
6 0.250793
7 0.257877
8 0.250844
9 0.263843
10 0.262945
11 0.212095
12 0.207056
13 0.201666
14 0.230844
15 0.246267
16 0.206306
17 0.235789
18 0.222738
19 0.213401
20 0.188876
21 0.252379
22 0.236955
23 0.138605
24 0.234154
25 0.180168
26 0.193768
27 0.17047
28 0.244745
29 0.260009
"[DEBUG]index 64 centroid... "
0 0.205641
1 0.21743
2 0.193737
3 0.215399
4 0.238749
5 0.222714
6 0.252503
7 0.236501
8 0.160684
9 0.126875
10 0.13351
11 0.198041
12 0.215744
13 0.230643
14 0.234282
15 0.194502
16 0.242039
17 0.206326
18 0.200673
19 0.217588
20 0.19102
21 0.202969
22 0.181463
23 0.217227
24 0.227535
25 0.238842
26 0.238703
27 0.229504
28 0.229788
29 0.233702
"[DEBUG]index 65 centroid... "
0 0.236923
1 0.229316
2 0.220978
3 0.202228
4 0.2384
5 0.20753
6 0.259837
7 0.209291
8 0.11314
9 0.100376
10 0.171034
11 0.239515
12 0.247296
13 0.232717
14 0.24033
15 0.19893
16 0.210546
17 0.252629
18 0.226814
19 0.241686
20 0.215511
21 0.188714
22 0.248681
23 0.249747
24 0.200928
25 0.237125
26 0.257687
27 0.206415
28 0.188611
29 0.210418
"[DEBUG]index 66 centroid... "
0 0.246088
1 0.203057
2 0.195641
3 0.211235
4 0.234021
5 0.200923
6 0.229252
7 0.219041
8 0.129387
9 0.119983
10 0.133766
11 0.122451
12 0.158632
13 0.167867
14 0.164623
15 0.146392
16 0.144979
17 0.222353
18 0.196204
19 0.196377
20 0.24364
21 0.198744
22 0.182938
23 0.242232
24 0.209908
25 0.20312
26 0.202116
27 0.220465
28 0.217091
29 0.204667
"[DEBUG]index 67 centroid... "
0 0.224362
1 0.259805
2 0.250861
3 0.218483
4 0.249892
5 0.228784
6 0.250261
7 0.283494
8 0.22197
9 0.286663
10 0.275027
11 0.236332
12 0.296276
13 0.226895
14 0.186114
15 0.223494
16 0.237194
17 0.251931
18 0.229369
19 0.224233
20 0.265615
21 0.208578
22 0.255067
23 0.201037
24 0.168357
25 0.19917
26 0.223343
27 0.187989
28 0.237458
29 0.220895
"[DEBUG]index 68 centroid... "
0 0.219011
1 0.234328
2 0.236534
3 0.238692
4 0.238278
5 0.210714
6 0.254063
7 0.273163
8 0.20783
9 0.190608
10 0.220233
11 0.205692
12 0.204961
13 0.252667
14 0.252431
15 0.221409
16 0.200493
17 0.223804
18 0.224915
19 0.198311
20 0.221712
21 0.238274
22 0.233713
23 0.237882
24 0.243694
25 0.249109
26 0.26048
27 0.248012
28 0.253475
29 0.247034
"[DEBUG]index 69 centroid... "
0 0.252493
1 0.198852
2 0.204338
3 0.166515
4 0.259368
5 0.213152
6 0.263712
7 0.209352
8 0.17764
9 0.198181
10 0.16039
11 0.207995
12 0.218422
13 0.187681
14 0.17779
15 0.15788
16 0.22446
17 0.24039
18 0.166322
19 0.273577
20 0.234837
21 0.171108
22 0.235117
23 0.277727
24 0.252464
25 0.229603
26 0.240662
27 0.214397
28 0.203176
29 0.19355
"[DEBUG]index 70 centroid... "
0 0.237396
1 0.212547
2 0.200659
3 0.202051
4 0.242938
5 0.21184
6 0.229484
7 0.272849
8 0.163464
9 0.139138
10 0.230398
11 0.244823
12 0.212978
13 0.196801
14 0.216502
15 0.213472
16 0.216694
17 0.233636
18 0.233122
19 0.217884
20 0.267821
21 0.266547
22 0.260896
23 0.284783
24 0.276002
25 0.222022
26 0.253512
27 0.24543
28 0.243635
29 0.230099
"[DEBUG]index 71 centroid... "
0 0.198997
1 0.190786
2 0.208277
3 0.21815
4 0.231451
5 0.196251
6 0.208128
7 0.218864
8 0.154153
9 0.196707
10 0.228144
11 0.2115
12 0.23305
13 0.234547
14 0.212753
15 0.189624
16 0.207667
17 0.224591
18 0.222944
19 0.2276
20 0.216338
21 0.197926
22 0.181245
23 0.212667
24 0.221029
25 0.204928
26 0.229628
27 0.220862
28 0.210163
29 0.212243
"[DEBUG]index 72 centroid... "
0 0.201754
1 0.178725
2 0.214408
3 0.21023
4 0.216996
5 0.192444
6 0.246957
7 0.208576
8 0.140081
9 0.0835396
10 0.0960651
11 0.115024
12 0.151325
13 0.180217
14 0.182295
15 0.177203
16 0.225573
17 0.215431
18 0.197064
19 0.177495
20 0.20425
21 0.22065
22 0.246494
23 0.256842
24 0.251523
25 0.218791
26 0.227078
27 0.218168
28 0.232827
29 0.209513
"[DEBUG]index 73 centroid... "
0 0.2106
1 0.2187
2 0.22437
3 0.238228
4 0.224583
5 0.213303
6 0.216328
7 0.240674
8 0.184263
9 0.19491
10 0.20479
11 0.208529
12 0.228466
13 0.192749
14 0.210509
15 0.274299
16 0.278907
17 0.214013
18 0.199042
19 0.225269
20 0.21776
21 0.246555
22 0.234155
23 0.238675
24 0.22783
25 0.263094
26 0.216739
27 0.229805
28 0.261737
29 0.242461
"[DEBUG]index 74 centroid... "
0 0.205474
1 0.189918
2 0.177142
3 0.187708
4 0.182656
5 0.196505
6 0.226761
7 0.196699
8 0.166783
9 0.223502
10 0.197194
11 0.134472
12 0.18184
13 0.215484
14 0.186169
15 0.174626
16 0.180947
17 0.20371
18 0.216992
19 0.235317
20 0.260305
21 0.226962
22 0.233253
23 0.240355
24 0.246339
25 0.211356
26 0.246399
27 0.233951
28 0.251758
29 0.223264
"[DEBUG]index 75 centroid... "
0 0.212562
1 0.226205
2 0.217762
3 0.260754
4 0.241935
5 0.238887
6 0.294909
7 0.270944
8 0.203737
9 0.235493
10 0.242436
11 0.31361
12 0.272137
13 0.256497
14 0.247957
15 0.276084
16 0.291371
17 0.229675
18 0.297753
19 0.286267
20 0.262805
21 0.260701
22 0.263033
23 0.273653
24 0.261499
25 0.223142
26 0.210481
27 0.230027
28 0.194899
29 0.243117
"[DEBUG]index 76 centroid... "
0 0.239509
1 0.250333
2 0.258652
3 0.261335
4 0.225588
5 0.224104
6 0.25133
7 0.247467
8 0.252094
9 0.252133
10 0.2503
11 0.229326
12 0.275317
13 0.346378
14 0.229045
15 0.197632
16 0.246568
17 0.296796
18 0.233461
19 0.21446
20 0.226714
21 0.206596
22 0.265727
23 0.220069
24 0.310122
25 0.282363
26 0.32375
27 0.312819
28 0.272158
29 0.242858
"[DEBUG]index 77 centroid... "
0 0.226365
1 0.215759
2 0.218511
3 0.235819
4 0.253418
5 0.217569
6 0.269926
7 0.244709
8 0.159827
9 0.255656
10 0.248235
11 0.195274
12 0.240158
13 0.239038
14 0.176186
15 0.208288
16 0.208995
17 0.168158
18 0.222149
19 0.197598
20 0.229392
21 0.247405
22 0.190817
23 0.220497
24 0.213429
25 0.212991
26 0.225371
27 0.22501
28 0.236391
29 0.235084
"[DEBUG]index 78 centroid... "
0 0.237689
1 0.2423
2 0.212037
3 0.21198
4 0.22833
5 0.196473
6 0.214504
7 0.235024
8 0.20336
9 0.231999
10 0.220658
11 0.222947
12 0.197938
13 0.17869
14 0.205394
15 0.20919
16 0.190971
17 0.205351
18 0.215522
19 0.208764
20 0.19559
21 0.202221
22 0.227623
23 0.234017
24 0.230193
25 0.244772
26 0.233056
27 0.246497
28 0.237946
29 0.233057
"[DEBUG]index 79 centroid... "
0 0.229249
1 0.223823
2 0.21998
3 0.222174
4 0.220031
5 0.233213
6 0.261872
7 0.278768
8 0.19518
9 0.238852
10 0.310069
11 0.227377
12 0.223255
13 0.26588
14 0.20264
15 0.227359
16 0.275845
17 0.245239
18 0.200969
19 0.259003
20 0.253941
21 0.26485
22 0.257523
23 0.241771
24 0.214731
25 0.222542
26 0.259637
27 0.24682
28 0.253355
29 0.267699
"[DEBUG]index 80 centroid... "
0 0.193702
1 0.201126
2 0.223747
3 0.228147
4 0.23028
5 0.200044
6 0.211537
7 0.211129
8 0.137305
9 0.206673
10 0.239633
11 0.245704
12 0.237496
13 0.215361
14 0.237025
15 0.223869
16 0.222046
17 0.220118
18 0.202327
19 0.253942
20 0.257738
21 0.242807
22 0.256489
23 0.244524
24 0.233453
25 0.231893
26 0.233056
27 0.220421
28 0.233504
29 0.222789
"[DEBUG]index 81 centroid... "
0 0.245075
1 0.232313
2 0.257351
3 0.259868
4 0.258367
5 0.212041
6 0.225168
7 0.245773
8 0.19073
9 0.237396
10 0.249144
11 0.255057
12 0.225791
13 0.16653
14 0.265549
15 0.229957
16 0.248931
17 0.204162
18 0.205367
19 0.242806
20 0.244757
21 0.243385
22 0.254617
23 0.236462
24 0.217841
25 0.232337
26 0.223806
27 0.243227
28 0.245437
29 0.264249
"[DEBUG]index 82 centroid... "
0 0.240852
1 0.222794
2 0.223948
3 0.271083
4 0.245815
5 0.179903
6 0.222001
7 0.184141
8 0.113137
9 0.157671
10 0.216304
11 0.218843
12 0.251001
13 0.26341
14 0.220729
15 0.22406
16 0.252606
17 0.263915
18 0.216012
19 0.207368
20 0.227369
21 0.226196
22 0.248415
23 0.252217
24 0.237562
25 0.258353
26 0.234128
27 0.201742
28 0.21541
29 0.226009
"[DEBUG]index 83 centroid... "
0 0.211437
1 0.237748
2 0.219404
3 0.231574
4 0.231016
5 0.196763
6 0.2332
7 0.226094
8 0.130125
9 0.177881
10 0.239667
11 0.243622
12 0.226058
13 0.227634
14 0.247993
15 0.249322
16 0.242294
17 0.244916
18 0.274593
19 0.248119
20 0.238609
21 0.269276
22 0.249466
23 0.203227
24 0.213051
25 0.228222
26 0.220544
27 0.228125
28 0.22764
29 0.214958
"[DEBUG]index 84 centroid... "
0 0.208413
1 0.254245
2 0.244032
3 0.250916
4 0.289422
5 0.242103
6 0.26247
7 0.249538
8 0.159916
9 0.197605
10 0.181112
11 0.288475
12 0.319646
13 0.249517
14 0.280839
15 0.263681
16 0.262238
17 0.286182
18 0.299199
19 0.277091
20 0.332584
21 0.310797
22 0.340609
23 0.296162
24 0.316545
25 0.305404
26 0.24302
27 0.276885
28 0.292614
29 0.246867
"[DEBUG]index 85 centroid... "
0 0.22684
1 0.192737
2 0.192033
3 0.204357
4 0.226064
5 0.19398
6 0.236419
7 0.249632
8 0.213631
9 0.145495
10 0.228776
11 0.201849
12 0.237874
13 0.191862
14 0.186035
15 0.191503
16 0.229586
17 0.190416
18 0.217753
19 0.209983
20 0.21942
21 0.18342
22 0.228498
23 0.223945
24 0.219288
25 0.207453
26 0.195499
27 0.159009
28 0.175043
29 0.214446
"[DEBUG]index 86 centroid... "
0 0.201369
1 0.203999
2 0.207731
3 0.218084
4 0.228837
5 0.18982
6 0.195782
7 0.190348
8 0.145323
9 0.187057
10 0.221189
11 0.218604
12 0.226354
13 0.218576
14 0.21496
15 0.222377
16 0.25699
17 0.264921
18 0.278191
19 0.255436
20 0.25443
21 0.270338
22 0.2366
23 0.233026
24 0.234061
25 0.231202
26 0.226065
27 0.218545
28 0.216901
29 0.208635
"[DEBUG]index 87 centroid... "
0 0.261606
1 0.261406
2 0.236321
3 0.238781
4 0.26744
5 0.237754
6 0.24806
7 0.271869
8 0.181071
9 0.202743
10 0.27747
11 0.234376
12 0.19256
13 0.217311
14 0.24768
15 0.240589
16 0.228848
17 0.226262
18 0.246678
19 0.251631
20 0.231072
21 0.211868
22 0.244198
23 0.271207
24 0.258263
25 0.234013
26 0.273522
27 0.248204
28 0.211723
29 0.246013
"[DEBUG]index 88 centroid... "
0 0.222483
1 0.22317
2 0.219129
3 0.246271
4 0.238391
5 0.235382
6 0.244488
7 0.217502
8 0.149417
9 0.122318
10 0.15208
11 0.249374
12 0.240877
13 0.234986
14 0.21301
15 0.240428
16 0.201055
17 0.180175
18 0.191908
19 0.212683
20 0.230739
21 0.266071
22 0.23263
23 0.232931
24 0.22939
25 0.237504
26 0.236453
27 0.209167
28 0.230322
29 0.227639
"[DEBUG]index 89 centroid... "
0 0.223346
1 0.223954
2 0.202232
3 0.250156
4 0.248977
5 0.214892
6 0.252014
7 0.277802
8 0.173261
9 0.158384
10 0.265129
11 0.229588
12 0.229271
13 0.188068
14 0.181176
15 0.227548
16 0.23223
17 0.246519
18 0.260585
19 0.237142
20 0.234066
21 0.2665
22 0.257368
23 0.244948
24 0.283522
25 0.262047
26 0.259888
27 0.257472
28 0.278703
29 0.247387
"[DEBUG]index 90 centroid... "
0 0.246149
1 0.231078
2 0.225961
3 0.251956
4 0.233403
5 0.210079
6 0.263896
7 0.250024
8 0.160543
9 0.165358
10 0.134333
11 0.170641
12 0.154549
13 0.182384
14 0.214285
15 0.245921
16 0.212226
17 0.227845
18 0.259628
19 0.251892
20 0.223752
21 0.226292
22 0.253859
23 0.239442
24 0.237122
25 0.263648
26 0.270068
27 0.254396
28 0.241415
29 0.253529
"[DEBUG]index 91 centroid... "
0 0.219484
1 0.239845
2 0.22853
3 0.249633
4 0.221354
5 0.20731
6 0.234682
7 0.235122
8 0.141664
9 0.207263
10 0.208029
11 0.257362
12 0.217381
13 0.223409
14 0.196027
15 0.129414
16 0.125352
17 0.117069
18 0.146802
19 0.162588
20 0.214018
21 0.187263
22 0.182074
23 0.236659
24 0.236538
25 0.228571
26 0.213384
27 0.2139
28 0.21816
29 0.249458
"[DEBUG]index 92 centroid... "
0 0.21866
1 0.22492
2 0.227307
3 0.226146
4 0.228579
5 0.206061
6 0.219278
7 0.20707
8 0.159639
9 0.221568
10 0.216835
11 0.196369
12 0.26013
13 0.210761
14 0.140163
15 0.124056
16 0.113759
17 0.184009
18 0.219052
19 0.213557
20 0.235628
21 0.23594
22 0.208032
23 0.214026
24 0.213577
25 0.232649
26 0.239711
27 0.2333
28 0.227069
29 0.22301
"[DEBUG]index 93 centroid... "
0 0.249252
1 0.251462
2 0.22546
3 0.247262
4 0.224341
5 0.211285
6 0.259178
7 0.241987
8 0.203744
9 0.25239
10 0.257864
11 0.185616
12 0.206421
13 0.238945
14 0.179678
15 0.187286
16 0.25627
17 0.235621
18 0.206912
19 0.217142
20 0.214697
21 0.208109
22 0.194297
23 0.233534
24 0.233053
25 0.219944
26 0.23829
27 0.231107
28 0.246152
29 0.238289
"[DEBUG]index 94 centroid... "
0 0.235139
1 0.240368
2 0.205591
3 0.22896
4 0.228267
5 0.221569
6 0.245382
7 0.230113
8 0.135464
9 0.195763
10 0.213352
11 0.207434
12 0.266181
13 0.199592
14 0.198141
15 0.237913
16 0.24148
17 0.197717
18 0.206321
19 0.243094
20 0.265504
21 0.270716
22 0.300196
23 0.311328
24 0.274835
25 0.278564
26 0.288755
27 0.255433
28 0.26592
29 0.278105
"[DEBUG]index 95 centroid... "
0 0.192293
1 0.186614
2 0.195907
3 0.211491
4 0.218525
5 0.214412
6 0.227947
7 0.192831
8 0.125987
9 0.137132
10 0.164694
11 0.208828
12 0.229833
13 0.172278
14 0.224343
15 0.177747
16 0.156139
17 0.193663
18 0.170553
19 0.181824
20 0.234586
21 0.231275
22 0.195943
23 0.227325
24 0.233768
25 0.19678
26 0.195072
27 0.213413
28 0.193754
29 0.207265
"[DEBUG]index 96 centroid... "
0 0.236018
1 0.211576
2 0.226882
3 0.238346
4 0.233667
5 0.220809
6 0.245678
7 0.270694
8 0.164786
9 0.197033
10 0.239396
11 0.235482
12 0.222079
13 0.257794
14 0.280224
15 0.198506
16 0.233013
17 0.265823
18 0.220028
19 0.204712
20 0.254226
21 0.241157
22 0.195387
23 0.238124
24 0.230131
25 0.216122
26 0.241832
27 0.239228
28 0.242057
29 0.256556
"[DEBUG]index 97 centroid... "
0 0.217304
1 0.203172
2 0.207301
3 0.213689
4 0.233692
5 0.209211
6 0.248869
7 0.221946
8 0.168451
9 0.221931
10 0.22852
11 0.175168
12 0.216606
13 0.197898
14 0.203313
15 0.200832
16 0.203093
17 0.221509
18 0.196302
19 0.202688
20 0.23359
21 0.194042
22 0.227935
23 0.267812
24 0.233622
25 0.222595
26 0.216239
27 0.208418
28 0.231188
29 0.210947
"[DEBUG]index 98 centroid... "
0 0.276818
1 0.249229
2 0.250914
3 0.24952
4 0.270289
5 0.267164
6 0.320254
7 0.256117
8 0.174201
9 0.238689
10 0.268683
11 0.22651
12 0.214767
13 0.282617
14 0.20527
15 0.117013
16 0.236817
17 0.182419
18 0.175982
19 0.232223
20 0.233774
21 0.245108
22 0.226621
23 0.225811
24 0.2099
25 0.214181
26 0.241025
27 0.248688
28 0.282465
29 0.300935
"[DEBUG]index 99 centroid... "
0 0.214254
1 0.199801
2 0.223332
3 0.225942
4 0.229823
5 0.214662
6 0.230372
7 0.245474
8 0.182588
9 0.192519
10 0.22686
11 0.205934
12 0.214306
13 0.243359
14 0.232882
15 0.205565
16 0.244143
17 0.21788
18 0.155758
19 0.215231
20 0.236725
21 0.215863
22 0.233162
23 0.240976
24 0.207395
25 0.227822
26 0.22828
27 0.230528
28 0.217893
29 0.232725
