correlation level (red against blue): 
0.0399045
0.0156276
-0.345123
-0.0435495
-0.698939
-0.440663
-0.486123
-0.324961
-0.586005
-0.692982
-0.664307
-0.702043
-0.761254
-0.575142
-0.137625
-0.672576
-0.67585
-0.60597
-0.652721
-0.560072
-0.259831
-0.800987
-0.740723
-0.708515
-0.744109
-0.661575
-0.331194
-0.471268
-0.660045
-0.598947
-0.488305
-0.501555
-0.371471
-0.694351
-0.79805
-0.559066
-0.735919
-0.715378
-0.743357
-0.800203
-0.56675
-0.705873
-0.821513
-0.786013
-0.594473
-0.665736
-0.638359
-0.529505
-0.826223
-0.50215
-0.669063
-0.683072
-0.762093
-0.0567334
-0.187865
-0.219267
-0.651749
-0.595012
-0.762613
-0.52843
-0.577231
-0.692583
-0.542826
-0.197755
-0.50015
-0.528881
-0.491306
-0.0401655
-0.449057
-0.602639
-0.724172
-0.687793
-0.45406
-0.388197
-0.589464
-0.423349
-0.264625
-0.711157
-0.536075
-0.435646
-0.770122
-0.728847
-0.639431
-0.623424
-0.756159
-0.434401
-0.598804
-0.653148
-0.643437
-0.682475
-0.560831
-0.573918
-0.746031
-0.610332
-0.675378
-0.687077
-0.702639
-0.568264
-0.804847
-0.769548
