"[DEBUG]index 0 centroid... "
0 0.609091
1 0.763636
2 0.9
3 0.590909
4 0.663636
5 1.6
6 0.9
7 0.754545
8 2.19091
9 2.32727
10 2.79091
11 3.76364
12 5.64545
13 6.91818
14 9.11818
15 10.4364
16 7.25455
17 5.06364
18 4.40909
19 3.90909
20 2.31818
21 2.6
22 1.54545
23 1.97273
24 1.18182
25 1.20909
26 1.59091
27 1.05455
28 1.08182
29 0.781818
"[DEBUG]index 1 centroid... "
0 6
1 5.64935
2 6.42857
3 8.24675
4 8.38961
5 3.88312
6 4.41558
7 3.14286
8 7.12987
9 3.55844
10 3.22078
11 1.38961
12 1.33766
13 0.623377
14 0.25974
15 0.25974
16 0.116883
17 0.545455
18 0.454545
19 1.11688
20 1.15584
21 1.35065
22 2.79221
23 1.77922
24 2.96104
25 2.50649
26 2.8961
27 2.63636
28 2.81818
29 3.09091
"[DEBUG]index 2 centroid... "
0 1.98106
1 1.92152
2 1.88769
3 2.03383
4 2.06225
5 1.96752
6 1.85521
7 1.49797
8 8.24628
9 3.15697
10 1.77267
11 0.976996
12 0.485792
13 0.483085
14 0.875507
15 1.66576
16 4.4452
17 5.90663
18 13.6022
19 5.60622
20 3.54533
21 1.52909
22 0.769959
23 1.90257
24 2.24222
25 1.97835
26 2.26928
27 2.47767
28 1.94993
29 1.82679
"[DEBUG]index 3 centroid... "
0 3.36066
1 2.90164
2 2.95082
3 2.77049
4 3.86885
5 3.32787
6 3.06557
7 2.27869
8 10.0164
9 2.78689
10 1.90164
11 1.04918
12 0.868852
13 1.36066
14 6.2623
15 4.90164
16 6.44262
17 1.18033
18 1
19 0.52459
20 0.147541
21 0.278689
22 0.967213
23 2.4918
24 2.13115
25 2.44262
26 2.68852
27 2.40984
28 1.80328
29 2.7377
"[DEBUG]index 4 centroid... "
0 2.38432
1 2.1994
2 1.97924
3 1.79951
4 2.28954
5 2.46927
6 2.34499
7 1.16389
8 16.8427
9 2.95384
10 2.20623
11 1.05381
12 2.49303
13 1.54575
14 5.32396
15 6.16771
16 1.50997
17 0.917782
18 2.66567
19 1.91642
20 3.13439
21 19.4769
22 4.36684
23 2.42966
24 2.91724
25 2.68888
26 2.23709
27 2.12128
28 2.12456
29 2.27479
"[DEBUG]index 5 centroid... "
0 2.53326
1 2.75161
2 2.55116
3 2.45562
4 2.32656
5 2.35001
6 2.19524
7 1.33872
8 15.7155
9 3.97117
10 2.29356
11 3.83846
12 18.2599
13 2.20167
14 1.75091
15 1.29442
16 1.22599
17 1.74796
18 2.8124
19 16.7568
20 3.8996
21 2.05941
22 2.53952
23 2.76411
24 2.15234
25 1.89995
26 2.20497
27 2.35296
28 2.28348
29 2.20375
"[DEBUG]index 6 centroid... "
0 2.09815
1 2.0224
2 2.13336
3 1.83393
4 1.92176
5 1.98329
6 1.70519
7 1.36735
8 13.9943
9 2.2845
10 10.777
11 12.1814
12 3.92319
13 1.91074
14 0.852774
15 1.63762
16 4.02845
17 4.33037
18 1.6931
19 0.815789
20 1.85277
21 4.16785
22 1.28521
23 1.70946
24 1.80334
25 1.97831
26 1.55441
27 1.71586
28 1.6426
29 1.61984
"[DEBUG]index 7 centroid... "
0 2.49164
1 2.66221
2 2.38796
3 2.74248
4 2.56856
5 2.3612
6 2.3311
7 1.50167
8 10.7993
9 2.301
10 5.71906
11 3.01338
12 10.8395
13 9.36455
14 3.62876
15 1.65217
16 0.675585
17 0.394649
18 0.397993
19 0.772575
20 0.812709
21 1.55853
22 5.10033
23 1.53846
24 1.83612
25 2.1204
26 2.00669
27 1.84281
28 2.40468
29 2.16054
"[DEBUG]index 8 centroid... "
0 2.97176
1 2.9176
2 2.69905
3 2.34671
4 3.27158
5 3.07362
6 2.73551
7 1.62677
8 29.8533
9 3.56566
10 2.4301
11 2.60631
12 2.39273
13 7.70969
14 1.59542
15 9.90549
16 1.76497
17 10.6877
18 2.02651
19 1.88741
20 8.34516
21 2.1516
22 0.932526
23 2.9801
24 2.89464
25 2.56371
26 2.59641
27 2.65852
28 2.63711
29 2.5224
"[DEBUG]index 9 centroid... "
0 3.60302
1 3.33841
2 3.16752
3 2.75674
4 3.04108
5 3.1104
6 2.80006
7 1.79846
8 25.8789
9 3.68245
10 7.10847
11 8.79156
12 2.77599
13 0.968229
14 1.79573
15 10.7312
16 1.957
17 1.05488
18 1.98492
19 10.2736
20 1.94592
21 0.947047
22 2.56354
23 3.2654
24 2.72609
25 2.74711
26 2.87307
27 2.86569
28 2.61874
29 2.5207
"[DEBUG]index 10 centroid... "
0 2.88875
1 2.75274
2 2.64991
3 2.59403
4 2.97627
5 2.98163
6 2.84078
7 1.5578
8 22.9232
9 4.34448
10 2.95024
11 1.14749
12 2.00842
13 9.57106
14 1.89793
15 0.952539
16 2.04925
17 8.96504
18 7.86859
19 2.02577
20 1.17887
21 1.96657
22 11.0566
23 2.08063
24 2.68793
25 2.76652
26 3.08446
27 2.60755
28 2.69125
29 2.59403
"[DEBUG]index 11 centroid... "
0 1.83778
1 1.89144
2 1.82723
3 1.57072
4 1.53567
5 1.82196
6 1.82134
7 1.35267
8 9.49504
9 2.21495
10 10.3297
11 3.02854
12 1.65757
13 1.79032
14 0.806452
15 1.4147
16 4.26954
17 1.61911
18 3.93486
19 5.36569
20 20.1002
21 5.34522
22 3.88058
23 1.93983
24 2.14144
25 1.68114
26 1.93269
27 1.89361
28 2.02171
29 1.84895
"[DEBUG]index 12 centroid... "
0 2.56327
1 2.59079
2 2.26842
3 2.0909
4 2.71262
5 2.61253
6 2.63708
7 1.70068
8 19.6669
9 3.2582
10 2.06364
11 1.94436
12 7.20391
13 1.90167
14 2.00439
15 3.42671
16 22.9052
17 3.48066
18 2.04543
19 6.33645
20 2.33093
21 1.62375
22 5.77112
23 2.30333
24 2.40231
25 2.47706
26 2.55106
27 2.28741
28 2.2225
29 2.13779
"[DEBUG]index 13 centroid... "
0 2.53771
1 2.58446
2 2.56637
3 2.10407
4 2.60407
5 2.08824
6 2.76546
7 1.55581
8 13.8846
9 2.07014
10 14.8348
11 1.86124
12 16.0189
13 2.75264
14 5.12293
15 1.63499
16 1.85596
17 3.7368
18 4.00452
19 1.61463
20 0.970588
21 0.564103
22 0.866516
23 1.78658
24 1.69834
25 1.68929
26 1.84238
27 1.90422
28 1.73379
29 1.65008
"[DEBUG]index 14 centroid... "
0 3.07039
1 3.12015
2 2.60558
3 2.33252
4 3.02306
5 3.05097
6 3.24879
7 1.87136
8 15.2937
9 3.69539
10 2.37379
11 0.910194
12 0.506068
13 1.14078
14 0.908981
15 1.81796
16 9.99757
17 2.21845
18 1.1699
19 1.06553
20 2.94903
21 1.35437
22 8.77306
23 2.37015
24 3.19903
25 2.88107
26 3.43568
27 2.46116
28 3.08252
29 2.63714
"[DEBUG]index 15 centroid... "
0 1.66989
1 1.72613
2 1.99531
3 1.48623
4 1.61687
5 1.73755
6 1.84505
7 1.21617
8 6.12273
9 16.6681
10 5.82484
11 3.36175
12 1.44347
13 2.83978
14 9.92531
15 2.20152
16 0.987991
17 3.09871
18 1.18278
19 3.05448
20 1.07088
21 3.28325
22 2.64558
23 1.343
24 1.49883
25 1.36409
26 1.43585
27 1.52753
28 1.25893
29 1.18541
"[DEBUG]index 16 centroid... "
0 2.98522
1 2.93601
2 2.75713
3 2.42387
4 3.19771
5 3.1079
6 2.7358
7 1.53655
8 27.0153
9 3.61673
10 2.38085
11 1.20462
12 1.19462
13 2.00154
14 2.62246
15 0.854957
16 2.64548
17 0.973227
18 1.88305
19 11.0701
20 1.48235
21 2.16306
22 0.959841
23 3.09584
24 2.40107
25 2.51493
26 2.50419
27 2.85569
28 2.58355
29 2.49169
"[DEBUG]index 17 centroid... "
0 2.75289
1 3.08836
2 2.75502
3 2.46293
4 2.50311
5 2.96729
6 2.40124
7 1.60747
8 21.0267
9 4.31396
10 1.99556
11 10.5792
12 2.18222
13 0.8304
14 1.18364
15 2.74578
16 0.843733
17 1.88996
18 9.82329
19 2.20604
20 1.9104
21 7.7984
22 7.87538
23 2.02222
24 2.75929
25 2.94418
26 2.784
27 2.63662
28 2.75396
29 2.67911
"[DEBUG]index 18 centroid... "
0 2.42437
1 2.71852
2 2.26045
3 2.16571
4 2.57909
5 2.68578
6 2.59462
7 1.73967
8 18.3926
9 4.11697
10 2.00717
11 6.24098
12 2.26272
13 3.06237
14 5.46655
15 1.98578
16 3.13059
17 21.8284
18 5.11649
19 2.35579
20 4.57419
21 20.557
22 3.57384
23 3.04648
24 2.94851
25 2.78363
26 2.9773
27 2.51398
28 2.59367
29 2.56989
"[DEBUG]index 19 centroid... "
0 1.96936
1 1.95466
2 1.73284
3 1.53002
4 1.86152
5 2.03493
6 1.89951
7 1.3076
8 12.1207
9 2.54473
10 1.7598
11 1.23346
12 1.76225
13 2.25123
14 15.3217
15 2.95833
16 1.8174
17 4.05208
18 12.1268
19 10.7984
20 3.02206
21 1.49203
22 5.70833
23 2.019
24 2.03064
25 1.87684
26 2.28248
27 2.15931
28 2.18995
29 2.0576
"[DEBUG]index 20 centroid... "
0 4.20949
1 4.4249
2 3.82609
3 3.32609
4 3.28458
5 3.86759
6 3.08696
7 1.917
8 16.4111
9 6.10277
10 1.7253
11 2.74901
12 3.90909
13 0.851779
14 0.440711
15 0.847826
16 2.25692
17 9.61858
18 1.82609
19 2.63636
20 0.972332
21 0.555336
22 0.859684
23 3.56917
24 2.78261
25 3.44071
26 3.1087
27 3.32016
28 2.86166
29 3.3498
"[DEBUG]index 21 centroid... "
0 2.94753
1 3.12946
2 2.84808
3 2.48842
4 2.89618
5 3.09538
6 2.51707
7 1.69251
8 33.7529
9 3.54774
10 2.07825
11 10.2855
12 2.56167
13 1.93649
14 2.47606
15 0.942528
16 2.01482
17 2.65581
18 0.902246
19 2.11272
20 8.25766
21 1.70674
22 2.12539
23 2.61006
24 2.61081
25 2.24459
26 2.36959
27 2.30247
28 2.37614
29 2.28742
"[DEBUG]index 22 centroid... "
0 2.78095
1 2.64092
2 2.45408
3 2.36809
4 2.8417
5 2.88673
6 2.79579
7 1.51687
8 20.0113
9 3.04934
10 1.55835
11 5.73478
12 6.32369
13 1.66527
14 3.10274
15 22.5993
16 3.06913
17 2.09995
18 1.34082
19 1.1843
20 1.767
21 5.98364
22 1.52714
23 2.86441
24 2.48668
25 2.53843
26 2.17276
27 2.10908
28 2.12303
29 1.96969
"[DEBUG]index 23 centroid... "
0 2.45856
1 2.43863
2 2.23035
3 2.22203
4 2.61751
5 2.65636
6 2.2547
7 1.36382
8 18.0585
9 2.99079
10 2.10735
11 2.35587
12 5.87562
13 2.63618
14 21.0752
15 3.06812
16 2.21345
17 1.11581
18 1.75729
19 5.43623
20 1.55885
21 1.66709
22 0.960262
23 2.46739
24 2.11871
25 2.07102
26 1.99256
27 2.02018
28 1.98701
29 1.92797
"[DEBUG]index 24 centroid... "
0 3.02087
1 3.02325
2 3.00897
3 2.76715
4 3.01081
5 3.40722
6 3.17533
7 1.7937
8 30.722
9 3.6106
10 2.03794
11 10.3064
12 2.22237
13 6.3273
14 1.84558
15 11.1302
16 1.6563
17 1.98744
18 8.36235
19 2.18794
20 0.969574
21 2.38481
22 2.09891
23 2.8326
24 2.53881
25 2.57483
26 2.58468
27 2.58539
28 2.54341
29 2.26486
"[DEBUG]index 25 centroid... "
0 3.22219
1 3.07364
2 2.90795
3 2.34561
4 3.02596
5 2.98809
6 2.43616
7 1.47916
8 30.2667
9 3.21256
10 12.2835
11 1.83486
12 1.13173
13 0.9995
14 2.33211
15 2.07809
16 0.879631
17 2.35074
18 2.57789
19 0.770262
20 2.02668
21 2.08882
22 0.749398
23 2.43511
24 2.30974
25 2.29592
26 2.17878
27 2.25665
28 2.22456
29 2.29865
"[DEBUG]index 26 centroid... "
0 2.74696
1 3.3309
2 3.04988
3 2.68127
4 2.99878
5 3.37835
6 2.48297
7 1.59246
8 15.5779
9 4.40511
10 2.1326
11 1.04136
12 2.62774
13 9.65207
14 1.51095
15 0.805353
16 0.542579
17 1.05474
18 2.4708
19 1.65937
20 10.3504
21 1.6618
22 8.67762
23 2.53893
24 3.25182
25 2.5292
26 2.93187
27 3.01825
28 2.88686
29 2.92092
"[DEBUG]index 27 centroid... "
0 1.86246
1 1.93879
2 1.79535
3 1.57264
4 1.41851
5 1.74078
6 1.70907
7 1.49115
8 9.98451
9 2.26917
10 7.93178
11 8.56785
12 3.00737
13 1.27581
14 4.1969
15 1.61541
16 2.98046
17 4.92072
18 21.1434
19 5.36799
20 3.35324
21 1.58813
22 4.5767
23 1.54425
24 1.52802
25 1.57264
26 1.91962
27 1.89233
28 1.76438
29 1.60066
"[DEBUG]index 28 centroid... "
0 2.28195
1 2.51383
2 2.46838
3 2.11808
4 2.30287
5 2.35557
6 1.986
7 1.43643
8 17.7668
9 3.42358
10 6.06621
11 5.47431
12 4.09009
13 21.9962
14 3.24835
15 1.30451
16 5.87681
17 1.56028
18 5.31094
19 1.66238
20 6.87516
21 1.37418
22 6.33943
23 1.92918
24 2.24358
25 1.98864
26 2.18841
27 2.02997
28 2.10096
29 1.82131
"[DEBUG]index 29 centroid... "
0 2.44727
1 2.35441
2 2.31408
3 2.08403
4 2.3166
5 3.03235
6 2.62962
7 2.29622
8 17.6143
9 2.22332
10 17.8338
11 3.37101
12 2.31828
13 2.59706
14 4.8063
15 2.44034
16 18.4315
17 3.5605
18 1.82962
19 4.52038
20 5.74118
21 1.525
22 1.02605
23 2.2813
24 2.07164
25 2.0313
26 2.11324
27 2.20714
28 2.03824
29 1.92521
"[DEBUG]index 30 centroid... "
0 2.42061
1 2.50047
2 2.33776
3 2.24331
4 2.63774
5 2.84028
6 2.45278
7 1.45932
8 20.4131
9 4.28165
10 2.1528
11 1.02151
12 2.755
13 0.862727
14 2.27847
15 0.639611
16 2.13709
17 9.02057
18 1.5029
19 7.57902
20 7.098
21 1.42491
22 8.92482
23 2.1786
24 2.38208
25 2.63961
26 2.80643
27 2.50982
28 2.76828
29 2.50589
"[DEBUG]index 31 centroid... "
0 3.66934
1 3.47731
2 3.33658
3 2.92437
4 3.60954
5 3.32662
6 2.98817
7 1.58771
8 35.3085
9 4.04966
10 3.05607
11 2.4156
12 14.8495
13 1.54758
14 1.05291
15 2.67687
16 2.63338
17 1.10756
18 2.57872
19 1.18583
20 2.70087
21 2.1938
22 1.13578
23 2.90895
24 2.80153
25 2.56787
26 2.55194
27 2.68641
28 2.56817
29 2.52865
"[DEBUG]index 32 centroid... "
0 2.04187
1 1.86822
2 1.65477
3 1.79753
4 1.95676
5 2.00343
6 2.26561
7 1.41181
8 12.7152
9 2.26767
10 1.54976
11 0.834592
12 0.914894
13 1.58133
14 2.54427
15 12.6301
16 9.78518
17 3.50927
18 4.97598
19 1.52642
20 4.61908
21 4.2862
22 1.27248
23 2.08167
24 2.22787
25 2.09952
26 2.00892
27 1.90734
28 2.03775
29 1.87371
"[DEBUG]index 33 centroid... "
0 2.54289
1 2.47203
2 2.57252
3 2.06055
4 2.32834
5 2.2905
6 2.33878
7 1.30555
8 19.2796
9 2.34753
10 21.3945
11 3.02346
12 1.95335
13 2.35702
14 2.23659
15 0.905879
16 1.00414
17 0.825795
18 2.09622
19 5.10809
20 1.41032
21 5.52329
22 1.64237
23 2.18702
24 2.02509
25 2.09005
26 1.86818
27 2.00271
28 2.03784
29 1.97627
"[DEBUG]index 34 centroid... "
0 2.45747
1 2.49394
2 2.45949
3 2.38789
4 2.8572
5 2.91898
6 2.77577
7 1.66837
8 19.6972
9 2.93203
10 2.29771
11 1.38627
12 2.23082
13 3.58627
14 23.1883
15 3.24199
16 1.87806
17 7.17954
18 2.25303
19 1.00592
20 2.37389
21 1.83661
22 5.88883
23 2.40458
24 2.68721
25 2.65289
26 2.54159
27 2.47618
28 2.33069
29 2.23445
"[DEBUG]index 35 centroid... "
0 2.26444
1 2.34213
2 2.20688
3 2.04847
4 1.963
5 2.03592
6 2.08786
7 1.16879
8 16.143
9 3.19714
10 5.26704
11 3.39104
12 18.8673
13 2.9723
14 1.54642
15 4.98269
16 1.65397
17 5.68513
18 1.59381
19 5.67172
20 3.27159
21 16.2891
22 3.85414
23 2.06254
24 2.40814
25 2.43757
26 1.9037
27 1.99892
28 2.14066
29 1.97576
"[DEBUG]index 36 centroid... "
0 2.76444
1 2.5053
2 2.47914
3 2.16303
4 2.24246
5 2.7232
6 2.39426
7 1.5974
8 12.7831
9 14.5889
10 4.22914
11 1.54621
12 7.84243
13 1.48331
14 0.780488
15 0.858151
16 1.85382
17 1.72609
18 0.761714
19 2.22401
20 0.835526
21 1.44432
22 5.22946
23 1.56178
24 1.99214
25 1.92362
26 1.9594
27 1.76059
28 1.7768
29 1.87452
"[DEBUG]index 37 centroid... "
0 2.53261
1 2.65206
2 2.40007
3 2.18332
4 2.44051
5 2.7358
6 2.55259
7 1.55785
8 19.5575
9 3.53091
10 2.06124
11 2.17555
12 2.10554
13 1.94115
14 6.53576
15 1.88488
16 3.64265
17 21.1227
18 3.65188
19 2.00374
20 1.22405
21 2.21067
22 0.906031
23 2.26759
24 2.14703
25 2.26145
26 2.19717
27 2.25152
28 2.12021
29 1.9183
"[DEBUG]index 38 centroid... "
0 3.11433
1 2.93728
2 2.68175
3 2.6178
4 3.33009
5 3.23111
6 3.06623
7 1.93361
8 26.2483
9 3.61617
10 2.37125
11 1.34087
12 3.05619
13 0.893589
14 1.97828
15 12.2305
16 2.02189
17 1.9853
18 9.93769
19 2.65578
20 1.0178
21 2.07693
22 9.68461
23 2.28828
24 2.91311
25 3.04402
26 3.16292
27 2.76668
28 2.85243
29 2.71564
"[DEBUG]index 39 centroid... "
0 2.53814
1 2.45735
2 2.35598
3 2.13253
4 2.48543
5 2.55451
6 2.37025
7 1.46696
8 20.8754
9 3.73134
10 2.11841
11 6.26918
12 1.97244
13 5.59806
14 1.5205
15 6.45825
16 6.06818
17 2.17916
18 3.84074
19 24.2477
20 3.55166
21 1.96869
22 2.49625
23 2.73021
24 2.26881
25 2.19147
26 2.30958
27 2.40479
28 2.29719
29 2.14574
"[DEBUG]index 40 centroid... "
0 4.6752
1 4.43012
2 4.36909
3 4.25295
4 4.40945
5 4.19587
6 3.79134
7 2.47835
8 15.6506
9 4.8002
10 1.85039
11 9.82087
12 2.35728
13 2.2687
14 2.91043
15 0.988189
16 0.387795
17 0.932087
18 0.922244
19 2.6437
20 0.635827
21 0.429134
22 0.787402
23 2.71752
24 2.29429
25 2.5748
26 2.61024
27 2.7185
28 2.50098
29 2.40354
"[DEBUG]index 41 centroid... "
0 1.73035
1 1.96818
2 1.89676
3 1.69323
4 1.56706
5 1.87399
6 1.8442
7 1.36962
8 5.73238
9 14.2381
10 2.90346
11 15.5274
12 5.00936
13 2.41298
14 2.97598
15 2.79835
16 1.21694
17 0.772302
18 1.17202
19 1.19074
20 2.18044
21 1.1845
22 0.634903
23 1.26279
24 1.18621
25 1.12976
26 1.13225
27 1.17779
28 1.24002
29 1.01482
"[DEBUG]index 42 centroid... "
0 2.73537
1 3.13341
2 2.31334
3 2.20612
4 2.30233
5 2.66267
6 2.66267
7 1.66536
8 13.6928
9 16.3559
10 3.94639
11 1.70845
12 6.82056
13 1.48103
14 1.95251
15 0.955936
16 1.61444
17 6.36304
18 6.23623
19 1.29645
20 7.11579
21 2.06389
22 0.795838
23 2.26634
24 2.04088
25 1.91187
26 2.17234
27 2.13758
28 2.0754
29 1.90649
"[DEBUG]index 43 centroid... "
0 3.32253
1 3.18669
2 3.16076
3 2.91861
4 3.63411
5 3.59738
6 3.43547
7 1.91789
8 25.6616
9 3.48718
10 2.38101
11 3.23019
12 1.11034
13 2.15514
14 11.8136
15 2.09925
16 1.14996
17 1.29761
18 1.16739
19 3.17056
20 0.897292
21 1.9274
22 9.5569
23 2.49928
24 3.04898
25 3.11034
26 3.1671
27 2.64852
28 2.87583
29 2.71564
"[DEBUG]index 44 centroid... "
0 2.55253
1 2.564
2 2.36742
3 1.97579
4 2.49311
5 2.47622
6 2.18447
7 1.34432
8 24.0345
9 3.18033
10 8.45368
11 2.07941
12 1.02828
13 2.46882
14 0.965512
15 2.0998
16 1.52043
17 9.96647
18 1.49924
19 8.05727
20 1.50084
21 8.16057
22 1.61983
23 2.47399
24 2.27527
25 2.45408
26 2.14568
27 2.39952
28 2.35317
29 2.44508
"[DEBUG]index 45 centroid... "
0 2.56873
1 2.51013
2 2.42448
3 2.02065
4 2.58132
5 2.6058
6 2.15143
7 1.35821
8 24.8651
9 3.09371
10 9.33628
11 1.89184
12 2.04956
13 7.86981
14 1.25811
15 7.01524
16 1.83904
17 2.22439
18 0.947591
19 1.8825
20 8.02124
21 1.35438
22 8.01298
23 2.28033
24 2.61613
25 2.48191
26 2.38338
27 2.13383
28 2.31318
29 2.21829
"[DEBUG]index 46 centroid... "
0 3.00646
1 2.89304
2 2.77171
3 2.54912
4 3.09906
5 3.06063
6 2.69729
7 1.41108
8 31.5522
9 3.83292
10 2.76432
11 2.5741
12 10.1586
13 1.33137
14 9.92895
15 2.09119
16 1.12071
17 2.48996
18 8.95982
19 1.98068
20 2.01801
21 8.49928
22 2.08204
23 2.81116
24 2.88028
25 2.82471
26 2.60074
27 2.69877
28 2.68595
29 2.63164
"[DEBUG]index 47 centroid... "
0 2.82418
1 2.81133
2 2.59973
3 2.3238
4 2.7511
5 2.94054
6 2.65297
7 1.70061
8 26.85
9 3.54895
10 2.01933
11 7.93225
12 2.4977
13 0.936411
14 2.45429
15 1.89131
16 9.37549
17 1.69351
18 10.384
19 1.61276
20 8.98568
21 1.77746
22 2.30911
23 2.48765
24 2.7392
25 2.37987
26 2.60363
27 2.5966
28 2.63298
29 2.43058
"[DEBUG]index 48 centroid... "
0 2.54228
1 2.57562
2 2.39998
3 2.12809
4 2.9952
5 2.8028
6 2.59448
7 1.47629
8 41.4811
9 2.87566
10 2.51101
11 2.37036
12 2.46019
13 6.05975
14 1.94971
15 1.76433
16 7.00535
17 2.20855
18 2.24148
19 2.31172
20 1.8053
21 6.10287
22 1.81686
23 2.3918
24 2.41315
25 2.42756
26 2.22127
27 2.26726
28 2.23113
29 2.14599
"[DEBUG]index 49 centroid... "
0 3.80224
1 3.58095
2 4.15294
3 3.29468
4 4.26611
5 3.81905
6 3.75238
7 1.94454
8 22.8756
9 3.54958
10 2.1423
11 1.14846
12 3.09692
13 1.54846
14 12.4353
15 1.54846
16 3.22633
17 1.11989
18 0.476751
19 0.878431
20 2.58487
21 2.07619
22 0.602241
23 3.36639
24 3.0493
25 2.76471
26 2.82969
27 2.80336
28 2.70308
29 2.89188
"[DEBUG]index 50 centroid... "
0 2.91868
1 2.96092
2 2.84771
3 2.55863
4 2.85228
5 3.07573
6 2.71169
7 1.54281
8 28.8669
9 3.97596
10 1.9406
11 8.23399
12 9.78626
13 1.44645
14 8.20995
15 2.16065
16 1.76196
17 8.68199
18 1.93591
19 2.5279
20 1.1393
21 2.02623
22 8.26241
23 2.20552
24 2.57676
25 2.67035
26 2.83267
27 2.47062
28 2.46509
29 2.40422
"[DEBUG]index 51 centroid... "
0 2.63475
1 2.58143
2 2.56352
3 2.16036
4 2.66186
5 2.72409
6 2.55683
7 1.42707
8 25.7905
9 2.79734
10 9.77371
11 2.07924
12 1.1667
13 2.00523
14 8.57997
15 1.47355
16 2.32574
17 1.87818
18 9.98927
19 1.62039
20 8.00641
21 1.50875
22 8.71587
23 2.15806
24 2.73991
25 2.42763
26 2.74653
27 2.38295
28 2.48122
29 2.32699
"[DEBUG]index 52 centroid... "
0 3.80284
1 3.92163
2 3.33592
3 3.02628
4 3.72903
5 3.73742
6 3.52756
7 2.20243
8 26.1274
9 4.24437
10 2.01925
11 11.2578
12 2.8022
13 0.934095
14 3.21976
15 2.48027
16 9.84734
17 2.31307
18 1.04242
19 3.24445
20 0.876817
21 2.57996
22 0.918198
23 3.35197
24 2.93226
25 2.81379
26 2.90318
27 2.9325
28 2.86076
29 2.79038
"[DEBUG]index 53 centroid... "
0 2.99036
1 3.00723
2 2.23614
3 2.22651
4 2.89639
5 2.78313
6 2.4
7 1.13976
8 12.6
9 3.78795
10 2.13253
11 1.06988
12 0.366265
13 0.414458
14 0.684337
15 2.55904
16 0.604819
17 1.20482
18 2.26747
19 3.67229
20 12.8723
21 4.59518
22 1.92048
23 3.21446
24 3.28434
25 2.90361
26 2.51325
27 2.93735
28 2.98313
29 2.61687
"[DEBUG]index 54 centroid... "
0 5.78035
1 5.51445
2 5.45087
3 4.76301
4 6.37572
5 4.94798
6 5.7052
7 2.24277
8 16.0405
9 5.28324
10 2.01734
11 11.3584
12 3.33526
13 1.19075
14 1.5896
15 5.75723
16 1.01734
17 1.73988
18 1.00578
19 0.289017
20 0.699422
21 1.28902
22 2.84393
23 3.78035
24 2.83237
25 4.43931
26 3.76301
27 3.34682
28 3.05202
29 3.60694
"[DEBUG]index 55 centroid... "
0 2.97413
1 2.97025
2 2.69728
3 2.60285
4 2.59379
5 2.63131
6 2.43338
7 1.03105
8 15.3842
9 4.27814
10 1.59508
11 6.48124
12 6.45925
13 1.60802
14 0.76326
15 2.28202
16 0.897801
17 0.425614
18 0.935317
19 2.13195
20 4.71151
21 15.9922
22 4.56404
23 3.05563
24 2.95472
25 2.94825
26 2.52911
27 2.71281
28 2.60543
29 3.36223
"[DEBUG]index 56 centroid... "
0 3.17907
1 3.16363
2 2.88036
3 2.8603
4 2.96403
5 3.35644
6 2.51513
7 1.92297
8 22.5705
9 4.15174
10 2.12365
11 9.57487
12 1.77169
13 9.42436
14 2.1468
15 1.80411
16 7.12427
17 10.3178
18 1.59
19 1.0301
20 2.615
21 0.795153
22 2.40769
23 2.42976
24 2.53473
25 2.62612
26 2.51189
27 2.51899
28 2.44273
29 2.32541
"[DEBUG]index 57 centroid... "
0 1.63798
1 1.76794
2 1.53833
3 1.39512
4 1.38537
5 1.74216
6 1.79233
7 1.4108
8 5.97491
9 15.7986
10 4.98258
11 2.7446
12 1.69443
13 0.783275
14 1.077
15 2.43519
16 9.5899
17 2.18328
18 3.5216
19 1.38571
20 0.752265
21 1.27526
22 3.02439
23 1.13937
24 1.58815
25 1.42822
26 1.63136
27 1.48362
28 1.3338
29 1.20523
"[DEBUG]index 58 centroid... "
0 2.91628
1 3.06705
2 2.64306
3 2.50789
4 3.00789
5 3.11348
6 2.93958
7 1.74274
8 22.1172
9 3.56113
10 2.39763
11 0.855145
12 2.43887
13 7.3209
14 1.58067
15 8.06364
16 9.18268
17 1.53048
18 10.6092
19 1.76282
20 2.23342
21 0.858731
22 2.17569
23 2.63159
24 2.73897
25 2.52689
26 2.85855
27 2.56884
28 2.46414
29 2.36805
"[DEBUG]index 59 centroid... "
0 2.61764
1 2.56648
2 2.30038
3 2.14508
4 2.47274
5 2.53158
6 2.36787
7 1.12382
8 20.9708
9 3.4521
10 2.45636
11 2.27036
12 8.44826
13 1.65698
14 5.72185
15 1.64736
16 7.73592
17 2.25136
18 2.33467
19 3.41129
20 23.1363
21 3.84725
22 2.31269
23 2.84774
24 2.981
25 2.1779
26 2.38973
27 2.36768
28 2.6339
29 2.07321
"[DEBUG]index 60 centroid... "
0 2.18912
1 2.01571
2 1.98187
3 1.67553
4 2.18429
5 2.09728
6 2.01813
7 1.49305
8 10.1438
9 2.20967
10 11.626
11 2.83625
12 2.93656
13 11.9595
14 2.41148
15 11.4006
16 2.71239
17 3.83867
18 1.61208
19 0.899094
20 0.728701
21 1.46163
22 3.6139
23 1.61148
24 1.50634
25 1.74985
26 1.69124
27 1.75287
28 1.65801
29 1.41088
"[DEBUG]index 61 centroid... "
0 2.14953
1 2.1772
2 2.07155
3 1.92225
4 2.10828
5 2.2373
6 2.35368
7 1.29454
8 13.6065
9 3.7212
10 2.25614
11 1.26282
12 2.2621
13 5.83067
14 1.71405
15 1.01002
16 2.36179
17 1.93251
18 3.44765
19 17.3177
20 2.47818
21 16.1722
22 4.04722
23 2.29525
24 2.56833
25 2.46363
26 2.15454
27 2.39399
28 2.56332
29 2.47055
"[DEBUG]index 62 centroid... "
0 3.16423
1 3.00021
2 2.76005
3 2.61084
4 3.23312
5 3.2223
6 3.00998
7 1.78148
8 24.2523
9 3.86601
10 2.17641
11 1.29077
12 3.37079
13 0.835346
14 1.90948
15 11.7116
16 1.74346
17 9.02184
18 1.66019
19 10.4883
20 1.63814
21 1.10238
22 1.07382
23 3.22934
24 2.5493
25 2.88249
26 2.94645
27 3.11173
28 2.78746
29 2.65158
"[DEBUG]index 63 centroid... "
0 1.21707
1 1.32439
2 1.05366
3 1.1622
4 0.930488
5 1.6061
6 1.2439
7 1.00854
8 6.16707
9 2.43049
10 1.55
11 1.12561
12 2.47683
13 2.58415
14 1.1939
15 2.16341
16 5.33537
17 11.85
18 8.48902
19 8.3622
20 11.1463
21 4.19878
22 2.47439
23 1.2878
24 1.60122
25 1.70122
26 1.65366
27 1.76341
28 1.63293
29 1.54756
"[DEBUG]index 64 centroid... "
0 2.62898
1 2.56473
2 2.50145
3 2.16609
4 2.5263
5 2.54063
6 2.30182
7 1.51735
8 29.6184
9 3.2072
10 8.71133
11 1.87777
12 11.3109
13 1.7395
14 1.88555
15 6.95799
16 1.75671
17 7.05488
18 7.46199
19 1.72855
20 8.4478
21 1.75782
22 8.17305
23 2.32075
24 2.72621
25 2.80905
26 2.81249
27 2.37213
28 2.4989
29 2.33081
"[DEBUG]index 65 centroid... "
0 2.40906
1 2.3742
2 2.1351
3 1.93521
4 2.07263
5 2.12841
6 2.17577
7 1.33614
8 15.102
9 1.95787
10 16.5343
11 2.75421
12 2.0369
13 0.987798
14 1.67897
15 6.086
16 1.48722
17 0.805927
18 0.995642
19 0.930564
20 1.38321
21 4.30622
22 4.96456
23 1.71819
24 2.05898
25 2.12812
26 1.90994
27 1.66473
28 1.73794
29 1.84108
"[DEBUG]index 66 centroid... "
0 2.61825
1 2.52595
2 2.49523
3 2.0339
4 2.55098
5 2.42095
6 2.32323
7 1.40162
8 26.1069
9 2.86785
10 9.59852
11 1.70299
12 10.2141
13 1.45591
14 7.6589
15 1.44121
16 8.38599
17 1.3709
18 7.86348
19 7.55628
20 1.69041
21 6.04211
22 8.13136
23 2.01894
24 2.61692
25 2.58051
26 2.47007
27 2.34653
28 2.46531
29 2.25199
"[DEBUG]index 67 centroid... "
0 2.92857
1 2.9007
2 2.58014
3 2.41986
4 2.75784
5 2.66202
6 2.49477
7 1.52352
8 13.331
9 4.64808
10 1.62282
11 8.23432
12 1.95296
13 0.752613
14 0.488676
15 0.824042
16 2.02613
17 2.00697
18 4.00174
19 14.3354
20 4.1899
21 2.27352
22 0.891115
23 3.20209
24 2.17073
25 2.34059
26 2.49303
27 2.92247
28 2.56882
29 2.41899
"[DEBUG]index 68 centroid... "
0 2.78092
1 2.71141
2 2.5425
3 2.50133
4 2.62815
5 2.38122
6 2.26562
7 1.34308
8 21.913
9 3.83417
10 2.44163
11 3.92172
12 25.3687
13 2.80654
14 1.98315
15 2.17412
16 5.74928
17 4.99664
18 1.52023
19 5.61444
20 2.04507
21 2.18224
22 1.13966
23 2.52701
24 2.11842
25 2.09524
26 2.13831
27 2.22141
28 2.18007
29 2.03575
"[DEBUG]index 69 centroid... "
0 1.8554
1 1.91003
2 1.87404
3 1.54949
4 1.81941
5 2.0347
6 2.15874
7 1.57262
8 11.5643
9 2.14203
10 11.5482
11 3.02699
12 1.76671
13 3.8464
14 2.68316
15 11.8785
16 2.99229
17 2.75771
18 12.8117
19 3.42288
20 2.38753
21 13.079
22 3.20566
23 1.8644
24 2.08997
25 2.13432
26 1.89396
27 1.88175
28 1.88303
29 1.74614
"[DEBUG]index 70 centroid... "
0 2.18437
1 2.16526
2 1.96402
3 1.81019
4 1.83924
5 2.16714
6 2.10268
7 1.41278
8 11.8606
9 14.3019
10 4.27581
11 1.60296
12 1.57954
13 5.75567
14 1.09874
15 1.6024
16 0.758104
17 1.49447
18 4.72606
19 4.57598
20 1.33071
21 0.688402
22 1.58553
23 1.72456
24 1.44238
25 1.51977
26 1.65411
27 1.68953
28 1.59828
29 1.52689
"[DEBUG]index 71 centroid... "
0 2.8558
1 2.88581
2 2.70141
3 2.32902
4 3.1672
5 2.9781
6 2.83719
7 1.50619
8 30.8213
9 3.25282
10 2.29736
11 2.54603
12 3.33823
13 0.821851
14 2.60635
15 0.806158
16 2.46745
17 0.883513
18 2.75853
19 0.993834
20 2.31357
21 1.44654
22 10.8711
23 1.88675
24 2.70244
25 2.55967
26 2.87122
27 2.39689
28 2.45701
29 2.40887
"[DEBUG]index 72 centroid... "
0 3.20218
1 2.92653
2 3.02768
3 2.49423
4 3.21031
5 2.9096
6 2.81015
7 1.48373
8 23.8855
9 2.84505
10 10.317
11 1.72632
12 11.0356
13 1.41839
14 8.00827
15 6.3688
16 2.24167
17 0.851745
18 2.246
19 0.851876
20 2.20008
21 0.698636
22 2.10417
23 2.41761
24 2.37339
25 2.27276
26 2.30189
27 2.24482
28 2.22842
29 2.05747
"[DEBUG]index 73 centroid... "
0 2.02916
1 1.98173
2 2.09254
3 1.84137
4 2.05482
5 2.08126
6 2.06843
7 1.33748
8 12.4662
9 1.8161
10 13.9463
11 3.61236
12 2
13 3.15708
14 14.6334
15 2.33437
16 1.72512
17 1.24222
18 1.86431
19 2.75194
20 11.6337
21 3.16407
22 1.83826
23 2.23212
24 2.30521
25 1.88608
26 1.979
27 1.77683
28 2.02566
29 1.86236
"[DEBUG]index 74 centroid... "
0 1.98368
1 2.021
2 1.94423
3 1.86826
4 1.80233
5 1.82734
6 1.55397
7 1.371
8 10.9955
9 2.24208
10 5.27364
11 19.0657
12 5.75137
13 2.499
14 1.77959
15 0.938879
16 0.770496
17 1.19406
18 3.35148
19 1.45005
20 0.874281
21 1.43547
22 3.27658
23 1.30039
24 1.33837
25 1.4245
26 1.48616
27 1.52026
28 1.47372
29 1.43373
"[DEBUG]index 75 centroid... "
0 3.53352
1 3.63617
2 3.08589
3 2.96508
4 3.36383
5 3.48394
6 3.04888
7 1.76816
8 18.5635
9 5.5838
10 2.07542
11 1.13966
12 3.98464
13 1.01047
14 0.585894
15 0.950419
16 1.7514
17 10.7046
18 2.09777
19 1.0007
20 2.54818
21 9.91131
22 1.95461
23 2.99511
24 3.30377
25 3.21648
26 3.39385
27 3.14106
28 3.26955
29 3.33101
"[DEBUG]index 76 centroid... "
0 6.37148
1 4.19593
2 2.95207
3 3.713
4 3.43559
5 2.60575
6 2.72259
7 2.39485
8 14.5926
9 3.79449
10 3.19173
11 3.64829
12 13.0845
13 2.97124
14 7.54883
15 28.296
16 6.73817
17 3.2852
18 3.41881
19 1.96165
20 0.840623
21 0.455962
22 0.878969
23 1.82744
24 1.74715
25 1.67585
26 1.92151
27 1.80947
28 1.74356
29 1.71899
"[DEBUG]index 77 centroid... "
0 2.41365
1 2.47788
2 2.50522
3 2.26639
4 2.60558
5 2.81429
6 2.41176
7 1.71938
8 26.2432
9 3.50989
10 1.6677
11 9.54734
12 2.17637
13 1.51912
14 7.10869
15 7.74472
16 1.5579
17 8.63481
18 1.66359
19 8.4371
20 6.63681
21 1.53312
22 8.01534
23 2.49589
24 2.46032
25 2.53045
26 2.6317
27 2.42721
28 2.48744
29 2.32618
"[DEBUG]index 78 centroid... "
0 1.62438
1 1.67981
2 1.71244
3 1.6981
4 1.77361
5 1.80272
6 1.55834
7 1.13689
8 8.83643
9 2.92313
10 1.53403
11 3.43392
12 5.27228
13 21.4353
14 4.34105
15 2.87336
16 1.4218
17 3.80932
18 1.04819
19 1.39957
20 1.1939
21 3.09021
22 1.34234
23 1.58623
24 1.48526
25 1.42022
26 1.35733
27 1.35848
28 1.45938
29 1.39512
"[DEBUG]index 79 centroid... "
0 3.22434
1 3.45894
2 3.04912
3 2.81672
4 3.01906
5 2.93035
6 3.20455
7 1.64369
8 19.783
9 4.40689
10 2.10924
11 2.56818
12 0.612903
13 2.33871
14 0.722874
15 0.31305
16 0.730205
17 1.90616
18 10.2397
19 1.45674
20 2.40616
21 2.22801
22 1.93548
23 2.88416
24 2.59018
25 2.57771
26 2.81891
27 3.08065
28 2.77713
29 2.85484
"[DEBUG]index 80 centroid... "
0 3.77165
1 3.61973
2 3.39254
3 3.06689
4 3.80656
5 3.68767
6 3.28538
7 1.82135
8 23.7237
9 4.49685
10 2.83665
11 1.0953
12 2.50031
13 10.6955
14 2.08807
15 2.34651
16 0.743238
17 3.06773
18 2.39012
19 0.780877
20 0.796289
21 2.11711
22 0.788845
23 3.0304
24 2.66387
25 2.75792
26 2.59593
27 2.71367
28 2.67834
29 2.62162
"[DEBUG]index 81 centroid... "
0 2.56593
1 2.80346
2 2.26889
3 2.31185
4 2.39136
5 2.48716
6 2.3716
7 1.42519
8 14.322
9 4.07284
10 2.51161
11 2.06938
12 3.49407
13 16.4128
14 3.6884
15 1.94815
16 2.42148
17 3.80198
18 17.0904
19 3.42321
20 1.94321
21 2.4879
22 1.10346
23 2.36049
24 2.24123
25 2.17605
26 2.16173
27 2.19778
28 2.33086
29 2.01679
"[DEBUG]index 82 centroid... "
0 2.98572
1 2.62736
2 2.60594
3 2.27441
4 2.78527
5 2.78384
6 2.57596
7 1.60994
8 24.6588
9 2.81068
10 9.77641
11 2.09166
12 0.97944
13 1.75814
14 8.46945
15 7.45717
16 1.89549
17 2.09023
18 8.67818
19 7.72987
20 1.46088
21 2.21074
22 0.83952
23 2.79069
24 2.31182
25 2.44346
26 2.42947
27 2.64106
28 2.48058
29 2.43775
"[DEBUG]index 83 centroid... "
0 3.99838
1 3.94753
2 3.56584
3 2.93678
4 5.04598
5 4.73763
6 3.65567
7 2.21477
8 28.4093
9 4.53886
10 3.34595
11 1.16254
12 4.32634
13 1.46127
14 1.15455
15 2.28736
16 14.652
17 2.72701
18 1.57696
19 2.64705
20 12.8831
21 2.32209
22 1.37156
23 3.93041
24 3.93466
25 3.59445
26 3.31247
27 5.72851
28 3.7455
29 4.09995
"[DEBUG]index 84 centroid... "
0 4.74088
1 4.11698
2 4.07925
3 3.77149
4 3.9761
5 3.76101
6 3.70566
7 2.31111
8 17.9748
9 3.62893
10 10.3275
11 2.3543
12 1.1304
13 3.53795
14 0.902725
15 0.841929
16 3.36897
17 0.701887
18 2.61342
19 0.978197
20 0.438574
21 0.910692
22 0.856184
23 2.64151
24 2.38574
25 2.47631
26 2.71153
27 2.65367
28 2.41593
29 2.73543
"[DEBUG]index 85 centroid... "
0 1.48967
1 1.54117
2 1.55281
3 1.389
4 1.22898
5 1.63282
6 1.67006
7 1.21705
8 6.15973
9 14.508
10 4.68955
11 3.22898
12 1.47076
13 0.656095
14 1.37329
15 0.51993
16 1.12831
17 3.4565
18 1.48123
19 1.32848
20 2.60547
21 7.83096
22 2.42508
23 1.38493
24 1.595
25 1.52255
26 1.4213
27 1.36369
28 1.43439
29 1.30463
"[DEBUG]index 86 centroid... "
0 3.57483
1 3.41943
2 3.124
3 2.7558
4 3.79014
5 3.41181
6 3.17759
7 1.77674
8 32.0619
9 3.71054
10 2.12722
11 1.09994
12 0.980297
13 1.89511
14 0.740449
15 2.62981
16 0.683968
17 2.59409
18 0.715755
19 2.23249
20 1.8515
21 0.605232
22 2.04038
23 2.35409
24 2.24912
25 2.34699
26 2.46412
27 2.53415
28 2.3903
29 2.497
"[DEBUG]index 87 centroid... "
0 2.54016
1 2.58386
2 2.59245
3 2.31416
4 2.36384
5 2.66268
6 2.05155
7 1.25028
8 19.133
9 3.84535
10 1.61674
11 7.67389
12 8.2006
13 7.09189
14 1.67874
15 0.697049
16 1.92454
17 1.93239
18 2.04072
19 0.737019
20 2.03063
21 7.13411
22 7.51027
23 2.01457
24 2.52559
25 2.52858
26 2.43967
27 2.09301
28 2.13298
29 2.20994
"[DEBUG]index 88 centroid... "
0 2.91535
1 2.76321
2 2.79938
3 2.3112
4 2.49979
5 2.57047
6 2.68147
7 1.63555
8 20.9397
9 2.82981
10 23.2067
11 2.9491
12 2.14454
13 1.38686
14 2.73451
15 1.00989
16 2.23638
17 7.5832
18 1.83243
19 5.60367
20 2.22732
21 0.911826
22 2.32614
23 2.35705
24 1.99246
25 2.22946
26 2.39585
27 2.27974
28 2.28064
29 2.16003
"[DEBUG]index 89 centroid... "
0 2.31056
1 2.20292
2 2.09884
3 2.12692
4 1.9547
5 2.48147
6 2.49719
7 1.62823
8 12.1782
9 13.5949
10 3.47005
11 1.77106
12 0.9459
13 1.48802
14 5.13534
15 1.18158
16 5.52827
17 1.49775
18 0.739236
19 1.62093
20 1.59173
21 0.522089
22 1.44347
23 1.63141
24 1.70049
25 1.57507
26 1.7705
27 1.66436
28 1.67559
29 1.49925
"[DEBUG]index 90 centroid... "
0 2.86998
1 2.91732
2 2.54438
3 2.27893
4 2.80469
5 2.55517
6 2.47586
7 1.35082
8 25.1578
9 2.69639
10 9.73321
11 1.43849
12 10.3639
13 1.47667
14 8.42244
15 1.41476
16 6.65767
17 7.54842
18 1.88063
19 0.950229
20 2.08376
21 7.56151
22 1.61438
23 2.60858
24 2.73307
25 2.80658
26 2.50418
27 2.40005
28 2.38805
29 2.35784
"[DEBUG]index 91 centroid... "
0 2.4731
1 2.51873
2 2.32849
3 2.20091
4 2.70738
5 2.81158
6 2.65993
7 1.61044
8 22.3042
9 3.59432
10 2.21544
11 1.12985
12 2.15028
13 7.99705
14 1.51419
15 9.32055
16 1.50715
17 10.5117
18 1.57253
19 9.23859
20 1.44722
21 7.44608
22 6.93916
23 2.3891
24 2.62361
25 2.93553
26 2.81044
27 2.48763
28 2.53893
29 2.50306
"[DEBUG]index 92 centroid... "
0 2.2981
1 2.43414
2 2.209
3 2.10501
4 2.31572
5 2.46358
6 2.63689
7 1.76838
8 15.9522
9 2.81918
10 2.00898
11 4.97875
12 2.03
13 3.06023
14 18.8188
15 2.38482
16 18.2134
17 2.91942
18 5.32163
19 2.25855
20 2.12922
21 1.68735
22 4.74452
23 1.87249
24 2.43687
25 2.17263
26 2.23946
27 2.04535
28 2.10944
29 1.91613
"[DEBUG]index 93 centroid... "
0 2.35331
1 2.26263
2 2.27297
3 2.08558
4 2.17587
5 2.50589
6 2.18438
7 1.72115
8 14.8773
9 3.08322
10 2.78095
11 18.1025
12 4.73384
13 1.74954
14 3.54802
15 17.8493
16 2.71513
17 1.58663
18 5.19563
19 1.73423
20 4.92607
21 1.623
22 5.39374
23 2.1128
24 2.32779
25 2.13517
26 2.13373
27 2.0844
28 1.99189
29 1.89244
"[DEBUG]index 94 centroid... "
0 2.8956
1 2.82479
2 2.86659
3 2.65323
4 2.702
5 2.90223
6 2.17316
7 1.53581
8 23.7807
9 2.99532
10 8.45563
11 8.10497
12 1.60982
13 6.63758
14 8.66511
15 1.31525
16 0.81325
17 2.17738
18 1.88806
19 0.746545
20 1.6691
21 1.81896
22 1.62536
23 2.05437
24 2.0305
25 1.98275
26 1.85837
27 1.89218
28 1.78675
29 1.80046
"[DEBUG]index 95 centroid... "
0 3.00514
1 2.81443
2 2.65841
3 2.2757
4 2.72907
5 2.62665
6 2.46292
7 1.55323
8 22.3967
9 2.92823
10 10.5683
11 1.72577
12 1.08976
13 2.37794
14 0.802313
15 1.79956
16 9.52551
17 1.5033
18 7.83205
19 7.29038
20 1.81369
21 0.95301
22 2.48054
23 2.62188
24 2.38436
25 2.56424
26 2.77827
27 2.46696
28 2.51065
29 2.47045
"[DEBUG]index 96 centroid... "
0 2.96459
1 3.01967
2 2.73095
3 2.61247
4 3.03957
5 3.04396
6 2.56389
7 1.48808
8 30.3025
9 3.75577
10 2.62563
11 2.49686
12 11.1818
13 5.70129
14 1.52455
15 9.70039
16 2.35507
17 1.01165
18 2.21571
19 10.3521
20 1.84285
21 1.92426
22 9.47303
23 2.88038
24 2.81259
25 2.9282
26 2.95143
27 2.79239
28 2.71529
29 2.62374
"[DEBUG]index 97 centroid... "
0 2.66585
1 2.7382
2 2.66745
3 2.38628
4 2.72953
5 2.90314
6 2.22584
7 1.67334
8 24.0413
9 3.98994
10 2.06079
11 10.6662
12 1.8859
13 7.72932
14 1.9087
15 2.00771
16 1.05823
17 2.46955
18 1.84898
19 10.5412
20 1.56384
21 7.1933
22 8.5282
23 2.45071
24 2.55089
25 2.8219
26 2.58183
27 2.4673
28 2.50969
29 2.34593
"[DEBUG]index 98 centroid... "
0 2.1731
1 2.22569
2 2.02606
3 2.3825
4 2.03537
5 2.3248
6 2.36668
7 1.87296
8 13.731
9 3.38855
10 1.44532
11 5.17124
12 5.47324
13 1.1852
14 3.68776
15 17.6882
16 2.41089
17 13.02
18 11.9698
19 3.37366
20 4.52164
21 2.22057
22 1.02559
23 2.3262
24 2.1759
25 2.28851
26 2.38297
27 2.28153
28 2.26105
29 2.05631
"[DEBUG]index 99 centroid... "
0 2.43129
1 2.57722
2 2.30684
3 2.1549
4 2.31089
5 2.37491
6 2.14621
7 1.41144
8 19.3902
9 3.82617
10 2.41977
11 2.12352
12 7.04752
13 1.71197
14 1.00573
15 2.60772
16 2.27217
17 3.66034
18 21.9636
19 3.7614
20 2.03774
21 6.48125
22 2.16734
23 2.1997
24 2.29914
25 2.36721
26 2.28213
27 2.44455
28 2.40698
29 2.34302
