"[DEBUG]index 0 centroid... "
0 0.327434
1 0.372727
2 0.300189
3 0.295224
4 0.372713
5 0.294594
6 0.208944
7 0.341371
8 0.136839
9 0.17086
10 0.281385
11 0.282147
12 0.267937
13 0.174063
14 0.0472517
15 0.0951819
16 0.254343
17 0.177783
18 0.210699
19 0.123252
20 0.264238
21 0.275273
22 0.142084
23 0.155315
24 0.131657
25 0.167601
26 0.350909
27 0.36644
28 0.218762
29 0.249755
"[DEBUG]index 1 centroid... "
0 0.174352
1 0.0956389
2 0.168278
3 0.26713
4 0.111657
5 0.108963
6 0.19788
7 0.256593
8 0.178815
9 0.218491
10 0.231407
11 0.182806
12 0.222843
13 0.23412
14 0.276935
15 0.359093
16 0.449537
17 0.122565
18 0.218546
19 0.189528
20 0.270463
21 0.296667
22 0.254435
23 0.311898
24 0.348481
25 0.346852
26 0.227074
27 0.222315
28 0.203528
29 0.164472
"[DEBUG]index 2 centroid... "
0 0.250362
1 0.219138
2 0.251796
3 0.266963
4 0.263211
5 0.18756
6 0.252425
7 0.304889
8 0.190192
9 0.198249
10 0.226352
11 0.224669
12 0.284985
13 0.233592
14 0.293379
15 0.253691
16 0.274652
17 0.170813
18 0.168037
19 0.25585
20 0.270999
21 0.22028
22 0.254203
23 0.212141
24 0.187758
25 0.19914
26 0.218715
27 0.234549
28 0.242964
29 0.250473
"[DEBUG]index 3 centroid... "
0 0.26283
1 0.33792
2 0.214455
3 0.449875
4 0.350102
5 0.228307
6 0.346648
7 0.356705
8 0.0814432
9 0.177989
10 0.397886
11 0.357261
12 0.437989
13 0.441716
14 0.233477
15 0.00603408
16 0.282136
17 0.485068
18 0.326
19 0.333273
20 0.194227
21 0.317284
22 0.310057
23 0.290807
24 0.280318
25 0.162102
26 0.406909
27 0.175545
28 0.272
29 0.301568
"[DEBUG]index 4 centroid... "
0 0.19797
1 0.184388
2 0.199012
3 0.233748
4 0.249172
5 0.197915
6 0.227017
7 0.222304
8 0.161662
9 0.183475
10 0.242768
11 0.2293
12 0.250793
13 0.244827
14 0.196906
15 0.189952
16 0.220403
17 0.249283
18 0.214483
19 0.255224
20 0.213423
21 0.161398
22 0.214855
23 0.217351
24 0.220919
25 0.239992
26 0.224133
27 0.221709
28 0.208926
29 0.205962
"[DEBUG]index 5 centroid... "
0 0.225109
1 0.243331
2 0.241993
3 0.232716
4 0.242568
5 0.237932
6 0.246778
7 0.273599
8 0.21909
9 0.21469
10 0.231401
11 0.217192
12 0.19712
13 0.278528
14 0.267737
15 0.245437
16 0.242846
17 0.247003
18 0.23493
19 0.184002
20 0.232307
21 0.227952
22 0.23371
23 0.243225
24 0.231556
25 0.225035
26 0.221805
27 0.233904
28 0.235035
29 0.242522
"[DEBUG]index 6 centroid... "
0 0.210683
1 0.211865
2 0.21475
3 0.217031
4 0.203585
5 0.233915
6 0.247776
7 0.227848
8 0.180593
9 0.218101
10 0.19858
11 0.162586
12 0.25386
13 0.237
14 0.21044
15 0.202207
16 0.17157
17 0.199559
18 0.2229
19 0.235343
20 0.241018
21 0.213602
22 0.264845
23 0.240659
24 0.248482
25 0.224467
26 0.246369
27 0.26056
28 0.240879
29 0.245554
"[DEBUG]index 7 centroid... "
0 0.253726
1 0.226879
2 0.229336
3 0.189981
4 0.174894
5 0.27647
6 0.137355
7 0.19378
8 0.198189
9 0.178894
10 0.119863
11 0.118206
12 0.20104
13 0.131092
14 0.250409
15 0.239998
16 0.283364
17 0.234747
18 0.269402
19 0.334106
20 0.182792
21 0.326953
22 0.227298
23 0.266485
24 0.226589
25 0.274728
26 0.285912
27 0.158355
28 0.301572
29 0.292406
"[DEBUG]index 8 centroid... "
0 0.218583
1 0.225685
2 0.231487
3 0.24442
4 0.24072
5 0.222594
6 0.226964
7 0.21805
8 0.168145
9 0.211446
10 0.244108
11 0.234226
12 0.236202
13 0.210654
14 0.175965
15 0.140694
16 0.178186
17 0.197955
18 0.242948
19 0.24235
20 0.208564
21 0.248386
22 0.250736
23 0.214838
24 0.224892
25 0.229662
26 0.234182
27 0.223864
28 0.233644
29 0.243417
"[DEBUG]index 9 centroid... "
0 0.233175
1 0.234582
2 0.230833
3 0.24588
4 0.252276
5 0.223385
6 0.269242
7 0.244017
8 0.150368
9 0.207259
10 0.238522
11 0.236154
12 0.268498
13 0.268623
14 0.231146
15 0.222959
16 0.268584
17 0.25756
18 0.241266
19 0.22631
20 0.26189
21 0.289418
22 0.260037
23 0.265382
24 0.263514
25 0.240569
26 0.239741
27 0.24603
28 0.252213
29 0.232153
"[DEBUG]index 10 centroid... "
0 0.224661
1 0.243479
2 0.249861
3 0.267829
4 0.258885
5 0.232969
6 0.234312
7 0.246191
8 0.177744
9 0.224919
10 0.238762
11 0.27463
12 0.260681
13 0.240496
14 0.27073
15 0.221286
16 0.264575
17 0.227076
18 0.254954
19 0.244322
20 0.23927
21 0.23686
22 0.206725
23 0.227526
24 0.248074
25 0.25248
26 0.233495
27 0.252898
28 0.24736
29 0.250372
"[DEBUG]index 11 centroid... "
0 0.227322
1 0.219228
2 0.218957
3 0.210653
4 0.215013
5 0.225675
6 0.222274
7 0.236107
8 0.17498
9 0.161303
10 0.15653
11 0.188777
12 0.233593
13 0.221697
14 0.210199
15 0.221513
16 0.229953
17 0.203992
18 0.211593
19 0.15644
20 0.137872
21 0.194448
22 0.210049
23 0.240153
24 0.232223
25 0.235566
26 0.207233
27 0.219313
28 0.245147
29 0.240438
"[DEBUG]index 12 centroid... "
0 0.238017
1 0.231848
2 0.232674
3 0.242987
4 0.25315
5 0.217396
6 0.250716
7 0.233707
8 0.16575
9 0.196193
10 0.233603
11 0.24339
12 0.249804
13 0.238419
14 0.241533
15 0.195966
16 0.155134
17 0.220309
18 0.246578
19 0.210732
20 0.244839
21 0.238235
22 0.205589
23 0.221672
24 0.234744
25 0.232463
26 0.23523
27 0.241572
28 0.249323
29 0.239112
"[DEBUG]index 13 centroid... "
0 0.237429
1 0.165286
2 0.21032
3 0.241401
4 0.219295
5 0.240671
6 0.229406
7 0.229583
8 0.163102
9 0.106206
10 0.0781255
11 0.0993634
12 0.126356
13 0.155233
14 0.210401
15 0.18154
16 0.172076
17 0.181991
18 0.207245
19 0.178833
20 0.213738
21 0.221034
22 0.272193
23 0.238713
24 0.206711
25 0.23692
26 0.254416
27 0.254401
28 0.261047
29 0.234813
"[DEBUG]index 14 centroid... "
0 0.213191
1 0.189982
2 0.227407
3 0.234291
4 0.260469
5 0.17845
6 0.213094
7 0.150696
8 0.157928
9 0.175223
10 0.246868
11 0.243635
12 0.273742
13 0.25265
14 0.329234
15 0.218715
16 0.231158
17 0.264525
18 0.268322
19 0.240323
20 0.267902
21 0.219731
22 0.224169
23 0.194133
24 0.224658
25 0.266691
26 0.288603
27 0.279059
28 0.258443
29 0.278999
"[DEBUG]index 15 centroid... "
0 0.234773
1 0.233722
2 0.218143
3 0.2227
4 0.214768
5 0.245042
6 0.255417
7 0.318572
8 0.229201
9 0.152239
10 0.223342
11 0.241115
12 0.222991
13 0.182665
14 0.180916
15 0.224693
16 0.216899
17 0.183079
18 0.189555
19 0.185504
20 0.229483
21 0.205441
22 0.222351
23 0.24212
24 0.244933
25 0.24143
26 0.234519
27 0.249907
28 0.242365
29 0.234433
"[DEBUG]index 16 centroid... "
0 0.200971
1 0.193201
2 0.216208
3 0.237725
4 0.239763
5 0.201771
6 0.21341
7 0.210623
8 0.136289
9 0.181874
10 0.221871
11 0.221274
12 0.243861
13 0.1982
14 0.227096
15 0.25345
16 0.252346
17 0.265166
18 0.234704
19 0.187089
20 0.220904
21 0.227455
22 0.223988
23 0.232252
24 0.230652
25 0.224133
26 0.208314
27 0.204064
28 0.207301
29 0.210858
"[DEBUG]index 17 centroid... "
0 0.242016
1 0.234054
2 0.210102
3 0.242212
4 0.236854
5 0.211845
6 0.270159
7 0.272904
8 0.184793
9 0.238951
10 0.276499
11 0.23185
12 0.270579
13 0.292748
14 0.232977
15 0.222622
16 0.265972
17 0.275374
18 0.204012
19 0.26052
20 0.28249
21 0.2256
22 0.23326
23 0.277589
24 0.228888
25 0.234575
26 0.249303
27 0.232406
28 0.22501
29 0.251372
"[DEBUG]index 18 centroid... "
0 0.23575
1 0.245265
2 0.241358
3 0.254708
4 0.253469
5 0.240718
6 0.267376
7 0.246783
8 0.206857
9 0.241792
10 0.248637
11 0.229387
12 0.278544
13 0.24233
14 0.234596
15 0.27757
16 0.266156
17 0.193443
18 0.236681
19 0.266932
20 0.217373
21 0.226968
22 0.279134
23 0.287859
24 0.236872
25 0.261724
26 0.258516
27 0.242005
28 0.243872
29 0.260151
"[DEBUG]index 19 centroid... "
0 0.238996
1 0.217537
2 0.215079
3 0.260324
4 0.26193
5 0.24367
6 0.280906
7 0.205205
8 0.175518
9 0.181424
10 0.236894
11 0.191724
12 0.283008
13 0.231637
14 0.176427
15 0.230463
16 0.26679
17 0.260243
18 0.212297
19 0.217548
20 0.270707
21 0.236204
22 0.19907
23 0.250082
24 0.248417
25 0.217416
26 0.194394
27 0.267662
28 0.250235
29 0.273831
"[DEBUG]index 20 centroid... "
0 0.172817
1 0.228966
2 0.239231
3 0.182404
4 0.249774
5 0.195159
6 0.234769
7 0.224663
8 0.165094
9 0.173852
10 0.234388
11 0.257552
12 0.21821
13 0.262054
14 0.281778
15 0.311475
16 0.287478
17 0.160014
18 0.226665
19 0.276028
20 0.305675
21 0.265
22 0.262116
23 0.197607
24 0.256544
25 0.243658
26 0.189917
27 0.233789
28 0.260567
29 0.306231
"[DEBUG]index 21 centroid... "
0 0.22403
1 0.220262
2 0.233926
3 0.233942
4 0.246149
5 0.222557
6 0.229034
7 0.21784
8 0.154993
9 0.211173
10 0.238141
11 0.20114
12 0.23477
13 0.247628
14 0.226874
15 0.23719
16 0.228736
17 0.225966
18 0.251
19 0.240135
20 0.226756
21 0.244237
22 0.245389
23 0.240869
24 0.248054
25 0.237026
26 0.225392
27 0.223232
28 0.224704
29 0.227646
"[DEBUG]index 22 centroid... "
0 0.236137
1 0.235406
2 0.242887
3 0.241686
4 0.249271
5 0.229946
6 0.24332
7 0.230105
8 0.164894
9 0.199825
10 0.241016
11 0.22015
12 0.202235
13 0.239769
14 0.208422
15 0.153065
16 0.203836
17 0.260776
18 0.219251
19 0.248934
20 0.237472
21 0.225442
22 0.245888
23 0.256835
24 0.263825
25 0.249701
26 0.25681
27 0.231824
28 0.227976
29 0.241847
"[DEBUG]index 23 centroid... "
0 0.241494
1 0.251899
2 0.257353
3 0.253029
4 0.256644
5 0.234815
6 0.264753
7 0.250596
8 0.179988
9 0.216647
10 0.247509
11 0.218528
12 0.229741
13 0.20962
14 0.135674
15 0.235357
16 0.256242
17 0.231811
18 0.247788
19 0.233409
20 0.254899
21 0.249167
22 0.262397
23 0.268354
24 0.261279
25 0.268056
26 0.271077
27 0.253206
28 0.281019
29 0.276155
"[DEBUG]index 24 centroid... "
0 0.221782
1 0.225861
2 0.235805
3 0.232347
4 0.237136
5 0.221996
6 0.240647
7 0.218734
8 0.14886
9 0.221564
10 0.249253
11 0.201614
12 0.192653
13 0.176761
14 0.18524
15 0.178786
16 0.236794
17 0.234076
18 0.183883
19 0.236033
20 0.248316
21 0.225286
22 0.229287
23 0.242808
24 0.243044
25 0.233886
26 0.236527
27 0.239157
28 0.233658
29 0.233558
"[DEBUG]index 25 centroid... "
0 0.212617
1 0.208346
2 0.224506
3 0.236496
4 0.240687
5 0.216763
6 0.24138
7 0.238884
8 0.129133
9 0.118474
10 0.17124
11 0.243502
12 0.26129
13 0.238201
14 0.228395
15 0.235066
16 0.262358
17 0.258606
18 0.249173
19 0.284057
20 0.259571
21 0.268068
22 0.286883
23 0.262233
24 0.244502
25 0.256175
26 0.258364
27 0.261105
28 0.255393
29 0.243689
"[DEBUG]index 26 centroid... "
0 0.263198
1 0.281521
2 0.222215
3 0.245285
4 0.322111
5 0.231397
6 0.233161
7 0.24238
8 0.226513
9 0.300101
10 0.323026
11 0.261535
12 0.293835
13 0.278774
14 0.256776
15 0.238695
16 0.265186
17 0.275204
18 0.238492
19 0.22419
20 0.185134
21 0.174052
22 0.143461
23 0.236974
24 0.266032
25 0.236652
26 0.217658
27 0.23805
28 0.282176
29 0.229052
"[DEBUG]index 27 centroid... "
0 0.272367
1 0.212405
2 0.210348
3 0.238394
4 0.208881
5 0.212419
6 0.267765
7 0.263681
8 0.186331
9 0.201735
10 0.2005
11 0.172679
12 0.244591
13 0.224805
14 0.218777
15 0.214877
16 0.196597
17 0.183636
18 0.164163
19 0.206484
20 0.243611
21 0.226941
22 0.225098
23 0.267681
24 0.247854
25 0.234529
26 0.264491
27 0.248876
28 0.265885
29 0.233902
"[DEBUG]index 28 centroid... "
0 0.25728
1 0.256411
2 0.235172
3 0.256805
4 0.233531
5 0.233441
6 0.248288
7 0.258116
8 0.191058
9 0.217675
10 0.220781
11 0.234122
12 0.205006
13 0.17892
14 0.247624
15 0.254012
16 0.219015
17 0.218341
18 0.188535
19 0.192344
20 0.207545
21 0.241299
22 0.231708
23 0.24746
24 0.280692
25 0.239346
26 0.25863
27 0.262464
28 0.259953
29 0.281175
"[DEBUG]index 29 centroid... "
0 0.247394
1 0.235183
2 0.237881
3 0.22487
4 0.259701
5 0.26771
6 0.286295
7 0.224348
8 0.189981
9 0.17688
10 0.158031
11 0.229756
12 0.251311
13 0.220843
14 0.218712
15 0.217163
16 0.178799
17 0.227015
18 0.233935
19 0.206488
20 0.229771
21 0.266151
22 0.245677
23 0.22503
24 0.234117
25 0.255025
26 0.24367
27 0.236232
28 0.251073
29 0.259036
"[DEBUG]index 30 centroid... "
0 0.243888
1 0.223095
2 0.257343
3 0.238151
4 0.275277
5 0.26019
6 0.249443
7 0.2435
8 0.169035
9 0.207019
10 0.243175
11 0.24688
12 0.245262
13 0.249171
14 0.232546
15 0.260773
16 0.238144
17 0.221038
18 0.267896
19 0.21228
20 0.227725
21 0.259862
22 0.196219
23 0.22539
24 0.239288
25 0.212115
26 0.231535
27 0.233678
28 0.233893
29 0.232821
"[DEBUG]index 31 centroid... "
0 0.225396
1 0.222094
2 0.220075
3 0.241048
4 0.244269
5 0.223388
6 0.244804
7 0.252712
8 0.181756
9 0.185143
10 0.201278
11 0.202087
12 0.218617
13 0.261341
14 0.259391
15 0.220152
16 0.228662
17 0.236717
18 0.228548
19 0.250655
20 0.260792
21 0.259565
22 0.269618
23 0.251077
24 0.253849
25 0.25926
26 0.251615
27 0.254396
28 0.251066
29 0.248477
"[DEBUG]index 32 centroid... "
0 0.202022
1 0.222492
2 0.219469
3 0.235054
4 0.205965
5 0.216731
6 0.223819
7 0.191978
8 0.13133
9 0.186847
10 0.178042
11 0.176884
12 0.19828
13 0.255329
14 0.225241
15 0.140506
16 0.155029
17 0.194455
18 0.209111
19 0.240327
20 0.177958
21 0.215137
22 0.246343
23 0.178981
24 0.183899
25 0.208851
26 0.203833
27 0.164436
28 0.174743
29 0.255034
"[DEBUG]index 33 centroid... "
0 0.225919
1 0.216446
2 0.205579
3 0.223473
4 0.239714
5 0.237564
6 0.247957
7 0.244795
8 0.133506
9 0.104824
10 0.133842
11 0.214537
12 0.245443
13 0.220931
14 0.23231
15 0.224307
16 0.219176
17 0.247571
18 0.214901
19 0.22124
20 0.240125
21 0.221418
22 0.265152
23 0.253889
24 0.252434
25 0.26077
26 0.253992
27 0.225525
28 0.235332
29 0.214496
"[DEBUG]index 34 centroid... "
0 0.237848
1 0.234226
2 0.23011
3 0.234816
4 0.244994
5 0.218228
6 0.235096
7 0.225829
8 0.156866
9 0.199878
10 0.221608
11 0.221394
12 0.249955
13 0.198945
14 0.159083
15 0.243405
16 0.249955
17 0.210171
18 0.250408
19 0.239689
20 0.228986
21 0.222429
22 0.215916
23 0.229048
24 0.224868
25 0.240958
26 0.242784
27 0.220092
28 0.223891
29 0.242291
"[DEBUG]index 35 centroid... "
0 0.254385
1 0.252392
2 0.258065
3 0.251706
4 0.232074
5 0.258196
6 0.29403
7 0.274657
8 0.215314
9 0.192728
10 0.19432
11 0.195009
12 0.223703
13 0.262561
14 0.273092
15 0.23595
16 0.245985
17 0.224411
18 0.2053
19 0.224088
20 0.199811
21 0.205359
22 0.256471
23 0.251475
24 0.251086
25 0.25289
26 0.239558
27 0.25291
28 0.259497
29 0.229817
"[DEBUG]index 36 centroid... "
0 0.215389
1 0.221457
2 0.211841
3 0.216469
4 0.221512
5 0.218993
6 0.257047
7 0.263992
8 0.155586
9 0.112049
10 0.230346
11 0.250634
12 0.213906
13 0.224567
14 0.229189
15 0.209855
16 0.210972
17 0.265492
18 0.26751
19 0.257445
20 0.292236
21 0.296797
22 0.243287
23 0.278849
24 0.272017
25 0.272873
26 0.267428
27 0.262836
28 0.265114
29 0.248811
"[DEBUG]index 37 centroid... "
0 0.210455
1 0.226169
2 0.242651
3 0.245634
4 0.239696
5 0.224294
6 0.235062
7 0.216117
8 0.159759
9 0.201853
10 0.227788
11 0.222621
12 0.254376
13 0.242256
14 0.227539
15 0.240357
16 0.202061
17 0.152387
18 0.218148
19 0.248177
20 0.239574
21 0.230326
22 0.230257
23 0.221722
24 0.222841
25 0.227377
26 0.231593
27 0.24078
28 0.252313
29 0.244442
"[DEBUG]index 38 centroid... "
0 0.211233
1 0.216455
2 0.217731
3 0.243876
4 0.25153
5 0.214425
6 0.233041
7 0.221256
8 0.148905
9 0.184803
10 0.246235
11 0.225292
12 0.244545
13 0.260203
14 0.245096
15 0.191988
16 0.238513
17 0.265958
18 0.214111
19 0.241241
20 0.249798
21 0.223308
22 0.189179
23 0.240613
24 0.229915
25 0.222038
26 0.215068
27 0.213025
28 0.226584
29 0.218615
"[DEBUG]index 39 centroid... "
0 0.224959
1 0.231956
2 0.232454
3 0.244809
4 0.248119
5 0.228444
6 0.243683
7 0.238835
8 0.162472
9 0.226772
10 0.242772
11 0.2307
12 0.234307
13 0.206045
14 0.237244
15 0.212795
16 0.190577
17 0.239643
18 0.179293
19 0.145108
20 0.243554
21 0.251135
22 0.235859
23 0.232996
24 0.234136
25 0.233335
26 0.227495
27 0.235693
28 0.245049
29 0.242848
"[DEBUG]index 40 centroid... "
0 0.282573
1 0.230605
2 0.188468
3 0.187676
4 0.230028
5 0.214466
6 0.234871
7 0.194874
8 0.154087
9 0.224651
10 0.219079
11 0.182389
12 0.244224
13 0.262292
14 0.237292
15 0.294451
16 0.251356
17 0.254624
18 0.267919
19 0.250586
20 0.276605
21 0.334256
22 0.332486
23 0.312466
24 0.302736
25 0.278817
26 0.268964
27 0.249681
28 0.30456
29 0.324604
"[DEBUG]index 41 centroid... "
0 0.253477
1 0.223894
2 0.211781
3 0.204749
4 0.196893
5 0.219918
6 0.230447
7 0.26742
8 0.20077
9 0.157051
10 0.159414
11 0.118388
12 0.187622
13 0.203838
14 0.184705
15 0.196852
16 0.226325
17 0.218595
18 0.225778
19 0.259999
20 0.270246
21 0.288688
22 0.292643
23 0.319294
24 0.307061
25 0.314605
26 0.309433
27 0.287979
28 0.303907
29 0.298155
"[DEBUG]index 42 centroid... "
0 0.20925
1 0.210138
2 0.212722
3 0.195463
4 0.205208
5 0.22137
6 0.260841
7 0.290679
8 0.155156
9 0.126158
10 0.200404
11 0.247919
12 0.210982
13 0.216184
14 0.208611
15 0.22149
16 0.246412
17 0.182214
18 0.230306
19 0.244804
20 0.198184
21 0.228005
22 0.267411
23 0.232125
24 0.240673
25 0.267741
26 0.236675
27 0.238616
28 0.258561
29 0.238994
"[DEBUG]index 43 centroid... "
0 0.219584
1 0.212565
2 0.236793
3 0.236222
4 0.245238
5 0.191337
6 0.217233
7 0.199598
8 0.136196
9 0.183556
10 0.24431
11 0.21655
12 0.240812
13 0.216874
14 0.159653
15 0.225354
16 0.24241
17 0.232387
18 0.232684
19 0.226734
20 0.244202
21 0.219649
22 0.195883
23 0.21371
24 0.241759
25 0.231577
26 0.236931
27 0.230021
28 0.2095
29 0.223007
"[DEBUG]index 44 centroid... "
0 0.209095
1 0.222315
2 0.211603
3 0.220619
4 0.236834
5 0.238649
6 0.241687
7 0.222414
8 0.146747
9 0.139608
10 0.186962
11 0.259186
12 0.266712
13 0.233241
14 0.234999
15 0.22574
16 0.216792
17 0.192269
18 0.173196
19 0.160495
20 0.186155
21 0.205794
22 0.220814
23 0.220092
24 0.213224
25 0.223865
26 0.214227
27 0.2154
28 0.225702
29 0.233827
"[DEBUG]index 45 centroid... "
0 0.211037
1 0.227142
2 0.219125
3 0.23138
4 0.24543
5 0.218849
6 0.247898
7 0.213967
8 0.130574
9 0.154224
10 0.192521
11 0.254728
12 0.246159
13 0.207998
14 0.204257
15 0.209995
16 0.230761
17 0.229612
18 0.24561
19 0.23636
20 0.225991
21 0.209938
22 0.18159
23 0.210924
24 0.2503
25 0.239385
26 0.234585
27 0.230424
28 0.222154
29 0.221138
"[DEBUG]index 46 centroid... "
0 0.238844
1 0.232415
2 0.23271
3 0.240163
4 0.246914
5 0.22411
6 0.257967
7 0.258361
8 0.182331
9 0.204506
10 0.223378
11 0.194443
12 0.21546
13 0.240981
14 0.218283
15 0.219991
16 0.254773
17 0.236521
18 0.222164
19 0.264428
20 0.251559
21 0.21196
22 0.251326
23 0.246839
24 0.240897
25 0.249283
26 0.243375
27 0.237248
28 0.252669
29 0.250006
"[DEBUG]index 47 centroid... "
0 0.21076
1 0.222654
2 0.221295
3 0.247086
4 0.245877
5 0.223808
6 0.254389
7 0.221115
8 0.163516
9 0.220984
10 0.236197
11 0.228643
12 0.255747
13 0.241117
14 0.237289
15 0.211797
16 0.191845
17 0.152365
18 0.144336
19 0.171106
20 0.198143
21 0.224295
22 0.229106
23 0.225164
24 0.22034
25 0.215735
26 0.207421
27 0.212925
28 0.221067
29 0.238371
"[DEBUG]index 48 centroid... "
0 0.217177
1 0.217898
2 0.222381
3 0.228607
4 0.22715
5 0.197926
6 0.203938
7 0.185746
8 0.131237
9 0.177816
10 0.206437
11 0.213485
12 0.230931
13 0.203611
14 0.224187
15 0.21803
16 0.202191
17 0.229634
18 0.228669
19 0.227624
20 0.234052
21 0.210449
22 0.224141
23 0.23304
24 0.232131
25 0.228662
26 0.225601
27 0.221327
28 0.221387
29 0.218744
"[DEBUG]index 49 centroid... "
0 0.17031
1 0.196507
2 0.21604
3 0.207603
4 0.238549
5 0.241736
6 0.183876
7 0.170332
8 0.146034
9 0.208375
10 0.243377
11 0.220712
12 0.181128
13 0.157393
14 0.16124
15 0.223193
16 0.257754
17 0.233733
18 0.229467
19 0.229606
20 0.22827
21 0.216854
22 0.201035
23 0.237335
24 0.2225
25 0.232467
26 0.215055
27 0.232165
28 0.223276
29 0.236957
"[DEBUG]index 50 centroid... "
0 0.255827
1 0.231114
2 0.231459
3 0.248851
4 0.251286
5 0.234499
6 0.265119
7 0.253927
8 0.149127
9 0.19401
10 0.237519
11 0.187112
12 0.230346
13 0.261125
14 0.197425
15 0.212747
16 0.218057
17 0.210681
18 0.236709
19 0.240582
20 0.251532
21 0.234428
22 0.204215
23 0.256328
24 0.263304
25 0.238896
26 0.251818
27 0.249144
28 0.2408
29 0.252283
"[DEBUG]index 51 centroid... "
0 0.224794
1 0.219084
2 0.216927
3 0.233938
4 0.245155
5 0.229838
6 0.243782
7 0.220897
8 0.143276
9 0.157762
10 0.206412
11 0.23523
12 0.26092
13 0.253846
14 0.224886
15 0.232048
16 0.216255
17 0.209395
18 0.198793
19 0.185834
20 0.167303
21 0.173131
22 0.189671
23 0.218444
24 0.236514
25 0.228477
26 0.217028
27 0.209626
28 0.220203
29 0.231285
"[DEBUG]index 52 centroid... "
0 0.221309
1 0.232468
2 0.219487
3 0.24866
4 0.236258
5 0.216843
6 0.240477
7 0.220902
8 0.148796
9 0.213031
10 0.271644
11 0.215455
12 0.260438
13 0.240819
14 0.213465
15 0.2048
16 0.191734
17 0.230678
18 0.246362
19 0.225044
20 0.234756
21 0.237119
22 0.23737
23 0.23218
24 0.225219
25 0.246309
26 0.245567
27 0.247163
28 0.243051
29 0.226699
"[DEBUG]index 53 centroid... "
0 0.241129
1 0.297075
2 0.217475
3 0.264702
4 0.278713
5 0.299117
6 0.291431
7 0.314581
8 0.200843
9 0.232497
10 0.268162
11 0.281675
12 0.300132
13 0.257289
14 0.204106
15 0.274495
16 0.268554
17 0.253951
18 0.261511
19 0.183997
20 0.157421
21 0.196617
22 0.224037
23 0.191825
24 0.219511
25 0.195835
26 0.228879
27 0.274167
28 0.277909
29 0.294696
"[DEBUG]index 54 centroid... "
0 0.217254
1 0.299451
2 0.306598
3 0.312045
4 0.288984
5 0.179365
6 0.223066
7 0.236311
8 0.189676
9 0.379668
10 0.30993
11 0.223049
12 0.312205
13 0.317455
14 0.142324
15 0.316148
16 0.422898
17 0.317844
18 0.376533
19 0.250914
20 0.287463
21 0.314545
22 0.336098
23 0.309082
24 0.304369
25 0.333447
26 0.382307
27 0.406799
28 0.411541
29 0.25532
"[DEBUG]index 55 centroid... "
0 0.233465
1 0.282801
2 0.331367
3 0.318066
4 0.336638
5 0.259381
6 0.269032
7 0.316682
8 0.260686
9 0.284036
10 0.279152
11 0.292709
12 0.306402
13 0.291706
14 0.329826
15 0.285143
16 0.296291
17 0.246797
18 0.263236
19 0.279589
20 0.187745
21 0.123901
22 0.231906
23 0.269332
24 0.264283
25 0.25018
26 0.317244
27 0.244572
28 0.254951
29 0.26845
"[DEBUG]index 56 centroid... "
0 0.220019
1 0.247563
2 0.241047
3 0.237354
4 0.243205
5 0.207924
6 0.254595
7 0.209384
8 0.147006
9 0.208023
10 0.211386
11 0.183162
12 0.228779
13 0.19391
14 0.189174
15 0.211267
16 0.158435
17 0.195754
18 0.246235
19 0.222732
20 0.234958
21 0.244714
22 0.218954
23 0.235377
24 0.283699
25 0.257592
26 0.271289
27 0.259753
28 0.268284
29 0.253957
"[DEBUG]index 57 centroid... "
0 0.255325
1 0.214386
2 0.238737
3 0.211818
4 0.236269
5 0.223836
6 0.216329
7 0.269118
8 0.208162
9 0.13299
10 0.21529
11 0.242912
12 0.244917
13 0.233795
14 0.234517
15 0.158661
16 0.169321
17 0.176156
18 0.167192
19 0.196512
20 0.208227
21 0.205667
22 0.207325
23 0.225562
24 0.224221
25 0.225639
26 0.266665
27 0.235248
28 0.225308
29 0.224912
"[DEBUG]index 58 centroid... "
0 0.213742
1 0.237685
2 0.201869
3 0.230624
4 0.241591
5 0.17652
6 0.216454
7 0.210252
8 0.1096
9 0.181665
10 0.217008
11 0.233191
12 0.232057
13 0.213195
14 0.241828
15 0.174239
16 0.173453
17 0.21973
18 0.171814
19 0.178064
20 0.213555
21 0.200106
22 0.219814
23 0.204942
24 0.216023
25 0.195898
26 0.226415
27 0.233381
28 0.237804
29 0.227127
"[DEBUG]index 59 centroid... "
0 0.235355
1 0.226607
2 0.240349
3 0.243616
4 0.250853
5 0.234129
6 0.249484
7 0.24734
8 0.204443
9 0.210039
10 0.231847
11 0.229439
12 0.230822
13 0.223845
14 0.211465
15 0.226449
16 0.223034
17 0.228506
18 0.238435
19 0.219843
20 0.18597
21 0.231782
22 0.269082
23 0.245065
24 0.256121
25 0.2317
26 0.232833
27 0.234467
28 0.241762
29 0.252444
"[DEBUG]index 60 centroid... "
0 0.239872
1 0.233087
2 0.238675
3 0.21055
4 0.225975
5 0.219677
6 0.295917
7 0.229334
8 0.186325
9 0.155787
10 0.19297
11 0.216591
12 0.205067
13 0.150637
14 0.124853
15 0.138854
16 0.175282
17 0.208381
18 0.218043
19 0.207548
20 0.211263
21 0.228366
22 0.252546
23 0.248651
24 0.273487
25 0.264136
26 0.270359
27 0.244549
28 0.238865
29 0.229261
"[DEBUG]index 61 centroid... "
0 0.227809
1 0.245625
2 0.221743
3 0.246995
4 0.236093
5 0.230744
6 0.250461
7 0.259314
8 0.193517
9 0.222722
10 0.248378
11 0.246711
12 0.252584
13 0.223104
14 0.241101
15 0.237085
16 0.224321
17 0.301652
18 0.228456
19 0.176961
20 0.155144
21 0.171957
22 0.251223
23 0.256754
24 0.227218
25 0.257089
26 0.212827
27 0.235471
28 0.225916
29 0.223054
"[DEBUG]index 62 centroid... "
0 0.231461
1 0.236574
2 0.238307
3 0.239821
4 0.252516
5 0.233288
6 0.236945
7 0.210379
8 0.17816
9 0.195465
10 0.25416
11 0.24248
12 0.249769
13 0.271927
14 0.251055
15 0.20729
16 0.158161
17 0.141682
18 0.171627
19 0.214648
20 0.255264
21 0.259122
22 0.266703
23 0.239936
24 0.239012
25 0.229592
26 0.205146
27 0.215055
28 0.240858
29 0.244774
"[DEBUG]index 63 centroid... "
0 0.242954
1 0.248769
2 0.235423
3 0.237463
4 0.292899
5 0.252196
6 0.319317
7 0.242625
8 0.236517
9 0.21379
10 0.230679
11 0.239486
12 0.240181
13 0.196275
14 0.233973
15 0.237938
16 0.200804
17 0.148669
18 0.203261
19 0.16029
20 0.233701
21 0.303435
22 0.298994
23 0.21753
24 0.214182
25 0.217189
26 0.23804
27 0.20682
28 0.279426
29 0.28372
"[DEBUG]index 64 centroid... "
0 0.22936
1 0.23384
2 0.233054
3 0.239997
4 0.244949
5 0.219506
6 0.265003
7 0.235084
8 0.156302
9 0.12421
10 0.142602
11 0.18873
12 0.224938
13 0.250649
14 0.236156
15 0.224187
16 0.245944
17 0.217395
18 0.213222
19 0.217009
20 0.192167
21 0.20265
22 0.205879
23 0.224597
24 0.231238
25 0.225055
26 0.236289
27 0.228953
28 0.234872
29 0.235737
"[DEBUG]index 65 centroid... "
0 0.216259
1 0.227102
2 0.240586
3 0.22669
4 0.250383
5 0.239211
6 0.247946
7 0.217747
8 0.140323
9 0.126506
10 0.147785
11 0.214122
12 0.260373
13 0.208052
14 0.234398
15 0.207207
16 0.229205
17 0.232126
18 0.226307
19 0.257511
20 0.272722
21 0.23646
22 0.237834
23 0.254685
24 0.235235
25 0.243546
26 0.22458
27 0.224171
28 0.205193
29 0.210885
"[DEBUG]index 66 centroid... "
0 0.225462
1 0.215572
2 0.223732
3 0.229516
4 0.241132
5 0.228244
6 0.261296
7 0.233253
8 0.153171
9 0.137972
10 0.143574
11 0.160809
12 0.185127
13 0.167617
14 0.1715
15 0.17923
16 0.173126
17 0.225849
18 0.194859
19 0.235362
20 0.238502
21 0.18345
22 0.227855
23 0.261072
24 0.246029
25 0.240988
26 0.244875
27 0.224122
28 0.210745
29 0.240116
"[DEBUG]index 67 centroid... "
0 0.226174
1 0.237615
2 0.206556
3 0.208534
4 0.225506
5 0.247543
6 0.222248
7 0.22506
8 0.193502
9 0.213816
10 0.230071
11 0.238923
12 0.267344
13 0.270182
14 0.248671
15 0.252778
16 0.229519
17 0.261178
18 0.203105
19 0.167287
20 0.214441
21 0.243331
22 0.219328
23 0.244465
24 0.251695
25 0.238863
26 0.262623
27 0.235608
28 0.22367
29 0.253784
"[DEBUG]index 68 centroid... "
0 0.231799
1 0.233993
2 0.223259
3 0.234751
4 0.229216
5 0.223659
6 0.263348
7 0.264562
8 0.208802
9 0.188877
10 0.213972
11 0.191597
12 0.203764
13 0.259378
14 0.246749
15 0.228514
16 0.21115
17 0.224775
18 0.225953
19 0.205918
20 0.228625
21 0.239985
22 0.235422
23 0.234305
24 0.259508
25 0.257384
26 0.245515
27 0.256481
28 0.262027
29 0.259733
"[DEBUG]index 69 centroid... "
0 0.245262
1 0.229062
2 0.202352
3 0.250761
4 0.248178
5 0.223721
6 0.244947
7 0.199722
8 0.203456
9 0.17669
10 0.166437
11 0.220211
12 0.221839
13 0.276634
14 0.270158
15 0.150934
16 0.219935
17 0.160458
18 0.178472
19 0.246842
20 0.237524
21 0.186469
22 0.208062
23 0.22248
24 0.204964
25 0.213493
26 0.257881
27 0.248738
28 0.244838
29 0.217735
"[DEBUG]index 70 centroid... "
0 0.231558
1 0.227764
2 0.199892
3 0.228176
4 0.228732
5 0.230116
6 0.244918
7 0.273949
8 0.166312
9 0.165596
10 0.223851
11 0.238022
12 0.212607
13 0.210326
14 0.229112
15 0.25972
16 0.238729
17 0.23041
18 0.215083
19 0.227603
20 0.273514
21 0.285137
22 0.25714
23 0.277524
24 0.254967
25 0.248995
26 0.250207
27 0.259777
28 0.251152
29 0.255131
"[DEBUG]index 71 centroid... "
0 0.212728
1 0.204071
2 0.221577
3 0.212707
4 0.228483
5 0.202189
6 0.214032
7 0.209056
8 0.159477
9 0.192978
10 0.235479
11 0.213775
12 0.240351
13 0.239999
14 0.213838
15 0.193256
16 0.207452
17 0.227721
18 0.221781
19 0.21587
20 0.220912
21 0.200667
22 0.182347
23 0.200497
24 0.208372
25 0.222513
26 0.224101
27 0.220492
28 0.207886
29 0.205834
"[DEBUG]index 72 centroid... "
0 0.228674
1 0.203998
2 0.222839
3 0.22177
4 0.239278
5 0.226136
6 0.242343
7 0.233886
8 0.151674
9 0.111106
10 0.118838
11 0.151446
12 0.165919
13 0.212408
14 0.210845
15 0.185564
16 0.244788
17 0.231372
18 0.210721
19 0.212346
20 0.227474
21 0.235585
22 0.252877
23 0.260586
24 0.269505
25 0.260491
26 0.284996
27 0.251339
28 0.252666
29 0.252013
"[DEBUG]index 73 centroid... "
0 0.230233
1 0.233718
2 0.208324
3 0.235998
4 0.254756
5 0.231464
6 0.248662
7 0.226872
8 0.143073
9 0.174934
10 0.173606
11 0.230872
12 0.241851
13 0.205623
14 0.223125
15 0.270774
16 0.277559
17 0.229491
18 0.229743
19 0.216055
20 0.205552
21 0.271841
22 0.266599
23 0.250977
24 0.239476
25 0.262074
26 0.27863
27 0.237581
28 0.247853
29 0.24355
"[DEBUG]index 74 centroid... "
0 0.222979
1 0.20509
2 0.202512
3 0.20953
4 0.207717
5 0.211617
6 0.235377
7 0.226164
8 0.194547
9 0.213315
10 0.175072
11 0.108795
12 0.178077
13 0.222729
14 0.222986
15 0.186052
16 0.204576
17 0.223235
18 0.245779
19 0.278541
20 0.287579
21 0.28299
22 0.253524
23 0.288665
24 0.287534
25 0.286338
26 0.294663
27 0.302335
28 0.284173
29 0.269884
"[DEBUG]index 75 centroid... "
0 0.258611
1 0.241144
2 0.235149
3 0.290921
4 0.280022
5 0.216587
6 0.268548
7 0.270636
8 0.215412
9 0.222362
10 0.267773
11 0.265419
12 0.274432
13 0.262023
14 0.223181
15 0.256542
16 0.254224
17 0.208129
18 0.281386
19 0.247742
20 0.235845
21 0.247863
22 0.274035
23 0.26129
24 0.253034
25 0.243985
26 0.271673
27 0.230118
28 0.24189
29 0.245748
"[DEBUG]index 76 centroid... "
0 0.272769
1 0.212182
2 0.212125
3 0.24861
4 0.220102
5 0.209405
6 0.251095
7 0.253335
8 0.151676
9 0.182869
10 0.246332
11 0.239744
12 0.207861
13 0.259234
14 0.221093
15 0.1098
16 0.204309
17 0.250152
18 0.234097
19 0.23759
20 0.241672
21 0.208416
22 0.206869
23 0.264449
24 0.301016
25 0.306597
26 0.309003
27 0.282686
28 0.278992
29 0.246837
"[DEBUG]index 77 centroid... "
0 0.23614
1 0.234038
2 0.243287
3 0.246868
4 0.247708
5 0.231785
6 0.264114
7 0.22381
8 0.155089
9 0.23966
10 0.256039
11 0.196989
12 0.233746
13 0.245903
14 0.183241
15 0.207868
16 0.199493
17 0.172316
18 0.212738
19 0.17499
20 0.234251
21 0.240381
22 0.198572
23 0.231664
24 0.226069
25 0.209964
26 0.222908
27 0.214479
28 0.245616
29 0.255144
"[DEBUG]index 78 centroid... "
0 0.222582
1 0.229531
2 0.218126
3 0.223938
4 0.237323
5 0.202621
6 0.22901
7 0.242689
8 0.212112
9 0.221585
10 0.219856
11 0.222896
12 0.18277
13 0.146013
14 0.183511
15 0.197651
16 0.208359
17 0.2189
18 0.213239
19 0.246407
20 0.250087
21 0.256252
22 0.258254
23 0.263674
24 0.275297
25 0.284901
26 0.278255
27 0.278869
28 0.283115
29 0.29136
"[DEBUG]index 79 centroid... "
0 0.202317
1 0.187208
2 0.206717
3 0.246606
4 0.257625
5 0.234674
6 0.233518
7 0.228901
8 0.182894
9 0.193138
10 0.264822
11 0.25768
12 0.220707
13 0.219463
14 0.193041
15 0.197411
16 0.232889
17 0.239176
18 0.165069
19 0.241238
20 0.213463
21 0.245504
22 0.201805
23 0.238785
24 0.184512
25 0.153973
26 0.222347
27 0.209734
28 0.218307
29 0.214282
"[DEBUG]index 80 centroid... "
0 0.228893
1 0.214737
2 0.231166
3 0.235077
4 0.243725
5 0.215363
6 0.228309
7 0.222192
8 0.168052
9 0.212757
10 0.238725
11 0.248496
12 0.243538
13 0.213839
14 0.229339
15 0.22428
16 0.221136
17 0.228736
18 0.227876
19 0.26187
20 0.255581
21 0.254074
22 0.276806
23 0.244319
24 0.256383
25 0.244247
26 0.245299
27 0.258016
28 0.256595
29 0.251696
"[DEBUG]index 81 centroid... "
0 0.209125
1 0.223618
2 0.24092
3 0.239238
4 0.231093
5 0.211647
6 0.266871
7 0.222246
8 0.194814
9 0.242939
10 0.237688
11 0.254269
12 0.229469
13 0.22172
14 0.262885
15 0.248022
16 0.244674
17 0.213847
18 0.189322
19 0.237354
20 0.276503
21 0.212573
22 0.238378
23 0.221138
24 0.236298
25 0.256645
26 0.271486
27 0.275313
28 0.255343
29 0.250277
"[DEBUG]index 82 centroid... "
0 0.220778
1 0.238475
2 0.238931
3 0.275567
4 0.232443
5 0.201759
6 0.239906
7 0.176757
8 0.133165
9 0.128331
10 0.158429
11 0.184216
12 0.227258
13 0.262331
14 0.218187
15 0.258158
16 0.279969
17 0.252636
18 0.198105
19 0.22314
20 0.249925
21 0.218008
22 0.227754
23 0.235103
24 0.228893
25 0.257722
26 0.238116
27 0.225859
28 0.237523
29 0.23327
"[DEBUG]index 83 centroid... "
0 0.216108
1 0.222395
2 0.23896
3 0.270647
4 0.261378
5 0.227959
6 0.240223
7 0.223362
8 0.167777
9 0.200796
10 0.255017
11 0.259468
12 0.262806
13 0.234781
14 0.250022
15 0.23812
16 0.219077
17 0.244674
18 0.276675
19 0.25486
20 0.247787
21 0.264537
22 0.248432
23 0.225006
24 0.235891
25 0.246237
26 0.238227
27 0.241077
28 0.244566
29 0.226523
"[DEBUG]index 84 centroid... "
0 0.193166
1 0.190914
2 0.200108
3 0.245777
4 0.22286
5 0.220401
6 0.235108
7 0.223203
8 0.141566
9 0.133694
10 0.165609
11 0.240153
12 0.253019
13 0.237756
14 0.228996
15 0.18284
16 0.196528
17 0.250629
18 0.246618
19 0.268677
20 0.265125
21 0.285685
22 0.294254
23 0.245436
24 0.248299
25 0.262804
26 0.27104
27 0.267541
28 0.269508
29 0.269525
"[DEBUG]index 85 centroid... "
0 0.24351
1 0.225284
2 0.226079
3 0.204181
4 0.234897
5 0.246316
6 0.245353
7 0.275202
8 0.193718
9 0.119383
10 0.215971
11 0.244943
12 0.261454
13 0.245889
14 0.228572
15 0.218044
16 0.225365
17 0.20419
18 0.245842
19 0.246996
20 0.243695
21 0.222509
22 0.234851
23 0.245553
24 0.250065
25 0.239932
26 0.221831
27 0.224447
28 0.213725
29 0.195658
"[DEBUG]index 86 centroid... "
0 0.200517
1 0.212222
2 0.211796
3 0.228466
4 0.223588
5 0.195864
6 0.19964
7 0.185735
8 0.132066
9 0.169875
10 0.223391
11 0.227162
12 0.229194
13 0.225734
14 0.231989
15 0.241152
16 0.259761
17 0.276567
18 0.274392
19 0.259627
20 0.27009
21 0.283047
22 0.261833
23 0.250107
24 0.258388
25 0.235931
26 0.237118
27 0.223186
28 0.220192
29 0.218257
"[DEBUG]index 87 centroid... "
0 0.226666
1 0.211193
2 0.201216
3 0.224605
4 0.237191
5 0.21782
6 0.247598
7 0.228824
8 0.191067
9 0.206732
10 0.223272
11 0.236377
12 0.180094
13 0.213269
14 0.254219
15 0.260465
16 0.210137
17 0.238598
18 0.23379
19 0.2377
20 0.23155
21 0.188706
22 0.198783
23 0.271816
24 0.257673
25 0.244237
26 0.259394
27 0.24826
28 0.245597
29 0.245035
"[DEBUG]index 88 centroid... "
0 0.213692
1 0.224627
2 0.217577
3 0.22822
4 0.2419
5 0.236412
6 0.261506
7 0.244882
8 0.141752
9 0.112372
10 0.136042
11 0.24191
12 0.262352
13 0.236183
14 0.228965
15 0.243559
16 0.215677
17 0.190342
18 0.21878
19 0.220285
20 0.237737
21 0.259208
22 0.250633
23 0.244086
24 0.240373
25 0.233872
26 0.237471
27 0.225615
28 0.237708
29 0.232698
"[DEBUG]index 89 centroid... "
0 0.214561
1 0.206025
2 0.195163
3 0.191897
4 0.234259
5 0.207578
6 0.23255
7 0.226681
8 0.132293
9 0.147718
10 0.243657
11 0.233433
12 0.211763
13 0.204407
14 0.195946
15 0.218157
16 0.222893
17 0.240152
18 0.254498
19 0.223205
20 0.243989
21 0.267729
22 0.25816
23 0.264728
24 0.27489
25 0.265191
26 0.240087
27 0.2513
28 0.245666
29 0.232061
"[DEBUG]index 90 centroid... "
0 0.227126
1 0.202031
2 0.221212
3 0.2245
4 0.232926
5 0.205338
6 0.265596
7 0.239512
8 0.172287
9 0.162372
10 0.157091
11 0.162669
12 0.18474
13 0.191036
14 0.201736
15 0.22422
16 0.221097
17 0.254208
18 0.257286
19 0.259037
20 0.222717
21 0.229044
22 0.249646
23 0.241295
24 0.256079
25 0.254883
26 0.259135
27 0.261508
28 0.254065
29 0.25836
"[DEBUG]index 91 centroid... "
0 0.238828
1 0.19572
2 0.236051
3 0.214827
4 0.243744
5 0.217729
6 0.214682
7 0.200585
8 0.180231
9 0.213832
10 0.235979
11 0.252933
12 0.220093
13 0.237922
14 0.179826
15 0.126308
16 0.139227
17 0.14687
18 0.131354
19 0.14412
20 0.225812
21 0.210012
22 0.225659
23 0.253069
24 0.237243
25 0.222621
26 0.229056
27 0.217915
28 0.225171
29 0.224361
"[DEBUG]index 92 centroid... "
0 0.22631
1 0.239094
2 0.246746
3 0.230545
4 0.22835
5 0.21305
6 0.237823
7 0.219116
8 0.167674
9 0.209839
10 0.229167
11 0.222503
12 0.267365
13 0.221801
14 0.145793
15 0.123656
16 0.103515
17 0.188733
18 0.248344
19 0.241524
20 0.2341
21 0.226103
22 0.201462
23 0.22953
24 0.211091
25 0.225293
26 0.227611
27 0.256211
28 0.245035
29 0.240785
"[DEBUG]index 93 centroid... "
0 0.260944
1 0.23829
2 0.232572
3 0.24306
4 0.24548
5 0.22005
6 0.263514
7 0.248188
8 0.191056
9 0.254654
10 0.255466
11 0.19659
12 0.21047
13 0.234162
14 0.196731
15 0.167798
16 0.273111
17 0.253661
18 0.219229
19 0.205449
20 0.226408
21 0.232845
22 0.216066
23 0.227518
24 0.255047
25 0.247819
26 0.255929
27 0.253521
28 0.253665
29 0.251118
"[DEBUG]index 94 centroid... "
0 0.239644
1 0.240703
2 0.228833
3 0.232828
4 0.235388
5 0.221509
6 0.247644
7 0.216761
8 0.113137
9 0.172298
10 0.195372
11 0.209832
12 0.247751
13 0.209747
14 0.187733
15 0.240569
16 0.251498
17 0.227187
18 0.238982
19 0.272396
20 0.271186
21 0.299628
22 0.309144
23 0.314203
24 0.298558
25 0.311376
26 0.298892
27 0.291838
28 0.277992
29 0.301115
"[DEBUG]index 95 centroid... "
0 0.224446
1 0.210186
2 0.221611
3 0.24897
4 0.25917
5 0.229841
6 0.245029
7 0.224345
8 0.158641
9 0.146108
10 0.192156
11 0.268827
12 0.278316
13 0.25638
14 0.259889
15 0.214347
16 0.19871
17 0.227485
18 0.161037
19 0.214487
20 0.248433
21 0.278506
22 0.225401
23 0.237082
24 0.209756
25 0.217193
26 0.236295
27 0.208387
28 0.221273
29 0.222611
"[DEBUG]index 96 centroid... "
0 0.252817
1 0.222911
2 0.243881
3 0.244561
4 0.252771
5 0.218086
6 0.245963
7 0.273173
8 0.183288
9 0.199735
10 0.245662
11 0.260219
12 0.231393
13 0.268663
14 0.279624
15 0.226382
16 0.252642
17 0.271171
18 0.242994
19 0.237119
20 0.271544
21 0.259041
22 0.211074
23 0.25264
24 0.245623
25 0.244926
26 0.241975
27 0.24654
28 0.249181
29 0.252284
"[DEBUG]index 97 centroid... "
0 0.225035
1 0.211251
2 0.214199
3 0.233154
4 0.234411
5 0.223201
6 0.274972
7 0.22926
8 0.174381
9 0.247238
10 0.235909
11 0.201637
12 0.220821
13 0.197915
14 0.218745
15 0.229566
16 0.249172
17 0.257311
18 0.228624
19 0.189838
20 0.233281
21 0.208518
22 0.221539
23 0.257603
24 0.233943
25 0.235581
26 0.221508
27 0.218263
28 0.229209
29 0.223341
"[DEBUG]index 98 centroid... "
0 0.267509
1 0.230614
2 0.220778
3 0.258443
4 0.271015
5 0.248869
6 0.252561
7 0.245952
8 0.202987
9 0.196866
10 0.25105
11 0.178845
12 0.206055
13 0.286073
14 0.198817
15 0.199981
16 0.209155
17 0.1696
18 0.162859
19 0.260185
20 0.248381
21 0.225149
22 0.262628
23 0.216208
24 0.23673
25 0.263921
26 0.234888
27 0.255882
28 0.291098
29 0.277818
"[DEBUG]index 99 centroid... "
0 0.220752
1 0.216499
2 0.232043
3 0.233652
4 0.241111
5 0.223216
6 0.250993
7 0.236132
8 0.175229
9 0.199049
10 0.220226
11 0.218884
12 0.23439
13 0.243729
14 0.232635
15 0.211232
16 0.241586
17 0.200303
18 0.151571
19 0.224326
20 0.24749
21 0.212026
22 0.235852
23 0.236339
24 0.232088
25 0.215986
26 0.215406
27 0.223036
28 0.226541
29 0.247316
