correlation level (red against blue): 
-0.509464
-0.487032
-0.483563
-0.41126
-0.664543
-0.673903
-0.638647
-0.409062
-0.58116
-0.78173
-0.677772
-0.755244
-0.81414
-0.554676
-0.39088
-0.560899
-0.71978
-0.614907
-0.673315
-0.501897
-0.648146
-0.848239
-0.815297
-0.843555
-0.747553
-0.685022
-0.189652
-0.650669
-0.651353
-0.7052
-0.774827
-0.549142
-0.641493
-0.682235
-0.84094
-0.423606
-0.779437
-0.853487
-0.76125
-0.858056
-0.66767
-0.65952
-0.777082
-0.802836
-0.597229
-0.71739
-0.658124
-0.519366
-0.785067
-0.535392
-0.772347
-0.590511
-0.782899
-0.539531
-0.343561
-0.528538
-0.682735
-0.639418
-0.786095
-0.688595
-0.539578
-0.629043
-0.486231
-0.501544
-0.515781
-0.646343
-0.471655
-0.663427
-0.452568
-0.587011
-0.768489
-0.668287
-0.546423
-0.595279
-0.651152
-0.470357
-0.689217
-0.728405
-0.626818
-0.376518
-0.739549
-0.549363
-0.533506
-0.647993
-0.654403
-0.735646
-0.632254
-0.581966
-0.711684
-0.753984
-0.464754
-0.382654
-0.729598
-0.731062
-0.726882
-0.630143
-0.671708
-0.696546
-0.652397
-0.810489
