"[DEBUG]index 0 centroid... "
0 0.937063
1 1.28671
2 1.75524
3 1.37762
4 1.86713
5 1.44755
6 1.95804
7 1.41259
8 2.42657
9 3.41259
10 3.13287
11 7.29371
12 8.85315
13 12.5734
14 16.2517
15 14.3357
16 10.6014
17 10.7273
18 6.42657
19 4.65734
20 6.02098
21 2.46853
22 2.59441
23 2.04196
24 1.76224
25 1.84615
26 1.22378
27 2.06294
28 1.18182
29 1.34266
"[DEBUG]index 1 centroid... "
0 6.67593
1 6.73148
2 5.37037
3 5.75
4 5.86111
5 3.78704
6 4.01852
7 2.43519
8 8.57407
9 4.62037
10 2.18519
11 2.17593
12 1.12963
13 0.564815
14 0.398148
15 0.259259
16 0.398148
17 0.666667
18 0.472222
19 1.10185
20 1.77778
21 1.34259
22 2.96296
23 2.53704
24 3.07407
25 3.15741
26 3.03704
27 3.0463
28 4.08333
29 4.75926
"[DEBUG]index 2 centroid... "
0 2.68671
1 2.47972
2 2.33147
3 2.21678
4 2.33776
5 2.61748
6 2.21818
7 2.06294
8 10.0469
9 3.6986
10 2.13077
11 1.18182
12 0.576224
13 0.781818
14 1.16084
15 2.08671
16 5.37203
17 8.17622
18 18.8566
19 7.61119
20 4.57063
21 1.88881
22 1.15664
23 2.72517
24 2.41329
25 2.56853
26 2.9049
27 3.10769
28 2.86224
29 2.4986
"[DEBUG]index 3 centroid... "
0 5.30682
1 5.65909
2 4.70455
3 4.73864
4 7.375
5 6.35227
6 4.85227
7 3.73864
8 17.625
9 3.55682
10 4
11 1.85227
12 1.52273
13 3.43182
14 10.4318
15 7.43182
16 10.125
17 4.18182
18 1.69318
19 0.909091
20 0.352273
21 0.409091
22 0.954545
23 4.84091
24 3.61364
25 4.25
26 5.20455
27 4.03409
28 3.13636
29 4.15909
"[DEBUG]index 4 centroid... "
0 2.64915
1 2.60807
2 2.3054
3 2.28686
4 2.66788
5 3.02091
6 2.91783
7 1.51445
8 20.0642
9 3.82712
10 2.9511
11 1.40756
12 3.1876
13 2.06399
14 6.80149
15 7.84221
16 2.04036
17 1.27104
18 3.36412
19 2.35848
20 4.44101
21 25.3603
22 6.1078
23 3.35775
24 3.60662
25 3.33303
26 2.84585
27 2.82131
28 2.72987
29 2.93074
"[DEBUG]index 5 centroid... "
0 3.28797
1 3.5913
2 3.21029
3 2.97915
4 3.13855
5 2.84946
6 2.63547
7 1.82154
8 19.9733
9 5.22733
10 3.29447
11 5.0065
12 23.7131
13 3.31835
14 2.32922
15 1.68636
16 1.74106
17 2.26645
18 4.04035
19 21.6637
20 5.11658
21 2.80327
22 3.21489
23 3.38964
24 2.62358
25 2.63031
26 2.78758
27 3.1112
28 2.80294
29 2.82771
"[DEBUG]index 6 centroid... "
0 2.834
1 2.85396
2 2.86077
3 2.39775
4 2.40385
5 2.61728
6 2.251
7 1.87321
8 18.421
9 2.95727
10 14.4278
11 15.9707
12 5.03945
13 2.49237
14 1.16131
15 2.16389
16 5.04226
17 5.5607
18 2.02818
19 1.02794
20 2.24935
21 5.38953
22 1.56727
23 2.20333
24 2.2564
25 2.19042
26 2.15919
27 2.15708
28 2.19159
29 2.0047
"[DEBUG]index 7 centroid... "
0 3.69504
1 3.70213
2 3.59338
3 3.30969
4 3.84161
5 3.08747
6 3.08983
7 1.75177
8 14.8251
9 3.95981
10 7.31206
11 4.26005
12 15.9338
13 12.7707
14 4.79669
15 1.86761
16 0.91253
17 0.624114
18 0.527187
19 1.01418
20 1.22222
21 2.08511
22 6.38061
23 2.51064
24 2.82979
25 2.52955
26 2.65721
27 2.59102
28 2.98109
29 2.44917
"[DEBUG]index 8 centroid... "
0 3.56556
1 3.41722
2 3.23795
3 2.94841
4 3.81583
5 3.82168
6 3.31757
7 2.28181
8 37.007
9 4.67078
10 3.0965
11 3.20678
12 2.91237
13 9.66826
14 2.15555
15 12.2982
16 2.35121
17 13.5958
18 2.55395
19 2.42381
20 10.1316
21 2.65344
22 1.22156
23 3.57274
24 3.37296
25 3.04309
26 3.07346
27 3.18029
28 3.12413
29 3.00785
"[DEBUG]index 9 centroid... "
0 4.61786
1 4.01921
2 4.07391
3 3.37027
4 3.83902
5 3.73437
6 3.57071
7 2.49284
8 33.0143
9 4.99185
10 9.69526
11 10.9882
12 3.65091
13 1.26225
14 2.25096
15 13.1017
16 2.43231
17 1.3336
18 2.48865
19 12.8013
20 2.48178
21 1.23629
22 3.21639
23 4.12036
24 3.25038
25 3.23175
26 3.47247
27 3.51635
28 3.13305
29 3.06914
"[DEBUG]index 10 centroid... "
0 3.75932
1 3.6127
2 3.28652
3 3.30435
4 3.89758
5 4.0111
6 3.59505
7 2.20429
8 28.4492
9 5.73586
10 3.58978
11 1.51337
12 2.56722
13 12.3182
14 2.71603
15 1.33691
16 2.67564
17 11.6631
18 10.1927
19 2.88576
20 1.5312
21 2.54193
22 13.6165
23 2.91268
24 3.45534
25 3.84119
26 3.91104
27 3.47189
28 3.37711
29 3.33946
"[DEBUG]index 11 centroid... "
0 2.30921
1 2.40128
2 2.24109
3 1.86748
4 1.86393
5 2.15026
6 2.32304
7 1.81462
8 11.7555
9 3.10839
10 12.3104
11 3.80841
12 2.05819
13 2.27869
14 1.07043
15 1.80202
16 4.94518
17 2.20703
18 5.12649
19 7.85187
20 24.9292
21 7.48324
22 5.00124
23 2.54391
24 2.66223
25 2.09225
26 2.18432
27 2.28561
28 2.54373
29 2.36491
"[DEBUG]index 12 centroid... "
0 3.2531
1 3.21241
2 2.80378
3 2.669
4 3.28323
5 3.28571
6 3.30094
7 2.43835
8 24.7931
9 4.4006
10 2.72904
11 2.54831
12 8.65705
13 2.50587
14 2.62563
15 4.6498
16 28.5307
17 5.07175
18 2.70116
19 7.8971
20 2.84377
21 2.1413
22 7.08879
23 2.78104
24 2.991
25 3.06654
26 3.14558
27 2.92617
28 2.78176
29 2.66719
"[DEBUG]index 13 centroid... "
0 3.45905
1 3.17116
2 3.16282
3 2.85238
4 2.87003
5 2.64247
6 3.05983
7 2.06768
8 17.9358
9 2.78568
10 18.1231
11 2.65473
12 20.2585
13 3.37175
14 6.26533
15 2.08043
16 2.22903
17 4.78323
18 5.6307
19 2.03531
20 1.2256
21 0.717999
22 1.15007
23 2.09564
24 2.08239
25 2.16037
26 2.19274
27 2.26533
28 2.34134
29 2.03531
"[DEBUG]index 14 centroid... "
0 3.53892
1 3.88708
2 3.35672
3 3.30539
4 4.16938
5 3.36869
6 4.01198
7 2.50813
8 18.87
9 4.24808
10 2.94183
11 1.19589
12 0.658683
13 1.43798
14 1.07699
15 2.22755
16 12.2412
17 2.64585
18 1.16852
19 1.32421
20 3.14371
21 1.75791
22 10.3122
23 2.88366
24 3.7793
25 3.38238
26 4.4722
27 3.09068
28 3.09324
29 3.31309
"[DEBUG]index 15 centroid... "
0 2.11204
1 2.07665
2 2.00454
3 1.84292
4 1.78861
5 2.49584
6 2.54977
7 1.79693
8 9.45023
9 23.0997
10 8.36109
11 4.69247
12 2.19417
13 3.99394
14 12.7415
15 3.26325
16 1.47918
17 4.26117
18 1.78312
19 4.38248
20 1.46291
21 4.05375
22 3.52706
23 1.89175
24 1.97672
25 1.95534
26 1.91578
27 1.80905
28 1.95042
29 1.70666
"[DEBUG]index 16 centroid... "
0 3.64496
1 3.52723
2 3.17472
3 2.86751
4 3.58329
5 3.53886
6 3.19138
7 2.03981
8 31.9212
9 4.76737
10 2.8993
11 1.44571
12 1.37345
13 2.32181
14 2.99187
15 1.04495
16 3.04577
17 1.21627
18 2.37078
19 13.2286
20 1.8545
21 2.5529
22 1.14638
23 3.50167
24 2.74762
25 2.8294
26 2.93874
27 3.16134
28 3.06923
29 2.95037
"[DEBUG]index 17 centroid... "
0 3.43426
1 3.53713
2 3.21923
3 3.00738
4 3.05455
5 3.44685
6 3.04107
7 2.24059
8 25.2848
9 5.38606
10 2.51793
11 12.5191
12 2.61165
13 1.01907
14 1.44036
15 3.22902
16 1.07998
17 2.40399
18 11.7607
19 2.81473
20 2.45397
21 9.50153
22 9.65565
23 2.70053
24 3.17497
25 3.37398
26 3.14535
27 3.13021
28 3.20829
29 3.1868
"[DEBUG]index 18 centroid... "
0 2.89344
1 2.99591
2 2.73317
3 2.56314
4 2.80725
5 3.1388
6 3.21238
7 2.19217
8 20.3005
9 5.32345
10 2.53541
11 7.61609
12 2.77936
13 2.72699
14 6.5699
15 2.114
16 4.07291
17 26.4679
18 5.67605
19 2.98513
20 5.71789
21 23.5681
22 4.86471
23 2.82512
24 3.30742
25 3.29631
26 3.16227
27 3.14039
28 3.12302
29 3.08093
"[DEBUG]index 19 centroid... "
0 2.81919
1 2.79818
2 2.55551
3 2.37986
4 2.78271
5 2.99445
6 3.06622
7 2.22443
8 17.2617
9 4.09516
10 2.75813
11 1.69707
12 2.42902
13 3.77161
14 21.4243
15 4.19944
16 2.89175
17 6.136
18 17.4405
19 16.9826
20 4.6027
21 2.36241
22 8.54163
23 2.96352
24 2.7613
25 2.84457
26 3.40761
27 2.98335
28 3.08446
29 2.78588
"[DEBUG]index 20 centroid... "
0 5.24499
1 4.61787
2 4.00154
3 3.75193
4 3.69492
5 4.34052
6 3.41911
7 2.32512
8 19.4222
9 6.93837
10 2.4453
11 3.25732
12 4.05393
13 1.20647
14 0.634823
15 1.04468
16 2.23112
17 11.7627
18 2.24345
19 2.98613
20 1.24345
21 0.61171
22 1.0678
23 3.9168
24 3.48228
25 3.49153
26 3.72727
27 3.87519
28 3.72881
29 3.67643
"[DEBUG]index 21 centroid... "
0 3.59327
1 3.63293
2 3.44093
3 3.06946
4 3.47297
5 3.67415
6 3.20205
7 2.31214
8 42.0118
9 5.0284
10 2.90657
11 13.0151
12 3.17386
13 2.43505
14 2.90327
15 1.24385
16 2.4098
17 3.22597
18 1.21013
19 2.61918
20 10.0207
21 2.22119
22 2.68517
23 3.24471
24 3.09474
25 2.73784
26 2.80125
27 2.80573
28 2.92033
29 2.82641
"[DEBUG]index 22 centroid... "
0 5.02516
1 3.85967
2 3.46016
3 3.73443
4 3.95325
5 3.86817
6 3.64935
7 2.42119
8 28.2483
9 4.11344
10 2.81036
11 7.44918
12 8.81466
13 2.36877
14 4.70753
15 33.5791
16 4.44232
17 2.78383
18 2.09331
19 1.507
20 2.33693
21 7.33803
22 2.07547
23 3.52191
24 3.31653
25 3.18626
26 2.86744
27 2.66609
28 2.68749
29 2.479
"[DEBUG]index 23 centroid... "
0 3.34704
1 3.20956
2 2.9524
3 2.91596
4 3.38168
5 3.50828
6 3.04391
7 2.0781
8 23.6515
9 4.43207
10 2.94277
11 3.17572
12 7.64486
13 3.75994
14 27.6524
15 4.32194
16 2.84101
17 1.59259
18 2.37673
19 6.69372
20 2.11049
21 2.18841
22 1.28496
23 3.13937
24 2.62534
25 2.61058
26 2.49631
27 2.60068
28 2.48164
29 2.41425
"[DEBUG]index 24 centroid... "
0 3.83437
1 3.83326
2 3.52037
3 3.26214
4 3.68551
5 4.04404
6 3.44156
7 2.47304
8 38.6585
9 4.91574
10 2.75783
11 12.1453
12 2.83314
13 8.2831
14 2.50603
15 13.782
16 2.26282
17 2.43685
18 10.5108
19 2.68348
20 1.2237
21 2.91678
22 2.76642
23 3.25688
24 3.02644
25 3.08429
26 3.05456
27 3.02388
28 2.99754
29 2.76174
"[DEBUG]index 25 centroid... "
0 4.22049
1 3.95307
2 3.65301
3 3.03116
4 3.73863
5 3.86288
6 3.4086
7 2.1166
8 39.494
9 5.08192
10 16.171
11 2.4416
12 1.51642
13 1.34592
14 2.82692
15 2.64631
16 1.12888
17 3.03341
18 3.25938
19 1.06261
20 2.63418
21 2.62627
22 1.01319
23 3.06012
24 2.7874
25 2.82917
26 2.81385
27 2.78971
28 2.78879
29 2.83546
"[DEBUG]index 26 centroid... "
0 6.20019
1 8.07436
2 4.3775
3 5.9409
4 4.53194
5 4.07436
6 3.59295
7 3.44042
8 25.2021
9 10.8227
10 2.94471
11 1.80458
12 4.58532
13 21.0429
14 2.39561
15 0.919924
16 0.910391
17 1.41182
18 4.00667
19 2.26692
20 16.8208
21 2.64633
22 12.6864
23 3.76263
24 4.3775
25 4.00858
26 5.40229
27 3.87893
28 3.78265
29 9.58723
"[DEBUG]index 27 centroid... "
0 2.55777
1 2.3618
2 2.34448
3 1.91412
4 1.92883
5 2.25125
6 2.14852
7 2.06928
8 12.7898
9 3.45267
10 10.9132
11 10.9836
12 3.84603
13 1.79905
14 5.45006
15 2.00451
16 4.14662
17 6.93903
18 28.2807
19 7.40973
20 4.79359
21 2.20071
22 5.76939
23 1.92859
24 1.8968
25 2.13571
26 2.36726
27 2.24342
28 2.35611
29 2.28683
"[DEBUG]index 28 centroid... "
0 3.01143
1 3.11285
2 3.1345
3 2.84288
4 3.05282
5 3.061
6 2.65857
7 2.05835
8 23.1983
9 4.71523
10 8.30077
11 7.04103
12 5.79391
13 28.5174
14 4.14545
15 1.84865
16 7.41747
17 2.29524
18 6.7032
19 2.43335
20 9.01528
21 1.95801
22 8.00986
23 2.65724
24 2.80053
25 2.56039
26 2.59119
27 2.641
28 2.64641
29 2.40135
"[DEBUG]index 29 centroid... "
0 3.47704
1 3.29785
2 2.98508
3 2.75065
4 2.90201
5 3.68364
6 3.46772
7 2.67776
8 22.469
9 3.39641
10 23.1166
11 4.43056
12 2.96341
13 3.04419
14 6.02783
15 3.66643
16 23.9984
17 4.47202
18 2.67116
19 6.13242
20 6.9802
21 2.24046
22 1.31492
23 3.14605
24 2.57059
25 2.55466
26 2.63443
27 2.6373
28 2.6274
29 2.63716
"[DEBUG]index 30 centroid... "
0 2.97832
1 2.93745
2 2.69869
3 2.45953
4 3.03587
5 3.14402
6 2.76531
7 1.86675
8 24.3679
9 5.33495
10 2.63601
11 1.28489
12 3.1933
13 1.08318
14 2.60565
15 0.820894
16 2.58003
17 10.5719
18 1.9933
19 9.32037
20 8.20184
21 1.77845
22 10.6407
23 2.75072
24 2.78423
25 3.13561
26 3.19014
27 3.0025
28 3.03653
29 2.98055
"[DEBUG]index 31 centroid... "
0 4.67743
1 4.35097
2 4.04102
3 3.70147
4 4.35642
5 4.12761
6 3.7924
7 2.31438
8 43.8687
9 5.50951
10 4.17092
11 3.20114
12 18.5454
13 2.00361
14 1.30201
15 3.28821
16 3.08051
17 1.4436
18 3.06924
19 1.48986
20 3.24359
21 2.72051
22 1.42671
23 3.46571
24 3.27446
25 3.06495
26 3.05104
27 3.12129
28 3.01553
29 2.97757
"[DEBUG]index 32 centroid... "
0 2.56481
1 2.55635
2 2.49131
3 2.27483
4 2.54209
5 3.00802
6 2.75724
7 2.02361
8 17.6067
9 3.40356
10 1.92918
11 1.30735
12 1.36036
13 2.11759
14 3.43964
15 17.5991
16 13.8846
17 5.07216
18 6.48196
19 2.05256
20 6.38396
21 5.65434
22 1.73942
23 2.72294
24 3.00713
25 2.84543
26 2.63252
27 2.76481
28 2.4882
29 2.48641
"[DEBUG]index 33 centroid... "
0 3.27471
1 3.11358
2 3.15592
3 2.70398
4 2.70597
5 2.84595
6 3.05251
7 1.78039
8 24.4561
9 3.74657
10 27.4107
11 3.96682
12 2.61977
13 2.98445
14 2.64541
15 1.09086
16 1.30751
17 1.08785
18 2.63913
19 6.57857
20 1.94626
21 6.69508
22 2.21016
23 2.79111
24 2.45474
25 2.48351
26 2.30603
27 2.41732
28 2.50631
29 2.42054
"[DEBUG]index 34 centroid... "
0 2.9795
1 3.08872
2 2.98538
3 2.93831
4 3.50804
5 3.93197
6 3.35469
7 2.14011
8 24.0732
9 4.01848
10 2.86688
11 1.78422
12 2.74028
13 4.87175
14 28.5263
15 4.60338
16 2.36591
17 8.60348
18 2.75195
19 1.22534
20 2.78772
21 2.30597
22 7.19583
23 2.94429
24 3.23288
25 3.28078
26 2.90337
27 2.96139
28 2.62232
29 2.72456
"[DEBUG]index 35 centroid... "
0 2.98853
1 3.06002
2 2.7667
3 2.44101
4 2.64137
5 2.57252
6 2.61724
7 1.64696
8 21.1256
9 4.49132
10 6.96131
11 4.46926
12 24.663
13 3.68814
14 2.10959
15 5.88908
16 2.13828
17 7.3045
18 2.24066
19 7.00118
20 4.61959
21 20.5427
22 5.15505
23 2.80597
24 2.96999
25 3.03192
26 2.44454
27 2.52354
28 2.68608
29 2.62106
"[DEBUG]index 36 centroid... "
0 3.82992
1 3.41547
2 3.33496
3 2.99898
4 2.91144
5 3.69795
6 3.15643
7 2.35168
8 18.538
9 21.3976
10 6.39325
11 2.21961
12 9.94691
13 2.18557
14 1.08
15 1.21675
16 2.29583
17 2.32793
18 1.17304
19 2.99052
20 1.13197
21 2.10985
22 6.74809
23 2.16203
24 2.56211
25 2.56272
26 2.51024
27 2.42077
28 2.36136
29 2.37247
"[DEBUG]index 37 centroid... "
0 3.33276
1 3.38032
2 2.95075
3 2.76844
4 3.11764
5 3.55707
6 3.34807
7 2.3028
8 25.7556
9 4.93
10 2.79464
11 2.73575
12 2.73184
13 2.6606
14 7.98889
15 2.50982
16 5.36098
17 27.694
18 5.0911
19 2.59161
20 1.68485
21 2.74614
22 1.21632
23 2.87741
24 2.77981
25 2.96321
26 2.91517
27 2.94538
28 2.76923
29 2.50869
"[DEBUG]index 38 centroid... "
0 3.76135
1 3.70515
2 3.15964
3 3.10214
4 3.83029
5 3.98191
6 3.81083
7 2.36044
8 32.0408
9 4.82059
10 2.7739
11 1.66387
12 3.62247
13 1.11016
14 2.45101
15 15.1989
16 2.56726
17 2.63478
18 11.7967
19 3.23517
20 1.28864
21 2.53444
22 11.4691
23 2.97122
24 3.65834
25 3.88201
26 3.99646
27 3.52369
28 3.39836
29 3.21702
"[DEBUG]index 39 centroid... "
0 3.12662
1 3.01504
2 2.81625
3 2.70755
4 2.96918
5 3.17317
6 2.85629
7 2.01347
8 25.8758
9 4.65005
10 2.88412
11 7.46567
12 2.53753
13 6.70189
14 1.90881
15 7.91787
16 7.31541
17 2.93197
18 4.89382
19 30.7621
20 4.62039
21 2.59654
22 2.94345
23 3.25404
24 2.74256
25 2.74408
26 2.82112
27 2.87799
28 2.90451
29 2.56761
"[DEBUG]index 40 centroid... "
0 6.88664
1 6.07509
2 6.05054
3 6.2065
4 5.98556
5 5.96245
6 4.92708
7 3.9574
8 21.3747
9 7.20433
10 2.64982
11 13.4188
12 3.50542
13 3.2231
14 3.94729
15 1.47509
16 0.631047
17 1.31408
18 1.28303
19 3.52708
20 0.947292
21 0.604332
22 1.17256
23 3.78339
24 3.02816
25 2.80722
26 3.32852
27 3.37184
28 3.37834
29 3.18412
"[DEBUG]index 41 centroid... "
0 2.45791
1 2.86872
2 2.47498
3 2.52858
4 2.18781
5 2.6362
6 2.69357
7 2.1295
8 8.067
9 20.8638
10 4.85605
11 22.3371
12 7.09935
13 3.60291
14 4.02209
15 3.72152
16 1.74906
17 1.16468
18 1.72644
19 1.6295
20 3.00586
21 1.56993
22 0.930276
23 1.78329
24 1.73597
25 1.54188
26 1.55465
27 1.63243
28 1.57443
29 1.4554
"[DEBUG]index 42 centroid... "
0 3.27148
1 3.70043
2 2.98117
3 2.63962
4 2.63499
5 3.3042
6 3.07007
7 2.25564
8 17.8748
9 20.7267
10 5.67249
11 2.11863
12 8.51591
13 1.8104
14 2.30524
15 1.16853
16 2.16256
17 7.92276
18 7.06858
19 1.88645
20 8.11101
21 2.38383
22 1.00209
23 2.62618
24 2.48185
25 2.26595
26 2.38129
27 2.44748
28 2.51292
29 2.37562
"[DEBUG]index 43 centroid... "
0 3.98748
1 3.98453
2 3.74982
3 3.64187
4 4.17612
5 4.35203
6 4.22914
7 2.6565
8 30.7274
9 4.59916
10 3.05639
11 3.65429
12 1.40663
13 2.70973
14 14.1698
15 2.49847
16 1.40231
17 1.52993
18 1.44577
19 3.69479
20 1.09753
21 2.4223
22 11.354
23 3.17991
24 3.68459
25 3.69374
26 3.56812
27 3.11036
28 3.14719
29 3.01673
"[DEBUG]index 44 centroid... "
0 3.08768
1 3.25165
2 2.86784
3 2.36581
4 2.86763
5 3.04371
6 2.73711
7 1.77528
8 30.0262
9 4.43984
10 10.571
11 2.62983
12 1.31938
13 2.91309
14 1.16654
15 2.39741
16 1.97973
17 12.1156
18 2.09112
19 10.3159
20 1.93325
21 9.91088
22 2.04946
23 2.91617
24 2.68529
25 2.99215
26 2.7505
27 2.98866
28 2.92453
29 2.89031
"[DEBUG]index 45 centroid... "
0 3.20345
1 3.09133
2 3.07068
3 2.67035
4 3.0782
5 3.18707
6 2.76628
7 1.75281
8 31.1383
9 4.42857
10 11.9295
11 2.48795
12 2.50718
13 9.53033
14 1.75999
15 9.07319
16 2.43142
17 2.76676
18 1.25741
19 2.41666
20 9.95294
21 1.89221
22 10.2635
23 2.92505
24 3.32701
25 3.11219
26 2.88565
27 2.74245
28 2.85775
29 2.71936
"[DEBUG]index 46 centroid... "
0 3.61307
1 3.52628
2 3.23031
3 3.01356
4 3.66432
5 3.66915
6 3.29384
7 1.92344
8 37.9565
9 5.19715
10 3.51036
11 3.20137
12 12.3862
13 1.7877
14 11.9184
15 2.54606
16 1.39197
17 3.0634
18 10.5933
19 2.47983
20 2.5159
21 10.4163
22 2.62496
23 3.41558
24 3.38385
25 3.33233
26 3.12128
27 3.21214
28 3.19686
29 3.11139
"[DEBUG]index 47 centroid... "
0 3.50778
1 3.54366
2 3.21843
3 2.83066
4 3.3359
5 3.50059
6 3.21739
7 2.3184
8 33.4689
9 4.71487
10 2.75442
11 9.75095
12 3.08271
13 1.23692
14 3.00102
15 2.37245
16 11.5255
17 2.37689
18 13.3028
19 2.17124
20 11.1111
21 2.26137
22 2.82679
23 3.04893
24 3.26054
25 2.86521
26 3.09604
27 3.18767
28 3.23377
29 2.90757
"[DEBUG]index 48 centroid... "
0 3.14531
1 3.11613
2 2.86412
3 2.61732
4 3.5508
5 3.50397
6 3.3274
7 2.12036
8 52.6255
9 4.10884
10 3.27635
11 2.99317
12 2.97779
13 7.37984
14 2.40556
15 2.21973
16 8.59652
17 2.75485
18 2.72407
19 2.80976
20 2.25796
21 7.33379
22 2.27464
23 2.85547
24 2.8502
25 2.8423
26 2.63251
27 2.63807
28 2.6275
29 2.57757
"[DEBUG]index 49 centroid... "
0 5.16297
1 4.76603
2 4.49455
3 4.20532
4 5.08068
5 4.77854
6 4.72368
7 2.67366
8 28.094
9 4.74223
10 2.47882
11 1.51916
12 3.64098
13 1.85962
14 14.6958
15 2.15046
16 3.84349
17 1.3933
18 0.673255
19 1.12787
20 3.1428
21 2.61154
22 0.838645
23 4.23397
24 3.48971
25 3.45704
26 3.31384
27 3.36991
28 3.17305
29 3.2138
"[DEBUG]index 50 centroid... "
0 3.69743
1 3.75557
2 3.56853
3 3.22335
4 3.56333
5 3.84607
6 3.48224
7 2.21207
8 36.9046
9 5.20569
10 2.66774
11 10.4865
12 12.3982
13 1.96492
14 10.1581
15 2.68941
16 2.24072
17 10.9899
18 2.55131
19 3.17249
20 1.53424
21 2.61232
22 10.618
23 2.95319
24 3.1712
25 3.37417
26 3.51277
27 3.25388
28 2.99926
29 2.92172
"[DEBUG]index 51 centroid... "
0 3.04781
1 3.04941
2 3.00334
3 2.57995
4 3.03701
5 3.14969
6 3.0451
7 1.78865
8 30.6629
9 3.78264
10 11.891
11 2.53708
12 1.40852
13 2.48239
14 9.81413
15 1.8009
16 2.68275
17 2.22448
18 11.9945
19 2.06147
20 9.28436
21 1.87599
22 10.2701
23 2.49005
24 3.0263
25 2.82929
26 3.01884
27 2.8195
28 2.88379
29 2.70794
"[DEBUG]index 52 centroid... "
0 4.89562
1 4.77324
2 4.29503
3 3.82854
4 4.53524
5 4.6312
6 4.36552
7 3.08902
8 32.1813
9 5.74371
10 2.72751
11 13.9326
12 3.54911
13 1.20847
14 4.03133
15 3.07228
16 12.4714
17 2.86776
18 1.30508
19 3.9071
20 1.15627
21 2.97399
22 1.17283
23 3.95486
24 3.64943
25 3.50983
26 3.53112
27 3.42369
28 3.30765
29 3.32935
"[DEBUG]index 53 centroid... "
0 3.66766
1 3.56886
2 2.87874
3 2.90269
4 3.20808
5 3.26198
6 3.08832
7 1.9521
8 14.9207
9 4.70958
10 2.8488
11 1.16317
12 0.52994
13 0.565868
14 0.718563
15 2.68563
16 0.964072
17 1.32186
18 2.96108
19 4.87874
20 15.0838
21 5.33982
22 2.39072
23 3.57635
24 3.67365
25 3.24252
26 3.44461
27 3.3503
28 3.46557
29 3.25
"[DEBUG]index 54 centroid... "
0 6.0082
1 6.06557
2 6.34426
3 4.56148
4 5.59426
5 5.67213
6 5.13115
7 2.65164
8 15.6926
9 6.27869
10 2.06967
11 11.209
12 3.92213
13 1.31967
14 1.66393
15 5.43033
16 0.918033
17 1.32787
18 0.893443
19 0.340164
20 0.946721
21 1.31148
22 3.81557
23 3.65164
24 3.76639
25 3.35656
26 4.44262
27 4.10656
28 3.67623
29 3.93033
"[DEBUG]index 55 centroid... "
0 3.28097
1 3.18223
2 3.10503
3 2.82047
4 2.73698
5 3.1544
6 2.83752
7 1.57271
8 16.228
9 4.43896
10 1.95422
11 7.09246
12 7.8842
13 1.76032
14 1.0018
15 2.5772
16 1.02513
17 0.561939
18 1.16966
19 2.2693
20 6.08079
21 16.7002
22 5.71005
23 3.29892
24 3.46948
25 3.32406
26 3.03142
27 2.98743
28 2.77558
29 3.08348
"[DEBUG]index 56 centroid... "
0 4.27994
1 4.18007
2 3.6784
3 3.60411
4 3.86215
5 4.30865
6 3.48202
7 2.78697
8 29.8594
9 5.51687
10 3.03295
11 12.0855
12 2.37813
13 12.2817
14 2.85322
15 2.52592
16 9.72755
17 13.319
18 2.23257
19 1.38327
20 3.28429
21 1.13271
22 2.98168
23 3.3082
24 2.94437
25 3.34797
26 3.1794
27 3.19225
28 3.09238
29 2.88371
"[DEBUG]index 57 centroid... "
0 2.29608
1 2.27581
2 2.15273
3 1.79693
4 1.81997
5 2.26621
6 2.48464
7 2.09023
8 8.75021
9 21.2214
10 7.25747
11 3.53178
12 2.40742
13 1.13844
14 1.5785
15 3.1346
16 12.2193
17 2.94945
18 5.07722
19 1.99381
20 0.990188
21 1.73187
22 3.95542
23 1.53178
24 1.93217
25 1.92555
26 2.11945
27 1.94881
28 1.72206
29 1.68921
"[DEBUG]index 58 centroid... "
0 3.86592
1 3.63826
2 3.40635
3 3.26895
4 3.83101
5 3.97491
6 3.82238
7 2.30652
8 28.2558
9 5.0227
10 3.08323
11 1.20005
12 2.96336
13 8.79145
14 2.14669
15 10.2363
16 11.7158
17 2.13806
18 13.3169
19 2.23311
20 2.77433
21 1.12027
22 2.81588
23 3.12027
24 3.47073
25 3.36373
26 3.4621
27 3.05947
28 3.05137
29 2.89898
"[DEBUG]index 59 centroid... "
0 3.1171
1 2.94123
2 2.72614
3 2.64532
4 2.90685
5 3.01448
6 2.82928
7 1.54816
8 25.4422
9 4.43705
10 3.11952
11 2.77417
12 10.1955
13 2.15139
14 6.78284
15 2.07515
16 8.87705
17 2.83492
18 2.93643
19 4.75964
20 28.027
21 5.12309
22 2.83936
23 3.39976
24 3.51717
25 2.65183
26 2.81837
27 2.85407
28 3.09038
29 2.51224
"[DEBUG]index 60 centroid... "
0 2.69919
1 2.558
2 2.89748
3 2.61061
4 2.63894
5 2.84218
6 2.91682
7 2.04676
8 14.2419
9 3.15018
10 15.7963
11 3.90198
12 3.85072
13 15.9254
14 3.20324
15 15.4451
16 3.51484
17 5.58993
18 2.12545
19 1.32644
20 0.967626
21 1.90378
22 4.42491
23 2.26529
24 1.97032
25 2.23831
26 2.11601
27 1.93121
28 2
29 1.83588
"[DEBUG]index 61 centroid... "
0 2.77061
1 2.68701
2 2.37269
3 2.37088
4 2.71273
5 2.82949
6 2.67728
7 1.80508
8 17.1532
9 4.82305
10 2.86445
11 1.62747
12 3.00495
13 6.72361
14 2.29865
15 1.25825
16 3.21174
17 2.44624
18 4.2871
19 22.3094
20 3.47394
21 20.5862
22 5.02441
23 3.01929
24 3.15815
25 2.88456
26 2.74901
27 2.94822
28 3.00775
29 3.01055
"[DEBUG]index 62 centroid... "
0 3.88436
1 3.5895
2 3.28195
3 3.1859
4 3.95494
5 3.7525
6 3.6224
7 2.38368
8 29.3979
9 4.97366
10 2.71197
11 1.63138
12 4.01824
13 1.05546
14 2.31681
15 13.9667
16 2.31789
17 11.3754
18 2.13348
19 12.5637
20 2.04066
21 1.36152
22 1.34639
23 3.62969
24 3.05269
25 3.50527
26 3.54614
27 3.7396
28 3.25993
29 3.20434
"[DEBUG]index 63 centroid... "
0 1.94577
1 1.73521
2 1.70563
3 1.56901
4 1.64155
5 1.93451
6 1.9507
7 1.52254
8 8.02113
9 3.60211
10 1.82958
11 1.83169
12 3.56197
13 3.79296
14 1.65775
15 3.22746
16 7.01479
17 18.319
18 11.4493
19 13.2725
20 16.3014
21 6.61127
22 3.9331
23 2.35282
24 2.1169
25 2.38873
26 2.31127
27 2.35493
28 2.65211
29 2.07465
"[DEBUG]index 64 centroid... "
0 3.26312
1 3.1938
2 3.03865
3 2.61373
4 3.02464
5 3.08568
6 2.66076
7 1.88978
8 36.4746
9 4.28996
10 11.1472
11 2.41111
12 13.5273
13 2.15373
14 2.2084
15 8.66291
16 2.24867
17 8.72277
18 9.31524
19 2.23627
20 10.4064
21 2.21256
22 9.7169
23 2.76613
24 3.18038
25 3.07348
26 3.29731
27 2.94063
28 3.087
29 2.81816
"[DEBUG]index 65 centroid... "
0 3.14828
1 2.88534
2 2.90841
3 2.52971
4 2.66546
5 2.95566
6 3.02108
7 1.90078
8 19.8872
9 3.21643
10 21.7645
11 3.69071
12 2.72288
13 1.42304
14 2.15392
15 8.03126
16 2.06397
17 1.06869
18 1.44721
19 1.24732
20 1.96983
21 5.5288
22 6.47247
23 2.25204
24 2.75686
25 2.69289
26 2.43213
27 2.25313
28 2.27076
29 2.36108
"[DEBUG]index 66 centroid... "
0 2.94103
1 3.08444
2 2.79483
3 2.54633
4 3.11953
5 2.93853
6 2.8939
7 1.77086
8 32.4859
9 3.85339
10 11.9166
11 2.22092
12 12.5293
13 1.88237
14 9.31087
15 1.81217
16 9.86201
17 1.81829
18 9.75973
19 9.24509
20 2.11693
21 7.43151
22 10.5821
23 2.6073
24 3.1438
25 2.97894
26 2.94314
27 2.85519
28 2.97453
29 2.89039
"[DEBUG]index 67 centroid... "
0 3.61221
1 3.83314
2 2.9936
3 3.17674
4 2.8436
5 3.21512
6 3.28547
7 2.16628
8 17.2209
9 5.54535
10 2.39593
11 9.39593
12 2.4907
13 0.831395
14 0.664535
15 1.09767
16 2.46628
17 2.63837
18 4.99593
19 19.082
20 5.5814
21 2.84477
22 1.19767
23 3.96802
24 2.66163
25 2.86105
26 3.3314
27 3.54651
28 3.30814
29 3.13023
"[DEBUG]index 68 centroid... "
0 3.53093
1 3.52318
2 3.32339
3 3.19815
4 3.29874
5 3.16756
6 2.90835
7 1.93184
8 28.7668
9 5.24214
10 3.50171
11 5.41271
12 33.2788
13 3.96905
14 2.61069
15 2.88146
16 7.19096
17 6.54574
18 2.06282
19 7.01401
20 2.62238
21 2.74517
22 1.4883
23 2.98503
24 2.6732
25 2.62507
26 2.67436
27 2.67946
28 2.66208
29 2.53242
"[DEBUG]index 69 centroid... "
0 2.32382
1 2.58692
2 2.68967
3 2.12558
4 2.54904
5 2.85366
6 2.88116
7 2.37104
8 16.6902
9 3.49818
10 17.0166
11 4.97094
12 2.66424
13 5.31136
14 3.98495
15 16.8568
16 4.12299
17 4.5563
18 18.5319
19 5.10016
20 3.9616
21 18.3409
22 4.75558
23 2.86767
24 3.2273
25 2.80176
26 2.68708
27 2.83601
28 2.74572
29 2.5288
"[DEBUG]index 70 centroid... "
0 3.16188
1 2.81807
2 2.67498
3 2.54295
4 2.46514
5 2.91661
6 2.76225
7 2.07792
8 17.0191
9 20.4067
10 6.383
11 2.34848
12 2.14684
13 7.54409
14 1.46058
15 2.25541
16 1.08009
17 2.14878
18 6.24778
19 6.22727
20 1.93769
21 1.02939
22 2.24117
23 2.30736
24 2.0188
25 2.08544
26 2.12668
27 2.23923
28 2.27284
29 2.10583
"[DEBUG]index 71 centroid... "
0 3.37455
1 3.34027
2 2.99007
3 2.71614
4 3.57735
5 3.37612
6 3.38468
7 2.04869
8 35.6141
9 4.30812
10 2.79664
11 2.87235
12 3.57383
13 1.0263
14 2.81807
15 0.953104
16 2.7956
17 1.07913
18 3.12062
19 1.21584
20 2.67419
21 1.82375
22 12.5779
23 2.1997
24 3.1687
25 2.96474
26 3.23238
27 2.69865
28 2.80665
29 2.77089
"[DEBUG]index 72 centroid... "
0 4.33734
1 3.9065
2 3.80473
3 3.32951
4 4.00864
5 3.56808
6 3.48704
7 2.08668
8 30.9043
9 4.30905
10 13.4807
11 2.40437
12 14.2589
13 2.13452
14 10.0665
15 8.6673
16 2.80518
17 1.14525
18 2.72551
19 1.08549
20 2.65593
21 0.9608
22 2.63474
23 3.04593
24 3.02265
25 2.77162
26 2.76553
27 2.78581
28 2.75316
29 2.50487
"[DEBUG]index 73 centroid... "
0 2.77478
1 2.80609
2 2.75582
3 2.52427
4 2.56679
5 2.74691
6 2.64005
7 1.7992
8 16.0417
9 2.86182
10 18.3174
11 4.71617
12 2.71072
13 4.2123
14 18.4074
15 3.2574
16 2.25596
17 1.53864
18 2.33238
19 3.96725
20 15.3962
21 4.26918
22 2.32347
23 2.85177
24 2.77995
25 2.38954
26 2.3341
27 2.35306
28 2.66245
29 2.3272
"[DEBUG]index 74 centroid... "
0 2.79821
1 2.96053
2 2.76466
3 2.60086
4 2.4512
5 2.6446
6 2.15583
7 2.11948
8 15.3038
9 3.41247
10 8.11726
11 26.9676
12 8.64353
13 3.47587
14 2.46707
15 1.35433
16 1.06504
17 1.73234
18 4.35351
19 1.93833
20 1.24447
21 2.02738
22 4.14226
23 1.77732
24 1.88998
25 2.00831
26 1.98174
27 1.9542
28 1.93537
29 1.87608
"[DEBUG]index 75 centroid... "
0 4.23527
1 4.13013
2 3.60773
3 3.36869
4 3.94154
5 3.82791
6 3.54644
7 2.22914
8 21.9198
9 6.44413
10 2.34889
11 1.32155
12 4.14191
13 1.0429
14 0.657709
15 1.15464
16 2.04243
17 12.1075
18 2.47666
19 1.1702
20 2.68694
21 11.6016
22 2.13013
23 3.42574
24 3.88072
25 4.07496
26 3.48845
27 3.64262
28 3.74682
29 3.8991
"[DEBUG]index 76 centroid... "
0 3.35917
1 2.8354
2 3.01838
3 2.78346
4 3.23252
5 3.36316
6 2.96924
7 2.27807
8 12.1606
9 4.25649
10 2.10388
11 4.46265
12 14.4758
13 3.59249
14 8.17739
15 24.8638
16 8.95565
17 4.17099
18 2.39193
19 2.51658
20 1.21254
21 0.715142
22 1.17499
23 2.56692
24 2.30643
25 2.35837
26 2.39752
27 2.43907
28 2.29085
29 2.22653
"[DEBUG]index 77 centroid... "
0 3.28854
1 3.32304
2 3.11095
3 2.95112
4 3.4192
5 3.76727
6 3.28719
7 2.42123
8 34.9757
9 5.08871
10 2.40414
11 12.1302
12 2.93006
13 2.13108
14 9.46292
15 10.1305
16 2.29362
17 11.677
18 2.3907
19 10.9338
20 8.87391
21 2.20237
22 10.4661
23 3.26867
24 3.23569
25 3.38156
26 3.36541
27 3.22512
28 3.24118
29 3.03839
"[DEBUG]index 78 centroid... "
0 2.25061
1 2.34838
2 2.54169
3 2.38523
4 2.50041
5 2.57582
6 2.25704
7 1.64704
8 12.3736
9 4.14268
10 2.30934
11 4.91515
12 8.23945
13 30.082
14 6.70849
15 3.94971
16 2.14149
17 4.9765
18 1.54846
19 1.82447
20 1.77752
21 4.19846
22 1.83348
23 2.15875
24 2.10426
25 1.99833
26 1.76832
27 1.86438
28 1.9263
29 1.81084
"[DEBUG]index 79 centroid... "
0 4.26173
1 4.2327
2 3.67731
3 3.38365
4 3.83648
5 3.43396
6 3.38365
7 2.29269
8 24.8742
9 6.05999
10 2.86502
11 3.02371
12 0.814707
13 3.05418
14 0.873246
15 0.498791
16 0.936139
17 2.16546
18 12.8907
19 2.10305
20 2.79777
21 2.7402
22 2.43735
23 3.4775
24 3.1403
25 3.31688
26 3.28737
27 3.37639
28 3.46347
29 3.46928
"[DEBUG]index 80 centroid... "
0 4.93002
1 4.61696
2 4.24857
3 4.07502
4 4.70213
5 4.80546
6 4.15836
7 2.55453
8 29.5035
9 6.13295
10 3.75723
11 1.524
12 3.0461
13 13.6596
14 2.81172
15 2.85866
16 1.03617
17 3.71159
18 2.90689
19 1.00626
20 1.0754
21 2.56514
22 1.02045
23 3.62054
24 3.22018
25 3.24437
26 3.34595
27 3.23254
28 3.07647
29 3.11371
"[DEBUG]index 81 centroid... "
0 3.3928
1 3.62774
2 3.04617
3 3.1195
4 3.60618
5 3.49567
6 3.07265
7 2.33611
8 20.2577
9 5.32949
10 3.56136
11 2.98489
12 4.87184
13 22.3505
14 5.41198
15 2.82957
16 3.37617
17 5.39212
18 24.2638
19 5.11662
20 2.56527
21 3.36768
22 1.57002
23 3.28213
24 3.03446
25 2.79087
26 2.87965
27 3.1599
28 2.88321
29 2.86284
"[DEBUG]index 82 centroid... "
0 3.85688
1 3.40349
2 3.29589
3 2.75441
4 3.36879
5 3.7193
6 3.43306
7 2.05955
8 31.1725
9 4.05462
10 12.4963
11 2.62361
12 1.37392
13 2.3883
14 10.5074
15 9.83183
16 2.61561
17 2.73162
18 10.9786
19 10.1538
20 1.93162
21 2.92669
22 1.13265
23 3.37598
24 2.92752
25 3.0768
26 3.07105
27 3.13409
28 3.17639
29 2.87331
"[DEBUG]index 83 centroid... "
0 4.7393
1 4.22942
2 3.87954
3 3.48335
4 5.05079
5 4.81091
6 4.27959
7 2.67455
8 32.1271
9 5.30885
10 3.76803
11 1.40128
12 4.51155
13 1.61796
14 1.27291
15 2.76399
16 16.0958
17 3.33811
18 1.67165
19 3.12521
20 14.092
21 2.41604
22 1.37317
23 4.44548
24 4.36183
25 4.01907
26 3.81777
27 5.62701
28 4.19383
29 4.19436
"[DEBUG]index 84 centroid... "
0 5.82952
1 5.8997
2 4.75934
3 4.55241
4 5.03916
5 4.88705
6 4.40392
7 2.85
8 23.0446
9 4.8747
10 13.5289
11 2.81657
12 1.49669
13 4.52139
14 1.24849
15 1.15361
16 4.42349
17 0.908133
18 3.31506
19 1.23524
20 0.618976
21 1.18373
22 1.19518
23 3.2741
24 3.00512
25 3.09578
26 3.08916
27 3.16777
28 3.27681
29 3.19729
"[DEBUG]index 85 centroid... "
0 2.10789
1 2.18071
2 1.85186
3 1.71735
4 1.55559
5 2.14187
6 2.38678
7 1.77357
8 8.51644
9 19.2228
10 7.42123
11 3.94566
12 1.956
13 0.935014
14 1.74413
15 0.726746
16 1.48732
17 4.16928
18 1.95302
19 1.7897
20 3.4751
21 9.89211
22 3.28672
23 1.86001
24 2.0108
25 1.89493
26 1.78578
27 1.85124
28 1.86956
29 1.77169
"[DEBUG]index 86 centroid... "
0 4.69082
1 4.47127
2 3.9608
3 3.64111
4 5.20896
5 4.57915
6 4.37745
7 2.68326
8 43.0436
9 5.65483
10 3.02169
11 1.46165
12 1.3079
13 2.28777
14 0.964796
15 3.2154
16 1.03393
17 3.52445
18 0.981443
19 2.87695
20 2.32445
21 0.804836
22 2.5356
23 2.87199
24 2.96525
25 3.13573
26 3.10844
27 3.18101
28 3.05417
29 3.11574
"[DEBUG]index 87 centroid... "
0 3.36965
1 3.10678
2 3.35137
3 2.87037
4 3.2494
5 3.06397
6 2.65849
7 1.71164
8 25.2537
9 4.58321
10 2.18446
11 10.2217
12 10.7102
13 9.10486
14 2.05123
15 0.967532
16 2.53848
17 2.43098
18 2.55652
19 1.00409
20 2.61712
21 8.76768
22 9.33718
23 2.77994
24 3.04642
25 3.07119
26 2.829
27 2.67388
28 2.67268
29 2.60342
"[DEBUG]index 88 centroid... "
0 3.79931
1 3.60781
2 3.56253
3 2.97233
4 3.13011
5 3.44785
6 3.5658
7 2.33349
8 27.1408
9 4.22076
10 30.2003
11 3.97074
12 2.77669
13 1.92054
14 3.40334
15 1.32698
16 2.90844
17 9.6277
18 2.43856
19 7.43938
20 2.98739
21 1.28647
22 3.04091
23 2.90557
24 2.6758
25 2.85137
26 2.97215
27 2.90998
28 2.92191
29 2.81947
"[DEBUG]index 89 centroid... "
0 3.31919
1 2.98778
2 2.71817
3 2.59963
4 2.54682
5 3.436
6 3.2658
7 2.35401
8 17.5431
9 20.5947
10 4.99008
11 2.2447
12 1.41686
13 1.9917
14 6.64345
15 1.49919
16 7.14207
17 2.08326
18 0.97982
19 2.2206
20 2.1589
21 0.760955
22 1.77514
23 2.21714
24 2.21575
25 2.16259
26 2.08614
27 2.1348
28 2.09271
29 2.07645
"[DEBUG]index 90 centroid... "
0 3.73484
1 3.40855
2 3.13273
3 2.9269
4 3.29623
5 3.24304
6 3.05359
7 1.80905
8 31.5125
9 3.76853
10 12.7387
11 2.1278
12 13.2422
13 2.09482
14 10.6477
15 1.95606
16 8.49351
17 9.20101
18 2.32519
19 1.25953
20 2.65229
21 8.93806
22 2.10166
23 3.26797
24 3.28778
25 3.4543
26 2.91151
27 3.0538
28 2.96652
29 2.89834
"[DEBUG]index 91 centroid... "
0 2.92859
1 3.21649
2 2.59331
3 2.56556
4 3.0938
5 3.38689
6 3.08114
7 2.12788
8 27.2548
9 4.38494
10 2.80932
11 1.46592
12 2.5568
13 9.63778
14 1.97858
15 11.8166
16 1.8765
17 13.1097
18 2.05469
19 11.4026
20 1.7866
21 9.0568
22 8.47257
23 2.8051
24 3.17657
25 3.47663
26 2.92032
27 3.09283
28 3.01087
29 2.98199
"[DEBUG]index 92 centroid... "
0 2.97581
1 2.94471
2 2.81494
3 2.64853
4 2.97795
5 3.27437
6 3.39343
7 2.34132
8 19.851
9 3.82637
10 2.42104
11 5.92131
12 2.52836
13 3.81891
14 23.8556
15 3.42056
16 23.648
17 3.60435
18 6.98255
19 2.57175
20 2.63671
21 2.16308
22 5.82898
23 2.54359
24 3.1983
25 2.8197
26 2.95923
27 2.67399
28 2.53724
29 2.44777
"[DEBUG]index 93 centroid... "
0 2.88546
1 2.99869
2 2.94037
3 2.69751
4 2.69811
5 3.10479
6 2.89089
7 2.31024
8 19.3583
9 4.15155
10 4.1063
11 23.1651
12 6.21913
13 2.37339
14 4.76639
15 23.7359
16 3.71179
17 2.29063
18 6.41171
19 2.41533
20 6.3566
21 2.09986
22 6.89511
23 2.93594
24 2.80209
25 2.7862
26 2.71209
27 2.65979
28 2.57532
29 2.43162
"[DEBUG]index 94 centroid... "
0 3.83861
1 3.75883
2 3.69881
3 3.4558
4 3.71254
5 3.82555
6 3.09811
7 2.24745
8 32.4273
9 4.43178
10 11.6569
11 10.5266
12 2.42885
13 9.36799
14 11.7466
15 1.89536
16 1.1768
17 2.76561
18 2.48016
19 1.01339
20 2.17169
21 2.37636
22 2.16842
23 2.7739
24 2.60732
25 2.56128
26 2.47204
27 2.39268
28 2.35686
29 2.28964
"[DEBUG]index 95 centroid... "
0 3.71525
1 3.749
2 3.13707
3 2.85768
4 3.40062
5 3.40255
6 3.3664
7 2.18212
8 28.8229
9 4.45969
10 13.569
11 2.25784
12 1.44999
13 2.9496
14 1.12772
15 2.30106
16 12.3675
17 2.11073
18 10.5936
19 9.50884
20 2.42365
21 1.27358
22 3.19329
23 3.13342
24 3.17014
25 3.23743
26 3.45285
27 3.39526
28 3.19843
29 3.10104
"[DEBUG]index 96 centroid... "
0 3.56339
1 3.48798
2 3.30705
3 3.06243
4 3.61086
5 3.66861
6 3.07727
7 1.98239
8 36.2405
9 4.80669
10 3.29353
11 3.07649
12 13.2703
13 7.14938
14 1.95175
15 11.4776
16 2.72401
17 1.27455
18 2.71296
19 12.1812
20 2.30375
21 2.39617
22 11.4818
23 3.44322
24 3.40109
25 3.31246
26 3.48047
27 3.22179
28 3.11874
29 3.03004
"[DEBUG]index 97 centroid... "
0 3.19894
1 3.13088
2 3.14892
3 2.74626
4 3.0006
5 3.27044
6 2.60295
7 2.09397
8 29.1487
9 4.90244
10 2.60669
11 13.0645
12 2.45597
13 9.38237
14 2.40184
15 2.4851
16 1.28841
17 2.88095
18 2.26789
19 12.1867
20 2.14113
21 8.87916
22 10.0596
23 3.03833
24 3.18149
25 3.15656
26 2.9538
27 2.87129
28 2.82809
29 2.84674
"[DEBUG]index 98 centroid... "
0 2.87212
1 2.95174
2 2.67968
3 2.62558
4 2.64371
5 3.30925
6 2.88226
7 2.34922
8 17.3286
9 4.53551
10 1.95911
11 5.86689
12 6.7055
13 1.62804
14 4.61789
15 21.676
16 3.47034
17 16.2164
18 15.4888
19 4.41439
20 5.13403
21 2.67568
22 1.253
23 2.78512
24 2.67046
25 2.70796
26 2.68982
27 2.89333
28 2.6889
29 2.31171
"[DEBUG]index 99 centroid... "
0 3.12822
1 3.05005
2 2.7887
3 2.57817
4 2.77705
5 2.84005
6 2.63002
7 1.90477
8 23.8747
9 4.8973
10 3.17562
11 2.6614
12 8.5776
13 2.12213
14 1.2866
15 3.03361
16 2.87749
17 4.84059
18 27.5219
19 4.92102
20 2.55097
21 7.80959
22 2.71402
23 2.60335
24 2.75475
25 2.91179
26 2.76958
27 2.96022
28 2.96739
29 2.74759
