"[DEBUG]index 0 centroid... "
0 0.308936
1 0.27217
2 0.17461
3 0.172525
4 0.312745
5 0.312213
6 0.097688
7 0.230688
8 0.21934
9 0.0444681
10 0.180092
11 0.0701277
12 0.0825603
13 0.143418
14 0.0340496
15 0.146823
16 -0.0321064
17 0.0616454
18 -0.0249929
19 0.315979
20 -0.0485177
21 0.0170355
22 -0.0501702
23 0.205702
24 0.190929
25 0.159284
26 0.249575
27 0.256943
28 0.327028
29 0.385163
"[DEBUG]index 1 centroid... "
0 0.302151
1 0.139413
2 0.208516
3 0.142008
4 0.106143
5 0.130476
6 0.177349
7 0.14231
8 0.113373
9 -0.0262064
10 0.26704
11 0.178873
12 0.14327
13 0.0932143
14 0.203048
15 0.248818
16 0.221278
17 0.238579
18 0.435683
19 0.401794
20 0.356492
21 0.352421
22 0.289476
23 0.3395
24 0.278024
25 0.145714
26 0.193079
27 0.156722
28 0.264611
29 0.13919
"[DEBUG]index 2 centroid... "
0 0.102622
1 0.0949985
2 0.205011
3 0.192703
4 0.187307
5 0.171228
6 0.174997
7 0.184232
8 0.119352
9 0.176096
10 0.145312
11 0.217203
12 0.147101
13 0.168451
14 0.186411
15 0.166977
16 0.179313
17 0.12898
18 0.109813
19 0.133333
20 0.240485
21 0.211751
22 0.130474
23 0.136963
24 0.0955184
25 0.10804
26 0.0953976
27 0.0864526
28 0.229991
29 0.122313
"[DEBUG]index 3 centroid... "
0 0.0422708
1 0.0211042
2 0.0440416
3 0.0885
4 -0.138333
5 0.356312
6 0.250708
7 0.178604
8 0.145521
9 0.139583
10 0.36075
11 0.045
12 0.163333
13 0.0719375
14 0.0778333
15 0.137083
16 0.234417
17 -0.075
18 0.0657917
19 -0.0205417
20 -0.0262291
21 0.0198542
22 -0.303437
23 0.407979
24 0.069375
25 0.235917
26 -0.116875
27 0.114604
28 0.19175
29 0.218333
"[DEBUG]index 4 centroid... "
0 0.157898
1 0.169456
2 0.192205
3 0.172493
4 0.212729
5 0.162097
6 0.22081
7 0.207013
8 0.112971
9 0.156226
10 0.185
11 0.180242
12 0.189324
13 0.206842
14 0.15208
15 0.160875
16 0.200354
17 0.180735
18 0.1585
19 0.257342
20 0.173648
21 0.0778709
22 0.18424
23 0.195794
24 0.18404
25 0.228994
26 0.159391
27 0.169337
28 0.18299
29 0.179065
"[DEBUG]index 5 centroid... "
0 0.198371
1 0.220298
2 0.210468
3 0.227624
4 0.229094
5 0.188174
6 0.231434
7 0.25793
8 0.168503
9 0.184506
10 0.242968
11 0.177557
12 0.151308
13 0.235199
14 0.230913
15 0.230037
16 0.216465
17 0.216882
18 0.173176
19 0.14008
20 0.215427
21 0.232305
22 0.216292
23 0.208869
24 0.207284
25 0.212135
26 0.199403
27 0.212882
28 0.222863
29 0.204297
"[DEBUG]index 6 centroid... "
0 0.185624
1 0.164089
2 0.162368
3 0.180184
4 0.176314
5 0.169174
6 0.204238
7 0.18825
8 0.138802
9 0.163889
10 0.130976
11 0.109738
12 0.190115
13 0.182928
14 0.148989
15 0.179172
16 0.171129
17 0.197029
18 0.21415
19 0.215787
20 0.220993
21 0.21594
22 0.274504
23 0.228604
24 0.243404
25 0.236723
26 0.248422
27 0.239572
28 0.2059
29 0.211514
"[DEBUG]index 7 centroid... "
0 0.275205
1 0.207822
2 0.202428
3 0.24222
4 0.15471
5 0.143045
6 0.17867
7 0.234586
8 0.265203
9 0.228704
10 0.232406
11 0.307065
12 0.248651
13 0.23822
14 0.258228
15 0.19638
16 0.074045
17 0.0747944
18 0.186589
19 0.19213
20 0.272023
21 0.224313
22 0.269256
23 0.319445
24 0.338611
25 0.330746
26 0.24922
27 0.270569
28 0.225955
29 0.233304
"[DEBUG]index 8 centroid... "
0 0.212883
1 0.202323
2 0.207446
3 0.232061
4 0.215916
5 0.183741
6 0.222747
7 0.209866
8 0.127194
9 0.192709
10 0.231273
11 0.222871
12 0.197175
13 0.179015
14 0.149424
15 0.14565
16 0.180284
17 0.169558
18 0.233928
19 0.238531
20 0.184364
21 0.226841
22 0.230915
23 0.197309
24 0.205303
25 0.216711
26 0.219175
27 0.217233
28 0.232444
29 0.230131
"[DEBUG]index 9 centroid... "
0 0.186937
1 0.200473
2 0.192048
3 0.207977
4 0.208053
5 0.175217
6 0.205439
7 0.195794
8 0.126127
9 0.210803
10 0.201617
11 0.177653
12 0.234627
13 0.257213
14 0.204349
15 0.189096
16 0.228867
17 0.263107
18 0.218016
19 0.181479
20 0.276479
21 0.267367
22 0.233053
23 0.227271
24 0.227264
25 0.20896
26 0.229273
27 0.216422
28 0.234197
29 0.228674
"[DEBUG]index 10 centroid... "
0 0.234643
1 0.196992
2 0.197916
3 0.216676
4 0.21518
5 0.158749
6 0.23598
7 0.221477
8 0.153841
9 0.190989
10 0.216123
11 0.261663
12 0.233166
13 0.160483
14 0.189818
15 0.220978
16 0.231243
17 0.192505
18 0.200303
19 0.242333
20 0.270579
21 0.235386
22 0.18831
23 0.239604
24 0.251195
25 0.205582
26 0.227642
27 0.23217
28 0.232273
29 0.257279
"[DEBUG]index 11 centroid... "
0 0.179806
1 0.166737
2 0.194201
3 0.19172
4 0.177932
5 0.208725
6 0.20061
7 0.232603
8 0.18358
9 0.191341
10 0.126937
11 0.23138
12 0.242112
13 0.197981
14 0.212435
15 0.18054
16 0.172418
17 0.196531
18 0.185603
19 0.132644
20 0.134004
21 0.183018
22 0.212412
23 0.205953
24 0.197443
25 0.178101
26 0.173738
27 0.172976
28 0.214931
29 0.22931
"[DEBUG]index 12 centroid... "
0 0.211496
1 0.211088
2 0.202841
3 0.217985
4 0.206899
5 0.184619
6 0.227576
7 0.212169
8 0.127417
9 0.176303
10 0.213583
11 0.199889
12 0.199333
13 0.206469
14 0.217009
15 0.170887
16 0.129985
17 0.226085
18 0.23416
19 0.178956
20 0.228918
21 0.21466
22 0.170914
23 0.201521
24 0.207861
25 0.202339
26 0.199839
27 0.192284
28 0.220194
29 0.212332
"[DEBUG]index 13 centroid... "
0 0.220313
1 0.181711
2 0.144406
3 0.175976
4 0.168722
5 0.172274
6 0.245126
7 0.188535
8 0.162297
9 0.11342
10 0.0768729
11 0.110838
12 0.134042
13 0.197982
14 0.194418
15 0.193921
16 0.202931
17 0.152648
18 0.159117
19 0.217622
20 0.239538
21 0.238136
22 0.268858
23 0.219234
24 0.266847
25 0.291411
26 0.316759
27 0.270455
28 0.265254
29 0.214012
"[DEBUG]index 14 centroid... "
0 0.197617
1 0.163684
2 0.206652
3 0.189732
4 0.216332
5 0.171166
6 0.18518
7 0.207117
8 0.0981945
9 0.118032
10 0.178535
11 0.225636
12 0.239467
13 0.179333
14 0.256193
15 0.175888
16 0.152522
17 0.207587
18 0.231221
19 0.24201
20 0.278313
21 0.271273
22 0.165578
23 0.235476
24 0.17922
25 0.204203
26 0.156378
27 0.207723
28 0.146725
29 0.119592
"[DEBUG]index 15 centroid... "
0 0.205269
1 0.201774
2 0.158231
3 0.173112
4 0.15755
5 0.171136
6 0.189809
7 0.211905
8 0.122418
9 0.0628903
10 0.182535
11 0.153537
12 0.180775
13 0.126638
14 0.139792
15 0.198419
16 0.196857
17 0.141071
18 0.201751
19 0.175588
20 0.23975
21 0.168954
22 0.196826
23 0.231575
24 0.226106
25 0.225628
26 0.222597
27 0.231402
28 0.232473
29 0.254639
"[DEBUG]index 16 centroid... "
0 0.195547
1 0.194173
2 0.200621
3 0.228471
4 0.228956
5 0.192508
6 0.215656
7 0.202224
8 0.110717
9 0.195328
10 0.239926
11 0.21804
12 0.21904
13 0.179144
14 0.206163
15 0.236704
16 0.247231
17 0.280898
18 0.229089
19 0.183974
20 0.228113
21 0.226783
22 0.218554
23 0.234906
24 0.216849
25 0.205676
26 0.184559
27 0.185746
28 0.192623
29 0.204767
"[DEBUG]index 17 centroid... "
0 0.219629
1 0.202683
2 0.188853
3 0.198768
4 0.223621
5 0.176133
6 0.232109
7 0.235079
8 0.12886
9 0.240977
10 0.279816
11 0.16019
12 0.213415
13 0.226423
14 0.189339
15 0.180203
16 0.25514
17 0.252743
18 0.185883
19 0.242949
20 0.259365
21 0.163106
22 0.187447
23 0.249106
24 0.234213
25 0.176475
26 0.204068
27 0.207161
28 0.199972
29 0.225566
"[DEBUG]index 18 centroid... "
0 0.229169
1 0.206528
2 0.211449
3 0.2198
4 0.221439
5 0.202649
6 0.266842
7 0.244719
8 0.153969
9 0.227063
10 0.240875
11 0.18546
12 0.25163
13 0.219436
14 0.208943
15 0.281428
16 0.240162
17 0.143013
18 0.209117
19 0.273372
20 0.188453
21 0.154605
22 0.233694
23 0.243829
24 0.189999
25 0.202473
26 0.208619
27 0.20414
28 0.206429
29 0.233561
"[DEBUG]index 19 centroid... "
0 0.24278
1 0.239125
2 0.250261
3 0.212477
4 0.201996
5 0.187612
6 0.241141
7 0.196701
8 0.150077
9 0.209988
10 0.266629
11 0.211762
12 0.257483
13 0.213627
14 0.158986
15 0.194195
16 0.206071
17 0.210588
18 0.122195
19 0.170406
20 0.237828
21 0.241168
22 0.176183
23 0.227052
24 0.233745
25 0.216536
26 0.199398
27 0.234989
28 0.238291
29 0.224027
"[DEBUG]index 20 centroid... "
0 0.183971
1 0.183382
2 0.21575
3 0.217556
4 0.187509
5 0.228135
6 0.217802
7 0.194276
8 0.182953
9 0.190718
10 0.247519
11 0.148826
12 0.197677
13 0.191519
14 0.23462
15 0.264256
16 0.191986
17 0.183618
18 0.255857
19 0.323912
20 0.258415
21 0.250935
22 0.303098
23 0.180256
24 0.229262
25 0.312339
26 0.249487
27 0.278988
28 0.203333
29 0.283706
"[DEBUG]index 21 centroid... "
0 0.220486
1 0.209477
2 0.20477
3 0.222275
4 0.212577
5 0.189354
6 0.211806
7 0.206573
8 0.126944
9 0.206379
10 0.237796
11 0.174826
12 0.215199
13 0.223285
14 0.194178
15 0.222394
16 0.209821
17 0.21266
18 0.259079
19 0.240311
20 0.22174
21 0.246162
22 0.257806
23 0.240899
24 0.233827
25 0.22639
26 0.224531
27 0.213996
28 0.221796
29 0.232991
"[DEBUG]index 22 centroid... "
0 0.232546
1 0.232398
2 0.207489
3 0.240581
4 0.199437
5 0.195783
6 0.234344
7 0.238635
8 0.128205
9 0.206215
10 0.247052
11 0.177595
12 0.203161
13 0.265804
14 0.203089
15 0.0988015
16 0.188407
17 0.226431
18 0.193468
19 0.228986
20 0.188435
21 0.1945
22 0.218915
23 0.259405
24 0.243263
25 0.242334
26 0.221496
27 0.230872
28 0.216601
29 0.237924
"[DEBUG]index 23 centroid... "
0 0.228172
1 0.21114
2 0.216425
3 0.210933
4 0.198795
5 0.189756
6 0.2175
7 0.217645
8 0.138436
9 0.171754
10 0.229291
11 0.160932
12 0.184444
13 0.134503
14 0.0930881
15 0.171706
16 0.193911
17 0.200353
18 0.201432
19 0.175603
20 0.199839
21 0.228885
22 0.255503
23 0.242911
24 0.238197
25 0.260527
26 0.247955
27 0.265564
28 0.265127
29 0.251365
"[DEBUG]index 24 centroid... "
0 0.21049
1 0.212462
2 0.204866
3 0.209527
4 0.211093
5 0.182383
6 0.237071
7 0.205637
8 0.125455
9 0.212245
10 0.227969
11 0.173222
12 0.178415
13 0.171536
14 0.173504
15 0.162844
16 0.240798
17 0.228867
18 0.140765
19 0.199712
20 0.23321
21 0.199358
22 0.210375
23 0.220394
24 0.236273
25 0.231396
26 0.23401
27 0.235562
28 0.23384
29 0.237133
"[DEBUG]index 25 centroid... "
0 0.200711
1 0.186149
2 0.203799
3 0.214076
4 0.21242
5 0.186411
6 0.213787
7 0.189692
8 0.101521
9 0.10792
10 0.148128
11 0.199579
12 0.233544
13 0.208052
14 0.196601
15 0.210541
16 0.259523
17 0.254108
18 0.26035
19 0.30698
20 0.258614
21 0.260299
22 0.290831
23 0.255461
24 0.246671
25 0.251582
26 0.270272
27 0.242322
28 0.254724
29 0.231727
"[DEBUG]index 26 centroid... "
0 0.17037
1 0.209074
2 0.159792
3 0.183937
4 0.239326
5 0.239836
6 0.19083
7 0.219691
8 0.205404
9 0.202639
10 0.199207
11 0.254755
12 0.256466
13 0.137689
14 0.179832
15 0.231819
16 0.212462
17 0.224339
18 0.208874
19 0.149376
20 0.174423
21 0.148336
22 0.157279
23 0.18104
24 0.20379
25 0.142868
26 0.0812168
27 0.143569
28 0.135257
29 0.108803
"[DEBUG]index 27 centroid... "
0 0.241208
1 0.22344
2 0.199897
3 0.210537
4 0.193116
5 0.196253
6 0.255455
7 0.170448
8 0.135375
9 0.211221
10 0.0877401
11 0.135532
12 0.201682
13 0.191054
14 0.187881
15 0.191866
16 0.189725
17 0.14136
18 0.0869273
19 0.154389
20 0.206957
21 0.182893
22 0.182852
23 0.219204
24 0.200214
25 0.218288
26 0.219792
27 0.232543
28 0.226053
29 0.205373
"[DEBUG]index 28 centroid... "
0 0.242799
1 0.238408
2 0.211521
3 0.223666
4 0.221417
5 0.19868
6 0.215573
7 0.223039
8 0.132231
9 0.216271
10 0.190492
11 0.230325
12 0.209415
13 0.108963
14 0.227319
15 0.248929
16 0.176535
17 0.211956
18 0.193886
19 0.164408
20 0.173505
21 0.227129
22 0.226758
23 0.233251
24 0.241095
25 0.234711
26 0.2241
27 0.237651
28 0.249308
29 0.233173
"[DEBUG]index 29 centroid... "
0 0.222465
1 0.222929
2 0.221935
3 0.226591
4 0.199742
5 0.21373
6 0.226689
7 0.194668
8 0.137228
9 0.150432
10 0.132768
11 0.172345
12 0.229039
13 0.147213
14 0.191231
15 0.151918
16 0.117945
17 0.200555
18 0.218413
19 0.178591
20 0.170724
21 0.21131
22 0.205618
23 0.184054
24 0.18404
25 0.21307
26 0.230579
27 0.230239
28 0.230954
29 0.252362
"[DEBUG]index 30 centroid... "
0 0.178645
1 0.159819
2 0.185661
3 0.226608
4 0.241661
5 0.176177
6 0.217053
7 0.215885
8 0.139428
9 0.166812
10 0.215437
11 0.179059
12 0.201305
13 0.192304
14 0.18561
15 0.219909
16 0.186484
17 0.163138
18 0.245902
19 0.176013
20 0.200931
21 0.21546
22 0.169241
23 0.178191
24 0.187995
25 0.174864
26 0.197825
27 0.163171
28 0.181042
29 0.195134
"[DEBUG]index 31 centroid... "
0 0.200978
1 0.19306
2 0.186608
3 0.215124
4 0.215858
5 0.187342
6 0.230011
7 0.237858
8 0.144954
9 0.169079
10 0.216478
11 0.192908
12 0.171469
13 0.241794
14 0.242683
15 0.188306
16 0.206454
17 0.215679
18 0.219687
19 0.2384
20 0.246409
21 0.251642
22 0.275456
23 0.246931
24 0.249552
25 0.249822
26 0.243732
27 0.24386
28 0.244111
29 0.243905
"[DEBUG]index 32 centroid... "
0 0.243708
1 0.219588
2 0.192627
3 0.205654
4 0.247607
5 0.252637
6 0.249945
7 0.233936
8 0.200033
9 0.223877
10 0.203464
11 0.201462
12 0.246794
13 0.266791
14 0.277136
15 0.137271
16 0.185981
17 0.23874
18 0.204646
19 0.154261
20 0.196901
21 0.203611
22 0.227612
23 0.195243
24 0.192208
25 0.256427
26 0.221468
27 0.212203
28 0.209936
29 0.219441
"[DEBUG]index 33 centroid... "
0 0.207732
1 0.204519
2 0.194241
3 0.209719
4 0.216917
5 0.211252
6 0.220268
7 0.202524
8 0.114336
9 0.11159
10 0.118654
11 0.1924
12 0.242591
13 0.193182
14 0.194476
15 0.204685
16 0.225339
17 0.259843
18 0.238445
19 0.248264
20 0.265268
21 0.236826
22 0.261326
23 0.268033
24 0.240179
25 0.250333
26 0.246857
27 0.224767
28 0.218367
29 0.220109
"[DEBUG]index 34 centroid... "
0 0.210493
1 0.203973
2 0.191301
3 0.226196
4 0.221848
5 0.192901
6 0.231621
7 0.204695
8 0.125996
9 0.197549
10 0.220374
11 0.19872
12 0.211945
13 0.171163
14 0.119419
15 0.226321
16 0.234518
17 0.1707
18 0.210288
19 0.197295
20 0.165216
21 0.181301
22 0.1814
23 0.214199
24 0.207882
25 0.204929
26 0.206183
27 0.212763
28 0.19987
29 0.220148
"[DEBUG]index 35 centroid... "
0 0.217951
1 0.214502
2 0.214966
3 0.202901
4 0.196072
5 0.201942
6 0.229325
7 0.22102
8 0.170033
9 0.150742
10 0.204415
11 0.159226
12 0.185993
13 0.251571
14 0.220929
15 0.22882
16 0.189556
17 0.199923
18 0.185211
19 0.194902
20 0.142206
21 0.131138
22 0.20982
23 0.244959
24 0.201771
25 0.204985
26 0.214796
27 0.191018
28 0.216455
29 0.22347
"[DEBUG]index 36 centroid... "
0 0.191902
1 0.189783
2 0.178351
3 0.166674
4 0.189705
5 0.183753
6 0.199516
7 0.232627
8 0.132545
9 0.0903473
10 0.234109
11 0.220602
12 0.156008
13 0.182506
14 0.219168
15 0.190797
16 0.176487
17 0.228085
18 0.239958
19 0.255693
20 0.281907
21 0.279903
22 0.245643
23 0.256679
24 0.267625
25 0.252989
26 0.24409
27 0.224406
28 0.227993
29 0.261849
"[DEBUG]index 37 centroid... "
0 0.19741
1 0.205221
2 0.198638
3 0.214095
4 0.225472
5 0.205958
6 0.233396
7 0.216948
8 0.131206
9 0.188176
10 0.218769
11 0.182187
12 0.223885
13 0.20702
14 0.184036
15 0.233321
16 0.197422
17 0.122087
18 0.187458
19 0.240729
20 0.20936
21 0.203605
22 0.205532
23 0.202949
24 0.194953
25 0.228157
26 0.222482
27 0.22688
28 0.238265
29 0.240671
"[DEBUG]index 38 centroid... "
0 0.206204
1 0.181217
2 0.169006
3 0.212056
4 0.22413
5 0.171252
6 0.225846
7 0.181062
8 0.0967931
9 0.146558
10 0.229828
11 0.191342
12 0.193139
13 0.240366
14 0.207561
15 0.160489
16 0.248197
17 0.248829
18 0.157295
19 0.197834
20 0.231422
21 0.178537
22 0.167372
23 0.217761
24 0.21056
25 0.183585
26 0.193524
27 0.184044
28 0.185957
29 0.177725
"[DEBUG]index 39 centroid... "
0 0.208228
1 0.204424
2 0.198295
3 0.220554
4 0.217115
5 0.212064
6 0.236767
7 0.216232
8 0.136129
9 0.238425
10 0.228175
11 0.191518
12 0.201848
13 0.180699
14 0.209641
15 0.174891
16 0.169453
17 0.234568
18 0.152606
19 0.0903145
20 0.202588
21 0.233036
22 0.192392
23 0.188377
24 0.204264
25 0.190878
26 0.212233
27 0.213845
28 0.239402
29 0.23562
"[DEBUG]index 40 centroid... "
0 0.18909
1 0.25621
2 0.193945
3 0.209571
4 0.237828
5 0.189956
6 0.255319
7 0.247271
8 0.16117
9 0.265839
10 0.240223
11 0.170844
12 0.235457
13 0.262605
14 0.168568
15 0.22571
16 0.252007
17 0.301392
18 0.335025
19 0.291825
20 0.370482
21 0.369163
22 0.335711
23 0.316891
24 0.278166
25 0.308849
26 0.2577
27 0.292788
28 0.296292
29 0.274534
"[DEBUG]index 41 centroid... "
0 0.21453
1 0.208087
2 0.202395
3 0.188127
4 0.176961
5 0.17632
6 0.205281
7 0.253577
8 0.173962
9 0.151418
10 0.180024
11 0.116448
12 0.144579
13 0.19045
14 0.148856
15 0.152945
16 0.179381
17 0.19994
18 0.239628
19 0.261381
20 0.27998
21 0.297104
22 0.322204
23 0.334182
24 0.317901
25 0.308577
26 0.305102
27 0.303596
28 0.29621
29 0.311817
"[DEBUG]index 42 centroid... "
0 0.207413
1 0.195531
2 0.198379
3 0.188775
4 0.204185
5 0.16504
6 0.230283
7 0.245499
8 0.112997
9 0.0829955
10 0.225199
11 0.235074
12 0.184154
13 0.176714
14 0.190658
15 0.194728
16 0.174046
17 0.183721
18 0.23037
19 0.272468
20 0.188779
21 0.248444
22 0.264974
23 0.248142
24 0.224677
25 0.219156
26 0.248376
27 0.243649
28 0.220705
29 0.223273
"[DEBUG]index 43 centroid... "
0 0.199384
1 0.185682
2 0.211873
3 0.204009
4 0.214435
5 0.169275
6 0.215212
7 0.159099
8 0.100714
9 0.192593
10 0.239644
11 0.188578
12 0.233302
13 0.194363
14 0.121591
15 0.215824
16 0.219718
17 0.201278
18 0.197377
19 0.20378
20 0.235418
21 0.2162
22 0.145035
23 0.221877
24 0.206044
25 0.177452
26 0.201625
27 0.164103
28 0.198782
29 0.194732
"[DEBUG]index 44 centroid... "
0 0.200948
1 0.204566
2 0.186138
3 0.196159
4 0.215374
5 0.192624
6 0.226438
7 0.200339
8 0.110294
9 0.122981
10 0.17518
11 0.224244
12 0.239256
13 0.209953
14 0.219095
15 0.217075
16 0.201467
17 0.178969
18 0.166045
19 0.156143
20 0.169835
21 0.185922
22 0.21605
23 0.21171
24 0.190562
25 0.20929
26 0.197347
27 0.180706
28 0.193876
29 0.210912
"[DEBUG]index 45 centroid... "
0 0.196728
1 0.184022
2 0.202132
3 0.188074
4 0.223208
5 0.18569
6 0.234704
7 0.194608
8 0.0794602
9 0.116517
10 0.177065
11 0.238784
12 0.218646
13 0.177228
14 0.198033
15 0.154845
16 0.195346
17 0.207575
18 0.242122
19 0.174918
20 0.184347
21 0.204392
22 0.167564
23 0.194817
24 0.210508
25 0.199201
26 0.215002
27 0.195062
28 0.194058
29 0.211257
"[DEBUG]index 46 centroid... "
0 0.214028
1 0.219082
2 0.197433
3 0.210796
4 0.228822
5 0.192166
6 0.248738
7 0.240444
8 0.132152
9 0.18067
10 0.224915
11 0.172827
12 0.190907
13 0.228625
14 0.172626
15 0.195996
16 0.248645
17 0.2048
18 0.182662
19 0.248216
20 0.244362
21 0.18193
22 0.22039
23 0.226704
24 0.212891
25 0.218998
26 0.215671
27 0.21618
28 0.216094
29 0.233193
"[DEBUG]index 47 centroid... "
0 0.208047
1 0.203928
2 0.192762
3 0.206274
4 0.20711
5 0.181127
6 0.236883
7 0.199768
8 0.123045
9 0.220992
10 0.23839
11 0.179736
12 0.230416
13 0.219107
14 0.21446
15 0.185635
16 0.175114
17 0.150231
18 0.126684
19 0.159743
20 0.172441
21 0.21039
22 0.209709
23 0.20389
24 0.20341
25 0.196695
26 0.200078
27 0.20137
28 0.207309
29 0.215584
"[DEBUG]index 48 centroid... "
0 0.202481
1 0.200737
2 0.195942
3 0.199677
4 0.201064
5 0.164915
6 0.192969
7 0.17335
8 0.089675
9 0.155551
10 0.188828
11 0.186381
12 0.195478
13 0.173313
14 0.210919
15 0.211426
16 0.180931
17 0.215062
18 0.213708
19 0.214322
20 0.218266
21 0.194683
22 0.214501
23 0.227525
24 0.221257
25 0.215206
26 0.215043
27 0.20685
28 0.206693
29 0.208266
"[DEBUG]index 49 centroid... "
0 0.209391
1 0.214768
2 0.214724
3 0.251237
4 0.244912
5 0.194519
6 0.251489
7 0.236682
8 0.152659
9 0.210446
10 0.251339
11 0.206152
12 0.20026
13 0.181528
14 0.162661
15 0.212621
16 0.241372
17 0.21034
18 0.265076
19 0.236483
20 0.200365
21 0.254116
22 0.307197
23 0.276592
24 0.237661
25 0.26973
26 0.251126
27 0.223956
28 0.221509
29 0.188999
"[DEBUG]index 50 centroid... "
0 0.228495
1 0.194629
2 0.197244
3 0.212622
4 0.20613
5 0.196228
6 0.235813
7 0.224143
8 0.107637
9 0.179742
10 0.242194
11 0.142487
12 0.186226
13 0.247816
14 0.171483
15 0.203406
16 0.213238
17 0.157276
18 0.194675
19 0.198378
20 0.239631
21 0.212598
22 0.17001
23 0.229272
24 0.250059
25 0.237567
26 0.224569
27 0.214441
28 0.227171
29 0.226224
"[DEBUG]index 51 centroid... "
0 0.219477
1 0.18001
2 0.188089
3 0.212472
4 0.21844
5 0.197666
6 0.231353
7 0.19456
8 0.0979887
9 0.141231
10 0.18347
11 0.215199
12 0.241334
13 0.210426
14 0.189759
15 0.20913
16 0.229636
17 0.214474
18 0.173554
19 0.18454
20 0.1642
21 0.186888
22 0.190213
23 0.206466
24 0.226606
25 0.215336
26 0.200471
27 0.194689
28 0.198433
29 0.197775
"[DEBUG]index 52 centroid... "
0 0.22229
1 0.199591
2 0.213063
3 0.225946
4 0.209683
5 0.196004
6 0.229296
7 0.195305
8 0.115748
9 0.198277
10 0.253982
11 0.171103
12 0.219323
13 0.225282
14 0.189375
15 0.186731
16 0.153398
17 0.217285
18 0.243703
19 0.184809
20 0.208719
21 0.2051
22 0.226277
23 0.206907
24 0.222201
25 0.250311
26 0.217898
27 0.217326
28 0.214177
29 0.215836
"[DEBUG]index 53 centroid... "
0 0.190346
1 0.211619
2 0.198211
3 0.292445
4 0.293098
5 0.233241
6 0.182415
7 0.222614
8 0.219904
9 0.307752
10 0.21956
11 0.296776
12 0.252056
13 0.199582
14 0.174361
15 0.182371
16 0.258486
17 0.153369
18 0.205772
19 0.184044
20 0.149705
21 0.233939
22 0.322499
23 0.207548
24 0.253182
25 0.187877
26 0.140214
27 0.198047
28 0.127113
29 0.207523
"[DEBUG]index 54 centroid... "
0 0.401749
1 0.323969
2 0.400903
3 0.34566
4 0.258637
5 0.309347
6 0.310618
7 0.302652
8 0.167544
9 0.335564
10 0.446371
11 0.211293
12 0.208124
13 0.278641
14 0.340842
15 0.23344
16 0.143985
17 0.321506
18 0.161683
19 0.223714
20 0.255745
21 0.289235
22 0.206714
23 0.305332
24 0.313904
25 0.309768
26 0.361845
27 0.379058
28 0.31568
29 0.30934
"[DEBUG]index 55 centroid... "
0 0.152212
1 0.163592
2 0.172703
3 0.183117
4 0.140901
5 0.0990551
6 0.23471
7 0.264476
8 0.151146
9 0.153334
10 0.265957
11 0.170875
12 0.141311
13 0.176997
14 0.0719195
15 0.104828
16 0.090255
17 0.144352
18 0.168608
19 0.237926
20 0.167698
21 0.0732752
22 0.183502
23 0.245655
24 0.184729
25 0.243311
26 0.101067
27 0.120544
28 0.148161
29 0.198356
"[DEBUG]index 56 centroid... "
0 0.189954
1 0.201419
2 0.186711
3 0.174972
4 0.192389
5 0.193773
6 0.225111
7 0.195232
8 0.109392
9 0.203673
10 0.211824
11 0.160336
12 0.185081
13 0.135271
14 0.172106
15 0.21565
16 0.134976
17 0.125649
18 0.238727
19 0.214162
20 0.18889
21 0.204075
22 0.198075
23 0.210965
24 0.242987
25 0.245905
26 0.248598
27 0.231409
28 0.233728
29 0.220229
"[DEBUG]index 57 centroid... "
0 0.221038
1 0.177061
2 0.177859
3 0.160451
4 0.17689
5 0.197591
6 0.18992
7 0.222438
8 0.164935
9 0.0966698
10 0.165607
11 0.195065
12 0.191192
13 0.185781
14 0.23095
15 0.141059
16 0.136633
17 0.213367
18 0.136363
19 0.18449
20 0.206764
21 0.14096
22 0.201606
23 0.220053
24 0.177291
25 0.169427
26 0.183939
27 0.168792
28 0.182988
29 0.20692
"[DEBUG]index 58 centroid... "
0 0.142011
1 0.193031
2 0.192498
3 0.178621
4 0.177506
5 0.162423
6 0.198826
7 0.18804
8 0.0876089
9 0.168609
10 0.197278
11 0.217489
12 0.215585
13 0.162914
14 0.238288
15 0.171922
16 0.148233
17 0.171988
18 0.124825
19 0.140975
20 0.162113
21 0.203528
22 0.191286
23 0.185816
24 0.222009
25 0.17289
26 0.193137
27 0.186372
28 0.188069
29 0.211177
"[DEBUG]index 59 centroid... "
0 0.202467
1 0.213662
2 0.199587
3 0.222254
4 0.222125
5 0.194782
6 0.237071
7 0.233687
8 0.1532
9 0.195169
10 0.232143
11 0.195141
12 0.191359
13 0.19915
14 0.175193
15 0.219309
16 0.185273
17 0.196716
18 0.233571
19 0.178853
20 0.144352
21 0.218549
22 0.233556
23 0.20574
24 0.207915
25 0.212064
26 0.209122
27 0.224473
28 0.228757
29 0.244112
"[DEBUG]index 60 centroid... "
0 0.205916
1 0.188958
2 0.218433
3 0.18888
4 0.17587
5 0.144263
6 0.229063
7 0.213618
8 0.117276
9 0.160464
10 0.176874
11 0.224802
12 0.185781
13 0.14616
14 0.14037
15 0.120364
16 0.15552
17 0.222921
18 0.190081
19 0.208164
20 0.199698
21 0.207341
22 0.235738
23 0.269432
24 0.280335
25 0.228348
26 0.275859
27 0.220926
28 0.235381
29 0.223129
"[DEBUG]index 61 centroid... "
0 0.178583
1 0.181511
2 0.208585
3 0.221745
4 0.235355
5 0.203228
6 0.232451
7 0.217689
8 0.135932
9 0.199546
10 0.224774
11 0.236305
12 0.178754
13 0.179424
14 0.205658
15 0.215571
16 0.195045
17 0.244227
18 0.183423
19 0.116347
20 0.142882
21 0.108898
22 0.183403
23 0.231936
24 0.195906
25 0.212773
26 0.169381
27 0.186113
28 0.182137
29 0.177432
"[DEBUG]index 62 centroid... "
0 0.201289
1 0.189786
2 0.190252
3 0.201344
4 0.209327
5 0.2011
6 0.211337
7 0.202394
8 0.125523
9 0.165733
10 0.224271
11 0.195759
12 0.215688
13 0.244822
14 0.221537
15 0.150952
16 0.159335
17 0.157485
18 0.153768
19 0.170822
20 0.211165
21 0.216291
22 0.213711
23 0.192445
24 0.193279
25 0.197586
26 0.202259
27 0.213499
28 0.195582
29 0.194044
"[DEBUG]index 63 centroid... "
0 0.256135
1 0.303009
2 0.201765
3 0.261211
4 0.278941
5 0.258943
6 0.32351
7 0.231405
8 0.244874
9 0.20872
10 0.271941
11 0.201757
12 0.183506
13 0.170628
14 0.181897
15 0.160921
16 0.173914
17 0.116628
18 0.188579
19 0.131241
20 0.131554
21 0.195832
22 0.197514
23 0.152557
24 0.181962
25 0.159697
26 0.221208
27 0.245135
28 0.242195
29 0.270837
"[DEBUG]index 64 centroid... "
0 0.198046
1 0.201457
2 0.183808
3 0.196812
4 0.207568
5 0.203382
6 0.244103
7 0.23919
8 0.129268
9 0.120346
10 0.136051
11 0.17093
12 0.169877
13 0.21145
14 0.193215
15 0.179653
16 0.232177
17 0.17276
18 0.187443
19 0.205604
20 0.172749
21 0.191037
22 0.183064
23 0.212121
24 0.217819
25 0.205737
26 0.218522
27 0.206436
28 0.222031
29 0.213982
"[DEBUG]index 65 centroid... "
0 0.210484
1 0.221608
2 0.158998
3 0.194382
4 0.230657
5 0.182048
6 0.190794
7 0.194778
8 0.100514
9 0.132912
10 0.130905
11 0.204775
12 0.237258
13 0.244482
14 0.239784
15 0.173892
16 0.229509
17 0.203657
18 0.1688
19 0.229448
20 0.24632
21 0.206035
22 0.220983
23 0.256759
24 0.199896
25 0.226391
26 0.228043
27 0.223127
28 0.192633
29 0.212921
"[DEBUG]index 66 centroid... "
0 0.223897
1 0.195287
2 0.212887
3 0.232213
4 0.233791
5 0.190495
6 0.244985
7 0.224527
8 0.100022
9 0.144989
10 0.149936
11 0.15593
12 0.166115
13 0.173658
14 0.176478
15 0.148152
16 0.162198
17 0.218389
18 0.181779
19 0.208143
20 0.277579
21 0.175466
22 0.183895
23 0.23002
24 0.209459
25 0.202757
26 0.223656
27 0.236235
28 0.206396
29 0.215322
"[DEBUG]index 67 centroid... "
0 0.142254
1 0.236058
2 0.19097
3 0.204147
4 0.249317
5 0.189835
6 0.223531
7 0.220661
8 0.160833
9 0.208058
10 0.258665
11 0.155406
12 0.128448
13 0.190437
14 0.239376
15 0.226581
16 0.163443
17 0.258938
18 0.189053
19 0.133836
20 0.197508
21 0.205908
22 0.255302
23 0.174002
24 0.262286
25 0.199273
26 0.253937
27 0.177851
28 0.201026
29 0.190548
"[DEBUG]index 68 centroid... "
0 0.217757
1 0.209944
2 0.207278
3 0.230246
4 0.205658
5 0.194225
6 0.244618
7 0.239733
8 0.164564
9 0.185815
10 0.235791
11 0.180947
12 0.166642
13 0.22536
14 0.238694
15 0.206935
16 0.175972
17 0.206806
18 0.221538
19 0.196007
20 0.21994
21 0.231587
22 0.227998
23 0.232155
24 0.240988
25 0.258546
26 0.262305
27 0.264268
28 0.257821
29 0.250418
"[DEBUG]index 69 centroid... "
0 0.226839
1 0.225946
2 0.20702
3 0.237223
4 0.222479
5 0.178874
6 0.276802
7 0.206085
8 0.175229
9 0.216513
10 0.156531
11 0.256557
12 0.22628
13 0.187395
14 0.1772
15 0.14202
16 0.248068
17 0.200727
18 0.142036
19 0.234214
20 0.219303
21 0.184693
22 0.236309
23 0.247762
24 0.211157
25 0.201431
26 0.182681
27 0.182375
28 0.222597
29 0.225338
"[DEBUG]index 70 centroid... "
0 0.2114
1 0.191203
2 0.188121
3 0.197252
4 0.204452
5 0.178553
6 0.216795
7 0.261945
8 0.138058
9 0.129315
10 0.21463
11 0.20533
12 0.194676
13 0.148793
14 0.182772
15 0.183073
16 0.2135
17 0.202518
18 0.190456
19 0.215622
20 0.246168
21 0.258544
22 0.242758
23 0.252968
24 0.216649
25 0.196089
26 0.212758
27 0.231887
28 0.230117
29 0.259215
"[DEBUG]index 71 centroid... "
0 0.184939
1 0.190035
2 0.192795
3 0.197591
4 0.202344
5 0.180763
6 0.197752
7 0.206478
8 0.109103
9 0.170308
10 0.226499
11 0.192626
12 0.205898
13 0.208494
14 0.18678
15 0.180993
16 0.181239
17 0.205227
18 0.205104
19 0.193261
20 0.218156
21 0.180437
22 0.151567
23 0.205944
24 0.221253
25 0.199129
26 0.19731
27 0.195735
28 0.179451
29 0.18941
"[DEBUG]index 72 centroid... "
0 0.214097
1 0.192001
2 0.181482
3 0.195189
4 0.208742
5 0.171171
6 0.234246
7 0.203517
8 0.107905
9 0.111449
10 0.136819
11 0.129497
12 0.146882
13 0.190218
14 0.185388
15 0.169341
16 0.220892
17 0.200445
18 0.191912
19 0.192759
20 0.218839
21 0.249949
22 0.259348
23 0.258792
24 0.276671
25 0.269058
26 0.254918
27 0.244979
28 0.248487
29 0.253417
"[DEBUG]index 73 centroid... "
0 0.158275
1 0.154022
2 0.170699
3 0.194308
4 0.16977
5 0.187174
6 0.194613
7 0.205981
8 0.0931693
9 0.15178
10 0.107091
11 0.16762
12 0.217031
13 0.150328
14 0.118894
15 0.233155
16 0.205548
17 0.186783
18 0.180194
19 0.171726
20 0.150307
21 0.219529
22 0.20549
23 0.212148
24 0.18712
25 0.207758
26 0.178642
27 0.193151
28 0.158752
29 0.194933
"[DEBUG]index 74 centroid... "
0 0.205093
1 0.171796
2 0.171774
3 0.16716
4 0.191444
5 0.167045
6 0.188264
7 0.178693
8 0.137849
9 0.202092
10 0.159353
11 0.0790853
12 0.153297
13 0.185916
14 0.164809
15 0.155731
16 0.175168
17 0.226488
18 0.237411
19 0.264041
20 0.320519
21 0.292539
22 0.251401
23 0.294615
24 0.304327
25 0.284239
26 0.315302
27 0.308581
28 0.282183
29 0.263814
"[DEBUG]index 75 centroid... "
0 0.196147
1 0.166468
2 0.197545
3 0.20393
4 0.195341
5 0.147577
6 0.263719
7 0.266476
8 0.155982
9 0.21608
10 0.189991
11 0.192108
12 0.194072
13 0.234793
14 0.228341
15 0.206621
16 0.212301
17 0.208856
18 0.285555
19 0.269884
20 0.210514
21 0.208518
22 0.263829
23 0.215959
24 0.181884
25 0.180435
26 0.275045
27 0.217751
28 0.218359
29 0.213958
"[DEBUG]index 76 centroid... "
0 0.235363
1 0.222027
2 0.226018
3 0.208772
4 0.203428
5 0.194503
6 0.252935
7 0.236771
8 0.161974
9 0.184478
10 0.250299
11 0.202373
12 0.220997
13 0.263487
14 0.225611
15 0.119969
16 0.211981
17 0.203793
18 0.1627
19 0.203746
20 0.241123
21 0.272844
22 0.282269
23 0.269411
24 0.31818
25 0.35566
26 0.344013
27 0.379222
28 0.301337
29 0.322654
"[DEBUG]index 77 centroid... "
0 0.235388
1 0.222101
2 0.220628
3 0.216063
4 0.221914
5 0.182207
6 0.253935
7 0.221677
8 0.123988
9 0.23429
10 0.268196
11 0.170999
12 0.247678
13 0.246645
14 0.122932
15 0.182637
16 0.204091
17 0.161662
18 0.215942
19 0.127252
20 0.213935
21 0.218724
22 0.163957
23 0.200675
24 0.20793
25 0.193956
26 0.211158
27 0.196528
28 0.234455
29 0.234626
"[DEBUG]index 78 centroid... "
0 0.206405
1 0.201292
2 0.196259
3 0.218369
4 0.203635
5 0.179698
6 0.2157
7 0.205186
8 0.161699
9 0.200781
10 0.20663
11 0.176009
12 0.142805
13 0.0897187
14 0.146143
15 0.170339
16 0.158357
17 0.156861
18 0.178239
19 0.223355
20 0.23479
21 0.23059
22 0.269082
23 0.257015
24 0.252025
25 0.284697
26 0.280845
27 0.273883
28 0.289593
29 0.277441
"[DEBUG]index 79 centroid... "
0 0.225929
1 0.222411
2 0.194363
3 0.221708
4 0.259415
5 0.212876
6 0.222793
7 0.237553
8 0.149234
9 0.230825
10 0.223351
11 0.210384
12 0.245186
13 0.192414
14 0.189473
15 0.18902
16 0.205725
17 0.260296
18 0.196755
19 0.230069
20 0.26923
21 0.283939
22 0.240942
23 0.185138
24 0.240374
25 0.17696
26 0.203935
27 0.266162
28 0.240119
29 0.21435
"[DEBUG]index 80 centroid... "
0 0.184359
1 0.184719
2 0.206542
3 0.202743
4 0.207257
5 0.180843
6 0.218961
7 0.204095
8 0.119371
9 0.206077
10 0.233343
11 0.227968
12 0.20806
13 0.164431
14 0.227429
15 0.238066
16 0.217295
17 0.195919
18 0.183591
19 0.24902
20 0.242867
21 0.261388
22 0.265217
23 0.23092
24 0.242875
25 0.255428
26 0.231928
27 0.250005
28 0.257396
29 0.238089
"[DEBUG]index 81 centroid... "
0 0.201895
1 0.221007
2 0.193263
3 0.193839
4 0.211478
5 0.176194
6 0.231996
7 0.172325
8 0.132663
9 0.183676
10 0.200957
11 0.242211
12 0.187355
13 0.146702
14 0.217611
15 0.209183
16 0.228729
17 0.165785
18 0.111776
19 0.218992
20 0.234643
21 0.226756
22 0.219928
23 0.198399
24 0.202713
25 0.197023
26 0.223822
27 0.23571
28 0.20657
29 0.220723
"[DEBUG]index 82 centroid... "
0 0.19544
1 0.211273
2 0.218033
3 0.243259
4 0.253092
5 0.200711
6 0.252331
7 0.203461
8 0.112775
9 0.18773
10 0.202198
11 0.196894
12 0.248518
13 0.247151
14 0.157959
15 0.230774
16 0.293894
17 0.260161
18 0.201816
19 0.227263
20 0.245841
21 0.183956
22 0.215215
23 0.234475
24 0.247954
25 0.220729
26 0.219292
27 0.257507
28 0.260085
29 0.262346
"[DEBUG]index 83 centroid... "
0 0.19439
1 0.209804
2 0.234077
3 0.247417
4 0.238436
5 0.22467
6 0.245131
7 0.229846
8 0.152075
9 0.190486
10 0.240869
11 0.224459
12 0.211218
13 0.201787
14 0.248011
15 0.241303
16 0.16555
17 0.238883
18 0.321166
19 0.236695
20 0.21616
21 0.273404
22 0.247148
23 0.228255
24 0.229196
25 0.244996
26 0.207358
27 0.210194
28 0.22481
29 0.200594
"[DEBUG]index 84 centroid... "
0 0.188421
1 0.192089
2 0.181686
3 0.180216
4 0.209929
5 0.217455
6 0.236979
7 0.203878
8 0.108438
9 0.0832136
10 0.117033
11 0.183976
12 0.20393
13 0.157379
14 0.163874
15 0.201384
16 0.17525
17 0.237975
18 0.242443
19 0.251447
20 0.254184
21 0.255969
22 0.252567
23 0.239067
24 0.200289
25 0.257719
26 0.24844
27 0.273247
28 0.237003
29 0.2492
"[DEBUG]index 85 centroid... "
0 0.192667
1 0.178972
2 0.203142
3 0.196749
4 0.183652
5 0.164862
6 0.209105
7 0.224163
8 0.137281
9 0.093469
10 0.190947
11 0.214314
12 0.199264
13 0.20942
14 0.197073
15 0.18858
16 0.219623
17 0.225062
18 0.21111
19 0.232883
20 0.211483
21 0.212738
22 0.215355
23 0.230392
24 0.208062
25 0.199861
26 0.198829
27 0.210261
28 0.218038
29 0.21379
"[DEBUG]index 86 centroid... "
0 0.188023
1 0.177766
2 0.188627
3 0.202008
4 0.198978
5 0.165893
6 0.175469
7 0.163878
8 0.0893511
9 0.145397
10 0.205187
11 0.187343
12 0.190983
13 0.173164
14 0.203105
15 0.234566
16 0.257514
17 0.275538
18 0.27037
19 0.254791
20 0.263914
21 0.276039
22 0.247315
23 0.244133
24 0.25103
25 0.241879
26 0.218558
27 0.194453
28 0.197706
29 0.20365
"[DEBUG]index 87 centroid... "
0 0.233578
1 0.205947
2 0.227831
3 0.2247
4 0.201177
5 0.190074
6 0.250145
7 0.252976
8 0.173299
9 0.231519
10 0.26733
11 0.200694
12 0.159254
13 0.193411
14 0.242402
15 0.194444
16 0.165729
17 0.17982
18 0.19925
19 0.260486
20 0.240344
21 0.176378
22 0.218689
23 0.252887
24 0.242165
25 0.213213
26 0.227078
27 0.219657
28 0.181758
29 0.205969
"[DEBUG]index 88 centroid... "
0 0.212874
1 0.211838
2 0.206996
3 0.212292
4 0.222567
5 0.21119
6 0.234648
7 0.19769
8 0.119671
9 0.109211
10 0.123549
11 0.218396
12 0.255295
13 0.208227
14 0.209637
15 0.231283
16 0.195179
17 0.187621
18 0.234076
19 0.209223
20 0.216789
21 0.249269
22 0.218096
23 0.210945
24 0.218154
25 0.216611
26 0.220536
27 0.232203
28 0.223796
29 0.229668
"[DEBUG]index 89 centroid... "
0 0.160198
1 0.181122
2 0.155678
3 0.174179
4 0.179295
5 0.148649
6 0.174807
7 0.223785
8 0.0820707
9 0.072533
10 0.210341
11 0.175739
12 0.182208
13 0.13525
14 0.129618
15 0.191315
16 0.198556
17 0.219848
18 0.236295
19 0.201108
20 0.230028
21 0.253098
22 0.22728
23 0.275074
24 0.265588
25 0.247223
26 0.224935
27 0.198797
28 0.213793
29 0.23474
"[DEBUG]index 90 centroid... "
0 0.187828
1 0.205093
2 0.208399
3 0.223809
4 0.213779
5 0.211282
6 0.253583
7 0.220544
8 0.108938
9 0.105145
10 0.139075
11 0.139507
12 0.133871
13 0.153286
14 0.167632
15 0.222081
16 0.188706
17 0.200688
18 0.245487
19 0.24359
20 0.194837
21 0.213583
22 0.253949
23 0.215627
24 0.201983
25 0.234331
26 0.233371
27 0.215353
28 0.222788
29 0.25014
"[DEBUG]index 91 centroid... "
0 0.205897
1 0.186785
2 0.191512
3 0.210403
4 0.189177
5 0.192189
6 0.209384
7 0.206462
8 0.160599
9 0.188
10 0.234991
11 0.211388
12 0.206428
13 0.182797
14 0.167983
15 0.114767
16 0.118338
17 0.121026
18 0.121514
19 0.155757
20 0.208927
21 0.187017
22 0.183564
23 0.215449
24 0.193053
25 0.186979
26 0.198072
27 0.182413
28 0.20905
29 0.195165
"[DEBUG]index 92 centroid... "
0 0.212531
1 0.208261
2 0.199233
3 0.200414
4 0.199622
5 0.181807
6 0.199009
7 0.19487
8 0.110858
9 0.187584
10 0.207631
11 0.169428
12 0.242959
13 0.173141
14 0.10918
15 0.13428
16 0.0945513
17 0.157705
18 0.204188
19 0.206837
20 0.209886
21 0.195274
22 0.176584
23 0.182281
24 0.201693
25 0.227916
26 0.233943
27 0.246287
28 0.238661
29 0.242097
"[DEBUG]index 93 centroid... "
0 0.238934
1 0.232101
2 0.203478
3 0.219801
4 0.199722
5 0.188716
6 0.252072
7 0.245667
8 0.168808
9 0.265801
10 0.2707
11 0.162349
12 0.197384
13 0.24044
14 0.161092
15 0.156413
16 0.253313
17 0.233749
18 0.195199
19 0.188282
20 0.190025
21 0.208
22 0.205583
23 0.237225
24 0.25527
25 0.225919
26 0.227034
27 0.234068
28 0.247722
29 0.240936
"[DEBUG]index 94 centroid... "
0 0.216956
1 0.226375
2 0.20155
3 0.227147
4 0.203812
5 0.19048
6 0.234157
7 0.205168
8 0.0938704
9 0.207979
10 0.193733
11 0.205098
12 0.282433
13 0.176612
14 0.17006
15 0.232874
16 0.221879
17 0.177444
18 0.191693
19 0.251786
20 0.275034
21 0.296417
22 0.317232
23 0.303522
24 0.288829
25 0.282439
26 0.293375
27 0.276743
28 0.287502
29 0.305533
"[DEBUG]index 95 centroid... "
0 0.192314
1 0.173121
2 0.175972
3 0.214023
4 0.224004
5 0.215621
6 0.203645
7 0.222028
8 0.0921271
9 0.122161
10 0.164521
11 0.233538
12 0.228308
13 0.192125
14 0.217622
15 0.190651
16 0.165423
17 0.211537
18 0.151612
19 0.145883
20 0.225635
21 0.204296
22 0.156019
23 0.175428
24 0.166763
25 0.183859
26 0.179571
27 0.173713
28 0.180682
29 0.226661
"[DEBUG]index 96 centroid... "
0 0.219921
1 0.210709
2 0.203999
3 0.23939
4 0.2435
5 0.207537
6 0.258501
7 0.262684
8 0.134976
9 0.180202
10 0.254168
11 0.243681
12 0.199386
13 0.244929
14 0.261433
15 0.189197
16 0.219074
17 0.255878
18 0.18781
19 0.178253
20 0.259604
21 0.23827
22 0.19086
23 0.237529
24 0.240646
25 0.224912
26 0.224264
27 0.228073
28 0.239594
29 0.230462
"[DEBUG]index 97 centroid... "
0 0.193065
1 0.198266
2 0.195041
3 0.197434
4 0.207661
5 0.179624
6 0.211103
7 0.223645
8 0.146342
9 0.222648
10 0.229546
11 0.187575
12 0.176588
13 0.146843
14 0.168292
15 0.177882
16 0.192872
17 0.203061
18 0.167817
19 0.14783
20 0.21831
21 0.171049
22 0.174663
23 0.230926
24 0.192757
25 0.178223
26 0.14631
27 0.168562
28 0.186755
29 0.189618
"[DEBUG]index 98 centroid... "
0 0.269197
1 0.186952
2 0.185799
3 0.239387
4 0.213012
5 0.243626
6 0.325835
7 0.280352
8 0.120243
9 0.268056
10 0.262408
11 0.179411
12 0.179263
13 0.234999
14 0.169914
15 0.136702
16 0.26653
17 0.147857
18 0.159125
19 0.28074
20 0.214072
21 0.212814
22 0.242411
23 0.18346
24 0.208075
25 0.238295
26 0.248525
27 0.264046
28 0.248779
29 0.274154
"[DEBUG]index 99 centroid... "
0 0.212998
1 0.182375
2 0.199513
3 0.218901
4 0.19368
5 0.202549
6 0.245151
7 0.226048
8 0.120765
9 0.180274
10 0.217742
11 0.198438
12 0.179608
13 0.217264
14 0.227407
15 0.185793
16 0.234667
17 0.199709
18 0.123946
19 0.220791
20 0.23141
21 0.187371
22 0.221724
23 0.217966
24 0.202495
25 0.199467
26 0.215507
27 0.215272
28 0.218026
29 0.231221
