correlation level (red against blue): 
-0.517092
-0.401449
-0.270406
0.23167
-0.742882
-0.757706
-0.633996
0.199539
-0.695945
-0.733811
-0.662557
-0.580873
-0.818909
-0.539388
-0.593198
-0.760126
-0.710206
-0.682467
-0.750215
-0.778696
-0.382465
-0.770587
-0.833943
-0.695799
-0.726415
-0.630963
-0.136314
-0.79595
-0.827018
-0.705253
-0.545222
-0.625165
-0.48314
-0.657083
-0.802081
-0.47144
-0.708506
-0.838489
-0.718028
-0.827172
-0.651581
-0.5815
-0.760584
-0.781396
-0.658438
-0.744461
-0.743768
-0.665221
-0.802839
-0.55582
-0.810143
-0.735391
-0.798776
-0.200819
-0.112475
-0.259336
-0.772165
-0.664694
-0.735425
-0.766763
-0.583744
-0.768185
-0.702419
-0.607146
-0.618759
-0.668129
-0.64621
-0.522311
-0.64535
-0.664767
-0.700763
-0.795506
-0.599355
-0.736252
-0.587512
-0.394633
-0.554266
-0.720894
-0.642612
-0.442423
-0.741437
-0.789935
-0.662422
-0.64071
-0.616269
-0.703978
-0.604856
-0.473326
-0.725985
-0.738504
-0.592841
-0.422066
-0.794656
-0.661532
-0.693234
-0.696929
-0.748595
-0.484582
-0.731757
-0.856612
