"[DEBUG]index 0 centroid... "
0 0.921986
1 2.26241
2 1.56738
3 1.95745
4 1.1844
5 2.41135
6 1.93617
7 1.41844
8 3.99291
9 4.57447
10 5.31915
11 6.28369
12 10.9291
13 11.2695
14 13.7589
15 15.5532
16 12.1915
17 9.3617
18 8.8156
19 6.07801
20 4.21277
21 3.64539
22 3.87943
23 2.28369
24 2.00709
25 2.39716
26 2.41135
27 1.89362
28 1.71631
29 1.46099
"[DEBUG]index 1 centroid... "
0 6.78571
1 7.62698
2 5.90476
3 6.85714
4 6.47619
5 5.75397
6 5.40476
7 4.29365
8 10
9 4.46825
10 3.74603
11 2.53968
12 1.31746
13 0.896825
14 0.730159
15 0.412698
16 0.539683
17 0.920635
18 0.936508
19 1.37302
20 2.03968
21 1.88889
22 3.50794
23 4.07143
24 3.31746
25 3.29365
26 4.94444
27 4.29365
28 5.33333
29 6.28571
"[DEBUG]index 2 centroid... "
0 2.5948
1 2.58869
2 2.37615
3 2.36391
4 2.37615
5 2.59021
6 2.28593
7 1.59633
8 9.26147
9 3.29817
10 2.05657
11 1.12385
12 0.737003
13 0.651376
14 1.20336
15 2.38532
16 4.47401
17 6.98165
18 16.4144
19 7.5841
20 4.15443
21 2.10856
22 1.23242
23 2.72018
24 2.07492
25 2.37615
26 2.52752
27 3.13609
28 2.66972
29 2.57492
"[DEBUG]index 3 centroid... "
0 3.5625
1 4.41667
2 3.5
3 2.375
4 3.4375
5 3.66667
6 3.3125
7 1.79167
8 11.5417
9 2.75
10 2.29167
11 1.22917
12 1.22917
13 2.45833
14 5.25
15 5.4375
16 6.5625
17 2.10417
18 0.895833
19 0.5
20 0.333333
21 0.354167
22 0.895833
23 2.5625
24 2.33333
25 2.33333
26 2.5625
27 2.22917
28 2.66667
29 2.35417
"[DEBUG]index 4 centroid... "
0 2.98668
1 2.69453
2 2.55511
3 2.51516
4 2.93738
5 3.1601
6 2.86852
7 1.5299
8 20.4375
9 4.00963
10 2.83536
11 1.53868
12 3.38765
13 1.862
14 6.5741
15 8.14537
16 2.12666
17 1.32502
18 3.78011
19 2.39728
20 4.1023
21 24.1717
22 5.57835
23 3.23378
24 3.85917
25 3.6081
26 3.11561
27 3.01955
28 2.86172
29 2.81184
"[DEBUG]index 5 centroid... "
0 3.08973
1 3.19005
2 3.35245
3 3.02733
4 3.25829
5 3.03081
6 2.80442
7 1.58152
8 19.1815
9 5.38736
10 3.01058
11 4.93081
12 22.8611
13 3.00537
14 2.27172
15 1.97093
16 1.77994
17 2.46161
18 3.49668
19 20.7027
20 4.89273
21 2.7703
22 3.49826
23 3.54581
24 2.75829
25 2.6079
26 2.59684
27 3.10063
28 2.75229
29 2.76446
"[DEBUG]index 6 centroid... "
0 3.09617
1 2.92692
2 3.05846
3 2.89535
4 3.03099
5 3.15639
6 2.54633
7 2.38088
8 19.881
9 3.09383
10 15.4186
11 17.6685
12 4.94066
13 3.01695
14 1.4753
15 2.41742
16 5.68927
17 5.31804
18 2.35341
19 1.32827
20 2.49488
21 5.66735
22 1.60596
23 2.28384
24 2.2245
25 2.37854
26 2.21251
27 2.27185
28 2.22186
29 2.23385
"[DEBUG]index 7 centroid... "
0 3.60282
1 4.07324
2 4.6338
3 3.8169
4 3.93803
5 3.74084
6 3.13239
7 2.48169
8 15.1211
9 3.66197
10 7.87324
11 4.52676
12 14.8789
13 13.5606
14 4.02254
15 2.06479
16 1.21408
17 0.591549
18 0.653521
19 1.11268
20 1.02254
21 1.84789
22 5.48169
23 2.29859
24 2.14648
25 2.88732
26 2.18592
27 2.2507
28 2.16338
29 2.17746
"[DEBUG]index 8 centroid... "
0 3.73003
1 3.85186
2 3.70388
3 3.44183
4 4.07375
5 4.48317
6 3.68747
7 2.30059
8 36.9004
9 4.92337
10 3.33023
11 3.87714
12 3.51019
13 10.6063
14 2.48549
15 11.9452
16 2.44225
17 14.1241
18 2.84508
19 2.58595
20 11.1099
21 3.04718
22 1.38013
23 4.13662
24 3.72643
25 3.15409
26 3.36691
27 3.32079
28 3.32124
29 3.2082
"[DEBUG]index 9 centroid... "
0 5.26835
1 5.02007
2 4.72299
3 4.1262
4 4.70814
5 4.67707
6 4.14889
7 3.0088
8 35.0999
9 5.11424
10 9.48515
11 13.109
12 4.35469
13 1.57437
14 2.79544
15 14.4744
16 3.01773
17 1.50357
18 3.12029
19 13.8732
20 2.80698
21 1.45298
22 3.80107
23 4.61136
24 3.7168
25 3.74594
26 3.70305
27 3.84465
28 3.75076
29 3.46673
"[DEBUG]index 10 centroid... "
0 4.25288
1 4.24114
2 4.04008
3 3.64792
4 4.39349
5 4.61869
6 3.91231
7 2.30979
8 29.9945
9 6.02657
10 3.89327
11 1.77369
12 3.28056
13 13.9577
14 3.21014
15 1.4659
16 3.03742
17 12.2826
18 10.9347
19 3.09765
20 1.76572
21 2.87622
22 14.6399
23 2.99358
24 3.50753
25 4.31399
26 4.48295
27 3.96944
28 3.81156
29 3.69132
"[DEBUG]index 11 centroid... "
0 2.23261
1 2.27258
2 2.05131
3 1.85489
4 1.85584
5 2.38338
6 2.26597
7 1.84923
8 11.1851
9 2.53541
10 11.3138
11 3.83916
12 2.08593
13 2.42776
14 1.11426
15 1.96726
16 5.50047
17 2.15392
18 4.62732
19 6.95971
20 24.1174
21 6.94681
22 4.91753
23 2.59459
24 2.50299
25 2.22348
26 2.48033
27 2.28864
28 2.39597
29 2.27605
"[DEBUG]index 12 centroid... "
0 3.5675
1 3.51606
2 3.29508
3 3.3211
4 4.68058
5 3.86244
6 3.81276
7 2.44646
8 26.5868
9 4.80298
10 2.87938
11 3.17404
12 10.5857
13 2.99465
14 2.94799
15 5.03367
16 31.5171
17 5.26391
18 2.90269
19 9.68904
20 3.75076
21 2.42877
22 8.03326
23 3.11435
24 3.37466
25 3.40257
26 3.47866
27 3.22177
28 3.03041
29 2.92553
"[DEBUG]index 13 centroid... "
0 4.07946
1 3.5891
2 3.87003
3 3.51078
4 3.66402
5 3.45062
6 3.93076
7 2.40465
8 20.3309
9 3.03916
10 21.1436
11 3.03121
12 22.7299
13 4.26334
14 7.95687
15 2.56527
16 2.97049
17 5.28604
18 5.62599
19 2.42849
20 1.47219
21 0.984676
22 1.35755
23 2.3899
24 2.03575
25 2.17423
26 2.084
27 2.38138
28 2.41203
29 2.00057
"[DEBUG]index 14 centroid... "
0 3.58323
1 3.98785
2 3.43378
3 3.42892
4 3.79101
5 3.6853
6 4.18834
7 2.11057
8 18.6792
9 4.44228
10 2.99879
11 1.45565
12 0.670717
13 1.89307
14 1.14095
15 2.25395
16 12.1847
17 2.82503
18 1.52491
19 1.53827
20 3.37181
21 1.64277
22 10.4775
23 2.85662
24 3.45444
25 3.74848
26 3.86513
27 3.55286
28 3.31835
29 3.43256
"[DEBUG]index 15 centroid... "
0 2.16864
1 2.13416
2 2.25774
3 2.09162
4 2.1329
5 2.93708
6 2.97559
7 1.89731
8 9.25724
9 22.9867
10 7.25245
11 5.296
12 2.40775
13 4.06469
14 13.2801
15 3.41807
16 1.63529
17 4.62371
18 2.05361
19 4.62371
20 1.62195
21 4.24314
22 3.93708
23 1.83287
24 1.93179
25 1.99572
26 2.01863
27 1.96451
28 1.86912
29 1.62094
"[DEBUG]index 16 centroid... "
0 3.73491
1 3.71571
2 3.42972
3 3.18299
4 4.10357
5 3.90342
6 3.37381
7 1.9635
8 30.8289
9 4.67794
10 2.88676
11 1.58998
12 1.52672
13 2.58383
14 3.34169
15 1.07646
16 3.28952
17 1.28472
18 2.31571
19 12.6957
20 1.8221
21 2.59633
22 1.22443
23 3.76145
24 2.85118
25 2.91338
26 3.03629
27 3.12185
28 3.16844
29 3.11105
"[DEBUG]index 17 centroid... "
0 3.77924
1 4.01989
2 3.84076
3 3.55554
4 3.70281
5 4.20304
6 3.56936
7 2.39755
8 26.4664
9 5.8476
10 2.51779
11 13.3357
12 3.37051
13 1.32406
14 1.81513
15 4.01724
16 1.36026
17 2.61364
18 12.6054
19 3.08979
20 2.60199
21 10.4572
22 10.3048
23 2.75423
24 3.90601
25 4.04987
26 3.64953
27 3.56641
28 3.53084
29 3.60354
"[DEBUG]index 18 centroid... "
0 3.11685
1 3.44276
2 3.14208
3 3.13507
4 3.2947
5 3.94233
6 3.58693
7 2.37608
8 21.5845
9 5.63881
10 2.83515
11 8.70767
12 3.22479
13 3.41022
14 8.22669
15 2.56673
16 4.44627
17 27.6764
18 6.63037
19 3.24054
20 6.41165
21 24.7878
22 5.25647
23 3.20459
24 4.21104
25 3.95239
26 3.62259
27 3.65949
28 3.47852
29 3.50005
"[DEBUG]index 19 centroid... "
0 3.30474
1 2.68214
2 2.85873
3 2.74369
4 2.92381
5 3.49445
6 3.13118
7 2.0328
8 17.1978
9 4.57871
10 3.29667
11 2.08123
12 2.71746
13 3.9662
14 21.1801
15 4.63017
16 3.20787
17 6.06458
18 16.9299
19 16.9021
20 4.5106
21 2.62159
22 8.93542
23 3.29062
24 3.05651
25 3.14077
26 3.43037
27 3.09738
28 3.38951
29 2.9667
"[DEBUG]index 20 centroid... "
0 5.6953
1 4.97751
2 4.66667
3 4.46217
4 4.60123
5 5.17996
6 4.16973
7 2.40695
8 19.8037
9 6.16973
10 2.30675
11 3.48057
12 4.66871
13 1.18609
14 0.658487
15 1.2454
16 2.51125
17 11.2515
18 2.29857
19 3.10225
20 1.47853
21 0.701432
22 1.21677
23 3.70757
24 2.94888
25 3.17382
26 3.65849
27 3.56646
28 3.50511
29 3.64213
"[DEBUG]index 21 centroid... "
0 3.97093
1 4.0667
2 4.00371
3 3.56149
4 4.12867
5 4.47641
6 3.5588
7 2.41831
8 43.1588
9 5.30224
10 2.87069
11 14.0795
12 3.66206
13 2.8044
14 3.49934
15 1.44948
16 2.90956
17 3.72114
18 1.29878
19 2.80869
20 10.1459
21 2.3107
22 2.75516
23 3.53704
24 3.3366
25 2.9776
26 3.10425
27 3.01628
28 3.13587
29 3.1162
"[DEBUG]index 22 centroid... "
0 4.00858
1 3.70929
2 3.60105
3 3.75928
4 4.06951
5 4.40163
6 3.9956
7 2.24673
8 26.2395
9 4.65909
10 2.22484
11 8.57155
12 9.72195
13 2.43135
14 4.72828
15 29.6948
16 4.44304
17 3.13892
18 2.16102
19 1.76378
20 2.7846
21 7.69835
22 2.14235
23 3.55246
24 3.48799
25 3.33072
26 3.14611
27 2.84885
28 2.92952
29 2.78363
"[DEBUG]index 23 centroid... "
0 3.57474
1 3.62112
2 3.34027
3 3.40121
4 3.97563
5 4.16102
6 3.34124
7 2.12726
8 24.4902
9 4.85882
10 3.17839
11 3.94715
12 8.38988
13 4.01348
14 28.8803
15 4.6373
16 3.17235
17 1.88978
18 2.56838
19 7.29821
20 2.23997
21 2.35397
22 1.37274
23 3.37058
24 2.86519
25 2.67483
26 2.56838
27 2.74871
28 2.64096
29 2.54778
"[DEBUG]index 24 centroid... "
0 4.33622
1 4.46005
2 4.24601
3 3.99385
4 4.51855
5 5.02489
6 4.04311
7 2.73275
8 40.1094
9 5.8649
10 3.16279
11 13.876
12 3.33438
13 9.19346
14 2.93662
15 14.4974
16 2.76817
17 2.75757
18 11.6943
19 3.23738
20 1.46061
21 3.50647
22 3.2134
23 3.41596
24 3.4379
25 3.41094
26 3.31843
27 3.33512
28 3.28374
29 3.1173
"[DEBUG]index 25 centroid... "
0 4.55605
1 4.40644
2 4.21885
3 3.61127
4 4.34311
5 4.52751
6 3.86834
7 2.41833
8 38.5778
9 4.43265
10 15.4842
11 2.90042
12 1.71282
13 1.47965
14 3.2697
15 2.78592
16 1.10722
17 3.0642
18 3.24132
19 1.06778
20 2.6994
21 2.74573
22 1.03235
23 2.9974
24 2.87298
25 2.76265
26 2.7858
27 2.84012
28 2.8557
29 3.00421
"[DEBUG]index 26 centroid... "
0 4.08095
1 3.70361
2 3.72603
3 3.19801
4 4.33997
5 3.93524
6 3.50187
7 2.04608
8 19.3064
9 5.99875
10 2.90411
11 1.52677
12 3.36115
13 12.3151
14 2.20299
15 1.03611
16 0.815691
17 1.66376
18 3.69365
19 1.99253
20 12.472
21 1.78954
22 11.0523
23 3.41345
24 4.18431
25 3.36239
26 3.70486
27 3.98007
28 3.65255
29 3.7061
"[DEBUG]index 27 centroid... "
0 2.59171
1 2.54619
2 2.63385
3 2.35502
4 2.26568
5 2.61868
6 2.39953
7 2.51686
8 14.1318
9 3.36379
10 11.5553
11 12.0013
12 4.55496
13 2.38301
14 6.77748
15 2.75185
16 4.72994
17 6.77714
18 30.6389
19 8.2913
20 5.51989
21 2.61935
22 6.98753
23 2.44403
24 2.49157
25 2.32704
26 2.68779
27 2.52798
28 2.62846
29 2.4056
"[DEBUG]index 28 centroid... "
0 3.22019
1 3.68395
2 3.53401
3 3.15244
4 3.60058
5 3.73201
6 3.03296
7 2.323
8 24.5784
9 5.24606
10 8.97046
11 8.33771
12 5.80948
13 29.9161
14 5.03637
15 2.13997
16 9.14758
17 2.65349
18 7.68999
19 2.66282
20 9.02337
21 2.13695
22 8.51589
23 2.84139
24 3.35439
25 3.1036
26 3.14128
27 2.98057
28 3.01602
29 2.7974
"[DEBUG]index 29 centroid... "
0 3.67202
1 3.53852
2 3.3108
3 3.09139
4 3.5372
5 4.57836
6 3.94279
7 3.61877
8 24.0636
9 3.16258
10 24.1575
11 5.69694
12 3.55778
13 4.18788
14 7.47394
15 3.82402
16 24.9705
17 5.14294
18 2.81174
19 6.58384
20 7.38048
21 2.23999
22 1.44203
23 3.47677
24 2.87594
25 2.67674
26 2.59951
27 2.69203
28 2.76246
29 2.6875
"[DEBUG]index 30 centroid... "
0 3.14707
1 3.20993
2 3.03694
3 2.71569
4 3.33633
5 3.63029
6 3.00712
7 1.76737
8 24.5576
9 5.43443
10 2.72823
11 1.49543
12 3.84243
13 1.35784
14 2.95307
15 0.956117
16 2.94561
17 11.1005
18 1.90935
19 9.71789
20 8.71874
21 1.82667
22 11.0954
23 3.08811
24 2.9512
25 3.58251
26 3.54151
27 3.47577
28 3.51305
29 3.44324
"[DEBUG]index 31 centroid... "
0 5.08548
1 4.83264
2 4.79442
3 4.3668
4 5.21994
5 4.98464
6 4.32581
7 2.32671
8 45.0965
9 6.16156
10 4.17623
11 3.65755
12 19.345
13 2.35703
14 1.5363
15 3.79078
16 3.50415
17 1.57641
18 3.34175
19 1.63077
20 3.48216
21 2.92073
22 1.56906
23 3.5876
24 3.48643
25 3.12872
26 3.14835
27 3.35194
28 3.26007
29 3.31813
"[DEBUG]index 32 centroid... "
0 2.28284
1 2.27212
2 2.12668
3 2.15013
4 2.41354
5 2.97788
6 2.65952
7 1.70174
8 15.492
9 3.04491
10 1.84249
11 1.30831
12 1.43432
13 2.08579
14 3.22855
15 15.9323
16 12.4477
17 3.99263
18 6.58512
19 2.00603
20 6.01072
21 5.54692
22 1.54826
23 2.40818
24 2.61863
25 2.6508
26 2.42359
27 2.40013
28 2.46381
29 2.1689
"[DEBUG]index 33 centroid... "
0 3.33619
1 3.18182
2 3.27532
3 2.86218
4 3.16943
5 3.1748
6 3.20737
7 1.98295
8 23.6091
9 3.01475
10 26.0755
11 4.40216
12 2.54266
13 3.25156
14 3.09714
15 1.20341
16 1.4302
17 1.20641
18 2.83095
19 6.12549
20 1.64446
21 6.68738
22 2.19147
23 2.73758
24 2.48774
25 2.49061
26 2.32654
27 2.4505
28 2.4521
29 2.35982
"[DEBUG]index 34 centroid... "
0 3.33258
1 3.14371
2 3.18051
3 3.28443
4 3.79741
5 4.05364
6 3.36053
7 2.20447
8 23.7575
9 4.15606
10 3.04429
11 2.10042
12 3.00524
13 4.73715
14 28.0851
15 4.53431
16 2.33595
17 9.36377
18 3.04266
19 1.36228
20 3.11614
21 2.41816
22 6.89758
23 2.97555
24 3.33296
25 3.26272
26 3.14009
27 2.96569
28 2.79067
29 2.86128
"[DEBUG]index 35 centroid... "
0 3.18704
1 3.28352
2 2.88222
3 2.70241
4 2.91815
5 2.96722
6 2.82093
7 1.69389
8 21.2276
9 4.72167
10 6.96833
11 4.97333
12 24.2678
13 4.13093
14 2.17778
15 6.87796
16 2.3813
17 8.01907
18 2.46241
19 7.44315
20 4.2913
21 21.3126
22 5.12278
23 2.96
24 3.40148
25 3.27019
26 2.58981
27 2.82944
28 2.6437
29 2.70778
"[DEBUG]index 36 centroid... "
0 3.68229
1 3.61713
2 3.86343
3 3.37976
4 3.27611
5 4.1218
6 3.7583
7 2.31717
8 17.7854
9 21.3573
10 5.47053
11 2.56022
12 10.8633
13 2.39344
14 1.18629
15 1.31188
16 2.66536
17 2.45251
18 1.20458
19 3.08684
20 1.22246
21 2.01152
22 6.4727
23 2.08197
24 2.46118
25 2.57309
26 2.65357
27 2.36431
28 2.44547
29 2.50359
"[DEBUG]index 37 centroid... "
0 3.51553
1 3.73148
2 3.31976
3 3.04072
4 3.51868
5 3.98399
6 3.60504
7 2.29804
8 26.1566
9 5.299
10 2.87046
11 3.40323
12 3.24194
13 3.07931
14 8.93483
15 2.59874
16 5.04008
17 28.2839
18 5.09089
19 2.7018
20 1.86774
21 3.24973
22 1.34532
23 3.02412
24 2.88103
25 2.9075
26 2.94796
27 2.99482
28 2.78976
29 2.64331
"[DEBUG]index 38 centroid... "
0 4.01181
1 4.02378
2 3.58062
3 3.53669
4 4.43458
5 4.35742
6 4.08408
7 2.33262
8 32.1323
9 5.02118
10 2.93434
11 2.02543
12 4.42403
13 1.28043
14 2.92804
15 15.1723
16 2.67989
17 2.52189
18 12.5994
19 3.56755
20 1.292
21 2.95489
22 12.1849
23 2.91001
24 3.76012
25 4.15281
26 4.14321
27 3.70091
28 3.77909
29 3.55527
"[DEBUG]index 39 centroid... "
0 3.42046
1 3.52885
2 3.26371
3 3.19106
4 3.63991
5 3.83325
6 3.32246
7 2.19359
8 26.9203
9 5.13446
10 3.14297
11 8.72167
12 3.07382
13 7.8133
14 2.29906
15 9.03672
16 8.80654
17 3.08143
18 5.19548
19 31.4463
20 4.8864
21 2.88075
22 3.57935
23 4.0878
24 3.06135
25 3.09527
26 3.07181
27 3.22238
28 3.10794
29 2.94879
"[DEBUG]index 40 centroid... "
0 6.71102
1 7.34543
2 6.70161
3 6.48185
4 6.38374
5 6.96707
6 5.66263
7 3.80242
8 22.4684
9 7.85484
10 2.98118
11 13.5
12 3.91062
13 3.44489
14 4.34274
15 1.78091
16 0.747984
17 1.48925
18 1.4207
19 3.52688
20 1.20296
21 0.725134
22 1.46505
23 4.25134
24 3.12433
25 3.1203
26 3.53763
27 3.62231
28 3.64382
29 3.84543
"[DEBUG]index 41 centroid... "
0 2.84472
1 3.32514
2 3.18043
3 2.97714
4 2.80567
5 3.35408
6 3.28196
7 2.3496
8 9.77731
9 22.5239
10 4.35225
11 23.7218
12 8.56127
13 3.96428
14 4.86344
15 4.37154
16 1.99116
17 1.45756
18 1.94648
19 1.80946
20 3.04996
21 1.77225
22 1.05398
23 1.89078
24 1.82198
25 1.59837
26 1.69817
27 1.78397
28 1.70575
29 1.63248
"[DEBUG]index 42 centroid... "
0 3.99397
1 4.52037
2 3.39356
3 3.17588
4 3.29563
5 3.82474
6 3.86216
7 2.2343
8 18.5285
9 22.0611
10 4.84137
11 2.70374
12 9.53825
13 2.36362
14 2.86299
15 1.41143
16 2.39314
17 8.8316
18 8.45031
19 1.83825
20 9.06258
21 2.89709
22 1.12183
23 3.30541
24 2.95426
25 2.4815
26 2.68669
27 2.86362
28 2.70083
29 2.6659
"[DEBUG]index 43 centroid... "
0 4.23695
1 4.197
2 4.27635
3 3.77846
4 5.00491
5 4.81186
6 4.45399
7 2.50716
8 30.2804
9 4.67744
10 3.06353
11 4.32556
12 1.46721
13 2.94383
14 14.3254
15 2.57873
16 1.47526
17 1.71629
18 1.79277
19 4.07853
20 1.20327
21 2.36933
22 11.2487
23 3.19768
24 3.74015
25 3.84444
26 3.96169
27 3.3726
28 3.38841
29 3.40464
"[DEBUG]index 44 centroid... "
0 3.04663
1 3.22602
2 3.0293
3 2.59082
4 3.12995
5 3.17241
6 2.93908
7 1.79348
8 28.5879
9 3.98692
10 10.2018
11 2.83377
12 1.47452
13 3.43214
14 1.33317
15 2.62316
16 1.97721
17 12.2206
18 1.92399
19 10.0724
20 1.90946
21 10.2106
22 2.12031
23 3.06734
24 2.87784
25 3.18605
26 2.76595
27 2.98258
28 2.93948
29 2.91934
"[DEBUG]index 45 centroid... "
0 3.38095
1 3.31889
2 3.38568
3 2.87229
4 3.41434
5 3.65197
6 2.94901
7 1.94721
8 31.0009
9 4.18201
10 12.0328
11 2.88459
12 2.96576
13 10.494
14 1.80541
15 8.7968
16 2.70637
17 3.11655
18 1.40706
19 2.81563
20 9.98931
21 1.8074
22 10.1567
23 3.17756
24 3.45228
25 3.36269
26 3.19601
27 2.91316
28 2.9878
29 2.92148
"[DEBUG]index 46 centroid... "
0 4.12156
1 4.02093
2 3.95419
3 3.7131
4 4.7432
5 4.38497
6 3.83525
7 1.95136
8 40.2271
9 6.16245
10 3.72053
11 4.04613
12 14.2652
13 1.93559
14 13.3688
15 3.33312
16 1.61282
17 3.87856
18 11.8675
19 2.66974
20 2.75888
21 11.1408
22 2.96062
23 3.78447
24 3.99169
25 3.82049
26 3.53309
27 3.63646
28 3.56389
29 3.48186
"[DEBUG]index 47 centroid... "
0 3.63776
1 3.71678
2 3.578
3 3.19255
4 3.72762
5 4.02648
6 3.53405
7 2.29939
8 33.399
9 4.96546
10 2.66138
11 10.8008
12 3.65343
13 1.47243
14 3.54652
15 2.78442
16 12.0555
17 2.43299
18 13.0932
19 2.21449
20 11.5598
21 2.54046
22 3.07198
23 3.48257
24 3.53296
25 3.0837
26 3.38401
27 3.40151
28 3.41485
29 3.08067
"[DEBUG]index 48 centroid... "
0 3.26583
1 3.37541
2 3.21703
3 2.95272
4 4.04983
5 3.917
6 3.424
7 2.05578
8 52.8279
9 4.18468
10 3.32873
11 3.34731
12 3.42404
13 8.31356
14 2.58994
15 2.32553
16 8.87106
17 2.9454
18 2.9124
19 3.05203
20 2.42639
21 7.34854
22 2.3942
23 2.96632
24 3.0144
25 3.00349
26 2.7971
27 2.80901
28 2.79277
29 2.70339
"[DEBUG]index 49 centroid... "
0 4.9954
1 5.21575
2 4.53937
3 4.29192
4 5.40133
5 5.27045
6 4.76534
7 2.66718
8 25.9044
9 4.33436
10 2.79243
11 1.55726
12 3.44632
13 2.1907
14 14.1227
15 1.85583
16 3.70297
17 1.5
18 0.652863
19 1.12935
20 3.12168
21 2.55112
22 0.83589
23 3.84663
24 3.48824
25 3.19121
26 3.21472
27 3.28834
28 3.23108
29 3.24489
"[DEBUG]index 50 centroid... "
0 4.24585
1 4.27064
2 4.19894
3 3.88664
4 4.49025
5 4.82508
6 4.15044
7 2.36856
8 39.1381
9 6.44165
10 2.77437
11 12.3243
12 13.9972
13 2.29414
14 11.9144
15 3.36877
16 2.66199
17 11.9396
18 3.0862
19 3.70642
20 1.85414
21 3.15013
22 10.6168
23 3.16098
24 3.4076
25 3.81983
26 3.90845
27 3.48259
28 3.37
29 3.45101
"[DEBUG]index 51 centroid... "
0 3.17543
1 3.22914
2 3.31911
3 2.8671
4 3.51907
5 3.64995
6 3.42351
7 2.0217
8 31.3307
9 3.55958
10 12.0419
11 2.98908
12 1.60979
13 2.85308
14 10.9572
15 2.06766
16 3.06672
17 2.57575
18 12.8095
19 2.09995
20 9.77544
21 1.96361
22 10.8943
23 2.76634
24 3.42101
25 3.19079
26 3.54933
27 3.04131
28 3.19268
29 2.89668
"[DEBUG]index 52 centroid... "
0 5.50834
1 5.37707
2 4.84788
3 4.5997
4 5.3259
5 5.62869
6 4.98789
7 3.27108
8 33.9919
9 6.43201
10 2.81458
11 15.9558
12 4.23666
13 1.51364
14 4.53906
15 3.39706
16 12.5397
17 3.2832
18 1.46723
19 4.43685
20 1.3815
21 3.59162
22 1.36456
23 4.16914
24 3.65583
25 3.717
26 3.64908
27 3.74222
28 3.69496
29 3.58262
"[DEBUG]index 53 centroid... "
0 4.11548
1 3.28993
2 2.82064
3 2.55283
4 2.6855
5 3.16216
6 2.88206
7 1.57248
8 13.629
9 4.24079
10 2.29975
11 1.39312
12 0.511056
13 0.646192
14 0.746929
15 2.90663
16 1.02703
17 1.38821
18 2.73464
19 3.86732
20 14.1892
21 6.01229
22 2.08108
23 3.55037
24 3.5258
25 3.0516
26 3.48157
27 3.51351
28 3.41523
29 3.48894
"[DEBUG]index 54 centroid... "
0 6.79923
1 6.42857
2 6.67181
3 6.55985
4 5.94981
5 7.0888
6 5.21236
7 3.81853
8 17.139
9 7.00772
10 2.14672
11 12.0811
12 4.62548
13 2.06564
14 1.82239
15 6.16602
16 1.37452
17 1.70656
18 1.0695
19 0.69112
20 1.21622
21 2.10811
22 4.30502
23 3.38224
24 4.22008
25 4.27027
26 4.5251
27 4.02703
28 4.52896
29 4.81467
"[DEBUG]index 55 centroid... "
0 3.74228
1 3.10336
2 3.44698
3 3.1302
4 2.74899
5 3.6604
6 3.00403
7 1.3651
8 16.2537
9 5.26577
10 1.61074
11 7.88859
12 8.20268
13 1.73557
14 1.2094
15 3.64161
16 1.44564
17 0.67651
18 1.39329
19 2.53691
20 5.74497
21 17.0993
22 6.16242
23 3.2094
24 3.93423
25 3.51812
26 2.95168
27 2.99597
28 2.92081
29 3.43221
"[DEBUG]index 56 centroid... "
0 4.773
1 4.86392
2 4.62139
3 4.28076
4 4.68375
5 5.33047
6 4.11278
7 3.15663
8 31.4785
9 6.37766
10 3.46249
11 13.708
12 2.90239
13 13.6606
14 3.71386
15 2.64241
16 10.4094
17 14.1925
18 2.37861
19 1.65902
20 4.07157
21 1.3233
22 3.30251
23 3.37814
24 3.17467
25 3.47121
26 3.49486
27 3.44158
28 3.1356
29 3.18017
"[DEBUG]index 57 centroid... "
0 2.072
1 2.27388
2 2.01411
3 1.87301
4 1.85528
5 2.41679
6 2.6581
7 1.94971
8 7.93524
9 20.2138
10 5.95478
11 3.97395
12 2.46093
13 1.27713
14 1.60166
15 3.11252
16 12.2974
17 2.4631
18 4.79776
19 1.93849
20 0.960203
21 1.66715
22 3.62771
23 1.46165
24 1.86505
25 1.76411
26 1.92475
27 1.78509
28 1.59624
29 1.52569
"[DEBUG]index 58 centroid... "
0 4.10024
1 4.05406
2 3.94175
3 3.75623
4 4.6613
5 4.86179
6 4.3284
7 2.37973
8 29.5747
9 5.72502
10 3.59324
11 1.5284
12 3.98858
13 10.363
14 2.36171
15 11.5347
16 12.7218
17 2.17908
18 14.2949
19 2.7535
20 3.34867
21 1.39485
22 3.38922
23 3.6827
24 3.59678
25 3.61094
26 3.71987
27 3.59582
28 3.56444
29 3.30668
"[DEBUG]index 59 centroid... "
0 3.37692
1 3.41716
2 3.10041
3 2.97412
4 3.4348
5 3.62589
6 3.21038
7 1.54093
8 26.2057
9 4.91539
10 3.25784
11 3.3152
12 11.5417
13 2.4198
14 7.39089
15 2.4664
16 10.1357
17 3.42329
18 3.19058
19 4.84623
20 28.949
21 5.28595
22 3.07276
23 4.10316
24 4.0762
25 3.04689
26 3.21153
27 3.06114
28 3.26998
29 2.74719
"[DEBUG]index 60 centroid... "
0 3.1781
1 3.06861
2 3.21411
3 3.27445
4 3.49976
5 3.76058
6 3.52506
7 2.57178
8 16.6219
9 3.30657
10 17.3805
11 4.982
12 4.93333
13 17.0623
14 3.9382
15 16.7129
16 4.06764
17 6.52798
18 2.72506
19 1.77762
20 1.24282
21 2.34063
22 5.00292
23 2.28905
24 2.32409
25 2.76642
26 2.50657
27 2.41849
28 2.31338
29 2.10462
"[DEBUG]index 61 centroid... "
0 2.98105
1 3.05588
2 2.69218
3 2.64893
4 2.86638
5 3.35277
6 3.00413
7 1.72012
8 17.4908
9 5.10034
10 2.95554
11 1.98056
12 3.14966
13 7.61249
14 2.66254
15 1.45214
16 3.69485
17 2.71477
18 4.83576
19 22.1446
20 3.27624
21 20.3365
22 5.71234
23 3.30005
24 3.36443
25 3.44752
26 3.07604
27 3.44291
28 3.36565
29 3.42857
"[DEBUG]index 62 centroid... "
0 4.09044
1 3.87341
2 3.8697
3 3.58558
4 4.33741
5 4.32749
6 4.10045
7 2.35724
8 29.057
9 5.02053
10 2.70866
11 1.80781
12 4.62213
13 1.15203
14 2.51507
15 14.7714
16 2.4026
17 10.6574
18 2.18147
19 13.081
20 2.71377
21 1.49214
22 1.44266
23 4.1327
24 3.27601
25 3.64837
26 3.58187
27 4.17997
28 3.60891
29 3.43015
"[DEBUG]index 63 centroid... "
0 1.65205
1 1.83431
2 1.78168
3 1.38304
4 1.65789
5 2.17934
6 2.21248
7 1.37232
8 7.79045
9 3.30994
10 1.96589
11 2.03509
12 3.90643
13 3.71735
14 1.97563
15 3.54581
16 7.23197
17 16.924
18 11.8343
19 11.5273
20 16.1667
21 7.06335
22 4.03021
23 2.75244
24 2.60819
25 2.42203
26 2.48538
27 2.46101
28 2.56043
29 2.18908
"[DEBUG]index 64 centroid... "
0 3.48741
1 3.54314
2 3.43394
3 3.04939
4 3.59165
5 3.6186
6 3.13432
7 2.14581
8 38.0177
9 4.51827
10 11.159
11 2.80314
12 15.1883
13 2.61623
14 2.8212
15 9.93414
16 2.45958
17 9.54942
18 10.1249
19 2.49944
20 11.1411
21 2.4337
22 10.1813
23 3.23518
24 3.64081
25 3.84803
26 3.77507
27 3.26663
28 3.36529
29 3.0536
"[DEBUG]index 65 centroid... "
0 3.13955
1 2.79278
2 3.03242
3 2.71046
4 2.70313
5 3.03017
6 3.10488
7 1.84776
8 18.0493
9 2.45701
10 19.9033
11 3.7316
12 2.71384
13 1.37581
14 2.01071
15 7.30448
16 1.90978
17 1.06766
18 1.44065
19 1.24302
20 1.8737
21 5.1731
22 5.86016
23 1.85283
24 2.68368
25 2.61376
26 2.43191
27 2.08712
28 2.23513
29 2.33888
"[DEBUG]index 66 centroid... "
0 3.38585
1 3.31896
2 3.47719
3 2.98404
4 3.83147
5 3.60645
6 3.43045
7 1.94646
8 35.9615
9 4.12405
10 12.9587
11 2.69745
12 14.1791
13 2.3931
14 10.2972
15 2.30922
16 11.3651
17 2.14409
18 11.2694
19 10.5959
20 2.36752
21 8.43882
22 11.1508
23 2.78132
24 3.68659
25 3.73933
26 3.35201
27 3.24086
28 3.50832
29 3.05603
"[DEBUG]index 67 centroid... "
0 3.57429
1 3.35225
2 3.08765
3 3.15609
4 2.81886
5 3.24958
6 2.89983
7 1.83723
8 15.3255
9 5.19699
10 2.07012
11 9.21703
12 2.53589
13 0.793823
14 0.711185
15 1.15025
16 2.6803
17 2.33723
18 4.42571
19 17.3539
20 4.86728
21 2.66611
22 1.25626
23 3.88314
24 2.61853
25 2.8606
26 3.02588
27 3.1803
28 2.88815
29 3.18614
"[DEBUG]index 68 centroid... "
0 4.04724
1 3.92951
2 3.87795
3 3.77903
4 3.98286
5 3.95811
6 3.40599
7 2.1294
8 31.0407
9 6.33127
10 3.63751
11 6.11989
12 35.4082
13 4.31296
14 3.03591
15 3.5187
16 8.18353
17 7.1717
18 2.18257
19 7.57437
20 3.03798
21 3.02711
22 1.70592
23 3.4593
24 2.85454
25 2.78397
26 2.93013
27 2.97306
28 2.89431
29 2.81074
"[DEBUG]index 69 centroid... "
0 2.69272
1 2.97873
2 3.00425
3 2.76555
4 2.91175
5 3.16268
6 3.39713
7 2.81074
8 16.656
9 3.1345
10 17.6917
11 5.69325
12 3.34184
13 6.563
14 4.77725
15 18.6289
16 4.84955
17 4.83998
18 19.7347
19 5.62201
20 4.3328
21 19.2254
22 5.42105
23 2.91334
24 3.92185
25 3.52419
26 3.32057
27 3.23126
28 3.02073
29 2.73737
"[DEBUG]index 70 centroid... "
0 3.18179
1 3.00673
2 2.90468
3 3.11829
4 2.62576
5 3.46202
6 3.15898
7 1.98376
8 16.9806
9 20.4742
10 5.50697
11 2.58261
12 2.46481
13 8.13568
14 1.72781
15 2.3708
16 1.21099
17 2.17769
18 6.28318
19 5.88646
20 1.99491
21 1.0717
22 2.32814
23 2.3265
24 2.06497
25 1.89713
26 2.20246
27 2.31255
28 2.18409
29 2.18425
"[DEBUG]index 71 centroid... "
0 3.74621
1 3.78561
2 3.60686
3 3.34305
4 4.23608
5 4.14933
6 3.85014
7 2.01377
8 36.5619
9 4.50867
10 2.82208
11 3.34662
12 4.26084
13 1.17653
14 3.35389
15 1.13316
16 3.11511
17 1.20903
18 3.58776
19 1.37783
20 2.92721
21 1.91517
22 12.8235
23 2.36177
24 3.28666
25 3.32399
26 3.69897
27 3.13417
28 3.25968
29 3.10513
"[DEBUG]index 72 centroid... "
0 6.82405
1 4.84074
2 4.91904
3 4.66479
4 5.22784
5 4.62149
6 4.09754
7 2.75896
8 35.5764
9 4.58188
10 14.9866
11 2.85353
12 16.1734
13 2.3001
14 11.5195
15 13.7651
16 2.97851
17 1.43367
18 3.93859
19 1.30235
20 2.98608
21 1.03019
22 2.7217
23 3.00983
24 2.86459
25 2.63685
26 2.99243
27 2.80246
28 2.66663
29 2.58751
"[DEBUG]index 73 centroid... "
0 3.21677
1 3.01929
2 3.13048
3 2.88916
4 2.96317
5 3.42371
6 3.06068
7 2.22027
8 17.2613
9 2.67169
10 19.5991
11 5.42792
12 3.3718
13 4.92108
14 20.4644
15 3.92739
16 2.6047
17 2.39811
18 2.98457
19 4.40512
20 16.3318
21 4.51771
22 2.52192
23 3.26938
24 3.0912
25 2.94704
26 3.00035
27 2.9281
28 2.72852
29 2.95861
"[DEBUG]index 74 centroid... "
0 3.01426
1 3.33344
2 3.32548
3 3.34666
4 3.14672
5 3.26896
6 3.61015
7 2.4626
8 17.9673
9 3.64311
10 7.93346
11 29.7281
12 8.84139
13 4.01064
14 2.80409
15 1.90494
16 1.27981
17 1.82228
18 4.35958
19 1.92281
20 1.30389
21 2.09227
22 4.18806
23 1.88293
24 1.86867
25 2.0465
26 2.08524
27 2.01591
28 2.37022
29 2.00021
"[DEBUG]index 75 centroid... "
0 4.72838
1 4.97929
2 3.9732
3 4.42814
4 4.39099
5 4.74421
6 3.94702
7 2.15895
8 23.4458
9 6.67722
10 2.5341
11 1.6486
12 4.98295
13 1.38124
14 0.859927
15 1.3313
16 2.37515
17 12.6346
18 2.82948
19 1.3106
20 3.43484
21 12.8374
22 2.38246
23 3.98538
24 4.52619
25 4.20524
26 4.11389
27 4.23447
28 4.37272
29 5.29294
"[DEBUG]index 76 centroid... "
0 3.53408
1 3.76339
2 3.7371
3 3.36222
4 3.93817
5 4.08617
6 4.02678
7 2.6295
8 14.7142
9 5.3554
10 2.72347
11 5.63291
12 16.8651
13 4.31792
14 9.1889
15 27.7249
16 9.55161
17 5.27507
18 3.08277
19 3.21519
20 1.54479
21 0.900682
22 1.47517
23 2.61685
24 2.48199
25 2.4333
26 2.81061
27 2.64508
28 2.46641
29 2.84129
"[DEBUG]index 77 centroid... "
0 3.65881
1 3.70203
2 3.73014
3 3.53598
4 4.12092
5 4.60923
6 3.95333
7 2.66445
8 37.1989
9 5.62433
10 2.77327
11 14.1882
12 3.86625
13 2.53116
14 11.4513
15 11.3985
16 2.68592
17 13.045
18 2.84542
19 12.4866
20 10.1919
21 2.48585
22 11.6474
23 3.97134
24 3.8264
25 3.9667
26 4.06988
27 3.66864
28 3.71349
29 3.52971
"[DEBUG]index 78 centroid... "
0 2.51263
1 2.67434
2 2.89079
3 2.78491
4 2.87318
5 3.06122
6 2.57267
7 1.93635
8 13.8039
9 4.95836
10 2.80324
11 5.73645
12 8.48962
13 32.7382
14 6.92894
15 4.36932
16 2.39916
17 5.78432
18 1.89151
19 2.13264
20 2.06223
21 4.44845
22 1.91861
23 2.23342
24 2.26041
25 2.19136
26 1.93125
27 2.03518
28 2.13228
29 1.92953
"[DEBUG]index 79 centroid... "
0 4.46336
1 4.05443
2 3.80112
3 3.52059
4 3.95185
5 3.82624
6 3.44801
7 1.83671
8 22.9184
9 5.13608
10 2.4208
11 3.03419
12 0.857641
13 3.09072
14 0.950454
15 0.516399
16 0.971389
17 2.11305
18 11.7439
19 1.87858
20 2.85136
21 2.76971
22 2.36497
23 3.51291
24 3.12352
25 3.04676
26 3.34543
27 3.27844
28 3.36008
29 3.24285
"[DEBUG]index 80 centroid... "
0 5.4433
1 5.12123
2 4.87531
3 4.68205
4 5.66095
5 5.53247
6 4.6879
7 2.71419
8 31.5864
9 6.60607
10 4.23414
11 1.7526
12 3.60796
13 14.5091
14 2.99102
15 3.15593
16 1.1556
17 4.18147
18 3.30806
19 1.25861
20 1.22977
21 3.01319
22 1.25729
23 3.91652
24 3.40869
25 3.40366
26 3.26751
27 3.60401
28 3.48764
29 3.52423
"[DEBUG]index 81 centroid... "
0 3.53537
1 3.77294
2 3.51743
3 3.6457
4 3.77129
5 3.75892
6 3.61703
7 2.29119
8 20.3211
9 6.192
10 3.88142
11 3.34254
12 5.26438
13 23.318
14 5.81481
15 3.23592
16 3.72778
17 5.79274
18 24.8921
19 5.36049
20 2.81357
21 3.90802
22 1.84182
23 3.55187
24 3.18726
25 2.83172
26 3.11734
27 3.19736
28 3.18437
29 3.08393
"[DEBUG]index 82 centroid... "
0 3.73476
1 3.49605
2 3.67789
3 3.10074
4 3.83958
5 4.01887
6 3.61515
7 2.23208
8 30.1035
9 3.88829
10 12.5465
11 2.94721
12 1.42234
13 2.71359
14 10.912
15 9.84009
16 2.57434
17 2.8633
18 10.7416
19 10.0434
20 1.78806
21 3.15124
22 1.2354
23 3.80209
24 3.13466
25 3.08722
26 3.01811
27 3.17878
28 3.06554
29 3.08875
"[DEBUG]index 83 centroid... "
0 4.91008
1 4.57663
2 4.10972
3 3.80579
4 5.12883
5 4.8197
6 4.71293
7 2.47777
8 28.5983
9 5.60208
10 3.68363
11 1.6566
12 4.88022
13 1.75614
14 1.39588
15 2.83203
16 15.5258
17 3.61271
18 1.59168
19 3.47992
20 13.768
21 2.30472
22 1.43841
23 4.95996
24 4.92795
25 3.84142
26 4.09954
27 4.26479
28 4.2295
29 4.19387
"[DEBUG]index 84 centroid... "
0 6.72281
1 6.43402
2 5.51923
3 5.34516
4 6.0693
5 5.90119
6 5.26923
7 3.56664
8 24.0915
9 5.05736
10 13.9178
11 3.39423
12 1.67573
13 4.937
14 1.4496
15 1.32527
16 4.38926
17 1.05272
18 3.42606
19 1.52155
20 0.757626
21 1.31134
22 1.44231
23 3.26757
24 2.92838
25 3.10842
26 3.27885
27 3.24469
28 3.36605
29 3.67241
"[DEBUG]index 85 centroid... "
0 1.88249
1 2.01245
2 1.84226
3 1.89667
4 1.54732
5 2.1314
6 2.19074
7 1.56614
8 7.89493
9 17.3763
10 5.91375
11 4.12967
12 1.88886
13 0.854414
14 1.75051
15 0.69754
16 1.29667
17 4.09059
18 1.84689
19 1.57164
20 3.1259
21 8.95543
22 2.73082
23 1.51201
24 1.95456
25 1.7534
26 1.72012
27 1.70304
28 1.6136
29 1.65499
"[DEBUG]index 86 centroid... "
0 5.12607
1 4.76229
2 4.46245
3 4.27479
4 5.64177
5 5.18706
6 4.67389
7 2.61916
8 42.4652
9 5.836
10 2.83113
11 1.65901
12 1.45225
13 2.67446
14 1.08597
15 3.12573
16 1.01276
17 3.32769
18 0.990905
19 3.00088
20 2.3979
21 0.881885
22 2.57908
23 3.03907
24 2.72028
25 2.96475
26 3.30457
27 3.22467
28 3.16959
29 3.49463
"[DEBUG]index 87 centroid... "
0 3.49342
1 3.26426
2 3.47085
3 3.47492
4 3.62476
5 3.57524
6 2.79969
7 1.6906
8 25.9618
9 5.1605
10 2.36803
11 10.215
12 10.7574
13 9.25016
14 2.34232
15 1.06803
16 2.97241
17 3.11066
18 2.85956
19 1.12163
20 2.63009
21 9.57586
22 9.51661
23 2.72571
24 3.30188
25 3.83762
26 3.14702
27 2.91379
28 3.16113
29 2.99185
"[DEBUG]index 88 centroid... "
0 3.76236
1 3.86237
2 3.6258
3 3.15854
4 3.57476
5 3.62807
6 3.84848
7 2.44047
8 25.7362
9 3.58084
10 28.1566
11 4.18499
12 2.96152
13 2.00795
14 3.93793
15 1.37867
16 3.11772
17 9.02171
18 2.30525
19 7.11672
20 3.00909
21 1.30044
22 3.02064
23 2.91502
24 2.51129
25 2.74352
26 2.81841
27 2.90446
28 2.91248
29 2.69401
"[DEBUG]index 89 centroid... "
0 3.5807
1 3.46557
2 3.05207
3 3.19072
4 3.07085
5 4.03695
6 3.94824
7 2.30844
8 18.9084
9 22.0582
10 4.65476
11 2.8557
12 1.57016
13 2.38342
14 7.34616
15 1.56558
16 7.35914
17 2.27042
18 1.21973
19 2.45839
20 2.41335
21 0.753397
22 1.92121
23 2.23622
24 2.09223
25 2.15621
26 2.30081
27 2.19743
28 2.38388
29 2.06413
"[DEBUG]index 90 centroid... "
0 4.01418
1 3.79988
2 3.71458
3 3.23382
4 4.09541
5 3.85474
6 3.64242
7 2.10354
8 32.7168
9 3.80116
10 13.2144
11 2.34341
12 14.1532
13 2.44091
14 11.3548
15 1.98083
16 8.82975
17 10.3005
18 2.64916
19 1.46182
20 3.0753
21 9.40953
22 2.24335
23 3.39221
24 3.4545
25 3.55863
26 3.0796
27 3.18373
28 2.88007
29 3.12795
"[DEBUG]index 91 centroid... "
0 3.04568
1 3.24054
2 3.02099
3 2.89877
4 3.35309
5 3.65391
6 3.2
7 1.95864
8 26.9971
9 4.75535
10 2.87037
11 1.54753
12 3.07346
13 10.2049
14 1.97263
15 11.3019
16 1.96337
17 13.1117
18 2.20761
19 11.5504
20 1.84527
21 8.7679
22 8.56626
23 2.93313
24 3.51235
25 3.75926
26 3.24794
27 3.34321
28 3.12305
29 3.12284
"[DEBUG]index 92 centroid... "
0 3.32919
1 3.49567
2 3.39407
3 3.1222
4 3.60394
5 3.88785
6 3.73002
7 2.62185
8 22.0063
9 4.62902
10 3.18002
11 8.05941
12 3.25356
13 5.61429
14 25.9672
15 3.36621
16 25.2866
17 5.05404
18 7.97074
19 3.50373
20 3.3263
21 2.60533
22 6.11862
23 2.74993
24 3.30063
25 3.16469
26 3.30341
27 2.94477
28 2.87063
29 2.80167
"[DEBUG]index 93 centroid... "
0 3.61861
1 3.55581
2 3.66884
3 3.44308
4 3.5535
5 4.13634
6 3.6586
7 2.75013
8 22.3019
9 5.01577
10 4.49593
11 26.4245
12 8.13564
13 2.7652
14 6.09424
15 26.3346
16 4.3412
17 2.74822
18 8.21461
19 2.99457
20 7.73686
21 2.53572
22 7.788
23 3.51181
24 3.34191
25 3.47905
26 3.46097
27 3.2548
28 3.16909
29 2.7866
"[DEBUG]index 94 centroid... "
0 4.63347
1 4.43961
2 4.52237
3 4.08757
4 4.58369
5 4.79901
6 3.65621
7 2.69287
8 34.316
9 4.63387
10 12.4948
11 12.4976
12 2.63339
13 10.3076
14 13.0849
15 2.12063
16 1.49228
17 3.52333
18 2.89362
19 1.26903
20 2.47883
21 2.69143
22 2.29024
23 2.82206
24 2.86096
25 2.69431
26 2.72176
27 2.63468
28 2.6494
29 2.61018
"[DEBUG]index 95 centroid... "
0 3.98211
1 3.66181
2 3.3759
3 3.16576
4 3.61831
5 3.71426
6 3.38239
7 2.29311
8 27.1821
9 3.80021
10 13.1147
11 2.41677
12 1.57183
13 3.42343
14 1.30346
15 2.59393
16 12.13
17 1.85564
18 9.74811
19 9.622
20 2.6576
21 1.37029
22 3.43694
23 3.20681
24 2.96983
25 3.06052
26 3.23627
27 3.17962
28 3.30188
29 2.92703
"[DEBUG]index 96 centroid... "
0 4.16143
1 3.94596
2 4.07231
3 3.65227
4 4.33467
5 4.56771
6 3.651
7 2.16511
8 38.109
9 5.55553
10 3.74456
11 3.70124
12 14.8016
13 7.83926
14 2.11646
15 12.8032
16 3.55325
17 1.57076
18 3.39531
19 13.5204
20 2.56543
21 2.68969
22 12.1254
23 3.94748
24 3.70263
25 3.97494
26 4.04345
27 3.65975
28 3.63273
29 3.52921
"[DEBUG]index 97 centroid... "
0 3.46924
1 3.6957
2 3.93135
3 3.27187
4 3.94541
5 4.10537
6 3.15898
7 2.3167
8 32.5025
9 5.53799
10 2.88154
11 14.5851
12 2.70078
13 10.369
14 2.83662
15 3.05059
16 1.57021
17 3.65449
18 2.69414
19 13.5652
20 2.246
21 9.40273
22 10.989
23 3.28076
24 3.52432
25 3.82734
26 3.46816
27 3.25811
28 3.33701
29 3.3208
"[DEBUG]index 98 centroid... "
0 3.73252
1 3.92078
2 3.70368
3 3.72091
4 3.77991
5 4.28803
6 3.6881
7 2.86443
8 19.7584
9 5.83991
10 2.39178
11 8.48658
12 9.07557
13 1.9831
14 6.74809
15 24.9214
16 3.55883
17 19.0994
18 18.118
19 4.84024
20 7.69871
21 3.64899
22 1.80312
23 3.97149
24 3.44084
25 3.02254
26 3.16274
27 3.38946
28 3.42095
29 3.01326
"[DEBUG]index 99 centroid... "
0 3.39925
1 3.41102
2 3.2898
3 3.02047
4 3.20973
5 3.44506
6 3.14577
7 1.95164
8 24.6168
9 5.55865
10 3.18448
11 3.10319
12 10.0191
13 2.61878
14 1.4947
15 3.88514
16 3.16529
17 5.15702
18 28.9461
19 5.16386
20 2.78153
21 8.89617
22 3.14508
23 3.07069
24 3.27331
25 3.42709
26 3.11237
27 3.33933
28 3.22844
29 3.07286
