"[DEBUG]index 0 centroid... "
0 0.278102
1 0.292281
2 0.26232
3 0.248758
4 0.267336
5 0.161492
6 0.171039
7 0.137281
8 0.158399
9 0.124586
10 0.0912344
11 0.305992
12 0.206336
13 0.151492
14 0.216125
15 0.158164
16 0.313688
17 0.0571484
18 0.361406
19 0.163914
20 0.167516
21 0.290711
22 0.12582
23 0.313617
24 0.217297
25 0.390133
26 0.358774
27 0.288516
28 0.302984
29 0.346898
"[DEBUG]index 1 centroid... "
0 0.236934
1 0.40138
2 0.271876
3 0.331446
4 0.351182
5 0.231306
6 0.250314
7 0.126545
8 0.238215
9 0.272975
10 0.127397
11 0.285636
12 0.375082
13 0.199066
14 0.21962
15 0.286884
16 0.397165
17 0.270496
18 0.40262
19 0.570628
20 0.409893
21 0.38605
22 0.422694
23 0.340446
24 0.376339
25 0.28538
26 0.35519
27 0.386521
28 0.244422
29 0.283322
"[DEBUG]index 2 centroid... "
0 0.170544
1 0.192987
2 0.223896
3 0.203418
4 0.26253
5 0.288856
6 0.225101
7 0.277483
8 0.225519
9 0.243442
10 0.193038
11 0.216368
12 0.261051
13 0.27192
14 0.254235
15 0.238679
16 0.206764
17 0.163311
18 0.117941
19 0.153972
20 0.214286
21 0.196494
22 0.192538
23 0.210798
24 0.218035
25 0.213827
26 0.193885
27 0.168652
28 0.242703
29 0.17486
"[DEBUG]index 3 centroid... "
0 0.114082
1 0.0986394
2 -0.128393
3 0.137869
4 0.12923
5 0.150066
6 0.215918
7 0.148754
8 0.0643279
9 0.0253115
10 0.247295
11 0.0525738
12 0.172984
13 0.0293607
14 0.0621311
15 0.00904919
16 -0.0213115
17 -0.104656
18 0.0468852
19 0.0707541
20 -0.0270656
21 0.430803
22 0.0688525
23 0.255508
24 0.161197
25 0.0242295
26 0.337951
27 0.423607
28 0.14759
29 0.287967
"[DEBUG]index 4 centroid... "
0 0.207468
1 0.192981
2 0.158029
3 0.221655
4 0.240472
5 0.194241
6 0.222812
7 0.227373
8 0.150017
9 0.183958
10 0.227072
11 0.215907
12 0.197873
13 0.221395
14 0.172573
15 0.174535
16 0.21357
17 0.241998
18 0.206943
19 0.271622
20 0.245633
21 0.129817
22 0.17255
23 0.221594
24 0.199568
25 0.216219
26 0.230614
27 0.204665
28 0.187781
29 0.21882
"[DEBUG]index 5 centroid... "
0 0.227484
1 0.227203
2 0.214726
3 0.248096
4 0.222204
5 0.197699
6 0.234397
7 0.257251
8 0.188966
9 0.190396
10 0.210251
11 0.175007
12 0.17289
13 0.226406
14 0.218695
15 0.23869
16 0.230579
17 0.25759
18 0.194066
19 0.181794
20 0.213855
21 0.229622
22 0.20548
23 0.244376
24 0.20784
25 0.224266
26 0.19003
27 0.210293
28 0.212392
29 0.198658
"[DEBUG]index 6 centroid... "
0 0.212841
1 0.184557
2 0.204326
3 0.216081
4 0.236009
5 0.177244
6 0.211195
7 0.219241
8 0.149771
9 0.213986
10 0.131913
11 0.127425
12 0.203069
13 0.200534
14 0.172766
15 0.171045
16 0.17581
17 0.205105
18 0.239154
19 0.235181
20 0.238991
21 0.224318
22 0.257251
23 0.288166
24 0.254351
25 0.250717
26 0.256974
27 0.230668
28 0.22949
29 0.238228
"[DEBUG]index 7 centroid... "
0 0.21371
1 0.278117
2 0.202114
3 0.169994
4 0.214088
5 0.248164
6 0.157293
7 0.137931
8 0.11876
9 0.236363
10 0.138495
11 0.265186
12 0.201814
13 0.138688
14 0.197505
15 0.207186
16 0.12489
17 0.271041
18 0.244937
19 0.151123
20 0.265123
21 0.329972
22 0.178839
23 0.228811
24 0.211732
25 0.244634
26 0.337306
27 0.285631
28 0.173972
29 0.297899
"[DEBUG]index 8 centroid... "
0 0.229792
1 0.223338
2 0.219344
3 0.244855
4 0.238445
5 0.210739
6 0.234936
7 0.215326
8 0.150265
9 0.208935
10 0.243335
11 0.237449
12 0.22038
13 0.210759
14 0.18617
15 0.152418
16 0.191732
17 0.198525
18 0.247574
19 0.24199
20 0.205647
21 0.235881
22 0.250843
23 0.204586
24 0.215311
25 0.226461
26 0.216699
27 0.224094
28 0.252785
29 0.242667
"[DEBUG]index 9 centroid... "
0 0.20344
1 0.240353
2 0.235835
3 0.24658
4 0.255115
5 0.213613
6 0.276736
7 0.22749
8 0.159026
9 0.213372
10 0.259979
11 0.20805
12 0.256274
13 0.253965
14 0.227293
15 0.205072
16 0.272545
17 0.280651
18 0.234518
19 0.222305
20 0.266528
21 0.281952
22 0.247134
23 0.25813
24 0.286459
25 0.245578
26 0.257241
27 0.255065
28 0.256263
29 0.247551
"[DEBUG]index 10 centroid... "
0 0.213092
1 0.229691
2 0.221621
3 0.24653
4 0.230742
5 0.194011
6 0.232609
7 0.208259
8 0.154461
9 0.191399
10 0.2414
11 0.273647
12 0.24467
13 0.210789
14 0.213472
15 0.220866
16 0.238393
17 0.224273
18 0.236593
19 0.240013
20 0.265064
21 0.234023
22 0.20214
23 0.244044
24 0.231734
25 0.211138
26 0.26868
27 0.216815
28 0.250712
29 0.228665
"[DEBUG]index 11 centroid... "
0 0.255582
1 0.234536
2 0.206238
3 0.263458
4 0.24916
5 0.244861
6 0.261542
7 0.222621
8 0.221765
9 0.200432
10 0.15141
11 0.244376
12 0.233791
13 0.238368
14 0.221522
15 0.219039
16 0.20457
17 0.197308
18 0.239854
19 0.167978
20 0.162429
21 0.224416
22 0.220769
23 0.246418
24 0.249907
25 0.231999
26 0.258251
27 0.224472
28 0.238225
29 0.244262
"[DEBUG]index 12 centroid... "
0 0.25038
1 0.25232
2 0.237992
3 0.240372
4 0.245792
5 0.218931
6 0.244276
7 0.248969
8 0.165399
9 0.191139
10 0.24276
11 0.229513
12 0.233179
13 0.23514
14 0.248563
15 0.203837
16 0.162595
17 0.252361
18 0.253512
19 0.206763
20 0.250348
21 0.241368
22 0.20279
23 0.233525
24 0.239035
25 0.234168
26 0.237883
27 0.244592
28 0.253274
29 0.246436
"[DEBUG]index 13 centroid... "
0 0.192182
1 0.164963
2 0.200443
3 0.212459
4 0.227795
5 0.202144
6 0.212698
7 0.23271
8 0.152112
9 0.0949014
10 0.0805536
11 0.124618
12 0.130454
13 0.193641
14 0.202341
15 0.197519
16 0.189814
17 0.204161
18 0.229037
19 0.23379
20 0.236344
21 0.256621
22 0.270438
23 0.271554
24 0.282438
25 0.283442
26 0.292676
27 0.224841
28 0.29595
29 0.333482
"[DEBUG]index 14 centroid... "
0 0.221554
1 0.175503
2 0.169272
3 0.207615
4 0.280721
5 0.230259
6 0.268578
7 0.212602
8 0.186363
9 0.215622
10 0.291648
11 0.273005
12 0.243942
13 0.174825
14 0.227636
15 0.257979
16 0.187254
17 0.175599
18 0.327621
19 0.300962
20 0.307752
21 0.187388
22 0.183764
23 0.194362
24 0.264192
25 0.235755
26 0.294792
27 0.287463
28 0.216329
29 0.257676
"[DEBUG]index 15 centroid... "
0 0.220297
1 0.220835
2 0.193947
3 0.194722
4 0.200783
5 0.20778
6 0.224799
7 0.244261
8 0.204895
9 0.148213
10 0.192516
11 0.217588
12 0.224971
13 0.172537
14 0.171538
15 0.232643
16 0.252077
17 0.175815
18 0.218026
19 0.193404
20 0.236715
21 0.221181
22 0.234676
23 0.236478
24 0.242781
25 0.232145
26 0.239148
27 0.249059
28 0.279219
29 0.253849
"[DEBUG]index 16 centroid... "
0 0.215718
1 0.212398
2 0.21856
3 0.230711
4 0.229095
5 0.201291
6 0.215604
7 0.208427
8 0.143422
9 0.204328
10 0.236175
11 0.218209
12 0.232228
13 0.207579
14 0.240492
15 0.263036
16 0.267156
17 0.275399
18 0.254342
19 0.194065
20 0.242011
21 0.235771
22 0.255098
23 0.263035
24 0.257025
25 0.225901
26 0.2043
27 0.202278
28 0.211089
29 0.211875
"[DEBUG]index 17 centroid... "
0 0.233157
1 0.200886
2 0.214322
3 0.239335
4 0.199709
5 0.206988
6 0.266884
7 0.244357
8 0.18284
9 0.252358
10 0.283109
11 0.20741
12 0.251292
13 0.276605
14 0.216679
15 0.217679
16 0.258742
17 0.256906
18 0.205359
19 0.252468
20 0.292161
21 0.194687
22 0.21513
23 0.269536
24 0.231864
25 0.217699
26 0.225721
27 0.24484
28 0.210908
29 0.227455
"[DEBUG]index 18 centroid... "
0 0.224682
1 0.233047
2 0.201462
3 0.242197
4 0.218862
5 0.202977
6 0.257978
7 0.230276
8 0.179197
9 0.24628
10 0.250858
11 0.221427
12 0.267111
13 0.245139
14 0.215739
15 0.277179
16 0.245547
17 0.176864
18 0.21997
19 0.272466
20 0.218641
21 0.197093
22 0.276694
23 0.258902
24 0.232393
25 0.234847
26 0.224871
27 0.213509
28 0.219246
29 0.260096
"[DEBUG]index 19 centroid... "
0 0.206672
1 0.233567
2 0.201117
3 0.24824
4 0.277464
5 0.231108
6 0.300358
7 0.254438
8 0.172864
9 0.233487
10 0.246769
11 0.226234
12 0.245617
13 0.238483
14 0.242078
15 0.256444
16 0.23169
17 0.242152
18 0.206551
19 0.22958
20 0.265256
21 0.259494
22 0.234303
23 0.243024
24 0.24514
25 0.241762
26 0.234287
27 0.240822
28 0.254919
29 0.242572
"[DEBUG]index 20 centroid... "
0 0.246448
1 0.270721
2 0.251369
3 0.252474
4 0.254353
5 0.211158
6 0.302668
7 0.274166
8 0.183467
9 0.250774
10 0.295113
11 0.206458
12 0.227649
13 0.323753
14 0.304645
15 0.219315
16 0.238647
17 0.200272
18 0.26919
19 0.261379
20 0.325528
21 0.289304
22 0.215216
23 0.227614
24 0.263417
25 0.246498
26 0.258123
27 0.278517
28 0.259881
29 0.23746
"[DEBUG]index 21 centroid... "
0 0.220703
1 0.215855
2 0.233761
3 0.232894
4 0.236552
5 0.204886
6 0.228419
7 0.220942
8 0.154041
9 0.22162
10 0.247828
11 0.188122
12 0.22732
13 0.240498
14 0.212905
15 0.234081
16 0.216897
17 0.215907
18 0.262261
19 0.234978
20 0.229516
21 0.260424
22 0.255488
23 0.24879
24 0.243435
25 0.243585
26 0.234415
27 0.230013
28 0.234218
29 0.236045
"[DEBUG]index 22 centroid... "
0 0.218506
1 0.217635
2 0.224695
3 0.235
4 0.215757
5 0.209406
6 0.234967
7 0.230571
8 0.156789
9 0.200807
10 0.260134
11 0.202723
12 0.208211
13 0.259036
14 0.210831
15 0.144469
16 0.211998
17 0.218805
18 0.206934
19 0.212937
20 0.218829
21 0.207633
22 0.218896
23 0.231928
24 0.239023
25 0.235196
26 0.216497
27 0.240685
28 0.215797
29 0.23188
"[DEBUG]index 23 centroid... "
0 0.239439
1 0.236704
2 0.23466
3 0.254781
4 0.250362
5 0.210706
6 0.231452
7 0.23253
8 0.176843
9 0.206456
10 0.248237
11 0.20198
12 0.200949
13 0.204356
14 0.146945
15 0.21809
16 0.233207
17 0.238566
18 0.226626
19 0.212043
20 0.225968
21 0.238241
22 0.240535
23 0.250208
24 0.233596
25 0.258231
26 0.24742
27 0.25818
28 0.256086
29 0.250343
"[DEBUG]index 24 centroid... "
0 0.223639
1 0.211712
2 0.212834
3 0.231969
4 0.226948
5 0.203621
6 0.243516
7 0.222624
8 0.152173
9 0.227878
10 0.239836
11 0.1976
12 0.196946
13 0.177181
14 0.172989
15 0.181015
16 0.239125
17 0.235095
18 0.173326
19 0.232361
20 0.243487
21 0.210522
22 0.222481
23 0.244269
24 0.234925
25 0.239674
26 0.250574
27 0.244437
28 0.24404
29 0.244691
"[DEBUG]index 25 centroid... "
0 0.200387
1 0.201234
2 0.21718
3 0.240295
4 0.23251
5 0.213273
6 0.24025
7 0.224873
8 0.11487
9 0.123396
10 0.168154
11 0.229436
12 0.247574
13 0.233628
14 0.221523
15 0.230901
16 0.276581
17 0.263372
18 0.255529
19 0.294461
20 0.277557
21 0.263801
22 0.294729
23 0.264728
24 0.251816
25 0.272217
26 0.258283
27 0.253752
28 0.247428
29 0.226539
"[DEBUG]index 26 centroid... "
0 0.268157
1 0.279276
2 0.239007
3 0.221046
4 0.241101
5 0.229548
6 0.200465
7 0.274132
8 0.280255
9 0.339694
10 0.36412
11 0.306414
12 0.22803
13 0.217336
14 0.25698
15 0.232829
16 0.287841
17 0.263878
18 0.30449
19 0.245994
20 0.16901
21 0.197493
22 0.188344
23 0.180558
24 0.247435
25 0.286654
26 0.232421
27 0.233303
28 0.198031
29 0.238575
"[DEBUG]index 27 centroid... "
0 0.213483
1 0.243074
2 0.227515
3 0.217649
4 0.199751
5 0.24891
6 0.24374
7 0.217417
8 0.183568
9 0.192615
10 0.204149
11 0.158354
12 0.188132
13 0.195436
14 0.186654
15 0.170115
16 0.195345
17 0.201249
18 0.150281
19 0.216141
20 0.265111
21 0.226853
22 0.205387
23 0.258351
24 0.239423
25 0.231583
26 0.222136
27 0.225529
28 0.198622
29 0.230953
"[DEBUG]index 28 centroid... "
0 0.241088
1 0.235569
2 0.207191
3 0.232716
4 0.234488
5 0.218635
6 0.249172
7 0.243006
8 0.174709
9 0.217125
10 0.205463
11 0.240705
12 0.216128
13 0.150785
14 0.245417
15 0.265263
16 0.223313
17 0.236022
18 0.200868
19 0.186782
20 0.172149
21 0.196446
22 0.201391
23 0.211778
24 0.262391
25 0.24353
26 0.231401
27 0.256532
28 0.249309
29 0.248322
"[DEBUG]index 29 centroid... "
0 0.236581
1 0.232669
2 0.238158
3 0.243393
4 0.249303
5 0.247808
6 0.241447
7 0.206515
8 0.141714
9 0.17601
10 0.168973
11 0.210514
12 0.236837
13 0.211237
14 0.251959
15 0.218688
16 0.16023
17 0.231659
18 0.234648
19 0.205651
20 0.227897
21 0.262768
22 0.242591
23 0.21213
24 0.225169
25 0.246066
26 0.257812
27 0.251259
28 0.260023
29 0.2722
"[DEBUG]index 30 centroid... "
0 0.255078
1 0.224266
2 0.229599
3 0.24013
4 0.267432
5 0.231856
6 0.250962
7 0.248112
8 0.16725
9 0.1874
10 0.238468
11 0.214865
12 0.229159
13 0.221774
14 0.21458
15 0.244935
16 0.232764
17 0.213003
18 0.268096
19 0.212342
20 0.231392
21 0.23521
22 0.195685
23 0.239801
24 0.238083
25 0.206104
26 0.248702
27 0.229717
28 0.230271
29 0.214535
"[DEBUG]index 31 centroid... "
0 0.224693
1 0.216384
2 0.20868
3 0.230133
4 0.239504
5 0.199532
6 0.232228
7 0.258874
8 0.175563
9 0.192383
10 0.219704
11 0.205831
12 0.206568
13 0.260454
14 0.258336
15 0.213263
16 0.229824
17 0.244271
18 0.228315
19 0.252733
20 0.256169
21 0.268712
22 0.284299
23 0.258938
24 0.251122
25 0.259648
26 0.258114
27 0.251981
28 0.249547
29 0.255832
"[DEBUG]index 32 centroid... "
0 0.243935
1 0.207345
2 0.25553
3 0.268429
4 0.259212
5 0.280981
6 0.280879
7 0.225556
8 0.147709
9 0.241019
10 0.241737
11 0.26576
12 0.287147
13 0.35888
14 0.305637
15 0.175185
16 0.229152
17 0.298861
18 0.228503
19 0.27156
20 0.263418
21 0.253903
22 0.212073
23 0.232871
24 0.2098
25 0.212761
26 0.204168
27 0.219903
28 0.237585
29 0.210892
"[DEBUG]index 33 centroid... "
0 0.225497
1 0.215677
2 0.217344
3 0.24494
4 0.253313
5 0.236556
6 0.265309
7 0.226795
8 0.141123
9 0.126435
10 0.15122
11 0.228982
12 0.265244
13 0.224047
14 0.234855
15 0.224967
16 0.221905
17 0.255915
18 0.228258
19 0.243538
20 0.273932
21 0.24373
22 0.261899
23 0.254774
24 0.246726
25 0.264857
26 0.259553
27 0.239696
28 0.231034
29 0.23344
"[DEBUG]index 34 centroid... "
0 0.229407
1 0.229717
2 0.212481
3 0.247229
4 0.244864
5 0.213412
6 0.242326
7 0.218038
8 0.166304
9 0.222739
10 0.22265
11 0.216777
12 0.240073
13 0.207014
14 0.154068
15 0.227684
16 0.241017
17 0.211791
18 0.237268
19 0.24046
20 0.219818
21 0.221967
22 0.203313
23 0.21626
24 0.250772
25 0.236422
26 0.247774
27 0.224113
28 0.228458
29 0.216212
"[DEBUG]index 35 centroid... "
0 0.255119
1 0.254847
2 0.233446
3 0.263691
4 0.239743
5 0.22796
6 0.270305
7 0.261638
8 0.170056
9 0.183347
10 0.203299
11 0.200638
12 0.210204
13 0.268935
14 0.275897
15 0.243208
16 0.219362
17 0.220795
18 0.223519
19 0.217117
20 0.192996
21 0.173418
22 0.242868
23 0.273404
24 0.243792
25 0.262479
26 0.258443
27 0.211366
28 0.248278
29 0.235121
"[DEBUG]index 36 centroid... "
0 0.204712
1 0.191654
2 0.193764
3 0.212279
4 0.22776
5 0.195234
6 0.216289
7 0.256456
8 0.156851
9 0.134236
10 0.257452
11 0.238698
12 0.178839
13 0.221181
14 0.217991
15 0.208164
16 0.204036
17 0.265765
18 0.269524
19 0.257325
20 0.31462
21 0.271273
22 0.248961
23 0.270037
24 0.289691
25 0.257731
26 0.267482
27 0.268901
28 0.237818
29 0.255119
"[DEBUG]index 37 centroid... "
0 0.218653
1 0.222586
2 0.225856
3 0.239316
4 0.251203
5 0.212545
6 0.243631
7 0.221531
8 0.155834
9 0.19523
10 0.231518
11 0.212478
12 0.248183
13 0.246424
14 0.201648
15 0.248068
16 0.201251
17 0.155515
18 0.211346
19 0.235007
20 0.219915
21 0.226783
22 0.235028
23 0.22698
24 0.221239
25 0.24832
26 0.243018
27 0.243927
28 0.238847
29 0.24734
"[DEBUG]index 38 centroid... "
0 0.187875
1 0.18929
2 0.20683
3 0.230921
4 0.266954
5 0.205928
6 0.228111
7 0.219437
8 0.137468
9 0.178402
10 0.239153
11 0.201626
12 0.215192
13 0.261277
14 0.229083
15 0.172233
16 0.241583
17 0.259351
18 0.193464
19 0.220883
20 0.237726
21 0.202205
22 0.16884
23 0.236054
24 0.21585
25 0.202238
26 0.214119
27 0.197046
28 0.198175
29 0.201282
"[DEBUG]index 39 centroid... "
0 0.244568
1 0.223679
2 0.2509
3 0.265864
4 0.251998
5 0.20974
6 0.261974
7 0.24642
8 0.155966
9 0.271371
10 0.260255
11 0.2347
12 0.231937
13 0.208728
14 0.245515
15 0.224483
16 0.197239
17 0.274282
18 0.203785
19 0.177611
20 0.24413
21 0.267012
22 0.243955
23 0.251632
24 0.24836
25 0.23809
26 0.233491
27 0.248725
28 0.25987
29 0.268177
"[DEBUG]index 40 centroid... "
0 0.269476
1 0.262205
2 0.229846
3 0.235882
4 0.231501
5 0.243274
6 0.231804
7 0.270393
8 0.19805
9 0.275402
10 0.327521
11 0.19888
12 0.262333
13 0.277621
14 0.165566
15 0.21802
16 0.253483
17 0.295921
18 0.268482
19 0.329381
20 0.33637
21 0.380402
22 0.340887
23 0.289133
24 0.35053
25 0.320281
26 0.276141
27 0.274715
28 0.315147
29 0.292822
"[DEBUG]index 41 centroid... "
0 0.233901
1 0.21675
2 0.210568
3 0.205046
4 0.212957
5 0.222411
6 0.223921
7 0.249169
8 0.1953
9 0.134798
10 0.179503
11 0.132666
12 0.159709
13 0.197809
14 0.161418
15 0.169643
16 0.197465
17 0.20396
18 0.233645
19 0.248439
20 0.250105
21 0.295203
22 0.306432
23 0.340695
24 0.29371
25 0.3224
26 0.291524
27 0.296177
28 0.321559
29 0.305022
"[DEBUG]index 42 centroid... "
0 0.23301
1 0.2326
2 0.218834
3 0.243522
4 0.229986
5 0.183105
6 0.214597
7 0.278161
8 0.169828
9 0.136411
10 0.262385
11 0.249251
12 0.220598
13 0.180689
14 0.219793
15 0.236849
16 0.218446
17 0.176549
18 0.255254
19 0.256249
20 0.215521
21 0.251969
22 0.248798
23 0.248038
24 0.258561
25 0.263524
26 0.265422
27 0.270159
28 0.255013
29 0.247351
"[DEBUG]index 43 centroid... "
0 0.202301
1 0.214898
2 0.230156
3 0.245102
4 0.224506
5 0.202118
6 0.229883
7 0.202573
8 0.141162
9 0.200737
10 0.254748
11 0.214223
12 0.244323
13 0.226622
14 0.172418
15 0.228608
16 0.223136
17 0.237793
18 0.222227
19 0.218861
20 0.253302
21 0.220815
22 0.181069
23 0.244924
24 0.228428
25 0.232593
26 0.22396
27 0.216983
28 0.209977
29 0.197517
"[DEBUG]index 44 centroid... "
0 0.216658
1 0.234887
2 0.241887
3 0.240024
4 0.245142
5 0.241221
6 0.261621
7 0.242047
8 0.145176
9 0.156141
10 0.207279
11 0.262971
12 0.281031
13 0.240627
14 0.234162
15 0.232917
16 0.227111
17 0.206861
18 0.188213
19 0.191142
20 0.196317
21 0.2062
22 0.242638
23 0.258895
24 0.245161
25 0.258965
26 0.24701
27 0.227503
28 0.24394
29 0.242618
"[DEBUG]index 45 centroid... "
0 0.201881
1 0.206574
2 0.222311
3 0.228773
4 0.239576
5 0.197951
6 0.261994
7 0.228523
8 0.12455
9 0.152062
10 0.17682
11 0.253696
12 0.235695
13 0.207645
14 0.207673
15 0.191883
16 0.21103
17 0.233837
18 0.253357
19 0.219315
20 0.208656
21 0.225087
22 0.190669
23 0.217667
24 0.239398
25 0.218292
26 0.221193
27 0.206407
28 0.215248
29 0.2269
"[DEBUG]index 46 centroid... "
0 0.218688
1 0.228055
2 0.222558
3 0.235158
4 0.239866
5 0.206858
6 0.254434
7 0.255529
8 0.167059
9 0.201135
10 0.218342
11 0.190341
12 0.213265
13 0.234348
14 0.196221
15 0.216158
16 0.259794
17 0.221474
18 0.211201
19 0.263431
20 0.24798
21 0.207425
22 0.245345
23 0.257643
24 0.230967
25 0.223925
26 0.231991
27 0.236521
28 0.240716
29 0.245797
"[DEBUG]index 47 centroid... "
0 0.225413
1 0.210687
2 0.223975
3 0.246137
4 0.244742
5 0.205444
6 0.254437
7 0.208854
8 0.153868
9 0.22976
10 0.244511
11 0.201938
12 0.24455
13 0.239229
14 0.215819
15 0.202281
16 0.178998
17 0.155555
18 0.143361
19 0.181323
20 0.18511
21 0.228273
22 0.244621
23 0.229315
24 0.219739
25 0.222213
26 0.213231
27 0.228822
28 0.227553
29 0.240827
"[DEBUG]index 48 centroid... "
0 0.220543
1 0.216725
2 0.215342
3 0.227828
4 0.227872
5 0.187735
6 0.205651
7 0.198505
8 0.129831
9 0.188797
10 0.210197
11 0.209964
12 0.224809
13 0.20214
14 0.232265
15 0.223129
16 0.200562
17 0.240251
18 0.228941
19 0.229686
20 0.235701
21 0.215453
22 0.232371
23 0.241988
24 0.233162
25 0.235416
26 0.231025
27 0.221478
28 0.220964
29 0.224152
"[DEBUG]index 49 centroid... "
0 0.238631
1 0.188286
2 0.237893
3 0.245134
4 0.228915
5 0.204575
6 0.186134
7 0.208276
8 0.162661
9 0.201444
10 0.244932
11 0.187158
12 0.214644
13 0.190762
14 0.169048
15 0.207212
16 0.228619
17 0.224079
18 0.236684
19 0.236459
20 0.273822
21 0.259589
22 0.280121
23 0.235521
24 0.226984
25 0.236412
26 0.225728
27 0.208225
28 0.228894
29 0.225928
"[DEBUG]index 50 centroid... "
0 0.247448
1 0.232302
2 0.220268
3 0.229483
4 0.239338
5 0.198855
6 0.253242
7 0.240354
8 0.141275
9 0.207926
10 0.243365
11 0.171108
12 0.208602
13 0.250343
14 0.192991
15 0.222795
16 0.228468
17 0.181488
18 0.212135
19 0.234678
20 0.249945
21 0.228134
22 0.207627
23 0.244589
24 0.264419
25 0.232105
26 0.250694
27 0.24412
28 0.232954
29 0.251047
"[DEBUG]index 51 centroid... "
0 0.222526
1 0.227686
2 0.222108
3 0.243756
4 0.256417
5 0.21843
6 0.247352
7 0.219348
8 0.13511
9 0.165005
10 0.200378
11 0.21927
12 0.247266
13 0.239424
14 0.237115
15 0.240382
16 0.233036
17 0.205789
18 0.215226
19 0.213971
20 0.19013
21 0.205262
22 0.206121
23 0.240354
24 0.243485
25 0.22717
26 0.226047
27 0.216996
28 0.207086
29 0.220172
"[DEBUG]index 52 centroid... "
0 0.2283
1 0.208672
2 0.217838
3 0.231978
4 0.232434
5 0.216418
6 0.241458
7 0.241568
8 0.144889
9 0.236288
10 0.273964
11 0.19533
12 0.232604
13 0.246719
14 0.211569
15 0.208498
16 0.185434
17 0.237372
18 0.242667
19 0.226033
20 0.235077
21 0.242024
22 0.243095
23 0.252154
24 0.255326
25 0.265518
26 0.265108
27 0.255858
28 0.238714
29 0.227762
"[DEBUG]index 53 centroid... "
0 0.331838
1 0.228315
2 0.261151
3 0.263197
4 0.366138
5 0.305211
6 0.409955
7 0.361118
8 0.312603
9 0.33554
10 0.376896
11 0.329563
12 0.20136
13 0.330462
14 0.348278
15 0.357298
16 0.335499
17 0.336805
18 0.284041
19 0.321952
20 0.28223
21 0.303664
22 0.26554
23 0.343894
24 0.307948
25 0.238803
26 0.299646
27 0.293429
28 0.342797
29 0.361126
"[DEBUG]index 54 centroid... "
0 0.204104
1 0.24184
2 0.068115
3 0.17907
4 0.26193
5 0.168111
6 0.198742
7 0.230439
8 0.124202
9 0.221268
10 0.285484
11 0.224652
12 0.200773
13 0.183965
14 0.292063
15 0.19793
16 0.237098
17 0.280282
18 0.236181
19 0.322575
20 0.283415
21 0.358397
22 0.222997
23 0.311648
24 0.265592
25 0.310014
26 0.187199
27 0.312888
28 0.336223
29 0.216293
"[DEBUG]index 55 centroid... "
0 0.288346
1 0.256831
2 0.251849
3 0.259749
4 0.202068
5 0.175967
6 0.313335
7 0.33924
8 0.186566
9 0.301123
10 0.310106
11 0.182429
12 0.233461
13 0.300404
14 0.293782
15 0.222069
16 0.233253
17 0.257674
18 0.248485
19 0.299373
20 0.224572
21 0.18472
22 0.23427
23 0.271525
24 0.199671
25 0.20751
26 0.253411
27 0.208268
28 0.184014
29 0.231278
"[DEBUG]index 56 centroid... "
0 0.219369
1 0.240377
2 0.236665
3 0.23991
4 0.230183
5 0.222048
6 0.256021
7 0.221505
8 0.152867
9 0.24915
10 0.245423
11 0.176092
12 0.227464
13 0.206532
14 0.215669
15 0.245393
16 0.176436
17 0.187657
18 0.260649
19 0.23989
20 0.228205
21 0.236463
22 0.231305
23 0.247832
24 0.279358
25 0.274589
26 0.24496
27 0.266663
28 0.250644
29 0.245263
"[DEBUG]index 57 centroid... "
0 0.197956
1 0.179796
2 0.221729
3 0.179497
4 0.227658
5 0.195288
6 0.223865
7 0.265662
8 0.185251
9 0.137913
10 0.182275
11 0.216144
12 0.228133
13 0.215565
14 0.192774
15 0.158735
16 0.155035
17 0.203798
18 0.200505
19 0.1586
20 0.205592
21 0.216026
22 0.209577
23 0.242922
24 0.204461
25 0.223669
26 0.223186
27 0.245311
28 0.196191
29 0.215833
"[DEBUG]index 58 centroid... "
0 0.230988
1 0.254047
2 0.214503
3 0.209112
4 0.206806
5 0.182952
6 0.222582
7 0.21647
8 0.133083
9 0.190729
10 0.198415
11 0.235225
12 0.222203
13 0.210334
14 0.250019
15 0.158889
16 0.18837
17 0.211899
18 0.147529
19 0.182478
20 0.20683
21 0.178062
22 0.191033
23 0.226493
24 0.213215
25 0.209896
26 0.223483
27 0.22917
28 0.229245
29 0.226913
"[DEBUG]index 59 centroid... "
0 0.225383
1 0.233961
2 0.249961
3 0.247712
4 0.258964
5 0.241988
6 0.27323
7 0.254258
8 0.182967
9 0.229506
10 0.252889
11 0.21635
12 0.228615
13 0.223164
14 0.210896
15 0.228796
16 0.22356
17 0.210749
18 0.253776
19 0.226338
20 0.173315
21 0.263205
22 0.252181
23 0.242357
24 0.245254
25 0.247933
26 0.234744
27 0.237417
28 0.251285
29 0.271055
"[DEBUG]index 60 centroid... "
0 0.235498
1 0.207712
2 0.197912
3 0.190326
4 0.247142
5 0.214477
6 0.237785
7 0.213209
8 0.181727
9 0.160506
10 0.172736
11 0.21515
12 0.274129
13 0.19345
14 0.212175
15 0.197084
16 0.173762
17 0.2088
18 0.220937
19 0.256205
20 0.1878
21 0.224077
22 0.226529
23 0.267935
24 0.274583
25 0.272347
26 0.303603
27 0.243169
28 0.217852
29 0.314775
"[DEBUG]index 61 centroid... "
0 0.265187
1 0.217006
2 0.243274
3 0.268556
4 0.273702
5 0.225393
6 0.275851
7 0.279762
8 0.212191
9 0.248702
10 0.260067
11 0.272073
12 0.250383
13 0.216272
14 0.235029
15 0.223984
16 0.205059
17 0.284025
18 0.222677
19 0.188379
20 0.182721
21 0.161621
22 0.275032
23 0.308887
24 0.264563
25 0.252479
26 0.216859
27 0.244106
28 0.214989
29 0.245862
"[DEBUG]index 62 centroid... "
0 0.228128
1 0.215397
2 0.210998
3 0.237805
4 0.229724
5 0.217063
6 0.241036
7 0.232584
8 0.178483
9 0.196392
10 0.223818
11 0.219152
12 0.233679
13 0.255968
14 0.244625
15 0.194164
16 0.16746
17 0.167179
18 0.199104
19 0.193165
20 0.229188
21 0.222316
22 0.24839
23 0.235201
24 0.215842
25 0.229191
26 0.213929
27 0.232093
28 0.237671
29 0.226761
"[DEBUG]index 63 centroid... "
0 0.284692
1 0.271954
2 0.276031
3 0.340835
4 0.311156
5 0.274543
6 0.2162
7 0.206045
8 0.22235
9 0.211885
10 0.185101
11 0.189965
12 0.174278
13 0.192214
14 0.18791
15 0.215495
16 0.19741
17 0.138033
18 0.204401
19 0.24333
20 0.195108
21 0.195925
22 0.210499
23 0.231979
24 0.166621
25 0.179109
26 0.146482
27 0.220779
28 0.232196
29 0.195745
"[DEBUG]index 64 centroid... "
0 0.222569
1 0.211665
2 0.215801
3 0.239033
4 0.235528
5 0.224323
6 0.257913
7 0.225289
8 0.146139
9 0.121773
10 0.128069
11 0.173504
12 0.196073
13 0.238775
14 0.232436
15 0.197761
16 0.222704
17 0.193308
18 0.201478
19 0.211351
20 0.194775
21 0.201374
22 0.20256
23 0.214169
24 0.232241
25 0.233719
26 0.227459
27 0.228762
28 0.22238
29 0.224859
"[DEBUG]index 65 centroid... "
0 0.224397
1 0.207102
2 0.194524
3 0.230575
4 0.192146
5 0.158264
6 0.247561
7 0.222807
8 0.118923
9 0.0915073
10 0.141956
11 0.178885
12 0.253124
13 0.188478
14 0.195544
15 0.154236
16 0.207845
17 0.236894
18 0.218336
19 0.240958
20 0.256024
21 0.202381
22 0.224281
23 0.248651
24 0.246458
25 0.244819
26 0.233439
27 0.220746
28 0.221354
29 0.233042
"[DEBUG]index 66 centroid... "
0 0.231759
1 0.22885
2 0.22889
3 0.23291
4 0.254774
5 0.218574
6 0.268154
7 0.235382
8 0.134827
9 0.144649
10 0.139319
11 0.167222
12 0.173674
13 0.176208
14 0.188884
15 0.166219
16 0.164877
17 0.236779
18 0.189071
19 0.212231
20 0.264217
21 0.197452
22 0.193983
23 0.249971
24 0.236917
25 0.210437
26 0.223516
27 0.24269
28 0.222696
29 0.241346
"[DEBUG]index 67 centroid... "
0 0.143273
1 0.224982
2 0.176739
3 0.253163
4 0.221886
5 0.216527
6 0.187222
7 0.21116
8 0.152965
9 0.204222
10 0.208987
11 0.174814
12 0.242093
13 0.207108
14 0.222952
15 0.164752
16 0.234847
17 0.253809
18 0.230197
19 0.16326
20 0.190078
21 0.249338
22 0.281696
23 0.194181
24 0.222861
25 0.217621
26 0.215356
27 0.199983
28 0.199095
29 0.237433
"[DEBUG]index 68 centroid... "
0 0.223295
1 0.233895
2 0.240896
3 0.241277
4 0.237509
5 0.210057
6 0.265748
7 0.27113
8 0.204957
9 0.202594
10 0.237239
11 0.211558
12 0.212652
13 0.258051
14 0.264797
15 0.225553
16 0.19758
17 0.215672
18 0.225191
19 0.210823
20 0.234941
21 0.242249
22 0.24166
23 0.242227
24 0.26026
25 0.279099
26 0.262894
27 0.262263
28 0.264478
29 0.259386
"[DEBUG]index 69 centroid... "
0 0.271473
1 0.25709
2 0.248788
3 0.188384
4 0.282949
5 0.227374
6 0.225401
7 0.206864
8 0.210877
9 0.195226
10 0.166295
11 0.224883
12 0.250477
13 0.258544
14 0.250414
15 0.173356
16 0.26198
17 0.190197
18 0.214475
19 0.28736
20 0.195844
21 0.162868
22 0.245598
23 0.238599
24 0.231742
25 0.237683
26 0.256259
27 0.213558
28 0.228454
29 0.245093
"[DEBUG]index 70 centroid... "
0 0.225513
1 0.220507
2 0.188071
3 0.223258
4 0.233474
5 0.212749
6 0.248295
7 0.269751
8 0.164668
9 0.17173
10 0.234049
11 0.232372
12 0.190778
13 0.18082
14 0.22414
15 0.222471
16 0.244669
17 0.227122
18 0.209399
19 0.224441
20 0.264474
21 0.263357
22 0.245901
23 0.253356
24 0.256874
25 0.246483
26 0.241028
27 0.251493
28 0.266337
29 0.254499
"[DEBUG]index 71 centroid... "
0 0.208773
1 0.203342
2 0.226964
3 0.228679
4 0.217778
5 0.201775
6 0.231389
7 0.228744
8 0.145891
9 0.197844
10 0.24
11 0.219026
12 0.233747
13 0.249737
14 0.21403
15 0.199961
16 0.21194
17 0.226358
18 0.225893
19 0.225503
20 0.230551
21 0.203631
22 0.184431
23 0.227876
24 0.23731
25 0.21642
26 0.22786
27 0.216839
28 0.213589
29 0.206626
"[DEBUG]index 72 centroid... "
0 0.21541
1 0.196889
2 0.19631
3 0.189523
4 0.211516
5 0.191359
6 0.218891
7 0.206148
8 0.117262
9 0.0967063
10 0.119042
11 0.126901
12 0.146473
13 0.196484
14 0.173184
15 0.167887
16 0.207617
17 0.224054
18 0.193753
19 0.198311
20 0.213826
21 0.244016
22 0.252404
23 0.256181
24 0.256924
25 0.242123
26 0.251051
27 0.233928
28 0.246909
29 0.246969
"[DEBUG]index 73 centroid... "
0 0.196168
1 0.209976
2 0.201686
3 0.226027
4 0.207326
5 0.22549
6 0.246665
7 0.18982
8 0.137128
9 0.165634
10 0.139684
11 0.192238
12 0.248573
13 0.182474
14 0.183832
15 0.25745
16 0.261597
17 0.197867
18 0.243733
19 0.22165
20 0.192409
21 0.267354
22 0.259128
23 0.245121
24 0.217858
25 0.234822
26 0.200919
27 0.196846
28 0.233515
29 0.240032
"[DEBUG]index 74 centroid... "
0 0.21698
1 0.204535
2 0.213297
3 0.21432
4 0.203579
5 0.196444
6 0.227308
7 0.210253
8 0.172123
9 0.231499
10 0.177226
11 0.106269
12 0.167994
13 0.20823
14 0.183064
15 0.181248
16 0.197803
17 0.235826
18 0.22555
19 0.272858
20 0.314108
21 0.295692
22 0.275333
23 0.290821
24 0.311708
25 0.287731
26 0.331876
27 0.310884
28 0.293049
29 0.282759
"[DEBUG]index 75 centroid... "
0 0.236891
1 0.199012
2 0.217899
3 0.217061
4 0.241306
5 0.226401
6 0.233332
7 0.200257
8 0.161988
9 0.211037
10 0.235062
11 0.228969
12 0.212195
13 0.232602
14 0.258693
15 0.255948
16 0.264918
17 0.262941
18 0.248435
19 0.277828
20 0.237558
21 0.228068
22 0.248112
23 0.243844
24 0.230123
25 0.230964
26 0.290256
27 0.219973
28 0.21783
29 0.238109
"[DEBUG]index 76 centroid... "
0 0.238698
1 0.206159
2 0.213752
3 0.208642
4 0.225695
5 0.182783
6 0.192401
7 0.229798
8 0.139857
9 0.209827
10 0.219604
11 0.193176
12 0.192417
13 0.276533
14 0.233831
15 0.130206
16 0.231332
17 0.26494
18 0.202377
19 0.200516
20 0.21536
21 0.203928
22 0.223666
23 0.253453
24 0.292808
25 0.344289
26 0.289842
27 0.322112
28 0.314367
29 0.284648
"[DEBUG]index 77 centroid... "
0 0.263484
1 0.231738
2 0.24268
3 0.251879
4 0.243346
5 0.215312
6 0.261049
7 0.223192
8 0.149324
9 0.247467
10 0.278747
11 0.201179
12 0.260283
13 0.261123
14 0.180016
15 0.199271
16 0.226056
17 0.184885
18 0.247619
19 0.189067
20 0.2432
21 0.24915
22 0.207231
23 0.222563
24 0.228332
25 0.202911
26 0.240143
27 0.221289
28 0.241596
29 0.259406
"[DEBUG]index 78 centroid... "
0 0.218978
1 0.207976
2 0.207039
3 0.216211
4 0.203611
5 0.195079
6 0.211393
7 0.217017
8 0.182656
9 0.200296
10 0.216336
11 0.193699
12 0.174563
13 0.123708
14 0.182795
15 0.191382
16 0.184362
17 0.178198
18 0.200445
19 0.211422
20 0.227427
21 0.230331
22 0.254103
23 0.252124
24 0.258929
25 0.286052
26 0.28849
27 0.271918
28 0.292818
29 0.293154
"[DEBUG]index 79 centroid... "
0 0.239748
1 0.19275
2 0.233309
3 0.273987
4 0.248756
5 0.211686
6 0.287788
7 0.231126
8 0.112386
9 0.265611
10 0.290375
11 0.264777
12 0.277025
13 0.22782
14 0.247031
15 0.241167
16 0.226302
17 0.240523
18 0.201711
19 0.247464
20 0.236043
21 0.25026
22 0.244906
23 0.220991
24 0.221765
25 0.233135
26 0.259274
27 0.246729
28 0.221589
29 0.24198
"[DEBUG]index 80 centroid... "
0 0.216244
1 0.207527
2 0.209318
3 0.237401
4 0.219827
5 0.204912
6 0.203534
7 0.218971
8 0.136272
9 0.214161
10 0.231908
11 0.237777
12 0.226536
13 0.186953
14 0.218885
15 0.22851
16 0.228517
17 0.210089
18 0.232609
19 0.262056
20 0.250145
21 0.228262
22 0.276792
23 0.252608
24 0.239051
25 0.255065
26 0.235897
27 0.246419
28 0.238339
29 0.24285
"[DEBUG]index 81 centroid... "
0 0.255605
1 0.269031
2 0.240452
3 0.260516
4 0.262082
5 0.224734
6 0.253908
7 0.256516
8 0.211083
9 0.253246
10 0.259848
11 0.275012
12 0.247349
13 0.197129
14 0.26556
15 0.253086
16 0.255994
17 0.214258
18 0.201102
19 0.267813
20 0.255764
21 0.223662
22 0.234306
23 0.239366
24 0.229218
25 0.260867
26 0.250275
27 0.279206
28 0.264092
29 0.248128
"[DEBUG]index 82 centroid... "
0 0.228758
1 0.25331
2 0.253645
3 0.257972
4 0.274116
5 0.214939
6 0.242227
7 0.198764
8 0.145126
9 0.177618
10 0.222758
11 0.223655
12 0.25094
13 0.234469
14 0.193397
15 0.225678
16 0.26788
17 0.27964
18 0.21225
19 0.222014
20 0.279145
21 0.221968
22 0.249959
23 0.233635
24 0.256085
25 0.260816
26 0.276306
27 0.270361
28 0.270992
29 0.261106
"[DEBUG]index 83 centroid... "
0 0.219616
1 0.219814
2 0.257899
3 0.224002
4 0.240488
5 0.211788
6 0.250398
7 0.228941
8 0.168213
9 0.191351
10 0.249283
11 0.265542
12 0.25773
13 0.222171
14 0.251047
15 0.253689
16 0.223413
17 0.26313
18 0.303431
19 0.25496
20 0.248443
21 0.289563
22 0.25899
23 0.222095
24 0.2353
25 0.241441
26 0.222456
27 0.244431
28 0.227067
29 0.246127
"[DEBUG]index 84 centroid... "
0 0.191378
1 0.221966
2 0.235618
3 0.212605
4 0.241751
5 0.201921
6 0.226416
7 0.199182
8 0.128442
9 0.164849
10 0.168116
11 0.22464
12 0.269878
13 0.217966
14 0.222106
15 0.216742
16 0.227326
17 0.270936
18 0.265624
19 0.290131
20 0.288832
21 0.275929
22 0.2639
23 0.280542
24 0.252994
25 0.277413
26 0.266209
27 0.266457
28 0.241456
29 0.251112
"[DEBUG]index 85 centroid... "
0 0.210974
1 0.204349
2 0.199723
3 0.199299
4 0.219326
5 0.210533
6 0.219118
7 0.233632
8 0.200203
9 0.127626
10 0.223874
11 0.210516
12 0.242834
13 0.219608
14 0.201887
15 0.216846
16 0.182493
17 0.203137
18 0.237082
19 0.207398
20 0.229623
21 0.21702
22 0.243352
23 0.236087
24 0.228375
25 0.283032
26 0.234073
27 0.198711
28 0.211875
29 0.180106
"[DEBUG]index 86 centroid... "
0 0.209952
1 0.212213
2 0.213075
3 0.228842
4 0.222189
5 0.191471
6 0.200033
7 0.177111
8 0.115525
9 0.172826
10 0.222078
11 0.209157
12 0.218479
13 0.215417
14 0.235764
15 0.252803
16 0.283069
17 0.28432
18 0.291836
19 0.274029
20 0.283549
21 0.295264
22 0.27167
23 0.263651
24 0.27753
25 0.249064
26 0.243818
27 0.238997
28 0.232406
29 0.230446
"[DEBUG]index 87 centroid... "
0 0.20905
1 0.232378
2 0.203106
3 0.212276
4 0.230326
5 0.196402
6 0.239665
7 0.26103
8 0.193253
9 0.238816
10 0.272972
11 0.209623
12 0.189178
13 0.220454
14 0.252688
15 0.236231
16 0.24551
17 0.222671
18 0.247112
19 0.280645
20 0.232354
21 0.149733
22 0.230712
23 0.295158
24 0.278859
25 0.242189
26 0.261727
27 0.218156
28 0.196466
29 0.240338
"[DEBUG]index 88 centroid... "
0 0.234377
1 0.23038
2 0.223107
3 0.244109
4 0.25673
5 0.232372
6 0.23771
7 0.213739
8 0.13692
9 0.123746
10 0.149297
11 0.24336
12 0.264924
13 0.234687
14 0.233117
15 0.244374
16 0.201223
17 0.208854
18 0.224477
19 0.226214
20 0.227793
21 0.271472
22 0.236761
23 0.241387
24 0.241183
25 0.237325
26 0.236823
27 0.235705
28 0.231224
29 0.245112
"[DEBUG]index 89 centroid... "
0 0.197253
1 0.197164
2 0.187565
3 0.185189
4 0.192926
5 0.179654
6 0.221493
7 0.26384
8 0.160179
9 0.142152
10 0.240983
11 0.195128
12 0.195725
13 0.196675
14 0.174602
15 0.215994
16 0.214703
17 0.238038
18 0.280599
19 0.239289
20 0.278745
21 0.293387
22 0.256068
23 0.294761
24 0.31334
25 0.280402
26 0.251509
27 0.25595
28 0.262752
29 0.238162
"[DEBUG]index 90 centroid... "
0 0.243312
1 0.232934
2 0.240665
3 0.237507
4 0.246763
5 0.227252
6 0.261303
7 0.244072
8 0.161792
9 0.161625
10 0.164582
11 0.173008
12 0.181656
13 0.201192
14 0.193313
15 0.239136
16 0.234151
17 0.241774
18 0.270707
19 0.26964
20 0.221394
21 0.233349
22 0.272483
23 0.248715
24 0.229542
25 0.271826
26 0.267865
27 0.256668
28 0.254962
29 0.276273
"[DEBUG]index 91 centroid... "
0 0.237843
1 0.232147
2 0.243857
3 0.222968
4 0.236617
5 0.218158
6 0.250751
7 0.226203
8 0.156119
9 0.223697
10 0.233245
11 0.265063
12 0.23935
13 0.23291
14 0.163645
15 0.139046
16 0.144372
17 0.111753
18 0.14443
19 0.155964
20 0.222207
21 0.238512
22 0.216693
23 0.263971
24 0.227318
25 0.250127
26 0.225522
27 0.210275
28 0.222453
29 0.231679
"[DEBUG]index 92 centroid... "
0 0.220839
1 0.233436
2 0.235838
3 0.22945
4 0.232912
5 0.20365
6 0.22603
7 0.218006
8 0.158316
9 0.206414
10 0.228741
11 0.197461
12 0.284479
13 0.205879
14 0.153806
15 0.133642
16 0.114307
17 0.187101
18 0.217115
19 0.226012
20 0.231864
21 0.225623
22 0.201878
23 0.227455
24 0.234722
25 0.234063
26 0.249299
27 0.249671
28 0.247878
29 0.241112
"[DEBUG]index 93 centroid... "
0 0.263448
1 0.265856
2 0.247266
3 0.257992
4 0.239634
5 0.231031
6 0.273741
7 0.254727
8 0.226093
9 0.296383
10 0.298998
11 0.211436
12 0.245518
13 0.255426
14 0.191113
15 0.184891
16 0.270952
17 0.264016
18 0.232868
19 0.228504
20 0.224728
21 0.215714
22 0.243665
23 0.258979
24 0.267766
25 0.262839
26 0.292312
27 0.277164
28 0.263654
29 0.277904
"[DEBUG]index 94 centroid... "
0 0.230205
1 0.224771
2 0.220592
3 0.242224
4 0.250328
5 0.213687
6 0.257283
7 0.230287
8 0.14757
9 0.19757
10 0.211354
11 0.21911
12 0.299129
13 0.205275
14 0.181036
15 0.232651
16 0.233618
17 0.193837
18 0.227444
19 0.262278
20 0.295644
21 0.296408
22 0.298618
23 0.312921
24 0.289882
25 0.302722
26 0.289295
27 0.300127
28 0.308536
29 0.30468
"[DEBUG]index 95 centroid... "
0 0.229445
1 0.186265
2 0.216765
3 0.231793
4 0.24514
5 0.2311
6 0.251209
7 0.221061
8 0.146336
9 0.14239
10 0.182051
11 0.25587
12 0.264137
13 0.228539
14 0.251656
15 0.227114
16 0.195911
17 0.231096
18 0.211846
19 0.197148
20 0.28697
21 0.238675
22 0.224211
23 0.220526
24 0.217114
25 0.222809
26 0.227828
27 0.234893
28 0.215032
29 0.237976
"[DEBUG]index 96 centroid... "
0 0.236867
1 0.234831
2 0.222172
3 0.243111
4 0.255954
5 0.216947
6 0.259688
7 0.262798
8 0.152826
9 0.20117
10 0.259326
11 0.257738
12 0.224211
13 0.278883
14 0.276711
15 0.213284
16 0.232747
17 0.268479
18 0.231451
19 0.216128
20 0.286555
21 0.267041
22 0.208366
23 0.253732
24 0.262054
25 0.241011
26 0.244227
27 0.236289
28 0.252592
29 0.239596
"[DEBUG]index 97 centroid... "
0 0.2084
1 0.203377
2 0.197239
3 0.204948
4 0.208793
5 0.211431
6 0.221223
7 0.218763
8 0.152255
9 0.224102
10 0.224873
11 0.187029
12 0.180468
13 0.169768
14 0.180185
15 0.204203
16 0.207324
17 0.20878
18 0.167007
19 0.158647
20 0.215607
21 0.183692
22 0.199092
23 0.272364
24 0.236858
25 0.194739
26 0.195538
27 0.202717
28 0.190325
29 0.206829
"[DEBUG]index 98 centroid... "
0 0.268146
1 0.235873
2 0.243553
3 0.257282
4 0.242314
5 0.238106
6 0.266757
7 0.232437
8 0.164242
9 0.225478
10 0.265497
11 0.19819
12 0.199585
13 0.243138
14 0.18559
15 0.168219
16 0.253277
17 0.168732
18 0.165918
19 0.25072
20 0.233815
21 0.20165
22 0.224522
23 0.19848
24 0.196677
25 0.225538
26 0.240802
27 0.288487
28 0.293645
29 0.300992
"[DEBUG]index 99 centroid... "
0 0.244426
1 0.228138
2 0.224731
3 0.245936
4 0.229927
5 0.204152
6 0.24722
7 0.23788
8 0.170797
9 0.21101
10 0.241062
11 0.23153
12 0.231516
13 0.251331
14 0.237783
15 0.214185
16 0.251388
17 0.22233
18 0.151176
19 0.245137
20 0.256922
21 0.229432
22 0.253744
23 0.246728
24 0.223598
25 0.224375
26 0.221756
27 0.230804
28 0.229022
29 0.237575
