correlation level (red against blue): 
-0.275628
-0.179826
-0.559317
-0.166202
-0.683296
-0.572121
-0.701144
-0.410232
-0.676739
-0.711027
-0.632228
-0.617311
-0.810535
-0.596351
-0.323244
-0.667466
-0.661427
-0.569684
-0.642107
-0.406839
-0.590409
-0.764239
-0.82733
-0.799034
-0.679593
-0.676156
-0.135509
-0.586246
-0.694232
-0.764077
-0.667915
-0.575869
-0.492806
-0.647925
-0.826602
-0.605684
-0.684974
-0.825984
-0.685018
-0.769274
-0.575844
-0.641377
-0.683516
-0.794601
-0.636089
-0.718096
-0.671277
-0.603655
-0.791502
-0.543434
-0.807441
-0.651109
-0.794752
-0.0860543
-0.560289
-0.458713
-0.782827
-0.608366
-0.694397
-0.74003
-0.442361
-0.571688
-0.572587
-0.32622
-0.537609
-0.564921
-0.58635
-0.526739
-0.465383
-0.562184
-0.730342
-0.759713
-0.594655
-0.586767
-0.608678
-0.480001
-0.518987
-0.764608
-0.608513
-0.740677
-0.817002
-0.701603
-0.672618
-0.568018
-0.743935
-0.540876
-0.621608
-0.49778
-0.688077
-0.585683
-0.565401
-0.482386
-0.735505
-0.576914
-0.638339
-0.647242
-0.749091
-0.550584
-0.707099
-0.830276
