"[DEBUG]index 0 centroid... "
0 0.851562
1 1.58594
2 1.76562
3 1.30469
4 1.27344
5 1.46094
6 1.52344
7 1.61719
8 2.63281
9 3.92969
10 4.03906
11 6.75
12 7.67969
13 9.92188
14 11.6172
15 12.5781
16 9.34375
17 7.89844
18 5.84375
19 5.03125
20 3.91406
21 3.44531
22 2.61719
23 1.74219
24 2.13281
25 1.52344
26 1.625
27 1.39062
28 1.49219
29 1.29688
"[DEBUG]index 1 centroid... "
0 7.66116
1 8.80992
2 5.75207
3 7.14876
4 5.09917
5 5.15702
6 5.67769
7 3.56198
8 10.2314
9 4.19008
10 3.32231
11 2.40496
12 1.66116
13 0.644628
14 0.619835
15 0.438017
16 0.438017
17 0.801653
18 0.834711
19 1.38017
20 2.09091
21 2.21488
22 2.97521
23 2.65289
24 3.1405
25 3.42149
26 3.49587
27 4.80165
28 4.30579
29 4.69421
"[DEBUG]index 2 centroid... "
0 2.61874
1 2.68421
2 2.41977
3 2.07445
4 2.10141
5 2.70988
6 2.15661
7 1.83697
8 9.96662
9 3.48524
10 2.09756
11 1.33119
12 0.78819
13 0.640565
14 1.1258
15 2.37484
16 4.8344
17 7.23748
18 16.8639
19 7.00257
20 5.06932
21 1.87291
22 1.10783
23 2.45315
24 2.26829
25 2.61874
26 3.06547
27 3.20539
28 3.12067
29 2.51861
"[DEBUG]index 3 centroid... "
0 5.19672
1 3.55738
2 5.77049
3 2.86885
4 6.44262
5 6.52459
6 6.60656
7 3.65574
8 15.5082
9 4.91803
10 3.44262
11 2.44262
12 1.47541
13 4.29508
14 9.57377
15 7.96721
16 7.54098
17 3.7377
18 1.7541
19 0.95082
20 0.327869
21 0.770492
22 0.95082
23 5.40984
24 3.18033
25 3.60656
26 4.7377
27 3.65574
28 5.06557
29 3.47541
"[DEBUG]index 4 centroid... "
0 3.23075
1 3.17229
2 2.8887
3 2.73721
4 3.32687
5 3.48089
6 3.41681
7 1.65261
8 22.5854
9 4.30382
10 3.20545
11 1.78443
12 3.81956
13 2.1647
14 7.11439
15 8.8946
16 2.34542
17 1.50478
18 4.04834
19 2.8041
20 4.21529
21 26.4747
22 5.92046
23 3.68606
24 4.13631
25 4.06296
26 3.60877
27 3.27487
28 3.15037
29 3.55396
"[DEBUG]index 5 centroid... "
0 3.54556
1 3.81116
2 3.60416
3 3.24282
4 3.40921
5 3.28128
6 3.0723
7 1.84714
8 20.5338
9 5.33741
10 3.2623
11 4.99389
12 23.934
13 2.9754
14 2.55051
15 1.97722
16 1.86283
17 2.58468
18 3.87768
19 22.0195
20 5.0378
21 2.8686
22 3.53912
23 3.67531
24 2.93282
25 2.88627
26 3.01651
27 3.5591
28 3.15962
29 3.00792
"[DEBUG]index 6 centroid... "
0 3.00953
1 2.94949
2 2.8615
3 2.41868
4 2.70362
5 2.84276
6 2.40502
7 2.10292
8 17.6042
9 2.55273
10 13.7541
11 15.6537
12 4.5756
13 2.64835
14 1.32211
15 2.28526
16 5.37992
17 5.28907
18 2.37834
19 1.15851
20 2.39199
21 5.54034
22 1.61976
23 2.23285
24 2.32529
25 2.19504
26 2.35673
27 2.10229
28 2.11086
29 1.99524
"[DEBUG]index 7 centroid... "
0 3.98423
1 4.56467
2 3.66562
3 3.95268
4 4.02524
5 3.50789
6 2.85489
7 2.29653
8 14.7823
9 3.87066
10 7.23659
11 4.25552
12 14.2397
13 12.3596
14 4.43218
15 2.76656
16 1.37224
17 0.675079
18 0.514196
19 1.06625
20 0.914827
21 2.11987
22 6.4795
23 2.39432
24 2.82334
25 2.58991
26 2.49842
27 2.57413
28 2.74763
29 2.42587
"[DEBUG]index 8 centroid... "
0 4.11533
1 4.20144
2 4.07435
3 3.61063
4 4.3508
5 4.72859
6 3.97933
7 2.40407
8 40.2507
9 4.96218
10 3.62407
11 4.19925
12 3.53766
13 11.2573
14 2.38068
15 13.4176
16 2.44412
17 15.0577
18 3.08619
19 2.73791
20 11.8679
21 3.3001
22 1.51264
23 4.60692
24 4.10274
25 3.62017
26 3.76875
27 3.81846
28 3.69303
29 3.57181
"[DEBUG]index 9 centroid... "
0 5.29074
1 5.21675
2 5.19334
3 4.17953
4 5.03954
5 4.70156
6 4.35906
7 2.87789
8 36.1192
9 5.182
10 10.2236
11 12.9145
12 4.23521
13 1.6719
14 2.80448
15 14.9353
16 3.09871
17 1.68978
18 3.18258
19 14.3123
20 2.95421
21 1.55459
22 3.9795
23 4.93458
24 3.83515
25 4.0282
26 3.95261
27 4.08141
28 3.97267
29 3.87338
"[DEBUG]index 10 centroid... "
0 4.23589
1 4.55498
2 4.08616
3 3.71404
4 4.61757
5 4.85592
6 4.1323
7 2.42955
8 31.4956
9 6.16544
10 4.44477
11 1.95533
12 3.11733
13 14.5646
14 3.34708
15 1.62469
16 3.21944
17 12.6838
18 11.0268
19 3.48822
20 1.91237
21 2.92194
22 15.7192
23 3.35125
24 4.1647
25 4.39445
26 4.78228
27 4.23957
28 4.13009
29 4.14948
"[DEBUG]index 11 centroid... "
0 2.62265
1 2.64822
2 2.50453
3 2.03722
4 2.14207
5 2.53722
6 3.65469
7 3.12104
8 12.5803
9 3.19709
10 12.7909
11 5.76052
12 2.31586
13 3.62201
14 1.53495
15 2.14725
16 8.04498
17 3.50485
18 5.51424
19 7.76667
20 33.5809
21 7.96181
22 8.37282
23 3.06472
24 3.35631
25 2.85599
26 2.64498
27 3.23722
28 3.47961
29 3.96408
"[DEBUG]index 12 centroid... "
0 3.92719
1 3.90747
2 3.69472
3 3.39176
4 5.08373
5 4.10276
6 4.26524
7 2.62573
8 28.979
9 4.85623
10 3.35284
11 3.29339
12 10.8308
13 3.12019
14 3.21133
15 4.99096
16 34.2216
17 5.37663
18 3.01144
19 10.0589
20 3.93954
21 2.57213
22 8.94076
23 3.39423
24 3.7134
25 3.78631
26 3.7908
27 3.54743
28 3.28591
29 3.26622
"[DEBUG]index 13 centroid... "
0 4.39389
1 3.6857
2 4.84602
3 3.35006
4 3.83506
5 4.16263
6 4.64937
7 3.48904
8 22.5029
9 4.11649
10 21.0288
11 3.15225
12 25.8524
13 4.13091
14 9.01788
15 2.82238
16 3.26644
17 5.3714
18 6.77682
19 2.2797
20 1.44637
21 0.846021
22 1.35986
23 2.4504
24 2.23356
25 2.32987
26 2.29181
27 2.3887
28 2.43714
29 1.95732
"[DEBUG]index 14 centroid... "
0 4.37717
1 4.73152
2 4.00217
3 3.64239
4 4.46196
5 4.375
6 5.04348
7 2.34022
8 21.9326
9 4.48478
10 3.64239
11 1.68913
12 0.852174
13 2.03587
14 1.38587
15 2.76848
16 14.4
17 3.35652
18 1.62174
19 1.72935
20 4.20217
21 1.86522
22 12.3424
23 3.01196
24 4.98261
25 4.70652
26 5.28043
27 3.66848
28 4.26087
29 3.97717
"[DEBUG]index 15 centroid... "
0 2.13337
1 2.16291
2 2.2103
3 1.90143
4 1.84118
5 2.60339
6 2.66072
7 1.82129
8 8.93595
9 22.8508
10 7.25855
11 4.94501
12 2.36239
13 3.76163
14 12.427
15 3.37701
16 1.45013
17 4.64376
18 1.78736
19 4.47324
20 1.52852
21 4.06259
22 3.51009
23 1.83241
24 1.92834
25 1.95934
26 1.87452
27 1.91986
28 1.86692
29 1.6613
"[DEBUG]index 16 centroid... "
0 4.03699
1 4.03307
2 3.72901
3 3.47906
4 4.39097
5 4.36433
6 3.75369
7 2.05656
8 34.3762
9 4.7095
10 3.23764
11 1.75397
12 1.73572
13 2.88548
14 3.58128
15 1.28588
16 3.71537
17 1.44131
18 2.66273
19 14.1311
20 2.0244
21 2.93931
22 1.36985
23 4.22555
24 3.26987
25 3.36817
26 3.47438
27 3.52108
28 3.52178
29 3.5796
"[DEBUG]index 17 centroid... "
0 3.82795
1 4.01129
2 4.10208
3 3.71601
4 3.56718
5 4.38162
6 3.75751
7 2.36763
8 26.9962
9 5.8906
10 2.61504
11 13.7841
12 3.33885
13 1.40324
14 1.76705
15 4.18493
16 1.3169
17 2.77675
18 13.3121
19 3.14867
20 2.69025
21 10.5397
22 10.5996
23 2.96009
24 3.90491
25 3.98935
26 3.8464
27 3.7952
28 3.89442
29 3.92066
"[DEBUG]index 18 centroid... "
0 3.68366
1 3.82083
2 3.33439
3 3.17759
4 3.61961
5 3.97362
6 3.80532
7 2.5965
8 22.6975
9 5.95716
10 3.04495
11 9.42155
12 3.40551
13 3.46987
14 8.74042
15 2.73008
16 4.50818
17 29.5024
18 6.27424
19 3.58468
20 6.55904
21 27.2135
22 5.13042
23 3.55872
24 4.40614
25 4.47135
26 3.87834
27 3.99631
28 3.92192
29 3.71679
"[DEBUG]index 19 centroid... "
0 3.17596
1 3.23113
2 2.76655
3 2.83624
4 2.99187
5 3.42973
6 3.32462
7 2.20035
8 17.7056
9 4.20035
10 3.17944
11 1.93031
12 2.70151
13 3.77062
14 22.4216
15 4.24448
16 3.07201
17 6.39837
18 16.6957
19 16.6429
20 4.59117
21 2.34379
22 8.69164
23 3.31359
24 3.15157
25 3.18293
26 3.49419
27 3.39199
28 3.55633
29 3.13182
"[DEBUG]index 20 centroid... "
0 5.51038
1 6.3737
2 5.20934
3 4.8737
4 5.37197
5 6.28547
6 4.15917
7 2.87024
8 22.3183
9 7.68685
10 2.89619
11 4.24567
12 5.76298
13 1.61592
14 0.82526
15 1.66955
16 2.98443
17 14.2751
18 2.49654
19 3.70588
20 1.57958
21 0.979239
22 1.43945
23 4.47405
24 3.86851
25 4.37543
26 4.19377
27 4.28374
28 4.15571
29 4.54325
"[DEBUG]index 21 centroid... "
0 4.31574
1 4.50494
2 4.46371
3 3.74039
4 4.38278
5 4.73221
6 3.79046
7 2.40156
8 46.5284
9 5.2929
10 3.09836
11 14.8729
12 3.89824
13 3.24866
14 3.85985
15 1.57741
16 3.16813
17 4.05632
18 1.46357
19 3.09844
20 11.5101
21 2.5109
22 3.09911
23 3.8716
24 3.84337
25 3.25566
26 3.50976
27 3.3446
28 3.60544
29 3.42574
"[DEBUG]index 22 centroid... "
0 4.18546
1 3.87628
2 3.88585
3 3.67908
4 4.15972
5 4.48348
6 4.28913
7 2.33094
8 28.3791
9 4.46628
10 2.30827
11 8.58157
12 9.4198
13 2.62805
14 4.75006
15 32.8493
16 4.38471
17 3.26635
18 2.18387
19 2.09809
20 2.75666
21 8.40248
22 2.36979
23 3.98132
24 3.77797
25 3.78218
26 3.17054
27 3.06892
28 3.17578
29 2.98462
"[DEBUG]index 23 centroid... "
0 3.78697
1 3.68085
2 3.64119
3 3.57834
4 4.13835
5 4.65186
6 3.7582
7 2.42352
8 26.4711
9 4.62496
10 3.47025
11 3.99548
12 8.73385
13 4.10194
14 31.9954
15 4.4989
16 3.39951
17 2.06054
18 2.71738
19 8.02609
20 2.26731
21 2.91314
22 1.49472
23 3.77085
24 3.13777
25 2.94051
26 2.91627
27 2.94062
28 2.94329
29 2.8947
"[DEBUG]index 24 centroid... "
0 4.59758
1 4.76433
2 4.64596
3 4.1601
4 4.66413
5 5.27408
6 4.73288
7 2.729
8 43.0617
9 5.63569
10 3.16631
11 14.8399
12 3.3813
13 9.51613
14 2.95963
15 16.1875
16 2.94693
17 3.03517
18 12.0689
19 3.29317
20 1.59832
21 3.68099
22 3.34357
23 3.83257
24 3.7171
25 3.73866
26 3.66852
27 3.63424
28 3.64653
29 3.30073
"[DEBUG]index 25 centroid... "
0 4.97803
1 4.66633
2 4.50965
3 3.67574
4 4.48315
5 4.57736
6 3.92955
7 2.31307
8 41.1663
9 4.24598
10 16.8829
11 2.85868
12 1.78011
13 1.55959
14 3.43774
15 3.09463
16 1.25601
17 3.37599
18 3.64865
19 1.15235
20 2.92151
21 3.08772
22 1.08631
23 3.37399
24 3.08922
25 3.08935
26 3.10208
27 3.10395
28 3.12097
29 3.29243
"[DEBUG]index 26 centroid... "
0 8.14648
1 10.8258
2 5.00923
3 9.24683
4 5.10496
5 5.64129
6 3.99423
7 4.73356
8 27.8062
9 15.5017
10 3.46367
11 2.49481
12 5.95617
13 25.8604
14 2.8316
15 1.03576
16 1.07843
17 1.75894
18 4.11765
19 2.406
20 20.8524
21 3.00577
22 14.9942
23 4.8489
24 5.65975
25 5.08305
26 8.3045
27 4.47405
28 5.14072
29 14.8847
"[DEBUG]index 27 centroid... "
0 2.70744
1 2.64986
2 2.5304
3 2.36767
4 2.09013
5 2.40486
6 2.4696
7 2.34084
8 13.2411
9 3.30866
10 10.8534
11 11.4224
12 4.54793
13 2.07368
14 6.32582
15 2.50215
16 4.54757
17 5.87661
18 31.5011
19 7.53791
20 4.97175
21 2.34764
22 6.39807
23 2.23534
24 2.1334
25 2.13305
26 2.55365
27 2.42346
28 2.45064
29 2.26681
"[DEBUG]index 28 centroid... "
0 3.42772
1 3.92161
2 4.23973
3 3.74029
4 3.6934
5 4.05355
6 3.26998
7 2.40372
8 26.5423
9 5.63721
10 9.49847
11 9.11654
12 6.14664
13 32.4312
14 5.4316
15 2.38152
16 10.072
17 2.57575
18 8.21546
19 2.77983
20 10.1946
21 2.2174
22 9.37278
23 3.01873
24 3.56937
25 3.17814
26 3.31451
27 3.23627
28 3.17938
29 2.99875
"[DEBUG]index 29 centroid... "
0 3.76211
1 3.83355
2 3.42352
3 3.05225
4 3.47748
5 3.7281
6 4.4334
7 2.79118
8 23.3758
9 3.22402
10 24.3964
11 4.69998
12 3.3498
13 3.88999
14 7.55197
15 3.44537
16 25.1615
17 5.15884
18 3.48774
19 7.0266
20 7.8708
21 2.39445
22 1.57078
23 4.40186
24 3.04617
25 3.00513
26 3.09842
27 2.83032
28 3.04123
29 3.08645
"[DEBUG]index 30 centroid... "
0 3.54459
1 3.78961
2 3.51044
3 3.29714
4 3.80919
5 3.97038
6 3.47564
7 1.97411
8 27.7108
9 5.7765
10 3.24697
11 1.75546
12 4.31089
13 1.48649
14 3.49798
15 1.20748
16 3.30393
17 12.4164
18 2.2146
19 10.8752
20 9.75352
21 2.05454
22 12.3517
23 3.23726
24 3.42984
25 4.0356
26 4.06894
27 3.94044
28 3.93381
29 3.84642
"[DEBUG]index 31 centroid... "
0 5.35154
1 5.19016
2 5.1835
3 4.52946
4 5.51968
5 5.16877
6 4.66062
7 2.40865
8 49.1357
9 5.90562
10 4.43228
11 3.71287
12 20.5704
13 2.38529
14 1.70291
15 4.12854
16 3.72611
17 1.71501
18 3.71249
19 1.79877
20 3.81335
21 3.29135
22 1.70741
23 4.079
24 4.01903
25 3.4833
26 3.59629
27 3.67326
28 3.59081
29 3.56579
"[DEBUG]index 32 centroid... "
0 2.51036
1 2.33953
2 2.19728
3 2.12009
4 2.42959
5 3.07505
6 2.70979
7 1.92352
8 15.5675
9 2.97641
10 2.16083
11 1.30307
12 1.40243
13 1.87848
14 3.58756
15 15.2001
16 12.0693
17 3.98142
18 7.01144
19 1.91137
20 6.005
21 5.56254
22 1.63545
23 2.59971
24 2.65976
25 2.59614
26 2.73052
27 2.72409
28 2.31523
29 2.21873
"[DEBUG]index 33 centroid... "
0 3.74104
1 3.64033
2 3.73885
3 3.25458
4 3.28511
5 3.70332
6 3.4149
7 2.02952
8 26.5625
9 3.09464
10 29.3398
11 4.63233
12 2.85901
13 3.58135
14 3.45243
15 1.42678
16 1.59261
17 1.33853
18 3.09614
19 7.0805
20 2.0197
21 7.71915
22 2.5724
23 3.08713
24 2.86451
25 2.94095
26 2.65722
27 2.78132
28 2.83343
29 2.74217
"[DEBUG]index 34 centroid... "
0 3.47082
1 3.62325
2 3.47753
3 3.4985
4 5.57675
5 4.59808
6 4.56201
7 2.39233
8 31.6075
9 4.62912
10 3.597
11 2.52379
12 3.7553
13 5.13265
14 34.4065
15 5.23427
16 3.20407
17 11.4315
18 3.49551
19 1.75267
20 4.00048
21 2.7009
22 8.98203
23 4.10893
24 3.89107
25 3.91372
26 3.71504
27 3.56201
28 3.40755
29 3.31072
"[DEBUG]index 35 centroid... "
0 3.5876
1 3.50569
2 3.35173
3 2.9251
4 3.33807
5 3.30906
6 3.22108
7 1.81153
8 23.6993
9 4.81684
10 7.6187
11 4.92624
12 26.1141
13 4.34414
14 2.42928
15 7.55992
16 2.56428
17 8.53925
18 2.3777
19 8.47535
20 4.56542
21 22.9551
22 5.37694
23 3.17444
24 3.64316
25 3.45392
26 2.89932
27 3.13974
28 3.33371
29 3.02048
"[DEBUG]index 36 centroid... "
0 4.83865
1 3.63828
2 4.39238
3 3.41803
4 3.55464
5 4.36278
6 3.73664
7 2.41029
8 19.3695
9 22.3758
10 5.6439
11 2.50729
12 10.9277
13 2.18124
14 1.41727
15 1.34229
16 2.62523
17 2.46099
18 1.15543
19 3.47359
20 1.28992
21 2.22708
22 7.22708
23 2.14208
24 2.84775
25 2.72374
26 3.08136
27 2.47146
28 2.52246
29 3.21919
"[DEBUG]index 37 centroid... "
0 3.91725
1 3.97183
2 3.49725
3 3.3828
4 3.71177
5 4.21639
6 4.09504
7 2.43069
8 29.4076
9 5.57262
10 3.19757
11 3.7362
12 3.45127
13 3.36008
14 9.70915
15 2.84279
16 5.43262
17 31.9503
18 5.4671
19 3.14567
20 2.215
21 3.49591
22 1.45523
23 3.35495
24 3.34313
25 3.51152
26 3.33902
27 3.44
28 3.14471
29 2.82033
"[DEBUG]index 38 centroid... "
0 4.52921
1 4.49246
2 4.04975
3 4.06723
4 4.78657
5 4.8798
6 4.53623
7 2.85253
8 35.7711
9 5.10167
10 3.48356
11 2.27663
12 4.899
13 1.41842
14 2.92462
15 17.1672
16 2.97072
17 2.89788
18 13.7314
19 3.92888
20 1.75355
21 3.18243
22 13.5674
23 3.20432
24 4.31966
25 4.60765
26 4.63649
27 4.21493
28 4.32922
29 3.87562
"[DEBUG]index 39 centroid... "
0 3.83585
1 3.86591
2 3.63455
3 3.36687
4 4.01367
5 4.00161
6 3.70079
7 2.34675
8 30.0024
9 5.31779
10 3.37055
11 10.074
12 2.98852
13 8.62564
14 2.46743
15 9.62668
16 9.65622
17 3.37281
18 5.88945
19 34.2397
20 4.87868
21 3.31192
22 4.08959
23 4.60475
24 3.30663
25 3.42279
26 3.50297
27 3.63713
28 3.49097
29 3.18189
"[DEBUG]index 40 centroid... "
0 6.93295
1 6.57133
2 7.03638
3 7.29815
4 7.03138
5 7.84237
6 5.83595
7 3.67118
8 22.4322
9 7.75606
10 2.81598
11 15.0863
12 3.77175
13 3.67689
14 4.26034
15 1.71897
16 0.763909
17 1.46862
18 1.41655
19 3.43367
20 1.1612
21 0.742511
22 1.23823
23 3.801
24 3.11626
25 3.10556
26 3.42939
27 3.24964
28 3.18402
29 3.47575
"[DEBUG]index 41 centroid... "
0 2.62277
1 3.01079
2 2.77286
3 2.72527
4 2.53451
5 3.07
6 3.0498
7 2.24831
8 9.2804
9 21.5573
10 4.39923
11 23.3689
12 8.3533
13 3.84369
14 4.62042
15 4.45124
16 1.91479
17 1.33656
18 1.76691
19 1.70494
20 2.91894
21 1.62678
22 0.923779
23 1.79001
24 1.61405
25 1.48195
26 1.54475
27 1.6882
28 1.6016
29 1.52898
"[DEBUG]index 42 centroid... "
0 4.83341
1 5.59552
2 3.68453
3 3.73834
4 4.05247
5 4.03027
6 4.39709
7 2.7778
8 20.5096
9 25.2552
10 5.06816
11 2.94529
12 10.5054
13 2.44686
14 3.13924
15 1.8639
16 2.71861
17 10.217
18 10.6307
19 2.11928
20 10.2249
21 3.41435
22 1.30269
23 3.83431
24 3.24484
25 2.63206
26 3.13274
27 3.34664
28 2.95045
29 2.96166
"[DEBUG]index 43 centroid... "
0 4.82031
1 4.68882
2 4.59556
3 4.30803
4 5.19808
5 5.30973
6 4.91331
7 2.66452
8 34.1722
9 4.71798
10 3.38053
11 4.88296
12 1.66032
13 3.12728
14 15.9787
15 2.97478
16 1.739
17 2.01117
18 1.88178
19 4.56312
20 1.33903
21 2.86891
22 12.423
23 3.51819
24 4.18954
25 4.55142
26 4.32169
27 3.82687
28 3.91449
29 3.9024
"[DEBUG]index 44 centroid... "
0 3.54544
1 3.70297
2 3.41077
3 2.80146
4 3.50758
5 3.70282
6 3.26078
7 1.89008
8 31.9324
9 4.08649
10 11.466
11 3.07104
12 1.57671
13 3.77356
14 1.47111
15 3.04013
16 2.16368
17 13.6206
18 2.11432
19 11.1506
20 2.07133
21 11.3032
22 2.29205
23 3.49725
24 3.24453
25 3.67404
26 3.03713
27 3.48041
28 3.47287
29 3.4104
"[DEBUG]index 45 centroid... "
0 3.73875
1 3.80653
2 3.82933
3 3.1746
4 3.91825
5 4.00472
6 3.40825
7 2.07372
8 34.1089
9 4.22072
10 13.2605
11 3.1021
12 3.22395
13 11.4546
14 1.91676
15 9.82147
16 2.89938
17 3.61385
18 1.56826
19 3.09617
20 11.2016
21 1.97249
22 11.5002
23 3.39313
24 3.95904
25 3.63927
26 3.6239
27 3.40003
28 3.47978
29 3.4672
"[DEBUG]index 46 centroid... "
0 4.49561
1 4.4732
2 4.33088
3 3.88619
4 4.66089
5 4.84326
6 4.20482
7 2.03267
8 43.7765
9 5.84142
10 4.14443
11 4.12546
12 14.9734
13 1.97431
14 14.4603
15 3.39429
16 1.79007
17 3.94321
18 12.5441
19 3.01802
20 2.97485
21 12.5611
22 3.19126
23 4.16655
24 4.38716
25 4.24475
26 3.95026
27 4.13697
28 4.0528
29 4.06898
"[DEBUG]index 47 centroid... "
0 4.09339
1 4.18705
2 3.98424
3 3.49197
4 4.09521
5 4.40613
6 3.96452
7 2.45253
8 36.4734
9 5.19299
10 2.99446
11 11.7448
12 3.86136
13 1.60119
14 3.92197
15 2.98361
16 13.1625
17 2.52188
18 14.5116
19 2.37866
20 12.8251
21 2.81324
22 3.47878
23 3.82109
24 4.05623
25 3.50312
26 3.80632
27 3.78633
28 3.83112
29 3.52973
"[DEBUG]index 48 centroid... "
0 3.74064
1 3.7793
2 3.54644
3 3.15044
4 4.41893
5 4.25115
6 3.7701
7 2.18645
8 58.7372
9 4.09303
10 3.69451
11 3.67115
12 3.59729
13 8.93777
14 2.88502
15 2.61609
16 9.94219
17 3.1978
18 3.3111
19 3.4355
20 2.7015
21 8.17729
22 2.65551
23 3.39067
24 3.49877
25 3.41568
26 3.17707
27 3.22246
28 3.15423
29 3.06081
"[DEBUG]index 49 centroid... "
0 5.39322
1 4.96513
2 4.64019
3 4.65666
4 5.39564
5 5.03438
6 5.19516
7 2.5322
8 28.5521
9 4.37724
10 2.80194
11 1.60436
12 3.86925
13 1.91477
14 14.9472
15 1.98499
16 4.04068
17 1.66683
18 0.705569
19 1.22034
20 3.3414
21 2.58983
22 0.8523
23 4.38741
24 3.70847
25 3.323
26 3.61162
27 3.40436
28 3.51283
29 3.30944
"[DEBUG]index 50 centroid... "
0 4.31683
1 4.32732
2 4.64593
3 4.00538
4 4.52172
5 4.97901
6 4.07389
7 2.31968
8 39.7789
9 6.03923
10 2.88919
11 12.2597
12 13.8883
13 2.19224
14 12.3431
15 3.44589
16 2.81137
17 12.6793
18 2.98025
19 3.85932
20 1.90512
21 3.13788
22 11.217
23 3.37479
24 3.74904
25 4.20639
26 4.24105
27 3.76051
28 3.71433
29 3.54432
"[DEBUG]index 51 centroid... "
0 3.82304
1 3.68947
2 3.8569
3 3.22221
4 4.01183
5 4.04768
6 3.82665
7 2.21001
8 34.2849
9 3.67739
10 13.2052
11 3.22339
12 1.83935
13 3.02813
14 12.6526
15 2.16669
16 3.5882
17 2.77449
18 13.6735
19 2.30798
20 10.9306
21 2.1322
22 12.1354
23 3.0704
24 3.96676
25 3.60519
26 3.91827
27 3.35952
28 3.65685
29 3.34184
"[DEBUG]index 52 centroid... "
0 6.29999
1 5.68822
2 5.13198
3 4.71248
4 5.57641
5 5.95122
6 5.36377
7 3.25666
8 36.0908
9 6.18587
10 2.95714
11 16.6755
12 4.1828
13 1.57355
14 5.08817
15 3.45595
16 13.3428
17 3.67957
18 1.59426
19 4.77713
20 1.39443
21 4.12918
22 1.44682
23 4.64019
24 4.05403
25 4.09341
26 4.07236
27 3.9953
28 3.82333
29 3.82667
"[DEBUG]index 53 centroid... "
0 4.17391
1 3.6501
2 3.26708
3 3.34369
4 3.37681
5 3.59627
6 3.38716
7 1.74948
8 16.2547
9 4.54244
10 3.15528
11 1.48447
12 0.681159
13 0.708075
14 0.971014
15 3.49275
16 1.0352
17 1.64389
18 3.2381
19 4.58385
20 16.5983
21 6.09524
22 2.7412
23 4.2381
24 4.47412
25 3.58592
26 4.67909
27 3.96894
28 3.97308
29 3.96273
"[DEBUG]index 54 centroid... "
0 6.63415
1 6.40767
2 6.01045
3 6.30662
4 6.07665
5 6.50871
6 5.61324
7 3.3554
8 16.3972
9 6.29268
10 2.18118
11 11.6516
12 3.53659
13 1.91638
14 1.7561
15 5.55749
16 1.12195
17 1.51916
18 0.965157
19 0.522648
20 0.8223
21 1.62021
22 3.92683
23 3.24042
24 3.8223
25 3.42857
26 4.34146
27 3.83275
28 3.54355
29 4.61672
"[DEBUG]index 55 centroid... "
0 5.50717
1 5.00522
2 3.56063
3 5.91395
4 3.41591
5 4.39505
6 3.64537
7 1.70274
8 24.2855
9 5.87353
10 2.24641
11 8.03651
12 8.98566
13 1.68057
14 1.04172
15 3.1369
16 1.16688
17 0.632334
18 1.3442
19 2.60887
20 5.93481
21 24.3546
22 5.44459
23 4.80704
24 4.25554
25 4.25815
26 3.80443
27 3.87093
28 4.58279
29 6.32595
"[DEBUG]index 56 centroid... "
0 5.18767
1 4.93355
2 4.8351
3 4.40943
4 4.89564
5 5.46271
6 4.35959
7 3.03495
8 33.0589
9 6.19013
10 3.53101
11 14.2971
12 2.71917
13 14.1906
14 3.5299
15 2.89651
16 10.6782
17 14.4596
18 2.48056
19 1.8127
20 4.09808
21 1.40906
22 3.73148
23 3.81184
24 3.43367
25 3.7908
26 3.98031
27 3.66613
28 3.64312
29 3.62269
"[DEBUG]index 57 centroid... "
0 2.15957
1 2.38336
2 2.21922
3 2.08967
4 1.8541
5 2.32751
6 2.48214
7 1.92971
8 7.55509
9 20.0961
10 6.18275
11 3.8579
12 2.33435
13 1.17553
14 1.54103
15 3.13032
16 12.2109
17 2.75874
18 4.5266
19 1.9035
20 1.03305
21 1.56079
22 3.85752
23 1.35904
24 1.90881
25 1.95859
26 1.96011
27 1.91071
28 1.65805
29 1.53533
"[DEBUG]index 58 centroid... "
0 4.21784
1 3.98777
2 3.85407
3 3.79341
4 4.43323
5 4.86793
6 4.29105
7 2.40861
8 29.3794
9 5.17724
10 3.79993
11 1.47774
12 3.77841
13 10.4197
14 2.2661
15 11.211
16 12.5278
17 2.128
18 14.457
19 2.54541
20 3.33067
21 1.36507
22 3.43682
23 3.52487
24 3.80564
25 3.90576
26 3.91146
27 3.72395
28 3.69966
29 3.56759
"[DEBUG]index 59 centroid... "
0 3.77246
1 3.76081
2 3.41502
3 3.14913
4 3.75093
5 3.87148
6 3.64721
7 1.62786
8 28.7195
9 4.9775
10 3.59537
11 3.45416
12 12.3489
13 2.50106
14 8.47856
15 2.47414
16 11.0974
17 3.53843
18 3.49423
19 4.81029
20 31.5907
21 5.42879
22 3.42322
23 4.27725
24 4.41599
25 3.32105
26 3.53016
27 3.51903
28 3.77642
29 3.04058
"[DEBUG]index 60 centroid... "
0 3.34212
1 3.12543
2 3.22548
3 3.1225
4 3.22548
5 3.57833
6 3.4695
7 2.41679
8 16.0615
9 3.12201
10 17.41
11 4.44998
12 4.65837
13 16.6184
14 3.7389
15 16.162
16 4.08102
17 5.63153
18 2.36359
19 1.56369
20 1.306
21 2.2733
22 4.84334
23 2.18887
24 2.43192
25 2.59346
26 2.33089
27 2.22352
28 2.31088
29 2.04441
"[DEBUG]index 61 centroid... "
0 3.07129
1 3.07547
2 2.87561
3 2.72861
4 2.94248
5 3.29818
6 3.16986
7 1.76082
8 18.2726
9 5.12266
10 3.26352
11 1.96485
12 3.22468
13 8.0531
14 2.53343
15 1.61849
16 3.75885
17 2.84661
18 4.86504
19 23.674
20 2.90978
21 21.897
22 5.8412
23 3.32178
24 3.68166
25 3.55605
26 3.16273
27 3.41249
28 3.59366
29 3.53835
"[DEBUG]index 62 centroid... "
0 4.8116
1 4.41591
2 4.07802
3 3.95065
4 4.8729
5 4.93987
6 4.5173
7 2.64818
8 33.6263
9 5.85115
10 3.35272
11 2.10238
12 5.56252
13 1.54481
14 2.86598
15 16.4876
16 2.48207
17 13.4224
18 2.58166
19 14.4822
20 2.55182
21 1.77879
22 1.76207
23 4.96422
24 3.67011
25 4.38481
26 4.44899
27 4.41348
28 3.94903
29 3.94409
"[DEBUG]index 63 centroid... "
0 1.91504
1 2.01607
2 1.46498
3 1.73594
4 1.55798
5 2.02641
6 1.9667
7 1.56028
8 7.77956
9 3.55339
10 2.1527
11 1.92882
12 3.96326
13 4.16762
14 1.54994
15 3.07233
16 6.9403
17 16.3456
18 10.907
19 10.8944
20 15.4282
21 6.39839
22 4.09759
23 2.2434
24 2.48909
25 2.05166
26 2.36051
27 2.10563
28 2.58553
29 2.16188
"[DEBUG]index 64 centroid... "
0 3.88458
1 3.9168
2 3.89671
3 3.43542
4 3.91382
5 4.01213
6 3.45133
7 2.28155
8 41.1272
9 4.4614
10 11.9696
11 3.0574
12 16.8191
13 2.73717
14 3.2887
15 10.777
16 2.6895
17 10.2621
18 11.088
19 2.72023
20 12.773
21 2.64933
22 11.147
23 3.57339
24 4.14918
25 4.23697
26 4.29219
27 3.60835
28 3.73894
29 3.75994
"[DEBUG]index 65 centroid... "
0 3.18733
1 3.1442
2 3.14744
3 2.68248
4 2.98032
5 3.02022
6 3.31294
7 1.85445
8 18.8173
9 2.64124
10 20.8466
11 3.87547
12 2.95876
13 1.52372
14 2.20836
15 8.11968
16 2.08787
17 1.11995
18 1.48113
19 1.37898
20 1.92049
21 5.4531
22 6.38221
23 2.18383
24 2.80296
25 2.95013
26 2.48652
27 2.45148
28 2.469
29 2.45795
"[DEBUG]index 66 centroid... "
0 3.83312
1 4.0185
2 4.24213
3 3.40327
4 4.41986
5 4.04794
6 4.13085
7 2.16305
8 40.5789
9 4.46801
10 14.7423
11 2.84396
12 15.598
13 2.46163
14 12.1142
15 2.39296
16 12.4305
17 2.36852
18 12.1014
19 11.7671
20 2.6673
21 9.0354
22 12.566
23 3.18846
24 4.18197
25 4.13297
26 3.88988
27 3.58376
28 4.23161
29 3.52508
"[DEBUG]index 67 centroid... "
0 3.93268
1 4.40066
2 3.82348
3 3.00739
4 3.30049
5 3.80624
6 3.38588
7 2.31609
8 17.7906
9 6.18883
10 2.30213
11 10.4392
12 2.7578
13 0.977012
14 0.791461
15 1.25862
16 2.88834
17 2.88752
18 5.23317
19 18.7734
20 5.34319
21 3.17816
22 1.38177
23 4.10837
24 3.02299
25 3.11987
26 3.55501
27 4.16502
28 3.87356
29 3.20608
"[DEBUG]index 68 centroid... "
0 4.0946
1 4.21573
2 3.98353
3 3.71969
4 4.04372
5 3.93671
6 3.58539
7 2.09064
8 31.5576
9 5.80427
10 3.77253
11 5.84321
12 36.6665
13 4.06925
14 3.21416
15 3.46139
16 8.34899
17 7.81267
18 2.34555
19 8.29821
20 3.09064
21 3.27568
22 1.78842
23 3.84512
24 3.00998
25 3.14886
26 3.32112
27 3.21969
28 3.16485
29 2.96082
"[DEBUG]index 69 centroid... "
0 3.01709
1 3.30075
2 2.92949
3 2.71688
4 2.92201
5 3.19658
6 3.48504
7 2.65438
8 17.6533
9 3.33066
10 18.5262
11 5.13729
12 3.3328
13 6.48451
14 4.19124
15 18.5037
16 4.65759
17 4.96741
18 19.7623
19 5.39156
20 4.38515
21 19.6378
22 5.1485
23 2.87553
24 3.81838
25 3.55929
26 3.18323
27 3.12019
28 3.25214
29 3.01175
"[DEBUG]index 70 centroid... "
0 3.36497
1 3.10711
2 3.28702
3 3.14542
4 2.58071
5 3.25843
6 3.20812
7 2.02401
8 16.5338
9 18.7349
10 5.9676
11 2.4574
12 2.54927
13 8.94854
14 1.50562
15 2.37984
16 1.14675
17 2.13989
18 6.16905
19 6.50467
20 2.07033
21 1.04212
22 2.28969
23 2.37202
24 1.90013
25 1.96722
26 2.12864
27 2.33467
28 2.22279
29 2.13112
"[DEBUG]index 71 centroid... "
0 4.09422
1 4.22807
2 3.86586
3 3.55072
4 4.56489
5 4.4823
6 4.06234
7 2.16419
8 40.8202
9 4.36757
10 3.17802
11 3.67951
12 4.68446
13 1.33502
14 3.7621
15 1.25885
16 3.57644
17 1.35924
18 3.94456
19 1.47507
20 3.32431
21 2.03287
22 14.4285
23 2.56951
24 3.83247
25 3.74724
26 4.02737
27 3.49496
28 3.49338
29 3.3683
"[DEBUG]index 72 centroid... "
0 7.184
1 5.316
2 5.03898
3 4.89608
4 5.39025
5 4.63231
6 4.38167
7 2.81748
8 36.3136
9 4.38146
10 15.2922
11 2.70742
12 16.5623
13 2.41006
14 11.6002
15 13.9454
16 3.35985
17 1.48538
18 4.05021
19 1.31589
20 3.04015
21 1.10169
22 2.81028
23 3.29629
24 3.24364
25 2.95922
26 3.03983
27 3.26303
28 2.9946
29 2.75403
"[DEBUG]index 73 centroid... "
0 3.0415
1 2.94139
2 3.19658
3 2.71715
4 2.83946
5 3.55916
6 3.07499
7 2.02585
8 16.9651
9 2.26902
10 18.704
11 5.40699
12 2.92647
13 4.73134
14 20.087
15 3.38551
16 2.7459
17 2.05242
18 2.74663
19 4.12523
20 16.2068
21 4.32399
22 2.668
23 3.3411
24 3.50382
25 2.80269
26 2.82781
27 2.79396
28 2.89297
29 2.6731
"[DEBUG]index 74 centroid... "
0 2.99317
1 3.25992
2 3.0749
3 2.91473
4 3.01837
5 3.05194
6 2.53857
7 2.14462
8 15.9975
9 3.47556
10 7.68849
11 27.593
12 8.47945
13 3.69921
14 2.74891
15 1.47285
16 1.18102
17 1.76764
18 4.51513
19 2.03521
20 1.48593
21 2.20528
22 4.09858
23 1.84454
24 1.93864
25 1.95819
26 2.04923
27 2.05476
28 1.9543
29 1.92957
"[DEBUG]index 75 centroid... "
0 5.04302
1 4.99447
2 4.43454
3 3.8783
4 4.61156
5 4.98279
6 3.98709
7 2.18746
8 23.8685
9 7.09957
10 2.84204
11 1.70436
12 4.98402
13 1.42471
14 0.848801
15 1.46097
16 2.28027
17 13.5415
18 3.13768
19 1.43024
20 3.46896
21 13.3614
22 2.47634
23 4.18992
24 4.42409
25 4.66011
26 4.14751
27 4.12846
28 4.93485
29 4.66687
"[DEBUG]index 76 centroid... "
0 3.34358
1 4.46063
2 3.43258
3 3.78155
4 4.25566
5 3.41855
6 5.15264
7 2.65642
8 14.8765
9 7.32632
10 3.11057
11 6.28695
12 17.3549
13 4.23517
14 10.1516
15 27.5259
16 9.46548
17 6.19148
18 2.75081
19 2.92449
20 1.46332
21 0.865696
22 1.59871
23 2.47357
24 2.53991
25 2.56257
26 4.05232
27 2.73732
28 3.11866
29 4.64995
"[DEBUG]index 77 centroid... "
0 3.82382
1 3.8177
2 3.90494
3 3.67702
4 4.24576
5 4.62945
6 3.90725
7 2.54433
8 37.3432
9 5.40721
10 2.81477
11 14.6702
12 3.60238
13 2.57469
14 10.911
15 11.601
16 2.5706
17 13.2036
18 2.734
19 12.4662
20 9.85524
21 2.47395
22 12.0278
23 3.96246
24 4.01979
25 4.12399
26 4.10872
27 3.75317
28 3.82001
29 3.60043
"[DEBUG]index 78 centroid... "
0 2.72756
1 2.78269
2 2.82399
3 3.08061
4 2.88825
5 3.06276
6 2.95809
7 1.90508
8 14.6366
9 4.74726
10 2.80266
11 5.38726
12 8.85642
13 33.3409
14 6.48286
15 4.84395
16 2.31632
17 5.93847
18 1.95441
19 2.31421
20 2.04164
21 4.61663
22 2.02181
23 2.28055
24 2.26644
25 2.36913
26 1.93758
27 2.10065
28 2.16245
29 2.06746
"[DEBUG]index 79 centroid... "
0 4.58905
1 4.7157
2 4.36016
3 3.90567
4 4.58443
5 3.99406
6 4.29749
7 2.20119
8 26.0547
9 5.32124
10 2.98879
11 3.70449
12 1.02573
13 3.59894
14 1.21042
15 0.605541
16 1.1471
17 2.39644
18 13.7012
19 2.04354
20 3.34037
21 3.35686
22 2.70712
23 4.14644
24 3.58179
25 3.6095
26 3.70778
27 4.12269
28 3.87929
29 3.94657
"[DEBUG]index 80 centroid... "
0 5.55749
1 5.69438
2 5.18146
3 4.75905
4 5.82545
5 5.71594
6 4.87075
7 2.72858
8 32.6303
9 6.38121
10 4.62016
11 1.88148
12 3.5533
13 15.3743
14 2.98663
15 3.41377
16 1.22021
17 4.36456
18 3.49945
19 1.29716
20 1.36947
21 3.30408
22 1.26605
23 4.47462
24 3.67337
25 3.62116
26 3.55112
27 3.79953
28 3.64126
29 3.62088
"[DEBUG]index 81 centroid... "
0 3.83181
1 3.98631
2 3.59471
3 3.62163
4 3.7743
5 3.92857
6 3.72524
7 2.38498
8 20.0908
9 5.87859
10 3.73597
11 3.26906
12 4.89708
13 22.691
14 5.27636
15 3.08923
16 3.5477
17 5.53697
18 24.0379
19 4.84414
20 2.87677
21 3.74601
22 1.64423
23 3.57462
24 3.30009
25 2.92903
26 2.96029
27 3.11456
28 3.17344
29 2.87266
"[DEBUG]index 82 centroid... "
0 4.27186
1 4.08635
2 3.71261
3 3.29747
4 3.86516
5 4.27268
6 3.85998
7 2.18987
8 31.9226
9 3.75565
10 13.2683
11 3.01689
12 1.65323
13 2.59085
14 11.3781
15 9.79624
16 2.72623
17 3.03514
18 11.0872
19 10.5048
20 1.90656
21 3.2942
22 1.24653
23 3.94715
24 3.19586
25 3.29774
26 3.37864
27 3.4985
28 3.3653
29 3.16426
"[DEBUG]index 83 centroid... "
0 5.3382
1 5.01205
2 4.52482
3 4.2126
4 5.12995
5 5.26815
6 5.07451
7 2.55828
8 31.2123
9 5.6396
10 4.13965
11 1.69247
12 5.10998
13 1.9063
14 1.58048
15 2.79788
16 17.1359
17 3.79208
18 1.8696
19 3.58059
20 14.5659
21 2.43859
22 1.56431
23 5.39911
24 5.11266
25 4.08935
26 4.63413
27 4.66102
28 4.67529
29 4.314
"[DEBUG]index 84 centroid... "
0 6.54274
1 6.18557
2 5.84075
3 5.33149
4 5.8661
5 5.96523
6 5.44524
7 3.38089
8 24.545
9 4.58434
10 14.3149
11 3.24504
12 1.83295
13 5.09262
14 1.50211
15 1.33312
16 4.9337
17 1.104
18 3.61781
19 1.45271
20 0.764381
21 1.49334
22 1.40559
23 3.36399
24 3.10855
25 3.16477
26 3.46116
27 3.36854
28 3.55216
29 3.59636
"[DEBUG]index 85 centroid... "
0 1.97763
1 2.02175
2 1.81361
3 1.81205
4 1.58621
5 2.4228
6 2.39795
7 1.60733
8 7.68034
9 18.1084
10 5.80025
11 4.20596
12 2.04753
13 0.925132
14 1.94532
15 0.757689
16 1.34949
17 4.54365
18 1.88381
19 1.77105
20 3.22181
21 9.4607
22 3.13172
23 1.73439
24 2.07953
25 2.04567
26 1.86673
27 1.92265
28 1.91581
29 1.8338
"[DEBUG]index 86 centroid... "
0 5.36764
1 5.0557
2 4.75092
3 4.33508
4 5.72465
5 5.31048
6 4.70448
7 2.63976
8 44.9487
9 5.432
10 3.12345
11 1.81799
12 1.53948
13 2.76291
14 1.09907
15 3.52951
16 1.09288
17 3.58491
18 1.10761
19 3.22327
20 2.66968
21 0.904611
22 2.8788
23 3.16634
24 3.03992
25 3.30285
26 3.35871
27 3.58149
28 3.41642
29 3.62327
"[DEBUG]index 87 centroid... "
0 3.6296
1 3.40075
2 3.49079
3 3.25273
4 3.62483
5 3.67906
6 2.94713
7 1.57162
8 24.7094
9 5.06685
10 2.33117
11 10.4495
12 10.7384
13 9.06958
14 2.3605
15 1.08902
16 2.87381
17 2.93486
18 2.80048
19 1.11937
20 2.87858
21 9.12005
22 9.40962
23 2.84277
24 3.49761
25 3.57879
26 3.14325
27 2.98738
28 2.93622
29 3.12995
"[DEBUG]index 88 centroid... "
0 4.16846
1 4.40744
2 4.21173
3 3.49538
4 3.79822
5 3.96965
6 4.21173
7 2.56764
8 29.2023
9 3.74695
10 32.5033
11 4.49603
12 3.19003
13 2.50675
14 4.49306
15 1.54827
16 3.38051
17 10.2596
18 2.41086
19 8.24111
20 3.37005
21 1.48544
22 3.47562
23 3.3831
24 3.12029
25 3.25673
26 3.27417
27 3.31898
28 3.36876
29 3.11532
"[DEBUG]index 89 centroid... "
0 3.28066
1 3.39212
2 2.92901
3 2.79749
4 2.68202
5 3.79557
6 3.62969
7 2.21472
8 17.4193
9 20.3991
10 4.33421
11 2.52189
12 1.41863
13 2.25484
14 6.854
15 1.37223
16 6.9468
17 2.15821
18 1.0232
19 2.28031
20 2.39735
21 0.705564
22 1.88435
23 2.28013
24 2.12541
25 2.10274
26 2.1057
27 2.12332
28 2.16484
29 2.05617
"[DEBUG]index 90 centroid... "
0 4.27873
1 4.16917
2 3.981
3 3.40011
4 4.2521
5 4.02036
6 3.92901
7 2.13732
8 34.8969
9 3.7041
10 14.0061
11 2.36348
12 14.8379
13 2.27224
14 12.3573
15 2.08714
16 9.46951
17 10.2956
18 2.77372
19 1.66962
20 3.20375
21 10.376
22 2.38453
23 3.88908
24 4.0248
25 4.07736
26 3.42355
27 3.68578
28 3.41445
29 3.30819
"[DEBUG]index 91 centroid... "
0 4.21665
1 3.76249
2 3.40823
3 3.46679
4 4.06775
5 4.10852
6 4.2199
7 2.29244
8 31.2465
9 4.88995
10 3.37225
11 1.97608
12 3.76651
13 11.475
14 2.22297
15 13.5476
16 2.63675
17 14.6371
18 2.31751
19 14.0423
20 2.05455
21 10.5734
22 9.75847
23 3.61703
24 4.19656
25 4.46737
26 3.94909
27 4.14584
28 3.68766
29 3.75445
"[DEBUG]index 92 centroid... "
0 3.82214
1 3.6154
2 3.62162
3 3.35001
4 3.85873
5 4.17285
6 4.12462
7 3.09044
8 24.2978
9 4.55013
10 3.56056
11 8.18618
12 3.54492
13 5.385
14 27.9195
15 3.41127
16 28.9166
17 5.14097
18 8.35292
19 4.13776
20 3.51634
21 2.94736
22 7.35783
23 2.7676
24 4.05374
25 3.42781
26 3.41578
27 3.04512
28 3.01624
29 2.95538
"[DEBUG]index 93 centroid... "
0 3.698
1 3.53023
2 3.51946
3 3.16062
4 3.19569
5 4.00561
6 3.85763
7 2.63215
8 20.6872
9 4.59719
10 4.22537
11 26.6946
12 7.0199
13 2.70383
14 5.19899
15 25.5086
16 4.03573
17 2.6527
18 8.41425
19 2.52452
20 8.04562
21 2.45427
22 8.03408
23 3.3086
24 3.50363
25 3.58322
26 3.38654
27 3.13237
28 3.1604
29 2.93624
"[DEBUG]index 94 centroid... "
0 4.36164
1 4.42364
2 4.55255
3 4.59021
4 4.47479
5 4.91699
6 3.69621
7 2.59319
8 34.4926
9 4.86829
10 12.4866
11 12.7644
12 2.54042
13 9.92396
14 12.6996
15 2.12383
16 1.47189
17 3.45841
18 2.87626
19 1.20684
20 2.5396
21 2.70879
22 2.29293
23 2.97945
24 2.83941
25 2.78247
26 2.66987
27 2.70336
28 2.53453
29 2.59419
"[DEBUG]index 95 centroid... "
0 4.31281
1 4.55422
2 3.99712
3 3.43681
4 4.20724
5 4.18356
6 3.80629
7 2.44967
8 31.0017
9 3.89139
10 14.8393
11 2.5999
12 1.77973
13 3.81289
14 1.43935
15 2.72729
16 13.7618
17 2.19794
18 10.8149
19 10.5219
20 2.94417
21 1.57249
22 3.94028
23 3.95111
24 3.39114
25 3.66689
26 4.03637
27 3.86838
28 3.73845
29 3.3908
"[DEBUG]index 96 centroid... "
0 4.36814
1 4.41667
2 4.29957
3 3.99688
4 4.65406
5 4.76505
6 4.00007
7 2.18139
8 41.2548
9 5.48238
10 3.98221
11 3.8402
12 15.3914
13 8.08614
14 2.24771
15 14.0286
16 3.67979
17 1.6971
18 3.48788
19 14.7348
20 2.75596
21 2.9869
22 13.4701
23 4.04229
24 4.27323
25 4.32958
26 4.28776
27 4.02695
28 4.04698
29 3.78881
"[DEBUG]index 97 centroid... "
0 4.20631
1 4.24445
2 4.73253
3 3.76859
4 4.52667
5 4.9133
6 3.66472
7 2.53782
8 37.5405
9 5.87247
10 3.30695
11 17.2713
12 3.15514
13 11.4821
14 3.27925
15 3.40552
16 1.96942
17 4.35579
18 2.93642
19 16.4245
20 2.56849
21 10.6662
22 13.8084
23 3.60329
24 3.98723
25 4.50625
26 3.74764
27 3.69979
28 4.01034
29 3.62263
"[DEBUG]index 98 centroid... "
0 3.5098
1 3.82007
2 3.3787
3 3.71242
4 3.52749
5 4.39485
6 3.83429
7 3.11649
8 20.5394
9 5.4356
10 2.30834
11 7.84621
12 8.63783
13 2.01192
14 5.92426
15 25.6924
16 3.36986
17 19.6659
18 18.0027
19 4.62784
20 7.23875
21 3.6113
22 1.64898
23 4.07689
24 3.18301
25 3.58401
26 4.14725
27 3.96578
28 3.39677
29 2.95002
"[DEBUG]index 99 centroid... "
0 3.71358
1 4.2827
2 3.29365
3 3.19001
4 3.30616
5 3.54702
6 3.58643
7 1.99569
8 26.8633
9 5.91125
10 3.56249
11 3.27278
12 10.4679
13 2.68133
14 1.62935
15 4.09975
16 3.47121
17 5.5997
18 30.7486
19 5.11922
20 2.83894
21 9.24749
22 3.04643
23 3.19562
24 3.37668
25 3.654
26 3.32988
27 3.62472
28 3.41405
29 3.27612
