"[DEBUG]index 0 centroid... "
0 0.35411
1 0.239527
2 0.303055
3 0.400626
4 0.151385
5 0.0572088
6 0.284033
7 0.219725
8 0.447714
9 0.378088
10 0.266681
11 0.200385
12 0.206011
13 0.207286
14 0.200978
15 0.0963956
16 0.115901
17 0.0626813
18 0.306495
19 0.138055
20 0.252582
21 0.200978
22 0.321813
23 0.264703
24 0.262198
25 0.274374
26 0.350538
27 0.342396
28 0.31433
29 0.321055
"[DEBUG]index 1 centroid... "
0 0.183356
1 0.300019
2 0.336529
3 0.189471
4 0.255115
5 -0.0653077
6 0.236337
7 0.280769
8 0.165692
9 0.214952
10 0.193808
11 0.114346
12 0.143298
13 0.136981
14 0.101817
15 0.245683
16 0.114731
17 0.0906923
18 0.17651
19 0.201567
20 0.132933
21 0.339471
22 0.29451
23 0.219798
24 0.195279
25 0.0744808
26 -0.0357212
27 0.174048
28 0.2565
29 0.206346
"[DEBUG]index 2 centroid... "
0 0.150126
1 0.171474
2 0.238103
3 0.18214
4 0.224696
5 0.176398
6 0.235157
7 0.17824
8 0.15683
9 0.192159
10 0.250012
11 0.12879
12 0.164687
13 0.187769
14 0.231131
15 0.160996
16 0.117292
17 0.163914
18 0.0991137
19 0.207806
20 0.241421
21 0.239717
22 0.190172
23 0.174996
24 0.140703
25 0.171783
26 0.13477
27 0.186668
28 0.209115
29 0.20436
"[DEBUG]index 3 centroid... "
0 -0.0959744
1 0.0228077
2 0.148218
3 0.237538
4 0.167782
5 0.151474
6 0.148987
7 0.0705128
8 -0.0635641
9 0.118205
10 0.22918
11 0.198423
12 0.263897
13 0.0735
14 0.26341
15 0.129949
16 0.0536795
17 0.277936
18 0.211949
19 0.179192
20 0.0689872
21 0.131103
22 0.00769233
23 0.179667
24 0.157885
25 0.114115
26 0.14582
27 0.211282
28 0.324718
29 0.14618
"[DEBUG]index 4 centroid... "
0 0.163805
1 0.164601
2 0.169765
3 0.179035
4 0.15843
5 0.137127
6 0.166452
7 0.168597
8 0.111838
9 0.135253
10 0.160997
11 0.168011
12 0.203922
13 0.174802
14 0.161506
15 0.168483
16 0.189988
17 0.201347
18 0.164473
19 0.226897
20 0.181073
21 0.108764
22 0.169388
23 0.188473
24 0.197308
25 0.190899
26 0.187594
27 0.190622
28 0.170789
29 0.198918
"[DEBUG]index 5 centroid... "
0 0.194857
1 0.197263
2 0.185142
3 0.188805
4 0.188388
5 0.195743
6 0.230503
7 0.213102
8 0.167509
9 0.178415
10 0.182904
11 0.183966
12 0.171596
13 0.251705
14 0.22092
15 0.220056
16 0.210015
17 0.228815
18 0.180198
19 0.132898
20 0.190187
21 0.203504
22 0.209337
23 0.218057
24 0.203859
25 0.174987
26 0.18687
27 0.20709
28 0.224288
29 0.20933
"[DEBUG]index 6 centroid... "
0 0.174938
1 0.184534
2 0.146489
3 0.198728
4 0.197912
5 0.162099
6 0.220221
7 0.16445
8 0.131051
9 0.199547
10 0.121054
11 0.0999468
12 0.188382
13 0.169362
14 0.137037
15 0.166595
16 0.145648
17 0.172174
18 0.184542
19 0.228059
20 0.206269
21 0.150746
22 0.208397
23 0.212112
24 0.155706
25 0.212656
26 0.187999
27 0.186911
28 0.208642
29 0.177695
"[DEBUG]index 7 centroid... "
0 0.219145
1 0.311494
2 0.325236
3 0.264909
4 0.288774
5 0.204453
6 0.232689
7 0.239868
8 0.23227
9 0.186767
10 0.150201
11 0.19084
12 0.215478
13 0.159041
14 0.255943
15 0.202613
16 0.25561
17 0.115792
18 0.181698
19 0.176384
20 0.267296
21 0.239786
22 0.259899
23 0.167365
24 0.214619
25 0.203987
26 0.110965
27 0.206252
28 0.206104
29 0.15627
"[DEBUG]index 8 centroid... "
0 0.194207
1 0.204635
2 0.203696
3 0.208227
4 0.217206
5 0.18466
6 0.208401
7 0.198073
8 0.122775
9 0.183227
10 0.220531
11 0.224446
12 0.21013
13 0.180362
14 0.159467
15 0.128503
16 0.166913
17 0.163055
18 0.226159
19 0.22927
20 0.182445
21 0.211208
22 0.223858
23 0.189029
24 0.196083
25 0.204725
26 0.211035
27 0.202943
28 0.218942
29 0.215557
"[DEBUG]index 9 centroid... "
0 0.215143
1 0.204451
2 0.230342
3 0.230711
4 0.223913
5 0.206146
6 0.257662
7 0.235312
8 0.134987
9 0.183693
10 0.207776
11 0.216127
12 0.242742
13 0.237886
14 0.241199
15 0.192594
16 0.236709
17 0.250971
18 0.186355
19 0.184427
20 0.262738
21 0.266266
22 0.237105
23 0.254274
24 0.248935
25 0.229878
26 0.225946
27 0.236833
28 0.240112
29 0.225563
"[DEBUG]index 10 centroid... "
0 0.220102
1 0.206811
2 0.191634
3 0.189622
4 0.191244
5 0.158788
6 0.218981
7 0.214186
8 0.127383
9 0.195672
10 0.203361
11 0.245755
12 0.243954
13 0.198542
14 0.204993
15 0.195575
16 0.199781
17 0.172869
18 0.172499
19 0.217533
20 0.198711
21 0.199851
22 0.171535
23 0.208544
24 0.213418
25 0.192516
26 0.196885
27 0.214721
28 0.196957
29 0.201274
"[DEBUG]index 11 centroid... "
0 0.175507
1 0.155746
2 0.166096
3 0.211317
4 0.192604
5 0.147861
6 0.229126
7 0.171346
8 0.107508
9 0.1198
10 0.0948963
11 0.206752
12 0.171875
13 0.13206
14 0.186001
15 0.182733
16 0.196029
17 0.18344
18 0.1807
19 0.139771
20 0.137722
21 0.197098
22 0.20685
23 0.220378
24 0.203951
25 0.222973
26 0.180664
27 0.176493
28 0.160393
29 0.179769
"[DEBUG]index 12 centroid... "
0 0.192173
1 0.196794
2 0.198485
3 0.210713
4 0.209476
5 0.172664
6 0.203613
7 0.20507
8 0.114053
9 0.153178
10 0.207978
11 0.205999
12 0.204762
13 0.199652
14 0.215048
15 0.164597
16 0.119222
17 0.204361
18 0.220969
19 0.176924
20 0.215409
21 0.197436
22 0.163879
23 0.184098
24 0.19258
25 0.191452
26 0.192224
27 0.200638
28 0.207972
29 0.199105
"[DEBUG]index 13 centroid... "
0 0.194555
1 0.168815
2 0.171728
3 0.257129
4 0.183875
5 0.193258
6 0.236236
7 0.236232
8 0.196884
9 0.105528
10 0.0808056
11 0.097207
12 0.116976
13 0.161909
14 0.1945
15 0.144773
16 0.18562
17 0.132744
18 0.149314
19 0.201022
20 0.200129
21 0.230019
22 0.204896
23 0.205599
24 0.239591
25 0.26274
26 0.230787
27 0.1673
28 0.231655
29 0.256999
"[DEBUG]index 14 centroid... "
0 0.193478
1 0.149493
2 0.186019
3 0.202097
4 0.174144
5 0.159198
6 0.159502
7 0.150508
8 0.124939
9 0.149106
10 0.171123
11 0.21955
12 0.194008
13 0.107798
14 0.175793
15 0.17096
16 0.128852
17 0.156802
18 0.225354
19 0.168097
20 0.232625
21 0.191808
22 0.165014
23 0.127428
24 0.166509
25 0.167375
26 0.190512
27 0.181627
28 0.187664
29 0.228794
"[DEBUG]index 15 centroid... "
0 0.211058
1 0.178305
2 0.180957
3 0.211708
4 0.197563
5 0.184556
6 0.184195
7 0.223865
8 0.169824
9 0.133891
10 0.177028
11 0.181269
12 0.145995
13 0.150508
14 0.140811
15 0.192603
16 0.178811
17 0.173667
18 0.164989
19 0.150232
20 0.210164
21 0.184403
22 0.213415
23 0.223401
24 0.220909
25 0.218932
26 0.207309
27 0.199186
28 0.167709
29 0.199303
"[DEBUG]index 16 centroid... "
0 0.180087
1 0.17968
2 0.197619
3 0.206149
4 0.20703
5 0.17081
6 0.191215
7 0.177236
8 0.108999
9 0.145414
10 0.210938
11 0.187672
12 0.184191
13 0.167002
14 0.198859
15 0.226742
16 0.201854
17 0.243333
18 0.210033
19 0.140916
20 0.202093
21 0.195163
22 0.216471
23 0.240775
24 0.192531
25 0.189712
26 0.188161
27 0.178769
28 0.195597
29 0.189683
"[DEBUG]index 17 centroid... "
0 0.175298
1 0.161924
2 0.187923
3 0.176675
4 0.198647
5 0.160262
6 0.203061
7 0.218052
8 0.141771
9 0.198232
10 0.224816
11 0.163041
12 0.189747
13 0.216414
14 0.179226
15 0.158796
16 0.211044
17 0.226594
18 0.154171
19 0.209514
20 0.221908
21 0.132941
22 0.1486
23 0.233536
24 0.187309
25 0.166819
26 0.197506
27 0.198549
28 0.172907
29 0.160743
"[DEBUG]index 18 centroid... "
0 0.206263
1 0.202787
2 0.20373
3 0.210958
4 0.219712
5 0.196577
6 0.243498
7 0.221666
8 0.138816
9 0.229452
10 0.23608
11 0.187772
12 0.235745
13 0.207464
14 0.183497
15 0.239778
16 0.221206
17 0.150487
18 0.195544
19 0.242388
20 0.186867
21 0.17612
22 0.236832
23 0.243006
24 0.200135
25 0.21503
26 0.204383
27 0.201392
28 0.235141
29 0.231456
"[DEBUG]index 19 centroid... "
0 0.22787
1 0.184007
2 0.165114
3 0.194332
4 0.195479
5 0.159726
6 0.222689
7 0.197475
8 0.169411
9 0.206346
10 0.252237
11 0.214153
12 0.237758
13 0.209326
14 0.182624
15 0.165265
16 0.236928
17 0.232528
18 0.170828
19 0.147313
20 0.248871
21 0.217195
22 0.179478
23 0.21745
24 0.234753
25 0.226914
26 0.186529
27 0.19995
28 0.206641
29 0.217272
"[DEBUG]index 20 centroid... "
0 0.159673
1 0.156317
2 0.155818
3 0.214271
4 0.208531
5 0.182158
6 0.246225
7 0.296351
8 0.179779
9 0.112677
10 0.239331
11 0.21494
12 0.151299
13 0.177191
14 0.201095
15 0.189799
16 0.1659
17 0.0781281
18 0.223854
19 0.25387
20 0.205666
21 0.162478
22 0.176595
23 0.109877
24 0.248923
25 0.158278
26 0.215427
27 0.243242
28 0.21966
29 0.218038
"[DEBUG]index 21 centroid... "
0 0.191757
1 0.191976
2 0.205597
3 0.207213
4 0.211226
5 0.190818
6 0.202811
7 0.178484
8 0.105378
9 0.187015
10 0.220938
11 0.172316
12 0.207426
13 0.216861
14 0.195029
15 0.216173
16 0.197777
17 0.193412
18 0.229775
19 0.210804
20 0.199847
21 0.230081
22 0.222504
23 0.2233
24 0.221515
25 0.215094
26 0.208895
27 0.201779
28 0.197507
29 0.2046
"[DEBUG]index 22 centroid... "
0 0.196369
1 0.196945
2 0.192109
3 0.214154
4 0.202406
5 0.178077
6 0.19118
7 0.184386
8 0.126048
9 0.180746
10 0.217771
11 0.17656
12 0.188421
13 0.221897
14 0.176712
15 0.105464
16 0.193957
17 0.195131
18 0.186133
19 0.206206
20 0.196123
21 0.171615
22 0.223635
23 0.21751
24 0.222247
25 0.222232
26 0.214321
27 0.227282
28 0.20445
29 0.220455
"[DEBUG]index 23 centroid... "
0 0.20331
1 0.200803
2 0.194303
3 0.19975
4 0.203917
5 0.178711
6 0.224385
7 0.222134
8 0.129605
9 0.164459
10 0.208943
11 0.170372
12 0.184902
13 0.157426
14 0.107214
15 0.181484
16 0.219648
17 0.207133
18 0.182727
19 0.184264
20 0.207681
21 0.200993
22 0.226858
23 0.226073
24 0.209224
25 0.21769
26 0.229231
27 0.233045
28 0.232741
29 0.238562
"[DEBUG]index 24 centroid... "
0 0.198961
1 0.200363
2 0.203523
3 0.201247
4 0.20662
5 0.181781
6 0.211668
7 0.201612
8 0.12115
9 0.20648
10 0.221237
11 0.18371
12 0.1759
13 0.171626
14 0.172491
15 0.154002
16 0.209953
17 0.208549
18 0.159286
19 0.212658
20 0.224078
21 0.206665
22 0.204694
23 0.217736
24 0.217704
25 0.224136
26 0.216395
27 0.212219
28 0.210394
29 0.222404
"[DEBUG]index 25 centroid... "
0 0.172046
1 0.174085
2 0.190249
3 0.201573
4 0.198789
5 0.174287
6 0.195706
7 0.189576
8 0.0900323
9 0.089757
10 0.139475
11 0.19877
12 0.225707
13 0.201307
14 0.190927
15 0.202471
16 0.240661
17 0.209197
18 0.227113
19 0.27143
20 0.235786
21 0.241967
22 0.258978
23 0.238579
24 0.225146
25 0.236045
26 0.241202
27 0.220316
28 0.215189
29 0.207572
"[DEBUG]index 26 centroid... "
0 0.219455
1 0.183733
2 0.138015
3 0.119725
4 0.198986
5 0.215892
6 0.118664
7 0.208905
8 0.2043
9 0.221403
10 0.202078
11 0.199364
12 0.208805
13 0.133036
14 0.16185
15 0.126598
16 0.197243
17 0.264937
18 0.251116
19 0.179836
20 0.154882
21 0.0707965
22 0.125961
23 0.165341
24 0.134177
25 0.168915
26 0.17327
27 0.175541
28 0.157244
29 0.236454
"[DEBUG]index 27 centroid... "
0 0.22476
1 0.171565
2 0.200741
3 0.203601
4 0.186287
5 0.182441
6 0.227447
7 0.214115
8 0.14801
9 0.223462
10 0.160944
11 0.170326
12 0.235341
13 0.209748
14 0.178628
15 0.171758
16 0.204764
17 0.170631
18 0.165676
19 0.184587
20 0.212517
21 0.170046
22 0.180204
23 0.234262
24 0.187904
25 0.196232
26 0.210562
27 0.221368
28 0.216602
29 0.254958
"[DEBUG]index 28 centroid... "
0 0.226413
1 0.217872
2 0.188127
3 0.213139
4 0.206678
5 0.198888
6 0.208025
7 0.198092
8 0.142128
9 0.180355
10 0.189687
11 0.235524
12 0.196217
13 0.127141
14 0.247622
15 0.237727
16 0.179139
17 0.186441
18 0.163212
19 0.169738
20 0.168583
21 0.200862
22 0.198188
23 0.201022
24 0.227472
25 0.221697
26 0.230352
27 0.230501
28 0.226598
29 0.24244
"[DEBUG]index 29 centroid... "
0 0.188979
1 0.195662
2 0.189245
3 0.219745
4 0.208592
5 0.190884
6 0.205723
7 0.179645
8 0.102527
9 0.0974687
10 0.113059
11 0.15973
12 0.210645
13 0.153114
14 0.180023
15 0.1867
16 0.113942
17 0.209182
18 0.19697
19 0.166396
20 0.180555
21 0.217303
22 0.192065
23 0.195955
24 0.176676
25 0.169263
26 0.169724
27 0.180617
28 0.204869
29 0.198178
"[DEBUG]index 30 centroid... "
0 0.195444
1 0.197853
2 0.184898
3 0.217364
4 0.231396
5 0.200103
6 0.223235
7 0.231882
8 0.132047
9 0.163437
10 0.20305
11 0.187587
12 0.198682
13 0.208315
14 0.169947
15 0.219227
16 0.163166
17 0.160053
18 0.227271
19 0.150221
20 0.170162
21 0.213034
22 0.137749
23 0.19531
24 0.203953
25 0.168872
26 0.176717
27 0.185879
28 0.188402
29 0.199058
"[DEBUG]index 31 centroid... "
0 0.193729
1 0.18316
2 0.180489
3 0.19986
4 0.210171
5 0.179371
6 0.222915
7 0.22004
8 0.137936
9 0.152196
10 0.187943
11 0.174483
12 0.179765
13 0.225882
14 0.230516
15 0.191219
16 0.188716
17 0.206119
18 0.202265
19 0.21772
20 0.228378
21 0.240539
22 0.241877
23 0.225268
24 0.224936
25 0.225918
26 0.220816
27 0.22068
28 0.224646
29 0.222362
"[DEBUG]index 32 centroid... "
0 0.21734
1 0.188567
2 0.180283
3 0.191984
4 0.249776
5 0.165835
6 0.184084
7 0.111137
8 0.135187
9 0.171423
10 0.21306
11 0.174056
12 0.161814
13 0.239526
14 0.239884
15 0.16359
16 0.164466
17 0.214338
18 0.231277
19 0.193651
20 0.192229
21 0.176603
22 0.205408
23 0.135627
24 0.166321
25 0.229226
26 0.163329
27 0.180619
28 0.171148
29 0.219618
"[DEBUG]index 33 centroid... "
0 0.20164
1 0.176165
2 0.175082
3 0.202756
4 0.211032
5 0.180839
6 0.214146
7 0.183797
8 0.104079
9 0.0760432
10 0.109196
11 0.185598
12 0.223523
13 0.185114
14 0.198119
15 0.176531
16 0.198051
17 0.227021
18 0.210701
19 0.200604
20 0.220127
21 0.197674
22 0.239732
23 0.235288
24 0.219387
25 0.256163
26 0.240646
27 0.215379
28 0.214646
29 0.220795
"[DEBUG]index 34 centroid... "
0 0.189263
1 0.148165
2 0.183644
3 0.184888
4 0.185538
5 0.193491
6 0.180422
7 0.172437
8 0.117541
9 0.16437
10 0.202051
11 0.189318
12 0.214223
13 0.168867
14 0.124649
15 0.205259
16 0.207666
17 0.146974
18 0.190739
19 0.190026
20 0.16425
21 0.158876
22 0.153568
23 0.184462
24 0.194761
25 0.189211
26 0.189488
27 0.199102
28 0.20976
29 0.192908
"[DEBUG]index 35 centroid... "
0 0.209651
1 0.216061
2 0.219399
3 0.199442
4 0.225106
5 0.201477
6 0.252432
7 0.229439
8 0.159916
9 0.152321
10 0.186628
11 0.166544
12 0.167027
13 0.243174
14 0.221903
15 0.189721
16 0.198491
17 0.193971
18 0.193346
19 0.209167
20 0.176157
21 0.172828
22 0.230971
23 0.242299
24 0.217639
25 0.208827
26 0.219063
27 0.20275
28 0.215304
29 0.197604
"[DEBUG]index 36 centroid... "
0 0.170876
1 0.166832
2 0.154464
3 0.177188
4 0.181268
5 0.161145
6 0.197243
7 0.216893
8 0.124141
9 0.0700994
10 0.213064
11 0.21419
12 0.154448
13 0.188812
14 0.191835
15 0.191353
16 0.174682
17 0.198921
18 0.213113
19 0.215927
20 0.24722
21 0.234868
22 0.212088
23 0.224495
24 0.257351
25 0.207976
26 0.224876
27 0.208308
28 0.205636
29 0.196557
"[DEBUG]index 37 centroid... "
0 0.179177
1 0.181044
2 0.207203
3 0.210428
4 0.222299
5 0.200026
6 0.220975
7 0.194231
8 0.113833
9 0.172065
10 0.186987
11 0.183261
12 0.220937
13 0.214927
14 0.172025
15 0.206635
16 0.175385
17 0.127644
18 0.181042
19 0.223684
20 0.193999
21 0.203701
22 0.203992
23 0.183882
24 0.180874
25 0.203086
26 0.196288
27 0.212502
28 0.232193
29 0.231812
"[DEBUG]index 38 centroid... "
0 0.197134
1 0.186321
2 0.194625
3 0.196179
4 0.225131
5 0.170088
6 0.205722
7 0.194063
8 0.0921381
9 0.162993
10 0.230066
11 0.18528
12 0.196477
13 0.225624
14 0.203042
15 0.143098
16 0.207309
17 0.235546
18 0.175745
19 0.190644
20 0.231961
21 0.181355
22 0.153336
23 0.190275
24 0.177934
25 0.16794
26 0.19435
27 0.185418
28 0.175919
29 0.175262
"[DEBUG]index 39 centroid... "
0 0.224112
1 0.189647
2 0.194518
3 0.208834
4 0.212638
5 0.196117
6 0.204714
7 0.20265
8 0.135388
9 0.199802
10 0.222919
11 0.174617
12 0.191208
13 0.187465
14 0.191823
15 0.165804
16 0.154276
17 0.214144
18 0.131634
19 0.104276
20 0.198344
21 0.218425
22 0.205358
23 0.188208
24 0.18839
25 0.197431
26 0.188811
27 0.181283
28 0.212473
29 0.213093
"[DEBUG]index 40 centroid... "
0 0.246266
1 0.22125
2 0.161305
3 0.16847
4 0.183022
5 0.13625
6 0.1823
7 0.244603
8 0.106022
9 0.24694
10 0.258524
11 0.154104
12 0.177548
13 0.211785
14 0.140478
15 0.239592
16 0.28339
17 0.280011
18 0.321812
19 0.241209
20 0.29013
21 0.30795
22 0.284056
23 0.279966
24 0.315087
25 0.312476
26 0.258175
27 0.305021
28 0.27115
29 0.269559
"[DEBUG]index 41 centroid... "
0 0.209342
1 0.184913
2 0.158654
3 0.164076
4 0.176465
5 0.198611
6 0.211182
7 0.220708
8 0.169445
9 0.117692
10 0.136653
11 0.103477
12 0.139961
13 0.169052
14 0.152002
15 0.149066
16 0.181349
17 0.199572
18 0.233866
19 0.252257
20 0.2309
21 0.261449
22 0.306057
23 0.321277
24 0.299121
25 0.287659
26 0.310364
27 0.290987
28 0.308309
29 0.260333
"[DEBUG]index 42 centroid... "
0 0.190814
1 0.194161
2 0.19157
3 0.211419
4 0.206604
5 0.166875
6 0.213815
7 0.238691
8 0.0646859
9 0.0912434
10 0.195361
11 0.221955
12 0.141399
13 0.181126
14 0.172343
15 0.183822
16 0.212943
17 0.14535
18 0.198435
19 0.243709
20 0.192695
21 0.195015
22 0.215257
23 0.200734
24 0.19981
25 0.207277
26 0.199028
27 0.19115
28 0.211905
29 0.20864
"[DEBUG]index 43 centroid... "
0 0.171397
1 0.177055
2 0.176105
3 0.200027
4 0.195964
5 0.182361
6 0.197967
7 0.166808
8 0.0869863
9 0.187073
10 0.233703
11 0.15932
12 0.211818
13 0.197373
14 0.14047
15 0.197059
16 0.201489
17 0.196972
18 0.198908
19 0.187582
20 0.207159
21 0.195777
22 0.148308
23 0.193141
24 0.196119
25 0.191835
26 0.206138
27 0.196683
28 0.201908
29 0.189818
"[DEBUG]index 44 centroid... "
0 0.163495
1 0.181438
2 0.188259
3 0.194361
4 0.199603
5 0.175215
6 0.205126
7 0.185352
8 0.0834926
9 0.121749
10 0.163293
11 0.2099
12 0.236558
13 0.210827
14 0.202459
15 0.19365
16 0.184973
17 0.12913
18 0.133628
19 0.127471
20 0.145475
21 0.175343
22 0.194669
23 0.182343
24 0.180099
25 0.179511
26 0.177231
27 0.15299
28 0.196097
29 0.179149
"[DEBUG]index 45 centroid... "
0 0.155845
1 0.181626
2 0.173667
3 0.185986
4 0.211446
5 0.153469
6 0.196724
7 0.17282
8 0.0948797
9 0.101205
10 0.131072
11 0.20338
12 0.190324
13 0.159933
14 0.179559
15 0.153508
16 0.178245
17 0.168303
18 0.213273
19 0.181617
20 0.163991
21 0.158402
22 0.137438
23 0.16867
24 0.179773
25 0.181053
26 0.178073
27 0.161914
28 0.174652
29 0.170026
"[DEBUG]index 46 centroid... "
0 0.201881
1 0.194279
2 0.199569
3 0.208385
4 0.20723
5 0.190015
6 0.223619
7 0.223361
8 0.129323
9 0.15749
10 0.197056
11 0.155459
12 0.1829
13 0.212104
14 0.166571
15 0.18763
16 0.226518
17 0.198109
18 0.17474
19 0.237939
20 0.217086
21 0.16096
22 0.194311
23 0.215266
24 0.203327
25 0.201661
26 0.21317
27 0.209513
28 0.206908
29 0.227879
"[DEBUG]index 47 centroid... "
0 0.194179
1 0.182193
2 0.202302
3 0.212069
4 0.210772
5 0.204617
6 0.233467
7 0.197133
8 0.122688
9 0.199094
10 0.228294
11 0.18587
12 0.227082
13 0.228594
14 0.2093
15 0.175961
16 0.15431
17 0.127523
18 0.113939
19 0.14154
20 0.165453
21 0.194767
22 0.205411
23 0.202774
24 0.1931
25 0.189686
26 0.18168
27 0.177084
28 0.196711
29 0.201551
"[DEBUG]index 48 centroid... "
0 0.181687
1 0.181475
2 0.187507
3 0.197152
4 0.198935
5 0.156173
6 0.176096
7 0.160031
8 0.0897283
9 0.152242
10 0.180634
11 0.181173
12 0.19429
13 0.173171
14 0.200118
15 0.192644
16 0.164377
17 0.19999
18 0.196694
19 0.197755
20 0.205207
21 0.179308
22 0.201954
23 0.208083
24 0.203521
25 0.200061
26 0.198777
27 0.19784
28 0.195701
29 0.19005
"[DEBUG]index 49 centroid... "
0 0.20416
1 0.197526
2 0.199302
3 0.229652
4 0.202323
5 0.172078
6 0.185408
7 0.209567
8 0.154419
9 0.184987
10 0.253201
11 0.232038
12 0.227661
13 0.181533
14 0.153734
15 0.186478
16 0.23415
17 0.25168
18 0.221799
19 0.286613
20 0.223478
21 0.213541
22 0.235586
23 0.224693
24 0.182598
25 0.214951
26 0.219434
27 0.230914
28 0.237606
29 0.197651
"[DEBUG]index 50 centroid... "
0 0.201369
1 0.182335
2 0.19518
3 0.205487
4 0.198336
5 0.180254
6 0.234254
7 0.214881
8 0.116053
9 0.172201
10 0.21368
11 0.138049
12 0.184434
13 0.228858
14 0.160742
15 0.196496
16 0.191603
17 0.147111
18 0.202267
19 0.184556
20 0.220543
21 0.185803
22 0.163245
23 0.215801
24 0.21613
25 0.217486
26 0.214206
27 0.208319
28 0.212791
29 0.222489
"[DEBUG]index 51 centroid... "
0 0.200688
1 0.1831
2 0.177841
3 0.203009
4 0.198111
5 0.181252
6 0.210991
7 0.187583
8 0.0936808
9 0.133532
10 0.172065
11 0.196923
12 0.212529
13 0.208232
14 0.201743
15 0.199179
16 0.196921
17 0.177745
18 0.173289
19 0.173564
20 0.16304
21 0.158988
22 0.164235
23 0.193914
24 0.189355
25 0.180655
26 0.202359
27 0.195942
28 0.189678
29 0.179065
"[DEBUG]index 52 centroid... "
0 0.205591
1 0.182392
2 0.185654
3 0.198866
4 0.20782
5 0.184692
6 0.203197
7 0.17634
8 0.0948698
9 0.19596
10 0.24188
11 0.183761
12 0.2178
13 0.235563
14 0.198229
15 0.175021
16 0.148147
17 0.204641
18 0.199721
19 0.176937
20 0.201115
21 0.197779
22 0.207358
23 0.201851
24 0.193631
25 0.223428
26 0.207738
27 0.212212
28 0.216219
29 0.212878
"[DEBUG]index 53 centroid... "
0 0.261349
1 0.268717
2 0.322413
3 0.231205
4 0.264398
5 0.186699
6 0.19645
7 0.328962
8 0.227193
9 0.241793
10 0.30599
11 0.249428
12 0.253171
13 0.207679
14 0.244307
15 0.194036
16 0.214221
17 0.275291
18 0.334366
19 0.278432
20 0.195621
21 0.286739
22 0.238343
23 0.188741
24 0.183496
25 0.258787
26 0.111197
27 0.205522
28 0.11942
29 0.232275
"[DEBUG]index 54 centroid... "
0 0.189514
1 0.153419
2 0.294763
3 0.295794
4 0.102704
5 0.247024
6 0.276213
7 0.402158
8 0.171901
9 0.20564
10 0.349708
11 0.290103
12 0.153798
13 0.323739
14 0.343435
15 0.336458
16 0.374451
17 0.284008
18 0.345474
19 0.362024
20 0.4203
21 0.350613
22 0.372423
23 0.230186
24 0.296379
25 0.430198
26 0.323435
27 0.416877
28 0.410312
29 0.300387
"[DEBUG]index 55 centroid... "
0 0.248943
1 0.21449
2 0.190861
3 0.222176
4 0.319379
5 0.212216
6 0.324701
7 0.33774
8 0.258157
9 0.276043
10 0.35433
11 0.225952
12 0.245494
13 0.259965
14 0.240694
15 0.229271
16 0.294933
17 0.306467
18 0.264134
19 0.287031
20 0.225254
21 0.186236
22 0.277803
23 0.311399
24 0.279132
25 0.235718
26 0.196803
27 0.222506
28 0.172868
29 0.257284
"[DEBUG]index 56 centroid... "
0 0.192706
1 0.221387
2 0.188107
3 0.196718
4 0.212373
5 0.188501
6 0.236734
7 0.215639
8 0.119957
9 0.194447
10 0.206673
11 0.170249
12 0.194966
13 0.179576
14 0.209417
15 0.22335
16 0.143376
17 0.160926
18 0.265914
19 0.220228
20 0.203822
21 0.212881
22 0.206007
23 0.212323
24 0.252249
25 0.231439
26 0.248957
27 0.231215
28 0.225567
29 0.233713
"[DEBUG]index 57 centroid... "
0 0.191269
1 0.166552
2 0.174274
3 0.16221
4 0.173045
5 0.1811
6 0.211002
7 0.233236
8 0.166194
9 0.087068
10 0.183191
11 0.21242
12 0.202564
13 0.163618
14 0.174265
15 0.180626
16 0.114178
17 0.159597
18 0.170001
19 0.184455
20 0.170433
21 0.147295
22 0.173851
23 0.167357
24 0.181303
25 0.163133
26 0.18642
27 0.169783
28 0.148865
29 0.187
"[DEBUG]index 58 centroid... "
0 0.190254
1 0.189105
2 0.192872
3 0.187209
4 0.209891
5 0.139058
6 0.195799
7 0.171797
8 0.102193
9 0.156756
10 0.196968
11 0.226267
12 0.196299
13 0.203015
14 0.23246
15 0.154397
16 0.145607
17 0.171486
18 0.13336
19 0.178265
20 0.203306
21 0.201402
22 0.182261
23 0.162832
24 0.204422
25 0.184757
26 0.210273
27 0.2124
28 0.222002
29 0.233769
"[DEBUG]index 59 centroid... "
0 0.200914
1 0.212514
2 0.214556
3 0.225456
4 0.235501
5 0.199597
6 0.247345
7 0.236872
8 0.164457
9 0.192772
10 0.226403
11 0.196869
12 0.210174
13 0.202936
14 0.184657
15 0.199687
16 0.201292
17 0.190614
18 0.206534
19 0.187484
20 0.151724
21 0.217531
22 0.236509
23 0.214622
24 0.215622
25 0.222921
26 0.205782
27 0.194597
28 0.216624
29 0.20885
"[DEBUG]index 60 centroid... "
0 0.198017
1 0.179941
2 0.227642
3 0.261335
4 0.189148
5 0.185069
6 0.220181
7 0.136937
8 0.120889
9 0.16356
10 0.159779
11 0.232032
12 0.195957
13 0.120793
14 0.121326
15 0.0925195
16 0.128773
17 0.186864
18 0.166834
19 0.181236
20 0.258519
21 0.224923
22 0.261623
23 0.259755
24 0.241828
25 0.218363
26 0.297647
27 0.22772
28 0.242004
29 0.26784
"[DEBUG]index 61 centroid... "
0 0.17667
1 0.165744
2 0.207911
3 0.197805
4 0.205434
5 0.180938
6 0.220655
7 0.214742
8 0.119761
9 0.16912
10 0.174698
11 0.223855
12 0.187947
13 0.172555
14 0.212927
15 0.186278
16 0.181472
17 0.265948
18 0.148458
19 0.0980107
20 0.163114
21 0.1208
22 0.190681
23 0.222341
24 0.224059
25 0.185381
26 0.183044
27 0.179744
28 0.18081
29 0.198445
"[DEBUG]index 62 centroid... "
0 0.182147
1 0.178787
2 0.188697
3 0.19998
4 0.214583
5 0.183332
6 0.197201
7 0.181111
8 0.132406
9 0.160083
10 0.209666
11 0.211586
12 0.205496
13 0.231583
14 0.207257
15 0.157432
16 0.124009
17 0.125268
18 0.140608
19 0.174039
20 0.210213
21 0.212516
22 0.216685
23 0.189582
24 0.195049
25 0.19148
26 0.193201
27 0.177627
28 0.185958
29 0.213124
"[DEBUG]index 63 centroid... "
0 0.192236
1 0.26547
2 0.21639
3 0.279333
4 0.246876
5 0.263023
6 0.251722
7 0.1901
8 0.166218
9 0.195844
10 0.235672
11 0.21236
12 0.156793
13 0.174184
14 0.175314
15 0.175272
16 0.14291
17 0.123652
18 0.104999
19 0.0748838
20 0.0874779
21 0.165064
22 0.167298
23 0.108917
24 0.152179
25 0.107535
26 0.16823
27 0.179886
28 0.229162
29 0.211656
"[DEBUG]index 64 centroid... "
0 0.171938
1 0.179285
2 0.164052
3 0.183555
4 0.20275
5 0.187687
6 0.22338
7 0.201382
8 0.110164
9 0.0815364
10 0.0967
11 0.148861
12 0.163135
13 0.211353
14 0.197574
15 0.164009
16 0.198424
17 0.150308
18 0.176676
19 0.184015
20 0.153485
21 0.175703
22 0.157164
23 0.189903
24 0.182388
25 0.188958
26 0.194264
27 0.202327
28 0.203892
29 0.192458
"[DEBUG]index 65 centroid... "
0 0.176922
1 0.194413
2 0.171696
3 0.199053
4 0.222747
5 0.195748
6 0.202756
7 0.184843
8 0.0825752
9 0.102125
10 0.127013
11 0.200689
12 0.242265
13 0.230565
14 0.183949
15 0.188192
16 0.207897
17 0.189949
18 0.210412
19 0.222806
20 0.235725
21 0.163788
22 0.199189
23 0.186148
24 0.207433
25 0.211488
26 0.218613
27 0.204646
28 0.177723
29 0.162325
"[DEBUG]index 66 centroid... "
0 0.190438
1 0.19146
2 0.174421
3 0.218575
4 0.200744
5 0.165199
6 0.219114
7 0.187674
8 0.0926236
9 0.0991008
10 0.0992908
11 0.129622
12 0.142964
13 0.123222
14 0.169767
15 0.144391
16 0.148518
17 0.199322
18 0.166369
19 0.185161
20 0.213763
21 0.155335
22 0.177601
23 0.202991
24 0.201893
25 0.185739
26 0.199192
27 0.192831
28 0.184428
29 0.218565
"[DEBUG]index 67 centroid... "
0 0.195309
1 0.150639
2 0.141543
3 0.169973
4 0.148476
5 0.149082
6 0.186069
7 0.197679
8 0.115241
9 0.169115
10 0.219661
11 0.152047
12 0.243636
13 0.135471
14 0.171675
15 0.239052
16 0.197374
17 0.220431
18 0.163717
19 0.0655779
20 0.194445
21 0.237196
22 0.215431
23 0.216919
24 0.196622
25 0.197601
26 0.157427
27 0.201822
28 0.225122
29 0.187188
"[DEBUG]index 68 centroid... "
0 0.192829
1 0.196111
2 0.192183
3 0.2093
4 0.192448
5 0.169333
6 0.2138
7 0.228793
8 0.166535
9 0.166377
10 0.197401
11 0.173476
12 0.179285
13 0.211202
14 0.215806
15 0.197627
16 0.174138
17 0.185064
18 0.196317
19 0.176158
20 0.19032
21 0.196015
22 0.211534
23 0.203712
24 0.216979
25 0.239651
26 0.230174
27 0.222646
28 0.224844
29 0.227501
"[DEBUG]index 69 centroid... "
0 0.210595
1 0.2366
2 0.262227
3 0.240723
4 0.250854
5 0.265419
6 0.289385
7 0.221546
8 0.178782
9 0.188526
10 0.140367
11 0.236484
12 0.200162
13 0.207776
14 0.215035
15 0.113656
16 0.230765
17 0.187021
18 0.17981
19 0.248162
20 0.177438
21 0.160658
22 0.236515
23 0.233518
24 0.223642
25 0.190753
26 0.188778
27 0.184455
28 0.239855
29 0.251159
"[DEBUG]index 70 centroid... "
0 0.204084
1 0.195618
2 0.181158
3 0.199526
4 0.19328
5 0.18313
6 0.191343
7 0.226588
8 0.0922174
9 0.10801
10 0.181597
11 0.175371
12 0.160328
13 0.164622
14 0.215459
15 0.198214
16 0.212955
17 0.209796
18 0.165146
19 0.196021
20 0.216904
21 0.222853
22 0.217902
23 0.215318
24 0.212556
25 0.218645
26 0.193446
27 0.196434
28 0.223928
29 0.205031
"[DEBUG]index 71 centroid... "
0 0.167022
1 0.174719
2 0.176577
3 0.181726
4 0.19874
5 0.174422
6 0.190337
7 0.182195
8 0.11335
9 0.158236
10 0.196779
11 0.172077
12 0.209704
13 0.200527
14 0.178326
15 0.168033
16 0.17993
17 0.199133
18 0.189404
19 0.191463
20 0.204261
21 0.169207
22 0.144858
23 0.183755
24 0.193654
25 0.169586
26 0.183076
27 0.184032
28 0.178219
29 0.175206
"[DEBUG]index 72 centroid... "
0 0.180036
1 0.180469
2 0.173891
3 0.18916
4 0.19176
5 0.179579
6 0.212666
7 0.197753
8 0.0939495
9 0.0680114
10 0.106369
11 0.116821
12 0.153621
13 0.198886
14 0.171959
15 0.142949
16 0.213836
17 0.202932
18 0.158459
19 0.165725
20 0.190097
21 0.218517
22 0.237438
23 0.231143
24 0.250022
25 0.232559
26 0.248533
27 0.235108
28 0.241236
29 0.23956
"[DEBUG]index 73 centroid... "
0 0.214958
1 0.232633
2 0.190458
3 0.19408
4 0.213137
5 0.213434
6 0.258951
7 0.22237
8 0.168087
9 0.171407
10 0.161545
11 0.168317
12 0.212205
13 0.222099
14 0.200115
15 0.265542
16 0.226659
17 0.205771
18 0.210543
19 0.237811
20 0.184294
21 0.226557
22 0.215189
23 0.218651
24 0.220041
25 0.209864
26 0.221047
27 0.18904
28 0.190993
29 0.213262
"[DEBUG]index 74 centroid... "
0 0.190781
1 0.172373
2 0.16008
3 0.166632
4 0.191129
5 0.178118
6 0.217441
7 0.21129
8 0.137179
9 0.182562
10 0.162196
11 0.0985309
12 0.157668
13 0.205614
14 0.15732
15 0.179868
16 0.185267
17 0.211601
18 0.203777
19 0.260582
20 0.274415
21 0.24281
22 0.235692
23 0.290192
24 0.27938
25 0.263417
26 0.294396
27 0.287534
28 0.25739
29 0.244128
"[DEBUG]index 75 centroid... "
0 0.204349
1 0.183612
2 0.209998
3 0.219331
4 0.24812
5 0.227247
6 0.232302
7 0.215929
8 0.116264
9 0.183226
10 0.276276
11 0.282606
12 0.275854
13 0.276775
14 0.19913
15 0.239365
16 0.213136
17 0.211807
18 0.244438
19 0.281096
20 0.225187
21 0.228255
22 0.256302
23 0.209191
24 0.223677
25 0.21027
26 0.233403
27 0.223976
28 0.244691
29 0.288722
"[DEBUG]index 76 centroid... "
0 0.231117
1 0.196981
2 0.189616
3 0.215525
4 0.196395
5 0.219059
6 0.262141
7 0.237666
8 0.154297
9 0.208354
10 0.253305
11 0.170945
12 0.169154
13 0.224193
14 0.187304
15 0.110669
16 0.185355
17 0.208539
18 0.229675
19 0.260411
20 0.203351
21 0.239571
22 0.21207
23 0.268792
24 0.296862
25 0.279178
26 0.265964
27 0.273437
28 0.293452
29 0.280005
"[DEBUG]index 77 centroid... "
0 0.228638
1 0.197334
2 0.221746
3 0.208228
4 0.216612
5 0.183556
6 0.251443
7 0.213938
8 0.130383
9 0.229767
10 0.24514
11 0.186321
12 0.231396
13 0.247753
14 0.153607
15 0.187425
16 0.202153
17 0.153276
18 0.214521
19 0.184749
20 0.211201
21 0.226351
22 0.186611
23 0.207246
24 0.206289
25 0.190019
26 0.22629
27 0.190046
28 0.216825
29 0.223066
"[DEBUG]index 78 centroid... "
0 0.211538
1 0.179458
2 0.163329
3 0.199915
4 0.194118
5 0.164063
6 0.203633
7 0.204672
8 0.161174
9 0.194088
10 0.184581
11 0.201636
12 0.150797
13 0.112991
14 0.154501
15 0.190743
16 0.160353
17 0.158041
18 0.173717
19 0.209828
20 0.213625
21 0.209575
22 0.236248
23 0.224834
24 0.241745
25 0.266368
26 0.260365
27 0.247118
28 0.277317
29 0.278142
"[DEBUG]index 79 centroid... "
0 0.177526
1 0.180254
2 0.204801
3 0.195188
4 0.192005
5 0.147434
6 0.192051
7 0.225514
8 0.109254
9 0.22033
10 0.234546
11 0.21618
12 0.255662
13 0.178108
14 0.190991
15 0.197674
16 0.190993
17 0.183634
18 0.120402
19 0.198561
20 0.23
21 0.167873
22 0.24362
23 0.193933
24 0.144629
25 0.163759
26 0.178467
27 0.153844
28 0.212069
29 0.163642
"[DEBUG]index 80 centroid... "
0 0.181521
1 0.168536
2 0.168813
3 0.178375
4 0.182619
5 0.161298
6 0.187099
7 0.182771
8 0.120988
9 0.192664
10 0.203296
11 0.195907
12 0.200525
13 0.143943
14 0.173555
15 0.199261
16 0.181287
17 0.177413
18 0.189295
19 0.214116
20 0.202754
21 0.228887
22 0.236124
23 0.212084
24 0.215883
25 0.212909
26 0.20289
27 0.219798
28 0.223977
29 0.207148
"[DEBUG]index 81 centroid... "
0 0.189643
1 0.19067
2 0.194097
3 0.217961
4 0.184875
5 0.178937
6 0.204298
7 0.172416
8 0.112261
9 0.199718
10 0.208634
11 0.208768
12 0.173903
13 0.150809
14 0.202775
15 0.215461
16 0.202421
17 0.162357
18 0.14676
19 0.18996
20 0.212976
21 0.199592
22 0.196452
23 0.188031
24 0.195674
25 0.204822
26 0.238239
27 0.223514
28 0.208525
29 0.208455
"[DEBUG]index 82 centroid... "
0 0.169861
1 0.176537
2 0.186424
3 0.204977
4 0.230208
5 0.179599
6 0.199784
7 0.158969
8 0.0974587
9 0.153616
10 0.189443
11 0.179729
12 0.209091
13 0.223604
14 0.177836
15 0.173328
16 0.227035
17 0.20138
18 0.106054
19 0.187779
20 0.225705
21 0.17372
22 0.220241
23 0.220566
24 0.169939
25 0.204357
26 0.223115
27 0.209092
28 0.237196
29 0.239531
"[DEBUG]index 83 centroid... "
0 0.183512
1 0.177315
2 0.190417
3 0.215297
4 0.210887
5 0.1794
6 0.206024
7 0.192169
8 0.123727
9 0.160124
10 0.211355
11 0.217723
12 0.191326
13 0.186917
14 0.22832
15 0.200024
16 0.177535
17 0.215737
18 0.27317
19 0.233319
20 0.206448
21 0.232607
22 0.247158
23 0.210047
24 0.193397
25 0.188615
26 0.195784
27 0.192375
28 0.197082
29 0.19882
"[DEBUG]index 84 centroid... "
0 0.181075
1 0.156467
2 0.161829
3 0.193863
4 0.21215
5 0.205774
6 0.218892
7 0.183699
8 0.0717384
9 0.0804849
10 0.124977
11 0.20135
12 0.210242
13 0.176643
14 0.20816
15 0.191497
16 0.157514
17 0.212735
18 0.176621
19 0.187409
20 0.206141
21 0.173925
22 0.20743
23 0.206549
24 0.210929
25 0.191374
26 0.219091
27 0.225549
28 0.18701
29 0.201734
"[DEBUG]index 85 centroid... "
0 0.148223
1 0.189695
2 0.177326
3 0.181252
4 0.185705
5 0.178195
6 0.199377
7 0.236802
8 0.158938
9 0.119023
10 0.182589
11 0.222014
12 0.184573
13 0.211221
14 0.184703
15 0.189484
16 0.227371
17 0.191741
18 0.202288
19 0.174742
20 0.198267
21 0.190742
22 0.211809
23 0.226372
24 0.222087
25 0.188704
26 0.207698
27 0.188019
28 0.210061
29 0.177241
"[DEBUG]index 86 centroid... "
0 0.166635
1 0.174079
2 0.170772
3 0.171425
4 0.179945
5 0.155371
6 0.170519
7 0.157584
8 0.082657
9 0.141862
10 0.194869
11 0.172282
12 0.180426
13 0.183018
14 0.198514
15 0.209926
16 0.239786
17 0.232507
18 0.247155
19 0.226744
20 0.243312
21 0.269006
22 0.240105
23 0.230883
24 0.23328
25 0.210569
26 0.194404
27 0.20044
28 0.193295
29 0.187642
"[DEBUG]index 87 centroid... "
0 0.139743
1 0.193233
2 0.168972
3 0.193796
4 0.192938
5 0.187146
6 0.214894
7 0.199521
8 0.1073
9 0.137821
10 0.210848
11 0.177919
12 0.111133
13 0.175279
14 0.20971
15 0.174579
16 0.185151
17 0.146767
18 0.174522
19 0.215563
20 0.212005
21 0.154638
22 0.186147
23 0.235459
24 0.213164
25 0.183546
26 0.203235
27 0.177788
28 0.169925
29 0.179095
"[DEBUG]index 88 centroid... "
0 0.196594
1 0.186519
2 0.195358
3 0.202472
4 0.236157
5 0.205316
6 0.219329
7 0.198447
8 0.104265
9 0.0923879
10 0.097048
11 0.20583
12 0.242151
13 0.226194
14 0.210511
15 0.221949
16 0.199114
17 0.170413
18 0.199931
19 0.184312
20 0.206339
21 0.216426
22 0.221074
23 0.216139
24 0.215533
25 0.219203
26 0.193797
27 0.185526
28 0.202778
29 0.208355
"[DEBUG]index 89 centroid... "
0 0.183377
1 0.194397
2 0.188315
3 0.177978
4 0.190757
5 0.182929
6 0.201546
7 0.223415
8 0.110038
9 0.097858
10 0.215279
11 0.21078
12 0.165302
13 0.165239
14 0.144002
15 0.185299
16 0.215155
17 0.197414
18 0.226736
19 0.179637
20 0.213737
21 0.26639
22 0.247285
23 0.261212
24 0.280368
25 0.253061
26 0.230461
27 0.208778
28 0.233203
29 0.231283
"[DEBUG]index 90 centroid... "
0 0.19844
1 0.197169
2 0.196513
3 0.19657
4 0.19809
5 0.187203
6 0.240709
7 0.221373
8 0.140961
9 0.1055
10 0.117085
11 0.110541
12 0.158367
13 0.164909
14 0.181693
15 0.219967
16 0.197757
17 0.199724
18 0.230075
19 0.226697
20 0.198513
21 0.196597
22 0.225555
23 0.213114
24 0.210775
25 0.241804
26 0.243176
27 0.223658
28 0.250377
29 0.243038
"[DEBUG]index 91 centroid... "
0 0.189092
1 0.185378
2 0.206052
3 0.223727
4 0.216495
5 0.191938
6 0.197317
7 0.184457
8 0.134836
9 0.171597
10 0.18715
11 0.208488
12 0.198669
13 0.181571
14 0.142374
15 0.0876324
16 0.107202
17 0.106091
18 0.128598
19 0.137288
20 0.190824
21 0.156286
22 0.179608
23 0.235023
24 0.19297
25 0.171146
26 0.192001
27 0.178086
28 0.166319
29 0.188744
"[DEBUG]index 92 centroid... "
0 0.192988
1 0.196934
2 0.214246
3 0.177408
4 0.190355
5 0.179015
6 0.205923
7 0.196393
8 0.12408
9 0.186616
10 0.203531
11 0.181326
12 0.236209
13 0.17804
14 0.107213
15 0.0844097
16 0.0796971
17 0.171911
18 0.182578
19 0.208264
20 0.204828
21 0.197143
22 0.187466
23 0.19983
24 0.214386
25 0.199667
26 0.217132
27 0.219319
28 0.230776
29 0.218611
"[DEBUG]index 93 centroid... "
0 0.212819
1 0.200658
2 0.211497
3 0.23057
4 0.197964
5 0.194662
6 0.236199
7 0.194816
8 0.155874
9 0.266644
10 0.239748
11 0.165447
12 0.180119
13 0.202935
14 0.153026
15 0.148546
16 0.231372
17 0.235428
18 0.184259
19 0.172687
20 0.183962
21 0.192863
22 0.192032
23 0.226731
24 0.242346
25 0.20841
26 0.218571
27 0.212894
28 0.223887
29 0.213534
"[DEBUG]index 94 centroid... "
0 0.188251
1 0.195146
2 0.191818
3 0.230342
4 0.221508
5 0.194076
6 0.223467
7 0.177028
8 0.0931308
9 0.156102
10 0.173051
11 0.190949
12 0.247284
13 0.177648
14 0.163402
15 0.23211
16 0.221882
17 0.164828
18 0.193907
19 0.227084
20 0.240125
21 0.237953
22 0.275655
23 0.284473
24 0.265137
25 0.282547
26 0.273242
27 0.246822
28 0.248562
29 0.256235
"[DEBUG]index 95 centroid... "
0 0.154265
1 0.153827
2 0.179432
3 0.204935
4 0.210524
5 0.180059
6 0.168104
7 0.16708
8 0.0729016
9 0.0959502
10 0.108434
11 0.224946
12 0.238813
13 0.195478
14 0.215098
15 0.192345
16 0.161641
17 0.205202
18 0.163449
19 0.180088
20 0.228565
21 0.19384
22 0.198314
23 0.185962
24 0.190713
25 0.177781
26 0.18022
27 0.196569
28 0.205436
29 0.202444
"[DEBUG]index 96 centroid... "
0 0.212594
1 0.195457
2 0.214412
3 0.210128
4 0.2038
5 0.190157
6 0.22966
7 0.237876
8 0.139828
9 0.162665
10 0.220037
11 0.219259
12 0.176482
13 0.22156
14 0.248042
15 0.189218
16 0.210285
17 0.248677
18 0.194757
19 0.177381
20 0.252276
21 0.236209
22 0.173609
23 0.200034
24 0.218077
25 0.186254
26 0.205161
27 0.208149
28 0.205394
29 0.193116
"[DEBUG]index 97 centroid... "
0 0.193937
1 0.172352
2 0.196478
3 0.195963
4 0.185179
5 0.182147
6 0.22501
7 0.198661
8 0.123153
9 0.219365
10 0.216354
11 0.169004
12 0.194239
13 0.150593
14 0.159463
15 0.193163
16 0.190422
17 0.202099
18 0.188165
19 0.157784
20 0.210072
21 0.167535
22 0.162959
23 0.207229
24 0.199878
25 0.200949
26 0.188912
27 0.186262
28 0.171929
29 0.177601
"[DEBUG]index 98 centroid... "
0 0.22216
1 0.192361
2 0.223983
3 0.224593
4 0.219607
5 0.244098
6 0.255921
7 0.226456
8 0.104455
9 0.228221
10 0.243848
11 0.16485
12 0.18236
13 0.277114
14 0.161048
15 0.122695
16 0.219984
17 0.143361
18 0.152091
19 0.188841
20 0.18589
21 0.207396
22 0.184806
23 0.231989
24 0.209421
25 0.270298
26 0.271948
27 0.215814
28 0.233359
29 0.25708
"[DEBUG]index 99 centroid... "
0 0.197124
1 0.193041
2 0.196143
3 0.217509
4 0.205321
5 0.198273
6 0.233639
7 0.222021
8 0.138194
9 0.167165
10 0.21284
11 0.209411
12 0.201698
13 0.222729
14 0.230504
15 0.18297
16 0.215041
17 0.180922
18 0.111103
19 0.21097
20 0.22189
21 0.193314
22 0.203837
23 0.208432
24 0.19439
25 0.189402
26 0.184922
27 0.194971
28 0.190994
29 0.213055
