correlation level (red against blue): 
-0.485191
0.116571
-0.382922
-0.387553
-0.679855
-0.636555
-0.696874
0.00398949
-0.712402
-0.765673
-0.725429
-0.452595
-0.813577
-0.455279
-0.421172
-0.591463
-0.702332
-0.617432
-0.763302
-0.501464
-0.352595
-0.852043
-0.853863
-0.784513
-0.802925
-0.659398
-0.0881678
-0.522035
-0.706377
-0.709112
-0.718286
-0.608251
-0.263461
-0.630941
-0.743336
-0.56849
-0.769918
-0.796711
-0.794676
-0.792846
-0.680278
-0.605927
-0.865364
-0.867588
-0.68635
-0.67404
-0.711454
-0.58308
-0.807447
-0.595796
-0.777728
-0.703694
-0.808816
-0.161687
-0.518295
-0.316783
-0.775304
-0.664468
-0.710581
-0.69167
-0.59438
-0.770357
-0.55472
-0.661231
-0.558425
-0.654255
-0.550747
-0.667365
-0.474263
-0.675152
-0.875158
-0.753772
-0.555669
-0.484985
-0.607124
-0.608453
-0.723698
-0.741908
-0.568599
-0.604018
-0.705985
-0.762326
-0.65196
-0.631816
-0.712767
-0.575447
-0.638911
-0.636977
-0.752348
-0.701165
-0.439521
-0.480924
-0.748635
-0.620791
-0.692012
-0.719532
-0.698689
-0.733575
-0.809225
-0.832974
