"[DEBUG]index 0 centroid... "
0 1.17582
1 1.05495
2 0.978022
3 0.967033
4 1.02198
5 1.46154
6 1.8022
7 1.61538
8 4.23077
9 1.95604
10 4.28571
11 6.32967
12 9.48352
13 13.9451
14 16.956
15 13.1758
16 10.1538
17 11.3736
18 7.13187
19 5.01099
20 6.89011
21 3.37363
22 2.10989
23 2.08791
24 3.10989
25 2.13187
26 1.02198
27 3.47253
28 1.97802
29 1.17582
"[DEBUG]index 1 centroid... "
0 6.95192
1 6.16346
2 5.72115
3 5.96154
4 5.04808
5 5.19231
6 3.90385
7 2.67308
8 10.0192
9 4.05769
10 3.625
11 2.18269
12 1.28846
13 0.586538
14 0.557692
15 0.365385
16 0.480769
17 0.692308
18 0.673077
19 1.47115
20 2.00962
21 2.32692
22 3.57692
23 3
24 3.625
25 3.92308
26 4.76923
27 4.14423
28 5.31731
29 5.02885
"[DEBUG]index 2 centroid... "
0 2.32672
1 2.61243
2 2.14021
3 2.53175
4 2.30952
5 2.57275
6 2.27381
7 1.68915
8 9.72222
9 3.51455
10 1.99339
11 1.10714
12 0.690476
13 0.740741
14 1.17857
15 2.05556
16 4.27645
17 7.01323
18 16.6204
19 6.94709
20 4.86111
21 2.26587
22 1.27249
23 2.99735
24 2.52645
25 2.54762
26 2.54497
27 2.72222
28 2.73016
29 2.37831
"[DEBUG]index 3 centroid... "
0 4.60256
1 4.48718
2 4.55128
3 3.24359
4 4.60256
5 4.70513
6 5.0641
7 2.60256
8 13.4231
9 2.96154
10 2.71795
11 1.4359
12 1.32051
13 2.85897
14 6.39744
15 6.4359
16 8.65385
17 1.75641
18 1.44872
19 0.692308
20 0.333333
21 0.397436
22 1.16667
23 3.46154
24 3.80769
25 3.0641
26 3.29487
27 2.33333
28 3.25641
29 3.24359
"[DEBUG]index 4 centroid... "
0 3.02501
1 2.53602
2 2.42684
3 2.40926
4 2.67962
5 3.22233
6 2.83313
7 1.42585
8 20.0045
9 4.17702
10 2.79376
11 1.50829
12 3.23843
13 2.01807
14 6.744
15 7.78955
16 2.04209
17 1.24981
18 3.46596
19 2.42981
20 4.20673
21 23.279
22 5.36148
23 3.03937
24 3.6004
25 3.80911
26 2.82966
27 2.9287
28 2.79747
29 2.87819
"[DEBUG]index 5 centroid... "
0 3.2435
1 3.15133
2 3.32347
3 3.16664
4 3.35781
5 2.90813
6 2.69883
7 1.81656
8 19.3
9 5.25167
10 2.80229
11 5.01011
12 22.2469
13 2.92136
14 2.27516
15 1.87602
16 1.762
17 2.3596
18 3.64695
19 20.4287
20 5.02066
21 2.6022
22 3.38115
23 3.68173
24 2.75576
25 2.62673
26 2.66255
27 3.10272
28 3.0391
29 2.76884
"[DEBUG]index 6 centroid... "
0 2.94212
1 2.85451
2 3.04693
3 2.66865
4 2.69493
5 3.04412
6 2.34825
7 2.39487
8 18.653
9 2.90394
10 14.7926
11 17.6611
12 4.76971
13 2.73154
14 1.38673
15 2.40738
16 5.95995
17 5.66458
18 2.27472
19 1.16521
20 2.47184
21 5.84168
22 1.86014
23 2.27628
24 2.2403
25 2.56977
26 2.37203
27 2.26502
28 2.32791
29 2.36577
"[DEBUG]index 7 centroid... "
0 3.17925
1 3.37421
2 3.59748
3 3.30503
4 3.55975
5 3.12893
6 2.83962
7 1.91509
8 13.5786
9 3.54403
10 6.86164
11 3.83333
12 13.088
13 12.1981
14 4.52201
15 1.99371
16 1.20755
17 0.742138
18 0.68239
19 1.15409
20 1.02201
21 2.11635
22 6.25472
23 2.33333
24 3.43396
25 2.8522
26 2.52516
27 2.75157
28 2.58176
29 2.76415
"[DEBUG]index 8 centroid... "
0 3.78531
1 3.61982
2 3.55054
3 3.30337
4 4.28484
5 4.18459
6 3.35503
7 2.23892
8 36.4428
9 5.02313
10 3.09682
11 3.52247
12 3.3505
13 10.3454
14 2.32604
15 11.8441
16 2.50329
17 13.6007
18 2.75279
19 2.46852
20 11.0395
21 2.96557
22 1.30885
23 3.93867
24 3.69036
25 3.24527
26 3.3857
27 3.36789
28 3.39243
29 3.28549
"[DEBUG]index 9 centroid... "
0 4.8916
1 4.51187
2 4.52769
3 4.15989
4 4.70923
5 4.48105
6 3.78459
7 2.86953
8 34.1357
9 4.95559
10 9.48494
11 11.7638
12 4.14212
13 1.4372
14 2.74379
15 14.4626
16 2.83067
17 1.37405
18 2.9932
19 13.6854
20 2.83331
21 1.42526
22 3.46898
23 4.55281
24 3.766
25 3.52922
26 3.74698
27 3.90368
28 3.65024
29 3.47398
"[DEBUG]index 10 centroid... "
0 4.17228
1 4.20214
2 3.90083
3 3.90373
4 4.4591
5 4.61509
6 3.77343
7 2.44571
8 29.7528
9 6.70955
10 3.73996
11 1.83333
12 3.15092
13 14.0595
14 3.07094
15 1.41404
16 2.98118
17 12.705
18 10.9325
19 2.98498
20 1.75443
21 3.13952
22 14.6576
23 3.403
24 3.58198
25 4.37803
26 4.24738
27 3.94734
28 3.79986
29 3.76276
"[DEBUG]index 11 centroid... "
0 2.15885
1 2.20055
2 1.94296
3 1.93223
4 1.87764
5 2.06164
6 2.30757
7 1.78381
8 10.5771
9 2.8157
10 11.3367
11 3.95431
12 1.93162
13 2.35357
14 1.15302
15 1.88132
16 5.18675
17 2.09537
18 4.48359
19 7.01963
20 23.3824
21 6.9034
22 4.2625
23 2.57958
24 2.74026
25 2.30389
26 2.34284
27 2.35296
28 2.45876
29 2.2122
"[DEBUG]index 12 centroid... "
0 3.48969
1 3.35135
2 3.06553
3 3.12921
4 3.89811
5 3.64645
6 3.40043
7 2.49137
8 24.9401
9 4.81594
10 2.65545
11 2.9616
12 10.1528
13 2.86075
14 2.65102
15 4.6955
16 29.2552
17 5.06469
18 2.66261
19 8.72658
20 3.31075
21 2.35675
22 7.70667
23 3.0778
24 3.23903
25 3.42112
26 3.34338
27 3.17205
28 2.98368
29 2.87882
"[DEBUG]index 13 centroid... "
0 3.58606
1 3.6007
2 3.34216
3 3.14913
4 3.43415
5 3.11498
6 3.68223
7 2.05087
8 18.5275
9 2.82091
10 18.8021
11 2.88711
12 20.0906
13 3.72404
14 7.25226
15 2.09617
16 2.47735
17 4.72683
18 6.07038
19 2.14216
20 1.26411
21 0.829965
22 1.34216
23 2.16585
24 2.0439
25 2.47944
26 2.22787
27 1.99303
28 2.20279
29 1.94564
"[DEBUG]index 14 centroid... "
0 3.70791
1 4.16126
2 3.33063
3 3.32657
4 3.94929
5 3.74645
6 4.05882
7 2.37627
8 18.8692
9 4.68256
10 2.79817
11 1.43002
12 0.667343
13 1.71907
14 1.286
15 2.20183
16 12.6146
17 3.02941
18 1.43813
19 1.52637
20 3.46957
21 1.96653
22 10.5953
23 2.93915
24 3.91379
25 4.11663
26 4.24949
27 3.1572
28 3.54564
29 3.12576
"[DEBUG]index 15 centroid... "
0 2.01498
1 2.12832
2 2.09553
3 1.93003
4 2.01317
5 2.52104
6 2.55693
7 1.70204
8 8.62277
9 21.5463
10 7.15311
11 4.38162
12 2.14072
13 3.79938
14 12.6871
15 3.1149
16 1.45675
17 4.28092
18 2.02324
19 4.13297
20 1.51691
21 3.88355
22 3.86858
23 1.73741
24 1.93571
25 1.90886
26 1.95327
27 1.80558
28 1.74206
29 1.6269
"[DEBUG]index 16 centroid... "
0 3.72793
1 3.6334
2 3.2345
3 3.15681
4 3.85927
5 3.91478
6 3.25756
7 1.97666
8 30.8595
9 5.05394
10 2.84209
11 1.58172
12 1.43559
13 2.66762
14 3.24107
15 1.09192
16 3.22423
17 1.27618
18 2.43135
19 12.9387
20 1.91937
21 2.51061
22 1.27372
23 3.69213
24 2.99843
25 2.95291
26 2.9154
27 3.14066
28 3.2013
29 3.13032
"[DEBUG]index 17 centroid... "
0 3.75223
1 3.76692
2 3.52249
3 3.27624
4 3.37362
5 3.95926
6 3.05846
7 2.21899
8 25.6079
9 5.54839
10 2.37241
11 12.6732
12 3.09299
13 1.19446
14 1.62275
15 3.72088
16 1.29214
17 2.49356
18 12.0088
19 2.90444
20 2.37756
21 10.3986
22 9.8896
23 2.50083
24 3.51507
25 3.94215
26 3.43283
27 3.5081
28 3.4763
29 3.27669
"[DEBUG]index 18 centroid... "
0 3.19083
1 3.19891
2 2.99731
3 2.88922
4 3.23476
5 3.70898
6 3.15159
7 2.36786
8 21.1062
9 5.65506
10 2.52969
11 8.15298
12 3.05504
13 3.29059
14 7.6252
15 2.2622
16 4.14482
17 26.527
18 6.12988
19 2.78529
20 6.03325
21 24.1647
22 5.16253
23 2.96961
24 3.87854
25 3.86925
26 3.58786
27 3.47031
28 3.35475
29 3.46979
"[DEBUG]index 19 centroid... "
0 3.26884
1 2.82261
2 2.74632
3 2.7091
4 2.85432
5 3.20634
6 2.95083
7 2.01333
8 17.1797
9 4.4136
10 3.05285
11 1.98851
12 2.40625
13 3.81342
14 21.6406
15 4.41406
16 2.77574
17 6.03998
18 16.8768
19 16.3805
20 4.14844
21 2.48116
22 8.68474
23 3.08915
24 3.04412
25 3.05239
26 3.40028
27 3.40395
28 3.12868
29 2.9205
"[DEBUG]index 20 centroid... "
0 5.59652
1 4.82595
2 4.21519
3 4.37975
4 4.20728
5 4.91772
6 3.66297
7 2.24525
8 19.6456
9 7.24051
10 2.47785
11 3.58703
12 4.81487
13 1.29747
14 0.757911
15 1.19462
16 3.19778
17 12.0997
18 2.42247
19 3.28165
20 1.62975
21 0.637658
22 1.34335
23 4.25
24 3.67722
25 3.80696
26 3.7943
27 3.97152
28 3.875
29 4.18829
"[DEBUG]index 21 centroid... "
0 3.82038
1 3.86487
2 3.76402
3 3.38763
4 3.95148
5 4.08889
6 3.21504
7 2.36861
8 41.3127
9 5.04216
10 2.64325
11 13.2239
12 3.58867
13 2.51633
14 3.32045
15 1.34525
16 2.84141
17 3.65077
18 1.22565
19 2.79637
20 10.3197
21 2.31036
22 2.6918
23 3.50651
24 3.32482
25 2.90641
26 2.99068
27 2.94161
28 3.05203
29 3.05273
"[DEBUG]index 22 centroid... "
0 4.03337
1 3.60084
2 3.52803
3 3.75426
4 3.99908
5 4.1947
6 3.76299
7 2.18125
8 26.2962
9 4.54601
10 2.09673
11 8.35747
12 9.57445
13 2.28712
14 4.39567
15 30.1846
16 4.33231
17 2.84329
18 2.06562
19 1.75211
20 2.74512
21 7.83847
22 2.20631
23 3.58338
24 3.6602
25 3.39341
26 3.04108
27 2.95697
28 2.92832
29 2.93469
"[DEBUG]index 23 centroid... "
0 3.54418
1 3.42507
2 3.2556
3 3.22217
4 3.69114
5 3.8995
6 3.01393
7 1.95242
8 23.3458
9 4.77928
10 2.98886
11 3.59298
12 8.01604
13 3.87766
14 27.2383
15 4.33493
16 2.80011
17 1.68579
18 2.36501
19 7.19398
20 2.22808
21 2.22908
22 1.38641
23 3.51131
24 2.94975
25 2.72267
26 2.64836
27 2.70295
28 2.66797
29 2.55788
"[DEBUG]index 24 centroid... "
0 4.09072
1 4.01593
2 3.94297
3 3.71117
4 4.15438
5 4.47526
6 3.58495
7 2.51269
8 38.4205
9 5.27411
10 2.72878
11 12.5531
12 3.16918
13 8.15592
14 2.69721
15 13.9781
16 2.38336
17 2.62561
18 11.0026
19 3.04651
20 1.34117
21 3.26752
22 2.99429
23 3.47306
24 3.27752
25 3.22078
26 3.20393
27 3.24898
28 3.13438
29 3.02168
"[DEBUG]index 25 centroid... "
0 4.2736
1 4.07778
2 3.85185
3 3.36811
4 3.94019
5 4.14999
6 3.35825
7 2.14127
8 37.0654
9 4.48388
10 14.8994
11 2.70388
12 1.56489
13 1.40128
14 3.16414
15 2.94181
16 1.10556
17 3.19626
18 3.31846
19 1.02901
20 2.75567
21 2.72093
22 0.982517
23 3.12256
24 2.90154
25 2.82013
26 2.84427
27 2.85238
28 2.83542
29 2.98392
"[DEBUG]index 26 centroid... "
0 3.67356
1 3.62529
2 4.00345
3 3.4069
4 3.72414
5 4.1931
6 3.45632
7 2.1046
8 18.6437
9 5.7069
10 2.47471
11 1.14598
12 3.14828
13 12.0943
14 2.02529
15 0.865517
16 0.764368
17 1.46437
18 3.2092
19 1.84828
20 12.2138
21 1.9
22 10.3115
23 3.08851
24 3.4069
25 3.47931
26 3.5069
27 3.20575
28 3.54483
29 3.53448
"[DEBUG]index 27 centroid... "
0 2.23641
1 2.16126
2 2.3825
3 2.1796
4 1.99471
5 2.51553
6 2.30593
7 2.1909
8 12.4125
9 2.90579
10 10.0847
11 11.1468
12 3.87156
13 2.00988
14 6.07516
15 2.30522
16 3.93013
17 6.34157
18 26.3677
19 7.26782
20 4.33133
21 2.27558
22 5.83874
23 2.08539
24 2.02294
25 2.19725
26 2.50565
27 2.27417
28 2.37932
29 2.05716
"[DEBUG]index 28 centroid... "
0 3.0095
1 3.44636
2 3.45118
3 2.95951
4 3.48334
5 3.63593
6 2.7622
7 2.171
8 23.1628
9 4.73283
10 7.90222
11 6.94125
12 5.72654
13 28.2492
14 4.54239
15 2.05232
16 8.10757
17 2.35414
18 7.46945
19 2.42385
20 8.81117
21 2.06197
22 8.40953
23 2.78588
24 3.03479
25 3.00102
26 2.9468
27 2.829
28 2.7565
29 2.66662
"[DEBUG]index 29 centroid... "
0 3.20754
1 3.11141
2 3.13544
3 2.7831
4 3.18982
5 3.75173
6 3.38126
7 2.67454
8 20.3155
9 2.79328
10 21.331
11 4.50733
12 2.83157
13 3.19308
14 5.92464
15 3.28248
16 21.667
17 4.69491
18 2.23523
19 6.08411
20 6.86578
21 2.09145
22 1.289
23 2.90937
24 2.65112
25 2.60754
26 2.57739
27 2.57515
28 2.55377
29 2.4721
"[DEBUG]index 30 centroid... "
0 3.06437
1 3.08026
2 2.89402
3 2.78296
4 3.18673
5 3.51269
6 2.80442
7 1.8154
8 24.259
9 5.73186
10 2.55348
11 1.40655
12 3.67387
13 1.29582
14 2.94185
15 0.870598
16 2.92531
17 10.9862
18 1.89337
19 9.39705
20 8.27846
21 1.79148
22 10.5836
23 2.98722
24 2.75446
25 3.42735
26 3.5045
27 3.27486
28 3.3602
29 3.19247
"[DEBUG]index 31 centroid... "
0 4.86117
1 4.31888
2 4.26888
3 3.95405
4 4.73435
5 4.46169
6 3.69875
7 2.17446
8 42.4742
9 5.68058
10 3.63515
11 3.3859
12 18.357
13 2.20439
14 1.35467
15 3.67499
16 3.37344
17 1.529
18 3.20495
19 1.55078
20 3.41671
21 2.93887
22 1.46597
23 3.5108
24 3.4619
25 3.09616
26 3.15234
27 3.29108
28 3.22291
29 3.21419
"[DEBUG]index 32 centroid... "
0 2.32275
1 2.39015
2 1.91056
3 2.27997
4 2.26377
5 2.49838
6 2.57226
7 1.7628
8 14.3558
9 3.02203
10 1.75049
11 1.13934
12 1.18859
13 1.84381
14 3.28192
15 14.0927
16 12.3597
17 3.74725
18 5.9676
19 1.63124
20 5.63383
21 4.92029
22 1.56448
23 2.35774
24 2.58458
25 2.65392
26 2.43098
27 2.33895
28 2.3059
29 2.151
"[DEBUG]index 33 centroid... "
0 3.24726
1 3.22616
2 3.13431
3 2.83034
4 2.97077
5 3.00289
6 2.94598
7 1.85803
8 23.1021
9 3.25438
10 26.0099
11 4.06363
12 2.36814
13 3.08298
14 2.87046
15 1.22455
16 1.3246
17 1.09373
18 2.7696
19 6.36296
20 1.75489
21 6.54781
22 2.18088
23 2.59155
24 2.49714
25 2.44527
26 2.2906
27 2.40288
28 2.47228
29 2.34308
"[DEBUG]index 34 centroid... "
0 3.20957
1 3.33557
2 3.23971
3 3.11267
4 3.71798
5 3.97925
6 3.31158
7 2.10884
8 23.3149
9 4.39608
10 3.0175
11 1.97995
12 2.89788
13 5.03292
14 27.6167
15 4.18755
16 2.1566
17 9.23902
18 3.01101
19 1.29396
20 3.06549
21 2.37186
22 7.33754
23 2.98308
24 3.26046
25 3.33442
26 3.20563
27 3.0437
28 2.84919
29 2.99907
"[DEBUG]index 35 centroid... "
0 3.09557
1 2.83674
2 2.78617
3 2.70026
4 2.77334
5 2.84437
6 2.62328
7 1.61417
8 20.8457
9 4.44942
10 6.30457
11 4.54091
12 23.5805
13 3.9736
14 1.98048
15 6.23113
16 2.31127
17 8.04909
18 2.19133
19 6.78263
20 4.37096
21 20.2363
22 5.22555
23 2.70082
24 3.11026
25 3.07903
26 2.6547
27 2.67014
28 2.57679
29 2.76051
"[DEBUG]index 36 centroid... "
0 3.64196
1 3.31118
2 3.33144
3 2.99656
4 2.96704
5 3.55367
6 3.2503
7 2.03111
8 16.8176
9 20.3321
10 4.86684
11 2.33342
12 10.1452
13 2.26592
14 1.10933
15 1.24646
16 2.48524
17 2.44011
18 1.13713
19 3.0176
20 1.18544
21 2.07174
22 6.53051
23 2.08948
24 2.43031
25 2.58729
26 2.73236
27 2.52416
28 2.3734
29 2.4683
"[DEBUG]index 37 centroid... "
0 3.43122
1 3.55668
2 3.21071
3 3.04488
4 3.40907
5 3.78798
6 3.27681
7 2.21357
8 25.2432
9 5.02841
10 2.60385
11 3.09122
12 2.84928
13 2.94657
14 8.44706
15 2.35263
16 4.81446
17 27.3568
18 4.81217
19 2.57602
20 1.76734
21 3.0493
22 1.29998
23 3.07164
24 2.76137
25 2.99417
26 2.95279
27 2.94696
28 2.64363
29 2.51477
"[DEBUG]index 38 centroid... "
0 3.81251
1 3.58849
2 3.47804
3 3.38579
4 4.0261
5 4.30233
6 3.72518
7 2.27496
8 30.424
9 4.91066
10 2.77403
11 1.85808
12 4.08203
13 1.21269
14 2.66
15 14.3488
16 2.47587
17 2.50205
18 12.1859
19 3.38951
20 1.22164
21 2.79372
22 11.5872
23 2.94578
24 3.57461
25 3.93139
26 3.92229
27 3.5993
28 3.43799
29 3.31136
"[DEBUG]index 39 centroid... "
0 3.27689
1 3.33525
2 3.22795
3 3.10161
4 3.37566
5 3.63318
6 3.04887
7 2.14087
8 25.8923
9 4.92544
10 2.89109
11 8.22789
12 2.77631
13 7.43254
14 2.10936
15 8.74713
16 8.31595
17 2.84648
18 4.97392
19 30.8138
20 4.97689
21 2.56507
22 3.36314
23 3.83351
24 3.10768
25 2.97928
26 2.98018
27 3.18057
28 3.05778
29 2.80497
"[DEBUG]index 40 centroid... "
0 7.18249
1 7.11784
2 6.26759
3 5.86498
4 5.95008
5 6.57038
6 4.84288
7 3.28478
8 21.3723
9 7.57938
10 2.30933
11 14.0082
12 3.54746
13 3.08429
14 4.37889
15 1.75859
16 0.702128
17 1.43535
18 1.46645
19 3.70213
20 1.12684
21 0.714403
22 1.28642
23 4.03928
24 3.22831
25 3.23322
26 3.55646
27 3.68822
28 3.82733
29 3.39607
"[DEBUG]index 41 centroid... "
0 2.49699
1 2.98566
2 2.74039
3 2.6562
4 2.3547
5 2.78614
6 2.81569
7 2.03012
8 8.49225
9 20.2394
10 3.80694
11 21.1315
12 7.51678
13 3.47633
14 4.19234
15 4.0241
16 1.73365
17 1.28643
18 1.76205
19 1.69621
20 3.03141
21 1.66997
22 0.976764
23 1.7457
24 1.77108
25 1.49096
26 1.65333
27 1.64314
28 1.65419
29 1.54073
"[DEBUG]index 42 centroid... "
0 3.98013
1 3.9115
2 3.154
3 3.02355
4 3.14719
5 3.76118
6 3.55216
7 2.01877
8 18.1282
9 21.9273
10 4.77847
11 2.46881
12 9.40883
13 2.30745
14 2.62373
15 1.23459
16 2.34903
17 8.79025
18 7.47102
19 1.7965
20 8.67967
21 2.68592
22 1.13008
23 3.02944
24 2.91224
25 2.62208
26 2.76688
27 2.95897
28 2.64986
29 2.7172
"[DEBUG]index 43 centroid... "
0 4.19417
1 4.22445
2 3.95646
3 3.77718
4 4.75829
5 4.78982
6 4.03816
7 2.53109
8 30.4305
9 4.73439
10 3.08495
11 4.08245
12 1.39409
13 3.00988
14 14.1665
15 2.56825
16 1.44101
17 1.7175
18 1.62817
19 4.10334
20 1.20143
21 2.52346
22 11.4308
23 3.32791
24 3.70161
25 3.83898
26 3.90191
27 3.42562
28 3.39122
29 3.33867
"[DEBUG]index 44 centroid... "
0 2.96738
1 3.16977
2 2.96755
3 2.44496
4 3.05528
5 3.16292
6 2.68249
7 1.75563
8 27.7019
9 4.14881
10 10.0437
11 2.53017
12 1.2902
13 3.14897
14 1.24046
15 2.50114
16 1.9196
17 11.7631
18 2.0252
19 9.59116
20 1.93624
21 9.76655
22 2.11815
23 2.88462
24 2.82273
25 3.07991
26 2.80047
27 2.84255
28 2.76345
29 2.93615
"[DEBUG]index 45 centroid... "
0 3.25812
1 3.17793
2 3.30719
3 2.79183
4 3.39206
5 3.53809
6 2.78392
7 1.82177
8 29.8018
9 4.02605
10 11.3496
11 2.60472
12 2.76734
13 9.69886
14 1.8086
15 8.74344
16 2.69535
17 2.9601
18 1.27802
19 2.69427
20 10.1404
21 1.84216
22 9.83982
23 3.08214
24 3.35772
25 3.33021
26 3.07619
27 2.94761
28 2.9602
29 2.84645
"[DEBUG]index 46 centroid... "
0 4.00448
1 3.80224
2 3.71448
3 3.48223
4 4.30771
5 4.25417
6 3.35586
7 1.86991
8 39.2339
9 5.89026
10 3.52397
11 3.75426
12 13.2884
13 1.94983
14 12.6945
15 3.1201
16 1.46555
17 3.70095
18 11.6348
19 2.58079
20 2.74273
21 10.8202
22 2.90858
23 3.64393
24 3.93663
25 3.66788
26 3.50454
27 3.58875
28 3.45112
29 3.43677
"[DEBUG]index 47 centroid... "
0 3.52187
1 3.5401
2 3.30685
3 3.09606
4 3.58039
5 3.80626
6 3.18224
7 2.30434
8 32.4119
9 4.73953
10 2.49053
11 10.3763
12 3.34321
13 1.3474
14 3.28128
15 2.70357
16 11.6765
17 2.40431
18 12.4632
19 2.2071
20 11.2429
21 2.51388
22 2.87876
23 3.49414
24 3.50432
25 2.94821
26 3.28583
27 3.22777
28 3.22859
29 2.9918
"[DEBUG]index 48 centroid... "
0 3.22425
1 3.18435
2 3.04643
3 2.8553
4 3.91004
5 3.71936
6 3.12088
7 2.02867
8 51.4661
9 4.13429
10 3.05405
11 3.09499
12 3.25388
13 7.92975
14 2.44837
15 2.20135
16 8.65595
17 2.91147
18 2.79278
19 2.83652
20 2.40931
21 7.35556
22 2.37852
23 2.87706
24 2.97563
25 2.98368
26 2.79308
27 2.73208
28 2.70641
29 2.67119
"[DEBUG]index 49 centroid... "
0 4.87637
1 4.9002
2 4.61817
3 4.05511
4 5.13555
5 5.05859
6 4.44638
7 2.25819
8 26.3108
9 4.99454
10 2.62264
11 1.60179
12 3.75124
13 2.03972
14 14.1817
15 2.01192
16 3.54965
17 1.56604
18 0.679245
19 1.11271
20 3.42254
21 2.61668
22 0.847071
23 4.02185
24 3.60427
25 3.09484
26 3.57795
27 3.41708
28 3.29692
29 3.15293
"[DEBUG]index 50 centroid... "
0 4.04227
1 4.08925
2 3.91656
3 3.6102
4 4.0667
5 4.55893
6 3.57881
7 2.24876
8 37.5245
9 5.90834
10 2.52304
11 11.2645
12 13.1654
13 2.08925
14 10.749
15 3.06728
16 2.50876
17 11.6993
18 2.90698
19 3.45854
20 1.68349
21 3.04766
22 10.8316
23 3.17594
24 3.38101
25 3.8248
26 3.9763
27 3.41344
28 3.3808
29 3.21365
"[DEBUG]index 51 centroid... "
0 3.26183
1 3.27914
2 3.41267
3 2.86301
4 3.50071
5 3.60071
6 3.16428
7 1.98642
8 30.6022
9 3.81678
10 11.7839
11 2.80388
12 1.49691
13 2.72663
14 11.103
15 1.99532
16 2.84285
17 2.58944
18 12.4947
19 2.2006
20 9.33433
21 1.92648
22 10.7754
23 2.81692
24 3.33935
25 3.12694
26 3.41918
27 3.07189
28 3.02478
29 2.96898
"[DEBUG]index 52 centroid... "
0 5.14128
1 5.06607
2 4.47412
3 4.21387
4 5.00632
5 5.13906
6 4.41881
7 3.12421
8 32.2543
9 6.03777
10 2.49913
11 14.7044
12 4.04376
13 1.34796
14 4.12051
15 3.32303
16 12.3138
17 3.13691
18 1.35475
19 4.246
20 1.3196
21 3.40483
22 1.37061
23 4.00625
24 3.89642
25 3.7337
26 3.64182
27 3.60089
28 3.53455
29 3.45645
"[DEBUG]index 53 centroid... "
0 3.56225
1 3.14659
2 2.76506
3 3.2249
4 2.96586
5 3.30522
6 3.21486
7 1.50803
8 14.4639
9 5.16667
10 2.31526
11 1.35944
12 0.576305
13 0.680723
14 0.84739
15 2.93173
16 1.0502
17 1.15462
18 2.57028
19 5.17269
20 14.7329
21 5.35341
22 2.14257
23 3.38956
24 4.03815
25 3.82329
26 3.25301
27 3.28313
28 3.46787
29 3.38353
"[DEBUG]index 54 centroid... "
0 5.49802
1 5.44664
2 6.24506
3 5.54545
4 6.18577
5 6.24111
6 4.7747
7 3.66008
8 16.2648
9 6.43083
10 2.02372
11 11.1858
12 4.43083
13 1.49407
14 1.94071
15 5.68379
16 0.98419
17 1.83004
18 0.885375
19 0.581028
20 0.833992
21 1.52569
22 3.99209
23 4.06324
24 3.39526
25 3.86561
26 4.33597
27 3.4664
28 4.58893
29 3.73123
"[DEBUG]index 55 centroid... "
0 3.44509
1 3.4965
2 3.23598
3 2.65771
4 2.9743
5 3.06776
6 2.79673
7 1.69743
8 16.4381
9 4.875
10 1.64486
11 7.9264
12 8.08178
13 1.69276
14 0.995327
15 2.99182
16 1.3271
17 0.63785
18 1.17757
19 2.37383
20 5.75117
21 17.1273
22 4.93458
23 3.30607
24 3.8236
25 3.71729
26 3.08061
27 3.21495
28 3.2535
29 3.40421
"[DEBUG]index 56 centroid... "
0 4.49944
1 4.5227
2 4.02752
3 3.98562
4 4.18849
5 4.7556
6 3.60313
7 2.74984
8 29.7242
9 6.05116
10 2.87417
11 12.2912
12 2.68568
13 12.4881
14 3.26091
15 2.3172
16 9.81413
17 13.7358
18 2.20425
19 1.51182
20 3.78862
21 1.31082
22 3.28893
23 3.4005
24 3.2065
25 3.62164
26 3.6404
27 3.20901
28 3.2065
29 3.23677
"[DEBUG]index 57 centroid... "
0 2.07298
1 2.18894
2 2.07098
3 1.84972
4 1.73276
5 2.34455
6 2.56415
7 1.73709
8 7.6008
9 19.4805
10 5.8084
11 3.37754
12 2.20293
13 1.08164
14 1.48151
15 2.95468
16 11.2466
17 2.51683
18 4.53715
19 1.81839
20 0.94102
21 1.69444
22 3.64145
23 1.39187
24 1.77674
25 1.84372
26 1.88371
27 1.66844
28 1.47951
29 1.45951
"[DEBUG]index 58 centroid... "
0 4.06281
1 3.93913
2 3.6968
3 3.51664
4 4.10826
5 4.35968
6 3.88297
7 2.32203
8 27.1389
9 5.34897
10 3.20062
11 1.21636
12 3.57767
13 9.47492
14 2.01542
15 10.598
16 11.4136
17 1.97452
18 13.1175
19 2.55267
20 2.96299
21 1.20938
22 3.04675
23 3.4212
24 3.35968
25 3.43142
26 3.45772
27 3.29054
28 3.2834
29 3.05097
"[DEBUG]index 59 centroid... "
0 3.29208
1 3.10309
2 2.98533
3 2.78553
4 3.31149
5 3.39981
6 2.89153
7 1.55598
8 25.8321
9 4.79566
10 3.03086
11 3.27472
12 10.7868
13 2.4073
14 6.87813
15 2.36837
16 9.88266
17 3.2027
18 2.95558
19 4.72001
20 28.0847
21 5.21389
22 2.84357
23 3.69199
24 3.87749
25 2.94571
26 3.07735
27 3.05223
28 3.26686
29 2.81397
"[DEBUG]index 60 centroid... "
0 2.55156
1 2.62345
2 2.66058
3 2.41485
4 2.89982
5 2.87743
6 2.53565
7 1.92693
8 13.5427
9 2.91573
10 15.0524
11 3.49676
12 4.31939
13 14.5321
14 3.3683
15 13.6812
16 3.46435
17 5.29169
18 2.20094
19 1.30819
20 0.92693
21 2.03477
22 4.46081
23 2.08898
24 1.99764
25 2.45669
26 2.15085
27 2.08368
28 1.96111
29 1.85798
"[DEBUG]index 61 centroid... "
0 2.81555
1 2.8518
2 2.46754
3 2.61757
4 2.61161
5 2.99748
6 2.79514
7 1.79422
8 16.4006
9 5.01308
10 2.96146
11 1.73801
12 2.87291
13 7.55058
14 2.37646
15 1.39917
16 3.30695
17 2.45263
18 4.76508
19 21.315
20 3.14132
21 19.4022
22 5.37761
23 2.75981
24 3.52558
25 3.25671
26 2.85547
27 3.18307
28 3.19477
29 3.27988
"[DEBUG]index 62 centroid... "
0 3.91962
1 3.77661
2 3.58808
3 3.40391
4 4.19278
5 4.07004
6 3.67576
7 2.24052
8 28.3111
9 5.01429
10 2.66197
11 1.72745
12 4.43361
13 1.12943
14 2.47395
15 13.6241
16 2.37543
17 10.6056
18 2.20383
19 12.4963
20 2.26373
21 1.34036
22 1.37543
23 4.1565
24 3.26688
25 3.45307
26 3.38141
27 3.84512
28 3.35739
29 3.33641
"[DEBUG]index 63 centroid... "
0 1.59292
1 1.86836
2 1.55199
3 1.55973
4 1.65708
5 1.91593
6 1.88496
7 1.51881
8 7.69137
9 3.47898
10 1.74889
11 1.71903
12 4.29093
13 3.26659
14 1.78097
15 3.37168
16 6.99447
17 16.3839
18 10.4845
19 11.156
20 15.1737
21 6.66482
22 3.74558
23 2.12058
24 2.03872
25 2.24558
26 2.33075
27 2.47124
28 2.13496
29 2.07633
"[DEBUG]index 64 centroid... "
0 3.35037
1 3.17034
2 3.20161
3 2.87383
4 3.2967
5 3.33659
6 2.7915
7 1.86036
8 34.7795
9 4.22063
10 10.0271
11 2.55575
12 13.7258
13 2.27526
14 2.45714
15 9.01723
16 2.21214
17 8.79795
18 9.32721
19 2.24009
20 10.0752
21 2.21073
22 9.68383
23 3.05399
24 3.24928
25 3.23345
26 3.2826
27 3.00632
28 3.14889
29 2.88327
"[DEBUG]index 65 centroid... "
0 3.05975
1 2.82545
2 2.72531
3 2.52697
4 2.77815
5 2.98617
6 2.89129
7 1.90041
8 17.9593
9 2.81909
10 19.9416
11 3.80083
12 2.561
13 1.32365
14 2.20443
15 7.50954
16 2.09627
17 1.0545
18 1.43817
19 1.24869
20 1.93997
21 5.30124
22 6.31923
23 2.03817
24 2.73195
25 2.5657
26 2.55242
27 2.11314
28 2.21328
29 2.33167
"[DEBUG]index 66 centroid... "
0 3.18883
1 3.17971
2 3.16083
3 2.89103
4 3.6176
5 3.40402
6 3.04411
7 1.80417
8 32.2788
9 4.14259
10 11.5482
11 2.45501
12 12.605
13 2.10472
14 9.84254
15 2.14934
16 9.97076
17 1.94339
18 10.3923
19 9.7132
20 2.05074
21 7.981
22 10.8058
23 2.64246
24 3.42964
25 3.56636
26 3.13522
27 3.04474
28 3.27006
29 2.94276
"[DEBUG]index 67 centroid... "
0 3.38444
1 3.69492
2 3.31972
3 3.02388
4 2.89753
5 3.25116
6 3.10632
7 1.91602
8 15.9954
9 4.94915
10 1.94761
11 9.22496
12 2.44376
13 0.848228
14 0.690293
15 1.1225
16 2.67797
17 2.29738
18 4.35285
19 17.0655
20 4.82512
21 2.61017
22 1.20647
23 3.64715
24 2.75886
25 2.70724
26 2.83282
27 3.24037
28 3.4168
29 2.77966
"[DEBUG]index 68 centroid... "
0 3.79825
1 3.71114
2 3.52386
3 3.64708
4 3.85337
5 3.56556
6 3.02161
7 2.02821
8 28.8591
9 5.77021
10 3.19893
11 5.72014
12 33.1197
13 4.00664
14 2.66074
15 3.08912
16 7.92925
17 6.80952
18 2.12574
19 7.17972
20 3.06428
21 2.93572
22 1.63779
23 3.30588
24 2.93034
25 2.82974
26 2.84706
27 3.00753
28 2.87838
29 2.74078
"[DEBUG]index 69 centroid... "
0 2.85987
1 3.19917
2 2.98211
3 2.58676
4 3.12224
5 3.36315
6 3.34824
7 2.72451
8 17.0435
9 3.51819
10 17.093
11 5.36374
12 3.15385
13 5.97018
14 4.62373
15 18.2493
16 4.64758
17 4.48122
18 19.9541
19 5.45856
20 4.15385
21 19.2308
22 5.22361
23 2.78414
24 3.96184
25 3.4347
26 3.23196
27 2.97853
28 3.18008
29 2.78891
"[DEBUG]index 70 centroid... "
0 3.03257
1 2.92431
2 2.80907
3 2.81606
4 2.63717
5 3.22216
6 3.09844
7 2.01115
8 16.4816
9 19.9393
10 5.51465
11 2.29338
12 2.34007
13 8.01026
14 1.70721
15 2.25204
16 1.17264
17 2.19688
18 6.63078
19 6.24327
20 1.81978
21 1.06781
22 2.35242
23 2.39405
24 2.16253
25 2.03405
26 2.14468
27 2.30543
28 2.27792
29 2.12268
"[DEBUG]index 71 centroid... "
0 3.49696
1 3.47711
2 3.28534
3 2.98382
4 4.03083
5 3.72505
6 3.28746
7 1.93262
8 34.9747
9 4.5049
10 2.5695
11 3.13165
12 3.92082
13 1.12568
14 3.00237
15 1.07425
16 2.90193
17 1.15703
18 3.34505
19 1.30067
20 2.64805
21 1.91929
22 12.4142
23 2.37703
24 3.06609
25 3.20917
26 3.45369
27 2.83662
28 3.01109
29 2.99173
"[DEBUG]index 72 centroid... "
0 4.37677
1 3.82272
2 3.96257
3 3.51453
4 4.2382
5 4.0279
6 3.62113
7 2.14729
8 29.929
9 4.28993
10 12.5482
11 2.4943
12 13.8976
13 2.05906
14 10.256
15 8.85771
16 2.72286
17 1.28354
18 2.98059
19 1.25296
20 2.82388
21 1.06324
22 2.82179
23 3.23192
24 2.98117
25 2.7661
26 3.03894
27 2.84806
28 2.76168
29 2.64369
"[DEBUG]index 73 centroid... "
0 2.78708
1 2.70893
2 2.99687
3 2.57034
4 2.82008
5 3.17228
6 2.69121
7 1.88121
8 16.0729
9 2.61688
10 18.0656
11 4.90031
12 2.72873
13 4.33067
14 18.5432
15 3.46197
16 2.33206
17 1.77666
18 2.51198
19 3.96804
20 15.0028
21 4.62626
22 2.20007
23 2.93991
24 3.1174
25 2.60403
26 2.57138
27 2.53387
28 2.67246
29 2.5495
"[DEBUG]index 74 centroid... "
0 2.77321
1 2.874
2 2.89053
3 2.75443
4 2.69916
5 2.7303
6 2.24177
7 2.20742
8 15.4247
9 3.2432
10 7.23428
11 26.0901
12 8.37513
13 3.39772
14 2.68953
15 1.38773
16 1.16605
17 1.79116
18 4.33627
19 1.99358
20 1.22679
21 2.05361
22 4.09901
23 1.8198
24 1.82266
25 2.01842
26 1.95768
27 2.04243
28 1.98169
29 1.90146
"[DEBUG]index 75 centroid... "
0 4.41376
1 4.46032
2 3.75714
3 3.48042
4 4.2291
5 4.69947
6 3.5582
7 2.12857
8 22.6153
9 6.5963
10 2.43175
11 1.42011
12 4.78466
13 1.44127
14 0.843915
15 1.15344
16 2.22116
17 13.4471
18 2.7418
19 1.20952
20 3.58942
21 12.0439
22 2.5037
23 3.84497
24 4.17989
25 3.97513
26 4.08677
27 3.80529
28 3.80212
29 4.25556
"[DEBUG]index 76 centroid... "
0 6.08453
1 3.94418
2 3.41946
3 4.04678
4 3.8655
5 3.3647
6 3.25199
7 2.77246
8 15.7103
9 4.65497
10 3.39766
11 4.96863
12 15.5763
13 3.58214
14 9.14779
15 30.824
16 8.04785
17 4.28283
18 3.74375
19 2.6369
20 1.33812
21 0.722488
22 1.16746
23 2.55768
24 2.42265
25 2.10633
26 2.43647
27 2.47953
28 2.27804
29 2.44125
"[DEBUG]index 77 centroid... "
0 3.51488
1 3.4603
2 3.38042
3 3.30567
4 3.81467
5 4.22598
6 3.2473
7 2.5578
8 34.1745
9 5.06424
10 2.41908
11 12.7597
12 3.38924
13 2.21063
14 10.0741
15 10.3223
16 2.33798
17 11.4198
18 2.51677
19 11.0634
20 9.23167
21 2.17842
22 10.6423
23 3.69557
24 3.41605
25 3.67406
26 3.60318
27 3.3411
28 3.39056
29 3.21537
"[DEBUG]index 78 centroid... "
0 2.30343
1 2.31371
2 2.48315
3 2.40034
4 2.62578
5 2.62171
6 2.11657
7 1.63768
8 12.4871
9 4.25038
10 2.27192
11 4.70972
12 7.51923
13 29.1464
14 6.10185
15 3.43661
16 2.11545
17 5.31001
18 1.68316
19 1.79178
20 1.76272
21 4.35862
22 1.85881
23 2.06577
24 2.09258
25 2.03815
26 1.82811
27 1.8838
28 1.91782
29 1.75163
"[DEBUG]index 79 centroid... "
0 4.81307
1 4.48442
2 3.99695
3 3.59438
4 4.38913
5 4.13684
6 3.67196
7 2.08735
8 25.4722
9 6.49114
10 2.91326
11 3.38302
12 1.11362
13 3.43128
14 1.16494
15 0.633476
16 1.04215
17 2.52413
18 13.413
19 2.37019
20 3.21381
21 3.08186
22 2.91081
23 4.2694
24 3.54368
25 3.55956
26 3.7642
27 4.11973
28 3.93341
29 4.00977
"[DEBUG]index 80 centroid... "
0 5.37577
1 5.10836
2 4.59822
3 4.50568
4 5.32517
5 5.28736
6 4.25629
7 2.47394
8 30.2616
9 6.73865
10 3.76467
11 1.60024
12 3.44414
13 14.1281
14 2.98358
15 2.9185
16 1.15837
17 4.17892
18 3.27692
19 1.18481
20 1.22363
21 2.92911
22 1.20451
23 3.81645
24 3.44456
25 3.35026
26 3.44742
27 3.5024
28 3.4832
29 3.496
"[DEBUG]index 81 centroid... "
0 3.47497
1 3.52503
2 3.13409
3 3.27949
4 3.54153
5 3.70785
6 3.26223
7 2.03568
8 19.0035
9 5.91636
10 3.24381
11 2.84519
12 4.82812
13 21.211
14 5.24573
15 2.68828
16 3.09649
17 5.61059
18 22.9125
19 4.62651
20 2.371
21 3.29139
22 1.61366
23 3.31402
24 3.04278
25 2.67562
26 2.91349
27 2.95319
28 2.85613
29 2.71936
"[DEBUG]index 82 centroid... "
0 3.63026
1 3.60621
2 3.62926
3 3.07791
4 3.54459
5 3.93287
6 3.29083
7 2.11147
8 29.1383
9 3.71393
10 11.9043
11 2.70892
12 1.46217
13 2.58292
14 10.746
15 9.36548
16 2.30937
17 2.72094
18 10.5854
19 10.5473
20 1.88677
21 2.92761
22 1.21393
23 3.64905
24 3.27881
25 2.99549
26 3.03282
27 3.34569
28 3.28407
29 3.11323
"[DEBUG]index 83 centroid... "
0 4.978
1 4.43885
2 3.96848
3 3.99724
4 4.94832
5 4.77904
6 4.32545
7 2.53802
8 28.6892
9 5.54539
10 3.49115
11 1.63842
12 4.91024
13 1.71221
14 1.29096
15 2.89244
16 15.7072
17 3.68601
18 1.49493
19 3.56166
20 13.6023
21 2.32341
22 1.44028
23 4.70484
24 4.9912
25 3.83257
26 4.01852
27 4.10173
28 4.22475
29 4.07747
"[DEBUG]index 84 centroid... "
0 5.44714
1 5.28352
2 4.78534
3 4.76347
4 4.9518
5 5.00324
6 4.24261
7 3.14095
8 21.4678
9 4.62333
10 12.5043
11 2.82017
12 1.48886
13 4.597
14 1.15917
15 1.26407
16 4.30984
17 1.00527
18 3.22762
19 1.27298
20 0.73471
21 1.23329
22 1.28392
23 3.27785
24 3.19077
25 3.15391
26 3.09599
27 3.24747
28 3.11665
29 3.32564
"[DEBUG]index 85 centroid... "
0 2.09217
1 2.10126
2 1.96717
3 1.89495
4 1.75732
5 2.22601
6 2.44141
7 1.64747
8 8.06162
9 18.4331
10 6.07247
11 3.84773
12 1.85101
13 1.03586
14 1.84495
15 0.722222
16 1.50556
17 4.38283
18 1.86162
19 1.59167
20 3.29167
21 9.76439
22 3.07854
23 1.57879
24 2.00303
25 2.03611
26 1.7601
27 1.80631
28 1.69596
29 1.8202
"[DEBUG]index 86 centroid... "
0 4.76593
1 4.43845
2 4.12264
3 3.96933
4 5.30843
5 4.83804
6 4.22619
7 2.56172
8 40.4255
9 5.40023
10 2.59877
11 1.55149
12 1.32289
13 2.54333
14 1.05721
15 2.94232
16 1.03245
17 3.27605
18 0.997718
19 2.82297
20 2.38838
21 0.848069
22 2.56612
23 3.06748
24 2.76925
25 2.8673
26 3.06875
27 3.13767
28 3.16126
29 3.2843
"[DEBUG]index 87 centroid... "
0 3.38721
1 3.30499
2 3.34175
3 3.15965
4 3.52469
5 3.46717
6 2.67284
7 1.63917
8 24.8841
9 5.23148
10 2.06145
11 10.0331
12 10.9759
13 9.2197
14 2.06313
15 1.09568
16 2.95314
17 2.98064
18 2.86139
19 1.0592
20 2.5376
21 9.32632
22 9.90292
23 2.56566
24 3.26683
25 3.48569
26 3.20062
27 3.10915
28 2.85438
29 2.92649
"[DEBUG]index 88 centroid... "
0 3.66758
1 3.61204
2 3.57021
3 3.02625
4 3.28554
5 3.51908
6 3.43556
7 2.28316
8 24.8463
9 3.59214
10 27.4999
11 3.97057
12 2.61457
13 1.9705
14 3.58053
15 1.30884
16 2.95045
17 8.95384
18 2.20541
19 6.80671
20 2.85395
21 1.20137
22 2.98377
23 2.95846
24 2.53682
25 2.77721
26 2.86599
27 2.79582
28 2.82113
29 2.62344
"[DEBUG]index 89 centroid... "
0 3.23547
1 3.16172
2 2.86558
3 2.82535
4 2.79997
5 3.75782
6 3.35393
7 2.20498
8 17.0094
9 20.4853
10 4.15453
11 2.37117
12 1.39272
13 2.19428
14 6.88713
15 1.43902
16 7.00255
17 2.25192
18 0.943487
19 2.41986
20 2.32024
21 0.78576
22 1.79167
23 2.29215
24 2.24138
25 2.13362
26 2.18758
27 2.02219
28 2.19045
29 2.08397
"[DEBUG]index 90 centroid... "
0 3.96322
1 3.63579
2 3.63009
3 3.01721
4 3.89498
5 3.55071
6 3.16223
7 1.94192
8 31.7224
9 3.76693
10 12.0686
11 2.23876
12 13.3375
13 2.33238
14 10.7626
15 1.85201
16 8.53895
17 10.1522
18 2.54675
19 1.31294
20 3.00409
21 9.57003
22 2.13214
23 3.18217
24 3.56012
25 3.58774
26 3.06353
27 3.14464
28 3.06316
29 3.22477
"[DEBUG]index 91 centroid... "
0 3.10743
1 3.19828
2 2.77046
3 2.91481
4 3.25829
5 3.75409
6 3.00126
7 1.94398
8 26.7614
9 4.73647
10 2.81536
11 1.42992
12 2.8653
13 9.94419
14 1.93097
15 10.6811
16 1.99287
17 13.1284
18 2.00063
19 11.1139
20 1.79186
21 8.74759
22 8.66177
23 2.88376
24 3.19702
25 3.51532
26 3.29689
27 3.36614
28 2.93789
29 3.17205
"[DEBUG]index 92 centroid... "
0 3.04151
1 3.26723
2 3.11043
3 2.93988
4 3.26046
5 3.5524
6 3.3859
7 2.44275
8 19.9873
9 4.21906
10 2.60564
11 7.00147
12 2.6775
13 4.67208
14 23.8872
15 3.22696
16 22.1591
17 4.43429
18 7.15296
19 3.04512
20 2.88742
21 2.43565
22 6.29667
23 2.6229
24 3.1269
25 3.01399
26 3.12645
27 2.83452
28 2.82459
29 2.66757
"[DEBUG]index 93 centroid... "
0 3.27833
1 3.25605
2 3.26804
3 3.37374
4 3.30574
5 3.74384
6 3.12754
7 2.6057
8 20.7691
9 4.50803
10 3.90223
11 24.6661
12 7.29257
13 2.30103
14 5.45459
15 23.9226
16 3.96498
17 2.51242
18 7.18291
19 2.74159
20 7.03791
21 2.35372
22 7.22178
23 3.20176
24 3.10977
25 3.13707
26 3.1919
27 2.82566
28 2.88306
29 2.72082
"[DEBUG]index 94 centroid... "
0 4.11535
1 4.0335
2 4.2273
3 3.7057
4 4.11321
5 4.36169
6 3.36101
7 2.44519
8 32.4856
9 4.14011
10 11.7487
11 10.7599
12 2.32945
13 9.36965
14 12.2372
15 1.97864
16 1.2608
17 3.25002
18 2.85086
19 1.0936
20 2.35906
21 2.55452
22 2.28896
23 2.84571
24 2.81736
25 2.6991
26 2.57093
27 2.54772
28 2.44412
29 2.47558
"[DEBUG]index 95 centroid... "
0 3.90642
1 3.6452
2 3.20839
3 2.87172
4 3.58857
5 3.52348
6 3.23187
7 2.0903
8 27.409
9 3.89883
10 13.4078
11 2.32269
12 1.5347
13 3.29385
14 1.13208
15 2.4154
16 11.9154
17 1.95494
18 9.84686
19 9.46253
20 2.54765
21 1.2778
22 3.30542
23 3.50242
24 3.09064
25 3.34651
26 3.41661
27 3.27314
28 3.274
29 3.17749
"[DEBUG]index 96 centroid... "
0 4.0833
1 3.76273
2 3.79291
3 3.64952
4 4.15435
5 4.24081
6 3.25487
7 2.06763
8 36.3622
9 5.54848
10 3.34771
11 3.48762
12 14.5262
13 7.63108
14 2.01747
15 12.042
16 3.43333
17 1.47453
18 3.23791
19 13.1986
20 2.50967
21 2.63495
22 11.9104
23 3.84713
24 3.51599
25 3.89329
26 3.80367
27 3.69097
28 3.64384
29 3.47582
"[DEBUG]index 97 centroid... "
0 3.30411
1 3.31249
2 3.42087
3 2.93405
4 3.57307
5 3.66296
6 2.73326
7 2.21877
8 28.4723
9 5.21028
10 2.62782
11 12.3582
12 2.41077
13 9.29179
14 2.62014
15 2.70771
16 1.43925
17 3.07444
18 2.50773
19 12.2326
20 1.98061
21 8.59398
22 10.2406
23 2.91072
24 3.29532
25 3.43268
26 3.13615
27 3.18372
28 3.10393
29 3.03757
"[DEBUG]index 98 centroid... "
0 3.14512
1 3.29401
2 3.317
3 3.43272
4 3.14323
5 3.78553
6 3.34866
7 2.79646
8 18.4723
9 5.1372
10 2.04109
11 7.66981
12 7.96721
13 1.59028
14 5.951
15 22.7041
16 3.13117
17 18.1138
18 16.9653
19 4.4576
20 6.48134
21 3.19751
22 1.61553
23 3.5605
24 3.17791
25 2.78779
26 3.25594
27 3.26498
28 3.12213
29 2.89446
"[DEBUG]index 99 centroid... "
0 3.24673
1 3.15273
2 2.99488
3 2.93049
4 3.06015
5 3.1582
6 2.81478
7 1.83327
8 23.473
9 5.45088
10 2.86873
11 2.84727
12 9.34151
13 2.37576
14 1.35298
15 3.41068
16 2.87254
17 4.97839
18 27.1368
19 4.78532
20 2.57249
21 8.22898
22 3.01454
23 2.78054
24 3.07429
25 3.10532
26 3.07093
27 3.27361
28 3.05361
29 2.95327
