"[DEBUG]index 0 centroid... "
0 0.0671157
1 0.0849306
2 0.0374398
3 0.0850509
4 0.00223149
5 -0.00323611
6 0.0625972
7 0.0165787
8 0.0640833
9 -0.0279445
10 0.0918102
11 0.0372592
12 0.118551
13 -0.0103889
14 0.0438056
15 0.125537
16 -0.0571574
17 0.0301528
18 0.0670648
19 0.072875
20 0.0804629
21 0.0548241
22 0.0712916
23 0.0714444
24 0.100144
25 0.230282
26 0.209736
27 0.0773935
28 0.180903
29 0.101611
"[DEBUG]index 1 centroid... "
0 0.236698
1 0.109464
2 0.109948
3 0.0463254
4 0.141298
5 0.127349
6 0.197679
7 0.0916349
8 0.14104
9 0.122548
10 0.160738
11 0.161909
12 0.175738
13 0.0311468
14 0.103968
15 0.0943095
16 0.212833
17 0.227218
18 0.15971
19 0.158583
20 0.218258
21 0.146282
22 0.0670794
23 0.0300119
24 0.0701786
25 0.0901032
26 0.191083
27 0.0928889
28 0.175139
29 0.11794
"[DEBUG]index 2 centroid... "
0 0.2247
1 0.216237
2 0.186245
3 0.200925
4 0.18567
5 0.192044
6 0.19378
7 0.202777
8 0.163197
9 0.193845
10 0.183791
11 0.164887
12 0.208702
13 0.218535
14 0.24957
15 0.223159
16 0.258635
17 0.171711
18 0.1374
19 0.219109
20 0.237352
21 0.24262
22 0.220781
23 0.216005
24 0.182463
25 0.207548
26 0.166287
27 0.164798
28 0.193014
29 0.183663
"[DEBUG]index 3 centroid... "
0 0.157719
1 0.143054
2 0.167259
3 0.17653
4 0.197313
5 0.0665351
6 0.097946
7 0.201189
8 0.123211
9 0.231454
10 0.250962
11 0.282097
12 0.2224
13 0.197119
14 0.0838811
15 0.00943785
16 0.0885622
17 0.15
18 0.0728055
19 0.115589
20 0.254832
21 0.1212
22 0.0531351
23 0.253946
24 0.249843
25 0.230389
26 0.108319
27 0.124795
28 0.139108
29 0.259405
"[DEBUG]index 4 centroid... "
0 0.1844
1 0.179228
2 0.195511
3 0.214949
4 0.207228
5 0.170983
6 0.212879
7 0.202728
8 0.127155
9 0.172826
10 0.196966
11 0.199727
12 0.200837
13 0.206979
14 0.161061
15 0.171327
16 0.187898
17 0.196458
18 0.211278
19 0.241023
20 0.195741
21 0.128991
22 0.18343
23 0.20585
24 0.208286
25 0.199418
26 0.190084
27 0.192718
28 0.166036
29 0.1882
"[DEBUG]index 5 centroid... "
0 0.196353
1 0.204094
2 0.20199
3 0.195044
4 0.203746
5 0.195696
6 0.209373
7 0.223245
8 0.180444
9 0.158455
10 0.184769
11 0.167186
12 0.179879
13 0.246985
14 0.22446
15 0.213282
16 0.213436
17 0.226392
18 0.19415
19 0.129753
20 0.188476
21 0.207152
22 0.195954
23 0.203592
24 0.199918
25 0.174173
26 0.166415
27 0.195156
28 0.21284
29 0.191308
"[DEBUG]index 6 centroid... "
0 0.176885
1 0.179305
2 0.184719
3 0.187315
4 0.200821
5 0.19495
6 0.211793
7 0.191859
8 0.175333
9 0.21102
10 0.124495
11 0.143199
12 0.221069
13 0.195609
14 0.172306
15 0.173094
16 0.172255
17 0.18974
18 0.206493
19 0.21136
20 0.183858
21 0.189251
22 0.205953
23 0.216602
24 0.202962
25 0.20999
26 0.188287
27 0.21365
28 0.197233
29 0.179783
"[DEBUG]index 7 centroid... "
0 0.18604
1 0.257092
2 0.206024
3 0.271069
4 0.229902
5 0.188383
6 0.237845
7 0.230974
8 0.222399
9 0.251846
10 0.199334
11 0.241002
12 0.211745
13 0.111815
14 0.22588
15 0.243713
16 0.211836
17 0.237904
18 0.276403
19 0.267622
20 0.233169
21 0.198775
22 0.123665
23 0.274505
24 0.213147
25 0.293502
26 0.26882
27 0.201102
28 0.223418
29 0.322287
"[DEBUG]index 8 centroid... "
0 0.190517
1 0.19294
2 0.195169
3 0.203898
4 0.20363
5 0.182289
6 0.194721
7 0.196158
8 0.138027
9 0.180039
10 0.199313
11 0.213552
12 0.199633
13 0.174861
14 0.140243
15 0.105887
16 0.148483
17 0.159883
18 0.205859
19 0.22127
20 0.177974
21 0.200792
22 0.195854
23 0.168824
24 0.181183
25 0.185646
26 0.182563
27 0.181569
28 0.185665
29 0.199986
"[DEBUG]index 9 centroid... "
0 0.216323
1 0.215764
2 0.219289
3 0.235476
4 0.24339
5 0.203876
6 0.244191
7 0.220564
8 0.146879
9 0.174569
10 0.204695
11 0.215557
12 0.248964
13 0.253198
14 0.218081
15 0.192885
16 0.227131
17 0.23296
18 0.205531
19 0.196426
20 0.240169
21 0.251685
22 0.238971
23 0.235936
24 0.230426
25 0.210154
26 0.205276
27 0.214395
28 0.211024
29 0.220367
"[DEBUG]index 10 centroid... "
0 0.211726
1 0.208424
2 0.186923
3 0.213292
4 0.224814
5 0.212163
6 0.212881
7 0.20255
8 0.142744
9 0.194909
10 0.237568
11 0.230542
12 0.22954
13 0.207767
14 0.188642
15 0.221665
16 0.214473
17 0.185347
18 0.211437
19 0.238683
20 0.218282
21 0.199501
22 0.166595
23 0.223702
24 0.212183
25 0.194655
26 0.212562
27 0.203767
28 0.207386
29 0.205104
"[DEBUG]index 11 centroid... "
0 0.181265
1 0.183462
2 0.185586
3 0.185225
4 0.179705
5 0.199745
6 0.204541
7 0.196234
8 0.133601
9 0.137898
10 0.135789
11 0.198472
12 0.187883
13 0.205766
14 0.20438
15 0.197902
16 0.202667
17 0.18008
18 0.225494
19 0.136918
20 0.137467
21 0.192505
22 0.237154
23 0.23121
24 0.218114
25 0.202689
26 0.196789
27 0.169525
28 0.180795
29 0.175704
"[DEBUG]index 12 centroid... "
0 0.204602
1 0.193301
2 0.190814
3 0.199172
4 0.20647
5 0.17987
6 0.200971
7 0.198901
8 0.123629
9 0.157766
10 0.198004
11 0.197548
12 0.212884
13 0.196705
14 0.20211
15 0.16
16 0.122177
17 0.191762
18 0.206959
19 0.174146
20 0.214218
21 0.19615
22 0.172923
23 0.180305
24 0.184429
25 0.176461
26 0.187303
27 0.185686
28 0.187276
29 0.190657
"[DEBUG]index 13 centroid... "
0 0.176522
1 0.151385
2 0.178859
3 0.184272
4 0.184104
5 0.170896
6 0.208572
7 0.159273
8 0.136392
9 0.0389726
10 0.0152356
11 0.0455289
12 0.145574
13 0.155022
14 0.178849
15 0.129796
16 0.167381
17 0.171731
18 0.137326
19 0.163864
20 0.160016
21 0.158247
22 0.204294
23 0.203368
24 0.206434
25 0.232122
26 0.227444
27 0.21442
28 0.227428
29 0.205269
"[DEBUG]index 14 centroid... "
0 0.208926
1 0.180072
2 0.210453
3 0.200013
4 0.238534
5 0.221311
6 0.21381
7 0.152876
8 0.134727
9 0.169603
10 0.206389
11 0.264594
12 0.260281
13 0.20337
14 0.198546
15 0.198545
16 0.144198
17 0.157543
18 0.189153
19 0.194934
20 0.229644
21 0.216904
22 0.144063
23 0.166604
24 0.159062
25 0.20078
26 0.224948
27 0.208246
28 0.163957
29 0.149786
"[DEBUG]index 15 centroid... "
0 0.209497
1 0.191603
2 0.185976
3 0.185649
4 0.224306
5 0.209474
6 0.228434
7 0.237113
8 0.172354
9 0.126614
10 0.191681
11 0.196319
12 0.201103
13 0.178334
14 0.152597
15 0.19492
16 0.189179
17 0.156566
18 0.175003
19 0.190625
20 0.197696
21 0.181507
22 0.19228
23 0.195158
24 0.202077
25 0.19198
26 0.230738
27 0.213093
28 0.191467
29 0.206173
"[DEBUG]index 16 centroid... "
0 0.179357
1 0.178247
2 0.176515
3 0.198582
4 0.202959
5 0.171991
6 0.186839
7 0.172215
8 0.113109
9 0.158102
10 0.194411
11 0.199344
12 0.202398
13 0.181946
14 0.195442
15 0.203291
16 0.208358
17 0.218615
18 0.200979
19 0.149992
20 0.194486
21 0.190634
22 0.198403
23 0.209521
24 0.203511
25 0.191769
26 0.169338
27 0.168111
28 0.169616
29 0.176131
"[DEBUG]index 17 centroid... "
0 0.186585
1 0.169142
2 0.181704
3 0.199795
4 0.186105
5 0.18744
6 0.223624
7 0.209753
8 0.134351
9 0.192451
10 0.217078
11 0.177161
12 0.208397
13 0.20974
14 0.188958
15 0.183743
16 0.223128
17 0.214843
18 0.164529
19 0.214283
20 0.224453
21 0.166111
22 0.181696
23 0.225566
24 0.200131
25 0.170165
26 0.17101
27 0.181761
28 0.158203
29 0.18804
"[DEBUG]index 18 centroid... "
0 0.205625
1 0.207558
2 0.200502
3 0.20844
4 0.215327
5 0.194215
6 0.23036
7 0.211455
8 0.152001
9 0.208387
10 0.205
11 0.187946
12 0.229634
13 0.212934
14 0.187928
15 0.243133
16 0.22078
17 0.166048
18 0.201586
19 0.225936
20 0.189173
21 0.174005
22 0.235993
23 0.23135
24 0.197891
25 0.214774
26 0.211916
27 0.184651
28 0.200519
29 0.212975
"[DEBUG]index 19 centroid... "
0 0.210568
1 0.190542
2 0.213791
3 0.220891
4 0.238082
5 0.189084
6 0.233204
7 0.203823
8 0.17213
9 0.180695
10 0.214755
11 0.191774
12 0.240653
13 0.2127
14 0.169543
15 0.202033
16 0.221375
17 0.225887
18 0.189016
19 0.210683
20 0.244625
21 0.20431
22 0.221272
23 0.197016
24 0.208317
25 0.21412
26 0.210574
27 0.185894
28 0.221813
29 0.189649
"[DEBUG]index 20 centroid... "
0 0.205214
1 0.216996
2 0.216954
3 0.210395
4 0.257389
5 0.172337
6 0.193129
7 0.258809
8 0.170862
9 0.182823
10 0.258219
11 0.256706
12 0.257817
13 0.266357
14 0.22968
15 0.260985
16 0.190275
17 0.145956
18 0.184173
19 0.243695
20 0.215375
21 0.233734
22 0.25454
23 0.200753
24 0.191179
25 0.236398
26 0.276298
27 0.197331
28 0.173775
29 0.209714
"[DEBUG]index 21 centroid... "
0 0.185012
1 0.184639
2 0.197342
3 0.203075
4 0.211648
5 0.186558
6 0.202364
7 0.185846
8 0.123969
9 0.184938
10 0.207979
11 0.172214
12 0.204094
13 0.208985
14 0.196449
15 0.208344
16 0.198112
17 0.187739
18 0.214242
19 0.197719
20 0.183015
21 0.209284
22 0.207021
23 0.204078
24 0.206638
25 0.198496
26 0.19229
27 0.188855
28 0.186082
29 0.189573
"[DEBUG]index 22 centroid... "
0 0.21097
1 0.189714
2 0.195249
3 0.20449
4 0.200023
5 0.188292
6 0.210065
7 0.191557
8 0.13376
9 0.178671
10 0.186937
11 0.164454
12 0.18019
13 0.207925
14 0.165159
15 0.12291
16 0.190815
17 0.212025
18 0.183189
19 0.193124
20 0.190545
21 0.171817
22 0.199088
23 0.195021
24 0.207188
25 0.209682
26 0.211016
27 0.203466
28 0.186472
29 0.184512
"[DEBUG]index 23 centroid... "
0 0.184246
1 0.188245
2 0.183878
3 0.192343
4 0.19848
5 0.175263
6 0.190925
7 0.204954
8 0.144746
9 0.166746
10 0.188651
11 0.16159
12 0.162876
13 0.151486
14 0.130137
15 0.186263
16 0.208498
17 0.199746
18 0.191404
19 0.172736
20 0.176936
21 0.185398
22 0.199827
23 0.186455
24 0.192414
25 0.1974
26 0.195134
27 0.200163
28 0.20841
29 0.191917
"[DEBUG]index 24 centroid... "
0 0.187664
1 0.184473
2 0.190688
3 0.202476
4 0.201092
5 0.180965
6 0.194091
7 0.184727
8 0.123038
9 0.187925
10 0.208887
11 0.168687
12 0.158404
13 0.143886
14 0.145461
15 0.147409
16 0.205722
17 0.19744
18 0.139237
19 0.191375
20 0.203041
21 0.170641
22 0.185019
23 0.195339
24 0.191446
25 0.186879
26 0.197765
27 0.190278
28 0.195683
29 0.185534
"[DEBUG]index 25 centroid... "
0 0.174682
1 0.174279
2 0.182947
3 0.205763
4 0.199774
5 0.180468
6 0.202266
7 0.192403
8 0.0928168
9 0.0822091
10 0.139833
11 0.199479
12 0.209205
13 0.18894
14 0.17534
15 0.176218
16 0.207103
17 0.193206
18 0.195895
19 0.230329
20 0.207536
21 0.203518
22 0.222814
23 0.206136
24 0.203579
25 0.202734
26 0.206943
27 0.200904
28 0.206871
29 0.193485
"[DEBUG]index 26 centroid... "
0 0.182457
1 0.194524
2 0.169959
3 0.236533
4 0.263077
5 0.235574
6 0.233917
7 0.231042
8 0.172006
9 0.202584
10 0.241868
11 0.260847
12 0.213283
13 0.189466
14 0.232554
15 0.252956
16 0.258864
17 0.237949
18 0.244409
19 0.189598
20 0.128965
21 0.142954
22 0.153891
23 0.180578
24 0.20481
25 0.197994
26 0.210118
27 0.221306
28 0.191902
29 0.20688
"[DEBUG]index 27 centroid... "
0 0.221155
1 0.221617
2 0.205311
3 0.212998
4 0.198449
5 0.194988
6 0.221825
7 0.19319
8 0.154921
9 0.161716
10 0.131767
11 0.151334
12 0.202032
13 0.220325
14 0.19183
15 0.191335
16 0.204584
17 0.183388
18 0.140138
19 0.178594
20 0.199453
21 0.213014
22 0.200636
23 0.195983
24 0.193209
25 0.21131
26 0.198276
27 0.185226
28 0.223453
29 0.21036
"[DEBUG]index 28 centroid... "
0 0.197567
1 0.177468
2 0.181381
3 0.207307
4 0.195018
5 0.188389
6 0.207717
7 0.196933
8 0.13281
9 0.16188
10 0.177445
11 0.191807
12 0.153275
13 0.122499
14 0.203845
15 0.208083
16 0.170742
17 0.173411
18 0.148276
19 0.132832
20 0.1383
21 0.158948
22 0.170492
23 0.189099
24 0.185334
25 0.187125
26 0.20156
27 0.205189
28 0.205481
29 0.207502
"[DEBUG]index 29 centroid... "
0 0.182705
1 0.203384
2 0.203552
3 0.20492
4 0.21581
5 0.216295
6 0.210303
7 0.176235
8 0.122258
9 0.123367
10 0.123981
11 0.18196
12 0.218566
13 0.188609
14 0.19563
15 0.174125
16 0.151304
17 0.190016
18 0.198267
19 0.188762
20 0.205596
21 0.199172
22 0.215793
23 0.186223
24 0.2087
25 0.196452
26 0.198932
27 0.20368
28 0.209225
29 0.222337
"[DEBUG]index 30 centroid... "
0 0.186716
1 0.174145
2 0.185993
3 0.208398
4 0.223299
5 0.192938
6 0.208154
7 0.210293
8 0.133628
9 0.164381
10 0.196938
11 0.220918
12 0.207619
13 0.210287
14 0.203322
15 0.224835
16 0.187324
17 0.195193
18 0.210311
19 0.186154
20 0.192878
21 0.213757
22 0.17222
23 0.190746
24 0.206259
25 0.18104
26 0.203212
27 0.174806
28 0.18573
29 0.202166
"[DEBUG]index 31 centroid... "
0 0.188488
1 0.182079
2 0.184614
3 0.203493
4 0.210527
5 0.17991
6 0.203131
7 0.214425
8 0.149444
9 0.147962
10 0.164526
11 0.166675
12 0.180621
13 0.222606
14 0.210573
15 0.176783
16 0.184154
17 0.195101
18 0.177828
19 0.198585
20 0.205287
21 0.212405
22 0.221183
23 0.205422
24 0.196684
25 0.200722
26 0.196138
27 0.197252
28 0.196819
29 0.201569
"[DEBUG]index 32 centroid... "
0 0.192002
1 0.173609
2 0.16214
3 0.181551
4 0.190957
5 0.176087
6 0.171563
7 0.152093
8 0.0859386
9 0.126161
10 0.175278
11 0.183869
12 0.202415
13 0.23926
14 0.216904
15 0.126154
16 0.145084
17 0.180246
18 0.202614
19 0.197311
20 0.150172
21 0.159703
22 0.183319
23 0.178114
24 0.177742
25 0.167765
26 0.174556
27 0.183004
28 0.192396
29 0.20797
"[DEBUG]index 33 centroid... "
0 0.191393
1 0.174044
2 0.187021
3 0.204282
4 0.208561
5 0.190944
6 0.226878
7 0.192935
8 0.111495
9 0.0891137
10 0.113501
11 0.189429
12 0.222141
13 0.192714
14 0.206873
15 0.193203
16 0.197199
17 0.207003
18 0.18501
19 0.186519
20 0.189269
21 0.176445
22 0.201722
23 0.212587
24 0.204847
25 0.212431
26 0.203791
27 0.185672
28 0.18477
29 0.190325
"[DEBUG]index 34 centroid... "
0 0.184947
1 0.18247
2 0.192437
3 0.192191
4 0.199442
5 0.17249
6 0.197667
7 0.17932
8 0.135542
9 0.178523
10 0.195227
11 0.191396
12 0.211188
13 0.176583
14 0.134911
15 0.196173
16 0.208179
17 0.175786
18 0.197818
19 0.211378
20 0.194517
21 0.16407
22 0.161318
23 0.183278
24 0.182114
25 0.185459
26 0.192474
27 0.174582
28 0.191263
29 0.195947
"[DEBUG]index 35 centroid... "
0 0.20857
1 0.211688
2 0.214439
3 0.203926
4 0.219602
5 0.196413
6 0.220595
7 0.240771
8 0.163629
9 0.134264
10 0.138991
11 0.150049
12 0.174272
13 0.250827
14 0.221441
15 0.191782
16 0.189624
17 0.183951
18 0.176187
19 0.161572
20 0.158169
21 0.145024
22 0.224943
23 0.223511
24 0.193778
25 0.218829
26 0.206715
27 0.196786
28 0.196246
29 0.202097
"[DEBUG]index 36 centroid... "
0 0.195908
1 0.181418
2 0.194647
3 0.188903
4 0.204266
5 0.189612
6 0.221794
7 0.252611
8 0.155041
9 0.109439
10 0.210145
11 0.241022
12 0.202315
13 0.208567
14 0.19842
15 0.184281
16 0.164899
17 0.184817
18 0.220811
19 0.212294
20 0.226792
21 0.227151
22 0.212558
23 0.208667
24 0.2088
25 0.21065
26 0.213675
27 0.202659
28 0.198729
29 0.20249
"[DEBUG]index 37 centroid... "
0 0.190502
1 0.204412
2 0.203426
3 0.20941
4 0.21191
5 0.192622
6 0.208028
7 0.191922
8 0.13055
9 0.177607
10 0.191063
11 0.185931
12 0.228039
13 0.213599
14 0.176408
15 0.216956
16 0.182318
17 0.130388
18 0.184553
19 0.217204
20 0.199403
21 0.204355
22 0.206287
23 0.191581
24 0.178624
25 0.19623
26 0.198811
27 0.204258
28 0.216857
29 0.204486
"[DEBUG]index 38 centroid... "
0 0.166425
1 0.16375
2 0.185989
3 0.20891
4 0.209102
5 0.174479
6 0.199729
7 0.181529
8 0.105876
9 0.158034
10 0.208098
11 0.206105
12 0.212738
13 0.228571
14 0.206688
15 0.153059
16 0.213188
17 0.214759
18 0.175809
19 0.194545
20 0.209703
21 0.17527
22 0.16443
23 0.194364
24 0.196698
25 0.177843
26 0.189535
27 0.193003
28 0.184011
29 0.183639
"[DEBUG]index 39 centroid... "
0 0.209154
1 0.207659
2 0.190985
3 0.215494
4 0.205623
5 0.184433
6 0.200164
7 0.188968
8 0.136358
9 0.199827
10 0.201085
11 0.195776
12 0.195977
13 0.177004
14 0.207052
15 0.184174
16 0.159496
17 0.211384
18 0.162794
19 0.138705
20 0.214396
21 0.222908
22 0.203463
23 0.204849
24 0.208227
25 0.189159
26 0.183088
27 0.182994
28 0.209137
29 0.20466
"[DEBUG]index 40 centroid... "
0 0.215007
1 0.202385
2 0.186671
3 0.212111
4 0.18723
5 0.192859
6 0.21292
7 0.235841
8 0.158732
9 0.230527
10 0.222517
11 0.203051
12 0.209914
13 0.210475
14 0.172049
15 0.192093
16 0.2052
17 0.206393
18 0.197049
19 0.236296
20 0.295856
21 0.271171
22 0.268503
23 0.257338
24 0.234821
25 0.239087
26 0.207597
27 0.221518
28 0.209767
29 0.242669
"[DEBUG]index 41 centroid... "
0 0.195257
1 0.187505
2 0.170994
3 0.180786
4 0.188042
5 0.172567
6 0.195705
7 0.237772
8 0.192604
9 0.1559
10 0.148936
11 0.118989
12 0.144606
13 0.181789
14 0.160222
15 0.14538
16 0.173611
17 0.171624
18 0.183319
19 0.196189
20 0.224422
21 0.242152
22 0.263201
23 0.268631
24 0.282857
25 0.251348
26 0.254993
27 0.250425
28 0.246567
29 0.235604
"[DEBUG]index 42 centroid... "
0 0.198603
1 0.183675
2 0.185375
3 0.189714
4 0.19954
5 0.195123
6 0.22837
7 0.241404
8 0.134747
9 0.114954
10 0.22426
11 0.227408
12 0.203166
13 0.205505
14 0.211114
15 0.183308
16 0.188884
17 0.144763
18 0.185901
19 0.201066
20 0.167619
21 0.203191
22 0.211423
23 0.200785
24 0.205995
25 0.200945
26 0.198823
27 0.196024
28 0.213036
29 0.197001
"[DEBUG]index 43 centroid... "
0 0.164237
1 0.172089
2 0.185977
3 0.201575
4 0.203512
5 0.172552
6 0.179727
7 0.16189
8 0.105624
9 0.168967
10 0.21081
11 0.174271
12 0.2148
13 0.197338
14 0.136486
15 0.182995
16 0.184767
17 0.177487
18 0.187729
19 0.173779
20 0.208674
21 0.177078
22 0.138741
23 0.17844
24 0.18296
25 0.17741
26 0.17561
27 0.185581
28 0.17223
29 0.169452
"[DEBUG]index 44 centroid... "
0 0.175172
1 0.184015
2 0.173192
3 0.190228
4 0.209445
5 0.193909
6 0.209673
7 0.192923
8 0.121933
9 0.112388
10 0.161357
11 0.220875
12 0.240439
13 0.210111
14 0.190468
15 0.183064
16 0.171409
17 0.143883
18 0.108381
19 0.114544
20 0.137121
21 0.162042
22 0.185923
23 0.188364
24 0.185337
25 0.180574
26 0.169336
27 0.169269
28 0.169833
29 0.178357
"[DEBUG]index 45 centroid... "
0 0.169488
1 0.182525
2 0.182897
3 0.206673
4 0.208274
5 0.175819
6 0.209144
7 0.19045
8 0.10329
9 0.116219
10 0.157302
11 0.206848
12 0.19824
13 0.161696
14 0.172917
15 0.144609
16 0.163013
17 0.186993
18 0.180562
19 0.189384
20 0.150856
21 0.156031
22 0.137296
23 0.156811
24 0.187726
25 0.175561
26 0.186526
27 0.175732
28 0.184027
29 0.177322
"[DEBUG]index 46 centroid... "
0 0.197228
1 0.185838
2 0.195942
3 0.20405
4 0.209858
5 0.187535
6 0.217781
7 0.216749
8 0.139454
9 0.157814
10 0.182118
11 0.149244
12 0.176681
13 0.196891
14 0.167888
15 0.186727
16 0.210927
17 0.195151
18 0.180271
19 0.213332
20 0.200377
21 0.162897
22 0.203754
23 0.202864
24 0.19512
25 0.200305
26 0.204571
27 0.196036
28 0.191772
29 0.200409
"[DEBUG]index 47 centroid... "
0 0.180343
1 0.184739
2 0.186672
3 0.205021
4 0.20954
5 0.188157
6 0.217361
7 0.188141
8 0.124438
9 0.184558
10 0.193627
11 0.181779
12 0.223273
13 0.209108
14 0.204076
15 0.177406
16 0.144588
17 0.119591
18 0.0979088
19 0.130023
20 0.156794
21 0.188173
22 0.189335
23 0.195814
24 0.192188
25 0.184231
26 0.177517
27 0.17327
28 0.176768
29 0.186122
"[DEBUG]index 48 centroid... "
0 0.182665
1 0.184548
2 0.187354
3 0.200617
4 0.204409
5 0.169803
6 0.177725
7 0.165284
8 0.111207
9 0.163056
10 0.182803
11 0.189856
12 0.203959
13 0.17579
14 0.189416
15 0.175015
16 0.159233
17 0.190306
18 0.191078
19 0.186294
20 0.18956
21 0.173157
22 0.184591
23 0.190556
24 0.189592
25 0.191121
26 0.187958
27 0.180716
28 0.181518
29 0.185432
"[DEBUG]index 49 centroid... "
0 0.164548
1 0.158166
2 0.189009
3 0.197099
4 0.181402
5 0.189628
6 0.184183
7 0.163096
8 0.130261
9 0.176735
10 0.209836
11 0.184423
12 0.156245
13 0.162095
14 0.118046
15 0.143612
16 0.187607
17 0.183609
18 0.201371
19 0.206225
20 0.184786
21 0.181871
22 0.20199
23 0.230638
24 0.199699
25 0.199209
26 0.201774
27 0.19153
28 0.188761
29 0.185549
"[DEBUG]index 50 centroid... "
0 0.193556
1 0.184685
2 0.185757
3 0.207519
4 0.21443
5 0.18636
6 0.219054
7 0.212727
8 0.123165
9 0.165809
10 0.191901
11 0.13551
12 0.188115
13 0.219821
14 0.164548
15 0.185867
16 0.177388
17 0.161302
18 0.189046
19 0.19142
20 0.202892
21 0.189045
22 0.161539
23 0.201442
24 0.204741
25 0.198013
26 0.201539
27 0.199918
28 0.192122
29 0.193435
"[DEBUG]index 51 centroid... "
0 0.186914
1 0.191387
2 0.200557
3 0.199761
4 0.209977
5 0.192863
6 0.218719
7 0.191931
8 0.123035
9 0.134751
10 0.163153
11 0.195489
12 0.215579
13 0.203599
14 0.199365
15 0.196989
16 0.17995
17 0.165862
18 0.159886
19 0.151275
20 0.120135
21 0.145705
22 0.160215
23 0.194948
24 0.195891
25 0.185689
26 0.195969
27 0.179302
28 0.18794
29 0.181144
"[DEBUG]index 52 centroid... "
0 0.19961
1 0.179227
2 0.193099
3 0.210983
4 0.209914
5 0.194398
6 0.213655
7 0.192862
8 0.11499
9 0.179931
10 0.228827
11 0.174796
12 0.232468
13 0.216497
14 0.181798
15 0.168731
16 0.139819
17 0.190235
18 0.202982
19 0.180113
20 0.187797
21 0.183352
22 0.197816
23 0.192542
24 0.182432
25 0.204732
26 0.199086
27 0.185093
28 0.196844
29 0.191438
"[DEBUG]index 53 centroid... "
0 0.184023
1 0.175268
2 0.173744
3 0.218846
4 0.256443
5 0.237323
6 0.267755
7 0.274282
8 0.21236
9 0.277405
10 0.286303
11 0.279019
12 0.212402
13 0.225718
14 0.218364
15 0.191886
16 0.230303
17 0.273001
18 0.290433
19 0.207333
20 0.161625
21 0.228784
22 0.216718
23 0.199487
24 0.22775
25 0.216532
26 0.206064
27 0.196438
28 0.20514
29 0.206758
"[DEBUG]index 54 centroid... "
0 0.188436
1 0.118881
2 0.162479
3 0.170223
4 0.173982
5 0.115945
6 0.230477
7 0.193634
8 0.162969
9 0.245317
10 0.253505
11 0.188143
12 0.19611
13 0.196385
14 0.233568
15 0.190988
16 0.21037
17 0.176358
18 0.201861
19 0.216395
20 0.229039
21 0.291826
22 0.280881
23 0.210196
24 0.195544
25 0.185842
26 0.180534
27 0.25
28 0.139881
29 0.155333
"[DEBUG]index 55 centroid... "
0 0.184011
1 0.183188
2 0.208482
3 0.242481
4 0.252529
5 0.198444
6 0.250077
7 0.276372
8 0.182424
9 0.217439
10 0.252989
11 0.2232
12 0.212475
13 0.279115
14 0.255671
15 0.235257
16 0.243768
17 0.256766
18 0.275434
19 0.313391
20 0.224902
21 0.202967
22 0.227044
23 0.282526
24 0.268995
25 0.27308
26 0.209091
27 0.243802
28 0.215551
29 0.203943
"[DEBUG]index 56 centroid... "
0 0.179842
1 0.214114
2 0.191101
3 0.203799
4 0.18851
5 0.181486
6 0.203914
7 0.197372
8 0.123389
9 0.179559
10 0.197766
11 0.16136
12 0.189615
13 0.16093
14 0.185104
15 0.187776
16 0.107637
17 0.140498
18 0.228259
19 0.202462
20 0.182372
21 0.195943
22 0.183236
23 0.189372
24 0.208854
25 0.212268
26 0.197434
27 0.193435
28 0.195715
29 0.194422
"[DEBUG]index 57 centroid... "
0 0.169598
1 0.189734
2 0.187077
3 0.19481
4 0.206057
5 0.175908
6 0.204949
7 0.215233
8 0.14094
9 0.110875
10 0.197012
11 0.212141
12 0.205129
13 0.176937
14 0.181959
15 0.157472
16 0.1346
17 0.149959
18 0.14748
19 0.170607
20 0.163376
21 0.168504
22 0.160227
23 0.184775
24 0.17345
25 0.185948
26 0.174169
27 0.177608
28 0.179725
29 0.188614
"[DEBUG]index 58 centroid... "
0 0.18254
1 0.181197
2 0.188205
3 0.190142
4 0.203544
5 0.161507
6 0.197679
7 0.181525
8 0.12172
9 0.164034
10 0.196742
11 0.202279
12 0.205295
13 0.181724
14 0.219101
15 0.148431
16 0.15225
17 0.17953
18 0.122084
19 0.17899
20 0.181622
21 0.175853
22 0.187624
23 0.165046
24 0.170587
25 0.189518
26 0.176071
27 0.165892
28 0.178773
29 0.180262
"[DEBUG]index 59 centroid... "
0 0.196273
1 0.200886
2 0.202957
3 0.213763
4 0.215094
5 0.197998
6 0.216333
7 0.208857
8 0.159621
9 0.174637
10 0.195872
11 0.181543
12 0.200767
13 0.187588
14 0.181971
15 0.188996
16 0.19798
17 0.18565
18 0.207725
19 0.185703
20 0.160706
21 0.223358
22 0.210079
23 0.205265
24 0.222482
25 0.207095
26 0.20517
27 0.193677
28 0.203599
29 0.211439
"[DEBUG]index 60 centroid... "
0 0.163575
1 0.188138
2 0.18772
3 0.1789
4 0.198683
5 0.188721
6 0.210121
7 0.150965
8 0.14118
9 0.112894
10 0.13416
11 0.18245
12 0.146361
13 0.110361
14 0.0995041
15 0.102695
16 0.128103
17 0.182946
18 0.174905
19 0.151935
20 0.143879
21 0.17943
22 0.184413
23 0.215563
24 0.249886
25 0.189835
26 0.212282
27 0.211762
28 0.213709
29 0.180892
"[DEBUG]index 61 centroid... "
0 0.184948
1 0.188038
2 0.177095
3 0.205559
4 0.202141
5 0.176515
6 0.219051
7 0.202312
8 0.155903
9 0.194954
10 0.191849
11 0.206593
12 0.192755
13 0.161795
14 0.187849
15 0.186076
16 0.189368
17 0.235772
18 0.170752
19 0.111208
20 0.111051
21 0.127095
22 0.192585
23 0.224588
24 0.22575
25 0.203183
26 0.199434
27 0.18938
28 0.185398
29 0.172052
"[DEBUG]index 62 centroid... "
0 0.189989
1 0.174476
2 0.179423
3 0.201693
4 0.2211
5 0.178906
6 0.201506
7 0.173803
8 0.139217
9 0.1589
10 0.193504
11 0.200177
12 0.20079
13 0.239832
14 0.20538
15 0.165983
16 0.130956
17 0.115553
18 0.136483
19 0.172957
20 0.205296
21 0.190794
22 0.20514
23 0.188137
24 0.19243
25 0.174542
26 0.183299
27 0.195627
28 0.194529
29 0.197242
"[DEBUG]index 63 centroid... "
0 0.223473
1 0.174796
2 0.171517
3 0.220035
4 0.227381
5 0.21684
6 0.244869
7 0.228906
8 0.193471
9 0.198406
10 0.172118
11 0.190863
12 0.168947
13 0.186597
14 0.218582
15 0.20496
16 0.143422
17 0.16324
18 0.100447
19 0.116318
20 0.209577
21 0.241719
22 0.225182
23 0.172281
24 0.202651
25 0.203299
26 0.169118
27 0.163313
28 0.170597
29 0.22444
"[DEBUG]index 64 centroid... "
0 0.181434
1 0.177988
2 0.188237
3 0.197944
4 0.204076
5 0.186126
6 0.226963
7 0.21144
8 0.125074
9 0.0887287
10 0.0935353
11 0.159371
12 0.180903
13 0.209954
14 0.19823
15 0.179182
16 0.202068
17 0.163799
18 0.175241
19 0.174554
20 0.156565
21 0.163516
22 0.16954
23 0.19135
24 0.190944
25 0.194233
26 0.188055
27 0.189413
28 0.192034
29 0.185887
"[DEBUG]index 65 centroid... "
0 0.191319
1 0.185537
2 0.182782
3 0.200591
4 0.208242
5 0.204117
6 0.229867
7 0.185334
8 0.102902
9 0.0728875
10 0.131356
11 0.196407
12 0.229981
13 0.211052
14 0.1983
15 0.172094
16 0.192848
17 0.213171
18 0.184991
19 0.212526
20 0.205887
21 0.181256
22 0.201908
23 0.226587
24 0.204608
25 0.201975
26 0.197794
27 0.178413
28 0.179136
29 0.17682
"[DEBUG]index 66 centroid... "
0 0.181277
1 0.179865
2 0.176278
3 0.195658
4 0.201917
5 0.173444
6 0.219854
7 0.193876
8 0.114089
9 0.0838508
10 0.0900196
11 0.128232
12 0.126583
13 0.117397
14 0.121743
15 0.13036
16 0.149228
17 0.177474
18 0.157416
19 0.177155
20 0.214538
21 0.157481
22 0.154191
23 0.194879
24 0.188781
25 0.177423
26 0.182899
27 0.189234
28 0.183213
29 0.183037
"[DEBUG]index 67 centroid... "
0 0.19237
1 0.209213
2 0.218583
3 0.210779
4 0.24191
5 0.204927
6 0.240888
7 0.22649
8 0.19245
9 0.250081
10 0.27481
11 0.23453
12 0.226596
13 0.196634
14 0.220439
15 0.221653
16 0.22808
17 0.266786
18 0.220638
19 0.161599
20 0.197208
21 0.242802
22 0.266427
23 0.207352
24 0.181858
25 0.200345
26 0.179283
27 0.194447
28 0.238172
29 0.19117
"[DEBUG]index 68 centroid... "
0 0.194626
1 0.192974
2 0.193696
3 0.205484
4 0.192679
5 0.191681
6 0.215763
7 0.232745
8 0.170473
9 0.158313
10 0.175505
11 0.164647
12 0.185726
13 0.224253
14 0.213465
15 0.197232
16 0.186107
17 0.193644
18 0.188536
19 0.172931
20 0.185809
21 0.19371
22 0.194586
23 0.198153
24 0.207504
25 0.211733
26 0.208634
27 0.21079
28 0.206585
29 0.213905
"[DEBUG]index 69 centroid... "
0 0.239543
1 0.229465
2 0.237923
3 0.215644
4 0.220166
5 0.18106
6 0.219677
7 0.184486
8 0.101226
9 0.149152
10 0.0995377
11 0.210881
12 0.2101
13 0.208692
14 0.198661
15 0.120765
16 0.183594
17 0.147022
18 0.158451
19 0.23991
20 0.182288
21 0.141647
22 0.202159
23 0.20899
24 0.197984
25 0.199397
26 0.182787
27 0.200003
28 0.196439
29 0.219048
"[DEBUG]index 70 centroid... "
0 0.177903
1 0.172142
2 0.174877
3 0.184824
4 0.194027
5 0.176669
6 0.203146
7 0.237246
8 0.131094
9 0.107
10 0.195579
11 0.212524
12 0.172857
13 0.173424
14 0.195431
15 0.183017
16 0.186462
17 0.185924
18 0.147083
19 0.170082
20 0.200105
21 0.195097
22 0.188638
23 0.192563
24 0.187117
25 0.183604
26 0.172226
27 0.187748
28 0.196772
29 0.200538
"[DEBUG]index 71 centroid... "
0 0.176685
1 0.172695
2 0.18244
3 0.193213
4 0.203645
5 0.172327
6 0.184639
7 0.183683
8 0.116808
9 0.155165
10 0.187971
11 0.187746
12 0.205109
13 0.204591
14 0.177647
15 0.165558
16 0.165812
17 0.186082
18 0.183641
19 0.177954
20 0.176021
21 0.16432
22 0.146055
23 0.172128
24 0.180496
25 0.175566
26 0.191052
27 0.187061
28 0.170651
29 0.172069
"[DEBUG]index 72 centroid... "
0 0.171917
1 0.167553
2 0.17043
3 0.189943
4 0.185456
5 0.168431
6 0.185569
7 0.172626
8 0.0921139
9 0.0698194
10 0.0847593
11 0.103672
12 0.129582
13 0.175211
14 0.152438
15 0.137451
16 0.19539
17 0.180664
18 0.174069
19 0.175802
20 0.175962
21 0.186008
22 0.19829
23 0.205858
24 0.203476
25 0.201534
26 0.182376
27 0.189415
28 0.1943
29 0.202107
"[DEBUG]index 73 centroid... "
0 0.168118
1 0.175565
2 0.176826
3 0.225095
4 0.211979
5 0.177589
6 0.230107
7 0.207513
8 0.138499
9 0.15458
10 0.135628
11 0.175116
12 0.206767
13 0.170852
14 0.175714
15 0.234667
16 0.207801
17 0.206034
18 0.205172
19 0.172024
20 0.173175
21 0.224717
22 0.220612
23 0.197739
24 0.20465
25 0.201604
26 0.163241
27 0.170035
28 0.20658
29 0.203536
"[DEBUG]index 74 centroid... "
0 0.183364
1 0.176533
2 0.177804
3 0.159958
4 0.171916
5 0.164769
6 0.203761
7 0.195881
8 0.164779
9 0.199237
10 0.161117
11 0.0890863
12 0.165376
13 0.216638
14 0.191574
15 0.168188
16 0.1601
17 0.194052
18 0.1819
19 0.219807
20 0.234564
21 0.205825
22 0.198168
23 0.220974
24 0.222319
25 0.228297
26 0.238878
27 0.224039
28 0.225175
29 0.219608
"[DEBUG]index 75 centroid... "
0 0.166671
1 0.179209
2 0.206821
3 0.196455
4 0.224605
5 0.231697
6 0.240884
7 0.235773
8 0.145958
9 0.19006
10 0.240733
11 0.244131
12 0.235997
13 0.258347
14 0.228876
15 0.226174
16 0.220565
17 0.184986
18 0.213688
19 0.268596
20 0.227835
21 0.204867
22 0.219765
23 0.226239
24 0.218756
25 0.188671
26 0.222283
27 0.186058
28 0.204351
29 0.207561
"[DEBUG]index 76 centroid... "
0 0.185418
1 0.226775
2 0.226546
3 0.204744
4 0.196132
5 0.191532
6 0.220428
7 0.22292
8 0.195306
9 0.202516
10 0.236769
11 0.19642
12 0.20197
13 0.258569
14 0.165993
15 0.151597
16 0.209997
17 0.226222
18 0.172902
19 0.216003
20 0.199663
21 0.201332
22 0.23326
23 0.198183
24 0.215566
25 0.236561
26 0.238388
27 0.22321
28 0.214125
29 0.181765
"[DEBUG]index 77 centroid... "
0 0.200117
1 0.190216
2 0.208642
3 0.208147
4 0.221376
5 0.191212
6 0.230104
7 0.203394
8 0.137048
9 0.195653
10 0.22542
11 0.173426
12 0.222457
13 0.221739
14 0.155268
15 0.185081
16 0.174326
17 0.155212
18 0.184603
19 0.163252
20 0.184384
21 0.202394
22 0.171237
23 0.196042
24 0.182281
25 0.192515
26 0.205236
27 0.17071
28 0.207445
29 0.213333
"[DEBUG]index 78 centroid... "
0 0.199183
1 0.19762
2 0.184012
3 0.199926
4 0.205093
5 0.170551
6 0.198076
7 0.202051
8 0.172322
9 0.18555
10 0.194685
11 0.191385
12 0.1637
13 0.128204
14 0.16639
15 0.174389
16 0.184254
17 0.187795
18 0.192352
19 0.18634
20 0.192994
21 0.189709
22 0.2065
23 0.20861
24 0.212764
25 0.213478
26 0.218209
27 0.215978
28 0.22725
29 0.230401
"[DEBUG]index 79 centroid... "
0 0.170761
1 0.165214
2 0.189059
3 0.19488
4 0.178036
5 0.188888
6 0.198897
7 0.185945
8 0.136533
9 0.184586
10 0.216603
11 0.245541
12 0.236151
13 0.222376
14 0.208034
15 0.183778
16 0.197048
17 0.178399
18 0.120878
19 0.182268
20 0.180591
21 0.186994
22 0.212726
23 0.220028
24 0.177396
25 0.157654
26 0.170929
27 0.160143
28 0.168067
29 0.19441
"[DEBUG]index 80 centroid... "
0 0.176408
1 0.176942
2 0.180963
3 0.194581
4 0.20143
5 0.178293
6 0.194351
7 0.194978
8 0.13073
9 0.171383
10 0.208376
11 0.210553
12 0.201249
13 0.168038
14 0.187337
15 0.179298
16 0.185459
17 0.1843
18 0.174768
19 0.211885
20 0.199833
21 0.208094
22 0.222874
23 0.206064
24 0.204657
25 0.199037
26 0.192053
27 0.198103
28 0.202521
29 0.207864
"[DEBUG]index 81 centroid... "
0 0.199897
1 0.205084
2 0.195578
3 0.191378
4 0.214638
5 0.184419
6 0.215002
7 0.205699
8 0.162166
9 0.182542
10 0.205422
11 0.215013
12 0.196231
13 0.17564
14 0.221414
15 0.205753
16 0.204012
17 0.18662
18 0.165031
19 0.199622
20 0.221696
21 0.187603
22 0.225205
23 0.189628
24 0.176748
25 0.195747
26 0.204175
27 0.215835
28 0.192808
29 0.211601
"[DEBUG]index 82 centroid... "
0 0.195358
1 0.187717
2 0.216842
3 0.22549
4 0.235143
5 0.181186
6 0.203357
7 0.190927
8 0.0988769
9 0.140546
10 0.18459
11 0.191989
12 0.21151
13 0.211927
14 0.19661
15 0.202386
16 0.21541
17 0.204794
18 0.153791
19 0.205187
20 0.201929
21 0.190858
22 0.201452
23 0.199601
24 0.17644
25 0.205652
26 0.203238
27 0.180062
28 0.191173
29 0.1872
"[DEBUG]index 83 centroid... "
0 0.17114
1 0.193319
2 0.206553
3 0.215587
4 0.223404
5 0.194716
6 0.213196
7 0.197279
8 0.126916
9 0.160838
10 0.212622
11 0.222006
12 0.215559
13 0.21067
14 0.226106
15 0.214466
16 0.174057
17 0.207122
18 0.233028
19 0.207632
20 0.202165
21 0.226321
22 0.213678
23 0.193771
24 0.19511
25 0.198883
26 0.173878
27 0.193471
28 0.18465
29 0.19218
"[DEBUG]index 84 centroid... "
0 0.16591
1 0.172067
2 0.17495
3 0.175043
4 0.182532
5 0.174316
6 0.191866
7 0.173978
8 0.110317
9 0.0900075
10 0.125171
11 0.191968
12 0.201075
13 0.156294
14 0.185228
15 0.182607
16 0.161894
17 0.174531
18 0.174229
19 0.199271
20 0.235228
21 0.211338
22 0.212655
23 0.197594
24 0.177243
25 0.192579
26 0.192798
27 0.202502
28 0.186604
29 0.177174
"[DEBUG]index 85 centroid... "
0 0.187257
1 0.191028
2 0.180439
3 0.182221
4 0.210861
5 0.208609
6 0.232953
7 0.245684
8 0.188371
9 0.133337
10 0.194754
11 0.219618
12 0.238279
13 0.217563
14 0.195828
15 0.188811
16 0.191784
17 0.203213
18 0.184974
19 0.205051
20 0.187724
21 0.162457
22 0.19523
23 0.203024
24 0.19811
25 0.219321
26 0.191394
27 0.199577
28 0.187027
29 0.198061
"[DEBUG]index 86 centroid... "
0 0.169851
1 0.173131
2 0.179379
3 0.186768
4 0.197893
5 0.16192
6 0.164331
7 0.158301
8 0.108972
9 0.150579
10 0.19473
11 0.184729
12 0.188088
13 0.179725
14 0.184114
15 0.186964
16 0.206315
17 0.209772
18 0.210203
19 0.205576
20 0.212016
21 0.222778
22 0.201524
23 0.19823
24 0.209903
25 0.188449
26 0.188158
27 0.179752
28 0.179081
29 0.181701
"[DEBUG]index 87 centroid... "
0 0.182842
1 0.205271
2 0.185265
3 0.199052
4 0.21232
5 0.197659
6 0.237781
7 0.232227
8 0.167919
9 0.205344
10 0.219309
11 0.194704
12 0.185073
13 0.20578
14 0.239388
15 0.233668
16 0.205582
17 0.186344
18 0.216815
19 0.230377
20 0.225392
21 0.149442
22 0.18345
23 0.241317
24 0.249555
25 0.22632
26 0.229484
27 0.217404
28 0.200823
29 0.201156
"[DEBUG]index 88 centroid... "
0 0.178576
1 0.188994
2 0.188096
3 0.212292
4 0.217083
5 0.199415
6 0.220622
7 0.195527
8 0.109246
9 0.0872629
10 0.117174
11 0.190543
12 0.220581
13 0.2001
14 0.195611
15 0.204662
16 0.179893
17 0.152853
18 0.17606
19 0.179797
20 0.198031
21 0.220118
22 0.202177
23 0.197528
24 0.189681
25 0.196251
26 0.192545
27 0.182228
28 0.188035
29 0.188189
"[DEBUG]index 89 centroid... "
0 0.169963
1 0.164635
2 0.164997
3 0.189803
4 0.218141
5 0.190871
6 0.203025
7 0.21981
8 0.123355
9 0.12914
10 0.222633
11 0.2095
12 0.179095
13 0.149587
14 0.150459
15 0.150825
16 0.148599
17 0.168561
18 0.193489
19 0.165968
20 0.187083
21 0.213157
22 0.190679
23 0.197053
24 0.215613
25 0.19481
26 0.18895
27 0.180618
28 0.181735
29 0.190122
"[DEBUG]index 90 centroid... "
0 0.189522
1 0.180999
2 0.180699
3 0.204685
4 0.212264
5 0.188535
6 0.223847
7 0.200388
8 0.130338
9 0.0892234
10 0.0851453
11 0.112943
12 0.141378
13 0.1459
14 0.142829
15 0.183638
16 0.176761
17 0.195184
18 0.193861
19 0.19106
20 0.18931
21 0.183133
22 0.193987
23 0.190817
24 0.182622
25 0.209761
26 0.216968
27 0.187441
28 0.202059
29 0.19462
"[DEBUG]index 91 centroid... "
0 0.171116
1 0.195325
2 0.180425
3 0.212414
4 0.201965
5 0.178867
6 0.178807
7 0.16575
8 0.131836
9 0.17389
10 0.188037
11 0.200596
12 0.189293
13 0.187031
14 0.143608
15 0.0901953
16 0.0799038
17 0.0798396
18 0.104635
19 0.129474
20 0.174455
21 0.165212
22 0.175264
23 0.195334
24 0.185589
25 0.19992
26 0.200296
27 0.17252
28 0.179125
29 0.201222
"[DEBUG]index 92 centroid... "
0 0.192498
1 0.193544
2 0.207199
3 0.180241
4 0.192237
5 0.166501
6 0.177526
7 0.169369
8 0.138205
9 0.176156
10 0.188657
11 0.174188
12 0.21827
13 0.182254
14 0.108299
15 0.0856558
16 0.0564669
17 0.135807
18 0.16763
19 0.182242
20 0.181936
21 0.180446
22 0.173206
23 0.178248
24 0.176795
25 0.185832
26 0.197278
27 0.191358
28 0.200747
29 0.197937
"[DEBUG]index 93 centroid... "
0 0.202527
1 0.195765
2 0.199345
3 0.201268
4 0.208373
5 0.200137
6 0.234002
7 0.216783
8 0.170668
9 0.225306
10 0.227635
11 0.161916
12 0.182423
13 0.20712
14 0.167928
15 0.150231
16 0.233569
17 0.205864
18 0.169728
19 0.178843
20 0.173449
21 0.172518
22 0.186185
23 0.203624
24 0.198885
25 0.196634
26 0.214662
27 0.2168
28 0.212713
29 0.209965
"[DEBUG]index 94 centroid... "
0 0.196947
1 0.188055
2 0.16981
3 0.196541
4 0.204996
5 0.176331
6 0.200042
7 0.172696
8 0.098328
9 0.152351
10 0.157964
11 0.17326
12 0.231605
13 0.158082
14 0.158217
15 0.213493
16 0.196398
17 0.158734
18 0.169111
19 0.20407
20 0.212661
21 0.23142
22 0.242499
23 0.23735
24 0.226182
25 0.230341
26 0.218385
27 0.221524
28 0.225567
29 0.234535
"[DEBUG]index 95 centroid... "
0 0.171968
1 0.159164
2 0.167653
3 0.198895
4 0.197643
5 0.180924
6 0.184763
7 0.163347
8 0.0775605
9 0.0830999
10 0.125413
11 0.202579
12 0.225142
13 0.189102
14 0.222933
15 0.175035
16 0.138753
17 0.169642
18 0.162184
19 0.150809
20 0.194249
21 0.18704
22 0.169901
23 0.178754
24 0.162922
25 0.151707
26 0.165596
27 0.163436
28 0.16383
29 0.155832
"[DEBUG]index 96 centroid... "
0 0.200417
1 0.191119
2 0.201955
3 0.215304
4 0.221843
5 0.186232
6 0.215705
7 0.221684
8 0.138357
9 0.169544
10 0.217899
11 0.223656
12 0.201978
13 0.229016
14 0.23738
15 0.18515
16 0.194176
17 0.224667
18 0.195135
19 0.182568
20 0.222124
21 0.211433
22 0.171142
23 0.20498
24 0.215561
25 0.199568
26 0.208331
27 0.207233
28 0.207073
29 0.198777
"[DEBUG]index 97 centroid... "
0 0.187505
1 0.163205
2 0.171929
3 0.179607
4 0.185889
5 0.18069
6 0.201347
7 0.181376
8 0.129081
9 0.194194
10 0.188722
11 0.153011
12 0.176579
13 0.165028
14 0.165699
15 0.188
16 0.177211
17 0.19786
18 0.161165
19 0.140934
20 0.172284
21 0.157686
22 0.169126
23 0.219408
24 0.187704
25 0.189367
26 0.17528
27 0.17393
28 0.174978
29 0.174212
"[DEBUG]index 98 centroid... "
0 0.234176
1 0.189467
2 0.23054
3 0.200977
4 0.217103
5 0.21171
6 0.241932
7 0.206999
8 0.146728
9 0.201957
10 0.269768
11 0.210196
12 0.225059
13 0.300329
14 0.210133
15 0.171623
16 0.222777
17 0.15552
18 0.156902
19 0.263617
20 0.217105
21 0.223366
22 0.257914
23 0.216297
24 0.175135
25 0.201489
26 0.24439
27 0.21816
28 0.258972
29 0.242277
"[DEBUG]index 99 centroid... "
0 0.19395
1 0.182069
2 0.201572
3 0.211191
4 0.215417
5 0.197944
6 0.217417
7 0.209605
8 0.148223
9 0.160577
10 0.190711
11 0.185178
12 0.200835
13 0.222907
14 0.227867
15 0.190185
16 0.223459
17 0.187659
18 0.140237
19 0.213121
20 0.223133
21 0.195703
22 0.222753
23 0.212505
24 0.184256
25 0.189484
26 0.193926
27 0.197403
28 0.189967
29 0.196674
