correlation level (red against blue): 
-0.185376
0.008261
-0.461538
-0.30134
-0.777412
-0.553497
-0.639468
-0.454366
-0.538342
-0.72705
-0.741639
-0.545704
-0.789678
-0.446587
-0.557932
-0.723911
-0.764302
-0.666611
-0.732634
-0.439714
-0.525315
-0.864643
-0.839994
-0.763143
-0.698633
-0.69807
-0.543362
-0.74934
-0.6607
-0.706293
-0.718143
-0.517211
-0.67552
-0.683248
-0.800769
-0.474275
-0.689606
-0.857771
-0.785765
-0.78356
-0.507422
-0.556266
-0.798131
-0.805644
-0.48528
-0.689708
-0.670897
-0.544076
-0.818264
-0.59392
-0.759832
-0.547385
-0.745744
-0.348369
-0.367668
-0.495551
-0.765913
-0.667696
-0.744733
-0.644324
-0.541036
-0.681841
-0.48564
-0.423753
-0.487476
-0.584887
-0.480136
-0.408202
-0.381458
-0.759062
-0.809646
-0.719877
-0.609811
-0.541911
-0.707415
-0.665308
-0.509828
-0.712196
-0.749276
-0.578991
-0.776146
-0.677169
-0.683939
-0.712822
-0.697562
-0.629454
-0.707729
-0.611135
-0.685441
-0.626178
-0.431637
-0.413935
-0.709947
-0.652416
-0.733193
-0.696524
-0.727121
-0.692042
-0.705208
-0.725449
