"[DEBUG]index 0 centroid... "
0 1.68519
1 1.97685
2 1.91667
3 1.69907
4 1.61111
5 2.68056
6 3.27778
7 1.61111
8 5.06482
9 4.49074
10 5.46296
11 11.0324
12 12.3704
13 13.1944
14 19.3981
15 19.875
16 12.4861
17 12.6574
18 9.58796
19 7.10648
20 5.97685
21 5.34722
22 4.08333
23 2.37037
24 2.93981
25 2.66204
26 2.30093
27 2.69444
28 2.71759
29 2.6713
"[DEBUG]index 1 centroid... "
0 12.7659
1 10.9008
2 9.02381
3 9.67064
4 9.59524
5 8.18254
6 8.11905
7 5.21825
8 16.1111
9 6.22222
10 5.04365
11 3.25397
12 2.33333
13 1.28175
14 0.880952
15 0.5
16 0.912698
17 1.12302
18 1.28571
19 1.96825
20 3
21 3.02381
22 4.9127
23 4.60714
24 4.81746
25 5.52381
26 6.20635
27 5.5873
28 7.70238
29 7.30952
"[DEBUG]index 2 centroid... "
0 4.43864
1 4.59827
2 4.42186
3 4.26366
4 4.09444
5 4.42665
6 4.08965
7 3.3442
8 15.9003
9 6.87632
10 3.90125
11 2.20997
12 1.28092
13 1.50959
14 2.25407
15 4.31352
16 7.10355
17 13.3663
18 27.6774
19 12.1194
20 7.59492
21 3.86769
22 2.09875
23 4.87057
24 4.36961
25 4.68984
26 5.48035
27 5.42522
28 5.28236
29 4.83413
"[DEBUG]index 3 centroid... "
0 6.14054
1 7.07027
2 6.26486
3 5.90811
4 6.61081
5 6.71892
6 6.46486
7 4.20541
8 19.4757
9 5.31892
10 4.12973
11 1.95135
12 2.21622
13 4.73514
14 9.46486
15 9.75676
16 11.8973
17 3.64865
18 1.87568
19 1.09189
20 0.486486
21 1.07568
22 1.68108
23 6.12432
24 5.8
25 5.33513
26 5.82162
27 5.78919
28 4.64324
29 4.05946
"[DEBUG]index 4 centroid... "
0 5.3105
1 4.95089
2 4.51235
3 4.24565
4 4.98553
5 5.6524
6 5.01634
7 2.90956
8 33.6405
9 7.35872
10 5.11052
11 3.00197
12 5.97244
13 3.71706
14 11.7788
15 14.4233
16 3.86173
17 2.43933
18 6.45409
19 4.24889
20 7.6396
21 39.7995
22 9.888
23 5.65594
24 6.61008
25 6.70003
26 5.41679
27 5.1551
28 5.06791
29 5.62986
"[DEBUG]index 5 centroid... "
0 6.0625
1 6.14413
2 6.09261
3 5.79208
4 5.76185
5 5.42966
6 4.76308
7 3.25105
8 32.2631
9 9.01826
10 5.02776
11 8.83416
12 36.623
13 5.63314
14 4.03363
15 3.35995
16 3.31478
17 4.20218
18 6.9673
19 34.073
20 8.77591
21 4.75506
22 6.005
23 6.44114
24 5.06645
25 5.058
26 5.18633
27 5.60063
28 5.28079
29 5.2616
"[DEBUG]index 6 centroid... "
0 4.95717
1 5.30556
2 5.0761
3 4.1176
4 4.46732
5 4.93862
6 4.034
7 3.61746
8 28.5496
9 4.91816
10 21.854
11 25.515
12 7.58728
13 4.41846
14 2.32337
15 3.69002
16 9.41728
17 9.72461
18 3.94819
19 2.0783
20 4.02311
21 9.34722
22 3.15955
23 3.74787
24 3.79232
25 4.07168
26 3.84648
27 3.60053
28 3.57301
29 3.80836
"[DEBUG]index 7 centroid... "
0 6.62211
1 7.00121
2 5.90158
3 6.10207
4 7.02673
5 6.1774
6 5.11179
7 3.16889
8 23.7922
9 6.31349
10 10.8858
11 6.70231
12 23.6039
13 19.6719
14 8.92953
15 3.21507
16 2.4593
17 1.35723
18 1.0644
19 2.41069
20 2.23086
21 3.52369
22 11.9745
23 4.73512
24 4.88578
25 5.07169
26 4.9757
27 4.34508
28 5.24058
29 4.44228
"[DEBUG]index 8 centroid... "
0 6.51894
1 6.43127
2 6.32237
3 5.62786
4 6.76736
5 7.19303
6 5.8656
7 4.0781
8 58.3811
9 8.52753
10 5.31797
11 6.05399
12 5.54442
13 16.5868
14 4.23464
15 19.032
16 4.24984
17 22.4013
18 4.73175
19 4.25616
20 18.0739
21 5.26087
22 2.38673
23 7.05994
24 6.49763
25 5.76696
26 6.05151
27 5.93738
28 5.91625
29 5.66343
"[DEBUG]index 9 centroid... "
0 8.24204
1 7.76046
2 7.58838
3 6.76168
4 7.19168
5 7.44724
6 6.17509
7 4.64905
8 52.2941
9 8.58191
10 14.295
11 19.5523
12 6.59421
13 2.50759
14 4.40445
15 22.9998
16 4.80511
17 2.68774
18 4.82081
19 22.0121
20 4.75732
21 2.44731
22 6.02242
23 7.55154
24 6.21046
25 6.3086
26 6.42309
27 6.27388
28 6.07284
29 5.94612
"[DEBUG]index 10 centroid... "
0 7.14461
1 7.3268
2 7.55098
3 6.62034
4 7.60784
5 7.85866
6 6.54289
7 4.45964
8 49.7906
9 11.2397
10 6.77402
11 3.36356
12 5.46511
13 23.9527
14 5.79804
15 2.71111
16 5.45392
17 21.1405
18 18.3775
19 5.83783
20 3.28423
21 5.34306
22 25.3072
23 5.92516
24 6.47222
25 7.90515
26 8.11797
27 7.12892
28 6.91217
29 6.8085
"[DEBUG]index 11 centroid... "
0 4.20402
1 4.28158
2 3.77731
3 3.41347
4 3.49235
5 3.89462
6 4.1055
7 3.29556
8 17.9193
9 5.0389
10 18.4874
11 7.02818
12 3.80923
13 4.27219
14 2.03746
15 3.49067
16 8.8232
17 3.95688
18 7.5504
19 12.6863
20 38.7615
21 11.9167
22 7.78658
23 4.60653
24 4.89233
25 4.12803
26 4.32603
27 4.11454
28 4.56401
29 4.53776
"[DEBUG]index 12 centroid... "
0 5.95526
1 5.91322
2 5.49444
3 5.21741
4 6.28913
5 6.25642
6 6.16473
7 4.50786
8 40.6618
9 8.15696
10 4.87291
11 4.91513
12 16.4069
13 4.84317
14 4.7556
15 8.48816
16 46.9334
17 8.73936
18 4.64769
19 14.1876
20 5.52884
21 4.09414
22 13.3891
23 5.40346
24 5.84038
25 6.09633
26 6.13069
27 5.58627
28 5.47057
29 5.17962
"[DEBUG]index 13 centroid... "
0 6.03502
1 6.06772
2 6.29732
3 6.03304
4 5.82656
5 5.42385
6 6.50644
7 3.73968
8 28.923
9 5.34556
10 29.7945
11 4.98249
12 31.301
13 6.63429
14 11.2729
15 4.10704
16 4.29468
17 8.31682
18 10.0258
19 3.63132
20 2.34027
21 1.50248
22 2.03832
23 4.01553
24 3.38157
25 3.30129
26 3.56921
27 3.69772
28 3.77767
29 3.1817
"[DEBUG]index 14 centroid... "
0 7.18117
1 7.06852
2 6.23329
3 6.08953
4 7.05002
5 6.42833
6 6.71669
7 4.71627
8 31.9601
9 8.39512
10 5.42329
11 2.79529
12 1.41614
13 3.07314
14 2.5082
15 4.30265
16 21.401
17 5.75788
18 2.71753
19 2.71753
20 6.14376
21 3.65784
22 17.6549
23 4.94031
24 7.13073
25 7.21396
26 7.32745
27 5.89449
28 6.45733
29 5.87516
"[DEBUG]index 15 centroid... "
0 3.58088
1 3.63535
2 3.64676
3 3.39189
4 3.0798
5 4.27474
6 4.39581
7 2.98501
8 13.1773
9 32.4681
10 11.8806
11 6.78306
12 3.50821
13 5.88606
14 19.3853
15 5.23882
16 2.37892
17 6.86132
18 3.05435
19 7.15699
20 2.60692
21 7.0911
22 6.18471
23 3.0785
24 3.28746
25 3.13666
26 3.09491
27 3.13059
28 2.94696
29 2.63844
"[DEBUG]index 16 centroid... "
0 6.6197
1 6.24945
2 6.04417
3 5.42189
4 6.81486
5 6.63066
6 5.60964
7 3.51791
8 51.0358
9 8.38017
10 4.99608
11 2.88654
12 2.76454
13 4.61248
14 5.76344
15 2.10967
16 5.7062
17 2.38017
18 4.3533
19 21.709
20 3.50829
21 4.56498
22 2.35624
23 6.50282
24 5.36401
25 5.26983
26 5.39082
27 5.75643
28 5.67039
29 5.61169
"[DEBUG]index 17 centroid... "
0 6.77261
1 6.92607
2 6.56106
3 5.9631
4 6.11684
5 6.61086
6 5.64708
7 4.38106
8 42.4222
9 9.88864
10 4.42009
11 21.031
12 5.6533
13 2.24851
14 3.02994
15 6.5753
16 2.33146
17 4.90402
18 20.7806
19 5.3199
20 4.52844
21 17.0317
22 17.2456
23 4.96237
24 6.29483
25 6.63171
26 6.22271
27 6.23635
28 6.13562
29 6.16556
"[DEBUG]index 18 centroid... "
0 5.63826
1 5.89837
2 5.49501
3 4.95134
4 5.51155
5 6.44063
6 5.78912
7 4.32197
8 34.3251
9 9.74151
10 4.55687
11 13.6621
12 5.26835
13 5.51485
14 12.402
15 3.89201
16 7.43033
17 43.4578
18 10.0554
19 4.96494
20 10.2635
21 38.6394
22 9.07696
23 5.28208
24 6.70025
25 6.60409
26 6.19361
27 6.27387
28 6.19884
29 6.08191
"[DEBUG]index 19 centroid... "
0 5.20521
1 4.88551
2 4.78963
3 4.32548
4 5.02005
5 5.42467
6 5.38334
7 3.64683
8 26.9415
9 7.51085
10 4.93387
11 3.40318
12 4.18041
13 6.41579
14 32.8365
15 7.33292
16 4.60612
17 8.96177
18 27.198
19 25.1486
20 7.23641
21 4.21099
22 14.1546
23 5.15623
24 5.23455
25 5.379
26 5.69849
27 5.32321
28 5.61831
29 5.21203
"[DEBUG]index 20 centroid... "
0 9.25844
1 8.9526
2 7.20649
3 7.52597
4 7.53636
5 7.51948
6 6.52403
7 3.96299
8 32.3338
9 12.5279
10 4.2526
11 6.34221
12 7.5026
13 2.2974
14 1.55455
15 2.27792
16 4.97208
17 20.3844
18 4.03506
19 5.62922
20 2.4961
21 1.40714
22 2.26494
23 6.65
24 5.49221
25 6.97338
26 6.51753
27 6.54351
28 6.38052
29 6.38571
"[DEBUG]index 21 centroid... "
0 6.58972
1 6.51204
2 6.58612
3 5.66051
4 6.62565
5 6.68783
6 5.46488
7 4.12752
8 64.2966
9 8.07243
10 4.53784
11 20.4332
12 5.96122
13 4.22825
14 5.64204
15 2.3237
16 4.72634
17 6.18578
18 2.26403
19 4.86109
20 17.2879
21 4.07349
22 4.68624
23 5.78126
24 5.83972
25 4.97203
26 5.18072
27 5.02893
28 5.14845
29 5.14979
"[DEBUG]index 22 centroid... "
0 6.48268
1 6.00054
2 5.90253
3 5.9319
4 6.48519
5 6.94658
6 6.33189
7 3.78278
8 40.2356
9 7.3686
10 3.47563
11 13.0949
12 14.278
13 3.68073
14 7.1504
15 45.2862
16 7.24427
17 4.69369
18 3.45513
19 2.99857
20 4.35874
21 13.0743
22 3.75198
23 6.21401
24 6.03006
25 5.98088
26 4.99315
27 4.94732
28 4.83448
29 4.66072
"[DEBUG]index 23 centroid... "
0 5.81702
1 5.88185
2 5.54375
3 5.61272
4 6.19732
5 6.56089
6 5.2755
7 3.43399
8 37.7298
9 7.83955
10 4.92896
11 5.67443
12 12.4311
13 6.52558
14 42.6945
15 7.41809
16 4.97132
17 2.97592
18 4.19633
19 12.1496
20 3.97582
21 4.02444
22 2.3819
23 5.92425
24 5.1181
25 4.63063
26 4.5015
27 4.68251
28 4.59677
29 4.42902
"[DEBUG]index 24 centroid... "
0 7.0511
1 6.94277
2 6.80697
3 6.38435
4 6.88204
5 7.59032
6 6.20861
7 4.64762
8 60.3151
9 8.67435
10 4.50759
11 19.6454
12 5.17697
13 13.2437
14 4.7308
15 22.6559
16 4.13441
17 4.49354
18 18.1255
19 5.26898
20 2.38053
21 5.50484
22 5.04807
23 5.97098
24 5.82777
25 5.60029
26 5.64956
27 5.53817
28 5.24071
29 4.99125
"[DEBUG]index 25 centroid... "
0 7.89617
1 7.31982
2 7.02921
3 5.81189
4 7.01906
5 7.12311
6 5.60617
7 3.73306
8 59.8451
9 8.31995
10 24.5492
11 4.53523
12 2.91922
13 2.55616
14 5.43835
15 4.90965
16 2.03999
17 5.5766
18 5.87108
19 1.98136
20 4.8287
21 4.83074
22 1.86998
23 5.38495
24 5.00036
25 4.87474
26 4.92874
27 4.97489
28 4.85491
29 5.08625
"[DEBUG]index 26 centroid... "
0 6.78116
1 7.18198
2 6.50773
3 5.87489
4 7.0273
5 6.69563
6 5.0364
7 3.53913
8 31.232
9 10.2366
10 4.68562
11 2.64559
12 5.60646
13 19.8439
14 4.20337
15 1.74158
16 1.54777
17 2.72748
18 5.85123
19 3.53685
20 19.1356
21 3.45177
22 17.3494
23 5.27798
24 6.56415
25 5.79208
26 6.36533
27 5.62511
28 6.22475
29 6.39536
"[DEBUG]index 27 centroid... "
0 4.03617
1 4.09687
2 4.07821
3 3.47115
4 3.41805
5 4.31487
6 3.71627
7 3.62959
8 19.2509
9 5.17064
10 16.7407
11 16.9391
12 6.25574
13 3.18456
14 9.14179
15 3.64107
16 6.54406
17 10.6722
18 41.2322
19 12.384
20 7.32448
21 3.83711
22 10.2833
23 3.57592
24 3.64423
25 3.55267
26 4.10462
27 3.93642
28 4.27598
29 3.5897
"[DEBUG]index 28 centroid... "
0 5.27533
1 5.64027
2 5.71477
3 4.98569
4 5.81052
5 5.65551
6 4.3812
7 3.61324
8 35.5945
9 7.62711
10 12.2834
11 11.0397
12 8.97536
13 42.8449
14 7.90056
15 3.22453
16 12.5689
17 3.8348
18 11.8412
19 3.98157
20 14.5797
21 3.48237
22 14.0238
23 4.66592
24 5.0873
25 4.86262
26 4.95382
27 4.59264
28 4.8012
29 4.40006
"[DEBUG]index 29 centroid... "
0 5.79425
1 5.62937
2 5.37369
3 4.80099
4 5.32833
5 5.91091
6 5.91064
7 4.19533
8 32.0438
9 5.23134
10 33.8335
11 6.67176
12 4.6705
13 5.08128
14 9.31468
15 5.70992
16 35.3757
17 7.84688
18 4.09573
19 10.0304
20 12.5708
21 3.56453
22 2.4599
23 5.18985
24 4.48415
25 4.59048
26 4.65559
27 4.90103
28 4.38581
29 4.45649
"[DEBUG]index 30 centroid... "
0 5.37332
1 5.31603
2 5.14857
3 4.59117
4 5.57156
5 5.83429
6 4.81817
7 3.30993
8 38.5313
9 9.81592
10 4.69262
11 2.51492
12 6.20253
13 2.1941
14 5.07087
15 1.68042
16 4.86108
17 17.8045
18 3.49575
19 15.0152
20 14.0442
21 3.27086
22 17.4966
23 5.08583
24 4.8881
25 5.86058
26 6.04125
27 5.6603
28 6.00116
29 5.85535
"[DEBUG]index 31 centroid... "
0 8.60681
1 7.79083
2 7.60194
3 6.77146
4 8.15192
5 7.54268
6 6.428
7 3.99361
8 68.2259
9 9.68257
10 6.39959
11 5.77409
12 29.8756
13 3.77534
14 2.50617
15 6.10017
16 5.93971
17 2.74233
18 5.82453
19 2.90043
20 6.00395
21 5.14903
22 2.72743
23 6.27208
24 6.06279
25 5.47398
26 5.46822
27 5.56818
28 5.46603
29 5.47385
"[DEBUG]index 32 centroid... "
0 4.44937
1 4.04569
2 3.65749
3 3.75902
4 3.94363
5 4.71974
6 4.75554
7 3.20091
8 24.0997
9 5.02752
10 3.43949
11 2.21347
12 2.29041
13 3.25541
14 6.22148
15 23.5592
16 19.5004
17 6.56479
18 9.51964
19 3.16003
20 9.2327
21 8.81005
22 2.8592
23 4.17259
24 4.64066
25 4.57628
26 4.29709
27 4.1082
28 3.91103
29 4.12744
"[DEBUG]index 33 centroid... "
0 5.90751
1 5.6617
2 5.81569
3 4.82757
4 5.18218
5 5.21427
6 5.12478
7 3.29973
8 36.4514
9 5.64077
10 40.573
11 6.85391
12 4.25902
13 5.38847
14 4.91968
15 2.11383
16 2.48329
17 2.18793
18 4.74479
19 11.3378
20 3.30341
21 11.4851
22 3.97956
23 4.86189
24 4.37553
25 4.46218
26 4.00752
27 4.31622
28 4.44336
29 4.25766
"[DEBUG]index 34 centroid... "
0 5.7396
1 5.90021
2 5.78595
3 5.45361
4 6.53698
5 7.34087
6 6.11411
7 3.98249
8 39.3067
9 7.4794
10 5.16006
11 3.66305
12 5.12765
13 8.89545
14 45.5052
15 7.61377
16 4.08391
17 15.3027
18 5.1939
19 2.3956
20 5.50848
21 4.29212
22 12.8156
23 5.76726
24 5.80988
25 5.79217
26 5.66477
27 5.52388
28 4.95719
29 5.16722
"[DEBUG]index 35 centroid... "
0 5.41916
1 5.40091
2 5.03256
3 4.74105
4 4.81215
5 4.772
6 4.79753
7 3.01244
8 32.8363
9 7.61291
10 10.5503
11 7.833
12 37.2623
13 6.67197
14 3.53098
15 10.5235
16 3.87962
17 12.2372
18 3.86095
19 11.5256
20 7.51111
21 32.7957
22 9.08071
23 4.86903
24 5.47378
25 5.54092
26 4.44356
27 4.72279
28 4.76052
29 4.52387
"[DEBUG]index 36 centroid... "
0 6.00157
1 5.87755
2 5.65329
3 5.17711
4 5.0983
5 6.14715
6 5.38248
7 3.68077
8 26.1591
9 30.8621
10 8.71842
11 3.62502
12 16.0405
13 3.77883
14 1.94201
15 2.15017
16 4.07699
17 4.08044
18 2.09564
19 4.93741
20 2.13552
21 3.47273
22 10.7324
23 3.58162
24 4.0736
25 4.15501
26 4.22178
27 4.08989
28 3.88548
29 3.99746
"[DEBUG]index 37 centroid... "
0 5.90082
1 6.08345
2 5.69016
3 5.20314
4 5.82761
5 6.48455
6 5.80498
7 4.12693
8 40.3565
9 8.66424
10 4.76501
11 5.22427
12 4.90058
13 4.9479
14 14.2776
15 4.15007
16 8.51382
17 43.2868
18 8.98871
19 4.60795
20 3.2267
21 5.29667
22 2.34066
23 5.34465
24 5.1166
25 5.32433
26 5.3735
27 5.22983
28 4.88538
29 4.57651
"[DEBUG]index 38 centroid... "
0 6.99771
1 6.5766
2 6.19959
3 5.98865
4 7.28574
5 7.38276
6 6.6464
7 4.25232
8 50.7114
9 9.10876
10 5.1104
11 3.42653
12 7.1912
13 2.30348
14 5.0179
15 24.8622
16 4.71749
17 4.64724
18 20.635
19 6.11015
20 2.46113
21 4.94375
22 20.1768
23 5.22191
24 6.73439
25 7.11157
26 7.28396
27 6.56325
28 6.69672
29 5.97371
"[DEBUG]index 39 centroid... "
0 5.60195
1 5.7676
2 5.61846
3 5.1136
4 5.7619
5 5.98164
6 5.05318
7 3.75345
8 40.8573
9 8.18662
10 4.91764
11 12.806
12 4.63309
13 11.8859
14 3.53889
15 14.0328
16 13.0514
17 4.79811
18 8.37887
19 49.139
20 8.48296
21 4.52362
22 5.65546
23 6.33282
24 5.24789
25 5.40342
26 5.24607
27 5.65924
28 5.39248
29 4.92786
"[DEBUG]index 40 centroid... "
0 10.4736
1 10.6575
2 9.44671
3 9.75026
4 9.3001
5 9.59503
6 7.80028
7 5.96964
8 31.2901
9 11.3967
10 4.17385
11 19.6585
12 5.901
13 5.14108
14 6.61676
15 2.46568
16 1.16557
17 2.36633
18 2.30804
19 5.55191
20 1.87685
21 1.32528
22 2.16971
23 6.20386
24 4.79441
25 5.24905
26 5.18351
27 5.29251
28 5.5019
29 5.30045
"[DEBUG]index 41 centroid... "
0 4.13304
1 4.97409
2 4.56978
3 4.45865
4 3.76982
5 4.57504
6 4.83068
7 3.55431
8 13.1191
9 29.4277
10 6.60376
11 31.6577
12 11.467
13 5.6005
14 6.51958
15 6.30251
16 2.80891
17 2.02354
18 2.80447
19 2.67365
20 4.92848
21 2.65255
22 1.50226
23 2.93885
24 2.7083
25 2.44681
26 2.48915
27 2.55223
28 2.45954
29 2.37247
"[DEBUG]index 42 centroid... "
0 6.22871
1 6.4159
2 5.7703
3 5.23176
4 5.06908
5 6.4348
6 5.79531
7 3.65723
8 28.9318
9 33.7673
10 8.629
11 4.10556
12 15.0423
13 3.707
14 4.42555
15 2.4126
16 4.08633
17 14.2361
18 11.9555
19 3.42646
20 14.256
21 4.59062
22 2.08468
23 5.40343
24 4.92291
25 4.31628
26 4.88478
27 4.96104
28 4.71426
29 4.42918
"[DEBUG]index 43 centroid... "
0 7.50445
1 7.4264
2 7.14714
3 6.82257
4 8.15277
5 8.27837
6 7.2704
7 4.55818
8 49.9
9 8.49243
10 5.23193
11 7.16334
12 2.77413
13 5.41554
14 24.2
15 4.81311
16 2.81004
17 3.23205
18 2.95067
19 7.20543
20 2.34078
21 4.72993
22 19.4871
23 5.96849
24 6.63506
25 6.70749
26 6.75114
27 5.91393
28 5.85263
29 6.01292
"[DEBUG]index 44 centroid... "
0 5.79121
1 6.00073
2 5.58312
3 4.72776
4 5.56474
5 5.77012
6 4.79434
7 3.27836
8 46.944
9 7.59796
10 17.103
11 4.85074
12 2.59564
13 5.83657
14 2.39811
15 4.68679
16 3.60064
17 20.3365
18 3.74837
19 16.8601
20 3.60241
21 17.0337
22 3.76901
23 5.53656
24 5.07864
25 5.72953
26 5.07006
27 5.52707
28 5.3807
29 5.52314
"[DEBUG]index 45 centroid... "
0 5.90411
1 5.65515
2 5.67612
3 4.71119
4 5.55033
5 6.11676
6 4.87594
7 3.35674
8 48.3363
9 7.24737
10 18.407
11 4.39739
12 4.72304
13 15.6824
14 3.41866
15 14.7369
16 4.63198
17 5.17904
18 2.37302
19 4.56391
20 16.7468
21 3.36709
22 16.7337
23 5.3881
24 5.9188
25 5.6563
26 5.5456
27 4.97572
28 5.16404
29 5.0617
"[DEBUG]index 46 centroid... "
0 7.18113
1 6.71556
2 6.7309
3 6.14964
4 7.35743
5 7.38904
6 6.04861
7 3.49677
8 63.8808
9 9.54782
10 6.17056
11 6.25928
12 21.6098
13 3.4848
14 21.0697
15 5.23266
16 2.79994
17 6.2868
18 19.6507
19 4.5638
20 4.97574
21 18.4698
22 5.27639
23 6.61529
24 6.83027
25 6.62352
26 6.10091
27 6.37606
28 6.22468
29 6.14116
"[DEBUG]index 47 centroid... "
0 6.46789
1 6.45161
2 6.27953
3 5.51759
4 6.40213
5 6.69221
6 5.67398
7 4.32792
8 53.3332
9 8.43034
10 4.59169
11 17.4266
12 6.0111
13 2.4365
14 5.90962
15 4.56582
16 19.5135
17 4.36
18 21.0763
19 3.96608
20 19.1204
21 4.2894
22 5.2526
23 5.86294
24 6.23684
25 5.49322
26 6.06501
27 5.91113
28 5.97891
29 5.4652
"[DEBUG]index 48 centroid... "
0 5.91383
1 5.75926
2 5.51916
3 5.02958
4 6.80917
5 6.49712
6 5.56433
7 3.81557
8 79.14
9 7.15039
10 5.41109
11 5.33156
12 5.62413
13 13.3876
14 4.4928
15 4.04159
16 15.0919
17 5.20269
18 5.08511
19 5.12391
20 4.2861
21 13.2136
22 4.328
23 5.28389
24 5.46899
25 5.51513
26 4.97446
27 5.03266
28 4.90794
29 4.77605
"[DEBUG]index 49 centroid... "
0 8.17609
1 7.72604
2 7.79791
3 7.16196
4 8.92854
5 8.24509
6 7.83292
7 4.39271
8 42.5188
9 7.9312
10 4.63432
11 2.80262
12 6.15848
13 3.51106
14 23.5915
15 3.59419
16 6.43653
17 2.68346
18 1.3663
19 2.04914
20 5.86036
21 4.52682
22 1.6036
23 6.85504
24 6.27293
25 5.68939
26 5.67404
27 5.793
28 5.32043
29 5.42097
"[DEBUG]index 50 centroid... "
0 6.79412
1 6.95463
2 7.02121
3 6.21656
4 6.81541
5 7.53378
6 5.96576
7 4.05173
8 59.4933
9 9.34704
10 4.4327
11 17.8843
12 21.0956
13 3.62916
14 17.3617
15 5.13307
16 4.38369
17 19.1019
18 4.92722
19 6.03334
20 3.02656
21 5.0613
22 18.0521
23 5.58359
24 5.86714
25 6.39776
26 6.61543
27 5.85617
28 5.68526
29 5.60889
"[DEBUG]index 51 centroid... "
0 6.09045
1 5.89043
2 6.15887
3 5.0168
4 6.26872
5 6.45142
6 5.8385
7 3.58626
8 50.7764
9 6.87817
10 19.4947
11 5.11234
12 2.90538
13 4.8586
14 19.6507
15 3.71196
16 5.47904
17 4.51914
18 21.2532
19 3.90541
20 16.6517
21 3.66205
22 18.6765
23 4.90024
24 6.22824
25 5.70178
26 6.55295
27 5.46461
28 5.75357
29 5.46472
"[DEBUG]index 52 centroid... "
0 8.86433
1 8.75043
2 8.07007
3 6.95745
4 8.61808
5 8.42319
6 7.60787
7 5.57762
8 51.974
9 9.69841
10 4.42724
11 23.2976
12 6.5529
13 2.3357
14 7.04738
15 5.7466
16 20.2006
17 5.52541
18 2.63285
19 7.26631
20 2.3442
21 5.79665
22 2.42438
23 7.09482
24 6.62683
25 6.27667
26 6.17554
27 6.14027
28 5.94869
29 5.87917
"[DEBUG]index 53 centroid... "
0 5.39239
1 5.31779
2 4.76224
3 4.48019
4 4.83217
5 5.69075
6 4.61383
7 2.8143
8 21.6185
9 7.34343
10 3.63015
11 2.31469
12 1.13364
13 0.975136
14 1.71096
15 4.89666
16 1.73271
17 2.17949
18 4.94949
19 7.53691
20 22.028
21 8.57809
22 3.55711
23 5.28516
24 6.08158
25 5.38695
26 5.79409
27 5.77933
28 5.85936
29 5.36597
"[DEBUG]index 54 centroid... "
0 10.546
1 8.77104
2 10.5323
3 8.67123
4 9.03914
5 8.17808
6 7.68493
7 4.61057
8 24.3464
9 8.77495
10 3.7456
11 16.7476
12 6.03914
13 2.67515
14 2.96086
15 8.77495
16 2.0411
17 2.56556
18 1.4227
19 0.821918
20 1.28963
21 2.19961
22 6.19569
23 6.33268
24 6.36791
25 6.38943
26 6.02153
27 5.78278
28 5.91976
29 5.94716
"[DEBUG]index 55 centroid... "
0 6.09291
1 5.72215
2 5.85557
3 5.04403
4 5.17481
5 5.47204
6 5.13562
7 2.92294
8 26.4985
9 8.56935
10 3.13518
11 13.1532
12 14.2329
13 3.31968
14 2.24483
15 5.05152
16 2.28798
17 1.33025
18 2.55306
19 4.27345
20 9.70145
21 28.2761
22 9.63848
23 5.45795
24 6.37076
25 6.16204
26 5.30471
27 5.91061
28 5.32277
29 5.92602
"[DEBUG]index 56 centroid... "
0 7.75319
1 7.60362
2 7.19436
3 6.72145
4 7.11391
5 8.02344
6 6.07096
7 4.96529
8 47.6139
9 9.64438
10 5.09356
11 19.3981
12 4.36476
13 19.8968
14 5.37289
15 4.07778
16 16.2625
17 22.5765
18 4.1612
19 2.8197
20 6.48644
21 2.19579
22 5.73634
23 6.13794
24 5.68994
25 6.18819
26 6.34287
27 5.63578
28 5.39442
29 5.40581
"[DEBUG]index 57 centroid... "
0 3.91905
1 4.13248
2 3.51415
3 3.25722
4 3.23962
5 4.10179
6 4.32761
7 3.28706
8 12.861
9 31.2695
10 10.853
11 5.42728
12 3.89314
13 2.11587
14 2.65127
15 4.93538
16 19.7027
17 4.38857
18 8.23793
19 3.15627
20 1.86048
21 2.92017
22 6.45586
23 2.57581
24 3.56413
25 3.36844
26 3.53104
27 3.17697
28 2.94805
29 2.68408
"[DEBUG]index 58 centroid... "
0 6.75794
1 6.26793
2 5.87999
3 5.91566
4 6.71493
5 7.02194
6 6.27555
7 3.90069
8 42.279
9 8.64402
10 5.1158
11 2.17726
12 5.49037
13 14.9215
14 3.66785
15 16.2216
16 18.3153
17 3.52096
18 20.3268
19 4.07025
20 4.99208
21 2.16164
22 4.88253
23 5.67127
24 6.12009
25 5.67984
26 5.80799
27 5.49786
28 5.60748
29 5.09568
"[DEBUG]index 59 centroid... "
0 6.15811
1 5.86209
2 5.53976
3 5.17551
4 6.00054
5 6.40878
6 5.42733
7 3.0097
8 42.7901
9 8.67873
10 5.47853
11 5.60581
12 18.6486
13 4.21297
14 12.8085
15 4.1083
16 16.5783
17 5.62337
18 5.26638
19 8.46252
20 47.0922
21 9.3969
22 5.28977
23 6.79494
24 7.02025
25 5.38395
26 5.75116
27 5.62417
28 5.92531
29 5.2273
"[DEBUG]index 60 centroid... "
0 4.77896
1 4.71158
2 4.75887
3 4.62382
4 4.97754
5 4.93942
6 4.89716
7 3.55053
8 21.5937
9 5.27807
10 24.2618
11 5.94385
12 6.56974
13 22.3685
14 5.73848
15 22.3395
16 6.15957
17 8.3292
18 3.59988
19 2.18824
20 1.73375
21 2.99143
22 7.59397
23 3.59427
24 3.45361
25 3.72961
26 3.57949
27 3.45272
28 2.94888
29 2.97074
"[DEBUG]index 61 centroid... "
0 5.23907
1 5.29775
2 4.86208
3 4.40461
4 5.11704
5 5.26119
6 5.25486
7 3.34085
8 27.3402
9 9.30626
10 5.41313
11 3.31623
12 5.49881
13 13.2344
14 4.58386
15 2.62447
16 5.92907
17 4.40523
18 8.1643
19 35.7337
20 5.98515
21 33.3606
22 9.55676
23 5.29193
24 5.87558
25 5.82283
26 5.5229
27 5.99055
28 6.02222
29 6.13584
"[DEBUG]index 62 centroid... "
0 7.10661
1 6.73772
2 6.50221
3 6.02284
4 7.27345
5 7.35857
6 6.40571
7 4.35587
8 47.4748
9 9.04579
10 4.8192
11 3.38566
12 7.63267
13 2.18223
14 4.42933
15 23.6733
16 4.17883
17 18.0849
18 4.10665
19 21.2343
20 4.09511
21 2.70523
22 2.68199
23 7.20801
24 6.01428
25 6.33209
26 6.48854
27 6.79657
28 6.21239
29 5.96509
"[DEBUG]index 63 centroid... "
0 3.24555
1 2.86907
2 2.49605
3 2.6418
4 2.39032
5 3.58646
6 3.20356
7 2.88192
8 11.9363
9 6.07905
10 3.62747
11 3.11018
12 6.28953
13 6.33943
14 2.89328
15 4.88241
16 11.1937
17 26.4931
18 18.2307
19 18.5598
20 24.8123
21 10.7544
22 6.16008
23 3.96887
24 4.31324
25 3.72233
26 3.75642
27 4.16798
28 4.53903
29 3.8498
"[DEBUG]index 64 centroid... "
0 6.25933
1 5.86141
2 5.92727
3 5.37447
4 5.80636
5 6.05463
6 5.04485
7 3.4568
8 57.3663
9 7.58003
10 16.9234
11 4.59239
12 22.9194
13 3.94516
14 4.32706
15 15.0161
16 3.96725
17 15.2024
18 16.0466
19 4.25829
20 17.4979
21 4.28967
22 17.0444
23 5.30453
24 6.03154
25 5.81855
26 6.23171
27 5.6609
28 5.58309
29 5.42838
"[DEBUG]index 65 centroid... "
0 5.43396
1 4.90357
2 5.00063
3 4.39475
4 4.74483
5 5.15683
6 4.72694
7 3.14199
8 28.0617
9 4.81639
10 31.2194
11 5.84177
12 4.30681
13 2.47456
14 3.62479
15 12.5754
16 3.60931
17 1.95813
18 2.48408
19 2.24261
20 3.24362
21 9.03286
22 10.1331
23 3.58419
24 4.51148
25 4.62492
26 4.13323
27 3.79558
28 3.89024
29 3.94062
"[DEBUG]index 66 centroid... "
0 6.17236
1 5.81475
2 5.86144
3 5.13204
4 6.29637
5 5.94377
6 5.52405
7 3.46134
8 52.3959
9 7.3678
10 19.7049
11 4.26289
12 21.6029
13 3.78407
14 17.0596
15 3.63651
16 17.5997
17 3.45423
18 17.7933
19 16.0129
20 4.00555
21 13.6712
22 18.3496
23 4.95865
24 6.26488
25 6.323
26 6.08222
27 5.76542
28 5.96242
29 5.46124
"[DEBUG]index 67 centroid... "
0 6.95389
1 6.19305
2 5.89118
3 5.89579
4 5.40086
5 5.90317
6 5.3569
7 4.00584
8 27.7424
9 9.04427
10 4.01045
11 15.842
12 4.97356
13 1.76207
14 1.40547
15 2.29081
16 4.99477
17 4.70919
18 8.62619
19 30.2432
20 9.29942
21 5.09806
22 2.40363
23 6.52075
24 5.51368
25 5.64064
26 5.66923
27 6.52044
28 5.57701
29 5.77559
"[DEBUG]index 68 centroid... "
0 6.59615
1 6.58643
2 6.33601
3 6.16137
4 6.40318
5 6.02887
6 5.25856
7 3.37701
8 46.2774
9 9.14662
10 5.39606
11 9.27903
12 51.584
13 6.89741
14 4.45114
15 5.21346
16 12.9237
17 11.3299
18 3.69976
19 12.5813
20 4.99107
21 5.14643
22 2.86618
23 6.00965
24 4.99932
25 4.97866
26 5.06996
27 5.21774
28 5.00387
29 4.76501
"[DEBUG]index 69 centroid... "
0 4.29071
1 4.60464
2 4.67218
3 4.04858
4 4.32061
5 5.0622
6 5.26054
7 4.18873
8 26.0606
9 5.49466
10 25.5331
11 7.68259
12 4.58249
13 8.86332
14 6.86733
15 26.7034
16 7.1575
17 6.85051
18 29.8449
19 8.07501
20 6.42712
21 29.087
22 7.92125
23 4.38868
24 5.67672
25 5.04511
26 4.94928
27 4.87106
28 5.1519
29 4.3078
"[DEBUG]index 70 centroid... "
0 5.13733
1 5.19321
2 4.74491
3 4.60988
4 4.30919
5 5.18438
6 4.7687
7 3.34636
8 25.0977
9 29.8362
10 9.45232
11 3.63605
12 3.8253
13 12.6945
14 2.74003
15 3.86432
16 1.94952
17 3.65575
18 10.4503
19 9.94056
20 3.35993
21 1.83064
22 4.04297
23 3.84066
24 3.55176
25 3.50451
26 3.91446
27 4.02847
28 3.82715
29 3.58313
"[DEBUG]index 71 centroid... "
0 6.38891
1 6.38444
2 5.87342
3 5.31881
4 6.81619
5 6.44911
6 5.82659
7 3.61389
8 58.2815
9 7.69329
10 4.75676
11 5.52982
12 7.10092
13 2.10896
14 5.65461
15 1.99744
16 5.48673
17 2.25286
18 6.20673
19 2.42885
20 5.05995
21 3.5302
22 21.3219
23 4.22691
24 5.61814
25 5.5269
26 6.26013
27 5.02177
28 5.41704
29 5.26092
"[DEBUG]index 72 centroid... "
0 7.66613
1 6.76549
2 7.04114
3 6.01487
4 7.24522
5 6.76278
6 6.21413
7 3.70662
8 47.746
9 7.06757
10 19.9955
11 4.26165
12 22.3467
13 3.50881
14 16.5691
15 14.3408
16 5.03957
17 2.20618
18 4.94486
19 2.08871
20 4.87999
21 1.78398
22 4.83252
23 5.43097
24 5.1698
25 4.63893
26 4.8975
27 4.57017
28 4.46048
29 4.18683
"[DEBUG]index 73 centroid... "
0 5.3465
1 5.46577
2 5.60048
3 4.83707
4 5.27937
5 6.02302
6 5.10456
7 3.78746
8 28.0383
9 5.05852
10 29.4738
11 8.77974
12 4.79652
13 7.99851
14 32.3731
15 6.36165
16 4.45166
17 3.40636
18 4.40636
19 7.50111
20 26.6168
21 8.06654
22 4.4922
23 5.63478
24 6.02703
25 4.80083
26 4.82356
27 4.76563
28 4.97163
29 4.80692
"[DEBUG]index 74 centroid... "
0 4.75393
1 4.93304
2 5.07006
3 4.51784
4 4.32587
5 4.70174
6 3.68342
7 3.50837
8 23.261
9 4.86158
10 11.6716
11 38.4647
12 13.222
13 5.39046
14 4.33788
15 2.47748
16 1.94556
17 3.02378
18 7.41707
19 3.45376
20 2.18255
21 3.4076
22 7.0492
23 3.12264
24 3.10703
25 3.25306
26 3.38116
27 3.34284
28 3.15601
29 3.08651
"[DEBUG]index 75 centroid... "
0 8.17198
1 7.7557
2 7.40551
3 6.78498
4 7.61989
5 8.02303
6 6.52734
7 4.19716
8 38.3263
9 12.3519
10 4.65476
11 2.83922
12 8.62333
13 2.71782
14 1.51765
15 2.46362
16 4.24021
17 22.7378
18 5.36784
19 2.41929
20 6.38528
21 21.8465
22 4.5297
23 6.25398
24 7.30069
25 7.69307
26 6.80327
27 7.4223
28 7.07835
29 7.86203
"[DEBUG]index 76 centroid... "
0 5.72721
1 5.11674
2 5.21877
3 5.15557
4 5.78847
5 5.81476
6 5.33333
7 4.02484
8 19.0646
9 7.19055
10 3.33647
11 7.50675
12 21.822
13 5.52364
14 12.3579
15 36.1129
16 13.0128
17 6.82658
18 4.06295
19 4.46068
20 2.1739
21 1.24409
22 2.0164
23 4.01399
24 3.65364
25 3.73878
26 3.91848
27 4.14206
28 3.74216
29 3.72142
"[DEBUG]index 77 centroid... "
0 5.82567
1 5.95348
2 5.84063
3 5.58401
4 6.32245
5 7.17836
6 5.63556
7 4.58515
8 53.743
9 8.78836
10 3.95548
11 20.2436
12 5.64504
13 3.73418
14 16.3839
15 16.7586
16 3.98517
17 18.1855
18 4.26764
19 18.1371
20 15.0259
21 3.91132
22 17.6544
23 6.30948
24 5.89894
25 6.46137
26 6.36203
27 5.88044
28 5.78704
29 5.58306
"[DEBUG]index 78 centroid... "
0 3.94243
1 4.00842
2 4.26011
3 4.19175
4 4.53947
5 4.46173
6 3.73588
7 2.93217
8 19.282
9 6.68487
10 3.75901
11 7.26648
12 12.0283
13 42.827
14 10.1198
15 5.61764
16 3.53354
17 8.25399
18 2.70285
19 3.13414
20 2.94467
21 7.09815
22 3.16376
23 3.61537
24 3.42776
25 3.41334
26 3.07026
27 3.1389
28 3.15837
29 2.88889
"[DEBUG]index 79 centroid... "
0 7.49834
1 7.17609
2 6.90811
3 6.0407
4 6.81853
5 6.38239
6 5.77297
7 3.99974
8 38.4827
9 10.7612
10 4.80138
11 5.51651
12 1.91656
13 5.37906
14 1.86716
15 1.16611
16 1.95188
17 4.21449
18 20.9478
19 3.70745
20 5.2475
21 5.00947
22 4.58382
23 6.24904
24 5.67443
25 5.65472
26 6.2603
27 6.00589
28 6.24827
29 6.27259
"[DEBUG]index 80 centroid... "
0 8.92688
1 8.35171
2 7.73087
3 7.29945
4 8.51031
5 8.55486
6 6.985
7 4.31558
8 48.4567
9 10.7634
10 6.32484
11 2.85291
12 5.79181
13 22.7991
14 5.18621
15 5.23126
16 2.05505
17 7.13491
18 5.64275
19 2.13251
20 2.31783
21 4.99826
22 2.15748
23 6.80088
24 5.88137
25 5.91409
26 5.84555
27 5.95739
28 5.53489
29 5.78514
"[DEBUG]index 81 centroid... "
0 5.9803
1 6.27542
2 5.84184
3 5.52094
4 6.32618
5 6.25202
6 5.64057
7 3.89506
8 31.8112
9 9.50475
10 5.61541
11 4.76064
12 8.52401
13 34.6762
14 8.77947
15 4.55032
16 5.18209
17 9.17329
18 36.1284
19 8.06562
20 4.42892
21 5.79697
22 2.97291
23 5.76979
24 5.33893
25 4.99112
26 5.22581
27 5.42426
28 5.06325
29 4.68904
"[DEBUG]index 82 centroid... "
0 6.88829
1 6.51309
2 6.65721
3 5.43577
4 6.51593
5 7.17249
6 5.80462
7 3.99617
8 49.7127
9 7.39733
10 20.525
11 4.83813
12 2.68262
13 4.68459
14 18.207
15 16.263
16 4.58887
17 4.82784
18 18.9537
19 17.4338
20 3.70222
21 5.29394
22 2.29646
23 6.87767
24 5.86551
25 5.86453
26 5.79126
27 6.39338
28 5.58646
29 5.17906
"[DEBUG]index 83 centroid... "
0 8.41637
1 7.92689
2 7.10791
3 6.56289
4 8.47196
5 8.00672
6 7.15727
7 4.57355
8 47.4267
9 9.45507
10 6.63156
11 2.97698
12 8.41901
13 3.0297
14 2.54591
15 4.99485
16 26.1956
17 6.28158
18 3.00439
19 5.87283
20 23.099
21 4.23222
22 2.63573
23 8.08332
24 8.34496
25 6.65239
26 7.29224
27 7.52674
28 7.54193
29 7.01684
"[DEBUG]index 84 centroid... "
0 9.94413
1 9.48667
2 9.04585
3 8.21141
4 9.09679
5 8.70046
6 7.85312
7 5.58805
8 35.9343
9 8.44507
10 21.0688
11 4.96621
12 2.82985
13 7.59008
14 2.32603
15 2.20258
16 7.17202
17 1.86415
18 5.73221
19 2.35931
20 1.25437
21 2.39412
22 2.25318
23 5.4972
24 5.23739
25 5.29648
26 5.3335
27 5.48056
28 5.32875
29 5.37001
"[DEBUG]index 85 centroid... "
0 3.75123
1 3.86735
2 3.35566
3 3.18319
4 2.95321
5 4.0543
6 3.98358
7 2.80479
8 13.0116
9 28.4518
10 10.1977
11 6.47682
12 3.57265
13 1.78987
14 3.23986
15 1.3593
16 2.44656
17 7.59927
18 3.34127
19 3.04829
20 5.84932
21 16.1965
22 5.32507
23 3.16871
24 3.76036
25 3.42327
26 3.25027
27 3.324
28 3.27323
29 3.18867
"[DEBUG]index 86 centroid... "
0 7.9247
1 7.32781
2 7.03236
3 6.1688
4 8.13586
5 7.48933
6 6.53364
7 4.18777
8 61.3481
9 8.45274
10 4.40551
11 2.68385
12 2.32856
13 4.19981
14 1.82919
15 5.13571
16 1.76168
17 5.62381
18 1.76563
19 4.83409
20 3.9799
21 1.53727
22 4.35134
23 5.05138
24 4.64862
25 4.79971
26 4.97488
27 5.13861
28 5.02396
29 5.2547
"[DEBUG]index 87 centroid... "
0 5.87821
1 5.98952
2 5.9124
3 5.41727
4 5.88008
5 5.67956
6 4.64512
7 2.98003
8 38.4688
9 8.19042
10 3.55815
11 15.8837
12 17.3624
13 14.456
14 3.64762
15 1.87909
16 4.59321
17 4.78812
18 4.94859
19 1.98765
20 4.5881
21 14.9712
22 15.4909
23 4.37484
24 5.59184
25 5.93374
26 5.30746
27 4.99975
28 4.83392
29 4.99114
"[DEBUG]index 88 centroid... "
0 6.72982
1 6.37275
2 6.42163
3 5.37526
4 5.72563
5 6.10258
6 6.07543
7 4.02731
8 40.1645
9 6.54815
10 44.1109
11 6.55968
12 4.55119
13 3.57583
14 6.15258
15 2.4209
16 5.05829
17 15.6482
18 4.18857
19 12.297
20 5.07731
21 2.35152
22 5.24184
23 5.3467
24 4.48042
25 5.04435
26 5.25842
27 5.15119
28 4.98448
29 4.77424
"[DEBUG]index 89 centroid... "
0 5.8203
1 5.21601
2 5.03488
3 4.90689
4 4.84895
5 6.35475
6 5.72783
7 3.98682
8 26.2216
9 29.4953
10 7.69596
11 4.04512
12 2.48532
13 3.93554
14 11.5128
15 2.68171
16 11.859
17 3.76945
18 1.98317
19 4.03288
20 3.76221
21 1.42544
22 3.32438
23 4.01504
24 3.68787
25 3.78993
26 3.94922
27 3.63601
28 3.70835
29 3.43726
"[DEBUG]index 90 centroid... "
0 7.08846
1 6.77168
2 6.46035
3 5.61506
4 7.01618
5 6.49388
6 5.72469
7 3.52868
8 52.7999
9 6.72324
10 20.5176
11 4.07216
12 22.7295
13 3.89123
14 18.6062
15 3.5375
16 14.8578
17 16.8753
18 4.86751
19 2.5411
20 5.36876
21 16.843
22 4.07158
23 6.05673
24 6.47213
25 6.53773
26 5.73049
27 5.7454
28 5.66228
29 5.66477
"[DEBUG]index 91 centroid... "
0 5.90475
1 6.00516
2 5.56669
3 5.35922
4 6.3168
5 6.76874
6 5.79944
7 4.07776
8 44.2945
9 8.66632
10 5.09298
11 2.94498
12 5.14152
13 17.6492
14 3.58795
15 19.1964
16 3.7334
17 22.2446
18 3.81702
19 18.9991
20 3.388
21 15.5361
22 14.9451
23 5.42255
24 5.93939
25 6.9379
26 5.89495
27 6.07592
28 5.93685
29 5.83696
"[DEBUG]index 92 centroid... "
0 5.32799
1 5.30673
2 5.49454
3 4.87961
4 5.65366
5 6.16329
6 6.03501
7 4.37826
8 32.2772
9 6.59122
10 4.21881
11 10.2151
12 4.31458
13 6.72525
14 37.4141
15 5.55903
16 34.7033
17 6.52083
18 11.7162
19 4.65507
20 4.88648
21 3.95753
22 10.3757
23 4.69457
24 5.80565
25 5.22162
26 5.2984
27 4.83081
28 4.74938
29 4.42766
"[DEBUG]index 93 centroid... "
0 5.43947
1 5.4393
2 5.50231
3 5.16052
4 5.20634
5 6.0495
6 5.09066
7 4.39529
8 31.0023
9 7.02947
10 6.70887
11 36.187
12 10.7298
13 3.85336
14 8.49336
15 36.1773
16 6.13588
17 3.87191
18 11.3867
19 4.24997
20 10.8212
21 3.93585
22 11.7653
23 5.09845
24 5.27686
25 4.95972
26 5.05982
27 4.67753
28 4.67753
29 4.40226
"[DEBUG]index 94 centroid... "
0 7.05515
1 6.94616
2 7.32674
3 6.32946
4 6.85427
5 7.09591
6 5.35713
7 4.19264
8 50.3113
9 7.51304
10 18.2749
11 16.59
12 4.02796
13 14.8554
14 19.8163
15 3.32369
16 2.24653
17 5.14113
18 4.49491
19 1.90535
20 4.01202
21 4.22608
22 3.72143
23 4.75167
24 4.41989
25 4.4118
26 4.31545
27 4.15402
28 3.94054
29 4.08312
"[DEBUG]index 95 centroid... "
0 6.91175
1 7.12965
2 6.10586
3 5.6363
4 6.55206
5 6.26359
6 5.76806
7 4.05275
8 45.8834
9 7.48949
10 22.3588
11 4.24329
12 2.93692
13 5.93459
14 2.23863
15 4.60124
16 21.0941
17 3.64336
18 17.4164
19 16.5061
20 4.73074
21 2.58203
22 6.06184
23 6.149
24 5.85806
25 6.1255
26 6.52943
27 6.25864
28 6.1861
29 5.68978
"[DEBUG]index 96 centroid... "
0 7.15456
1 6.83262
2 6.76
3 6.30894
4 7.20361
5 7.16123
6 5.81333
7 3.92042
8 59.4144
9 9.2497
10 5.71817
11 6.04684
12 23.593
13 12.8865
14 3.74406
15 20.0316
16 5.79432
17 2.59268
18 5.73484
19 22.0045
20 4.51795
21 4.74469
22 20.6496
23 6.85084
24 6.57528
25 6.90462
26 6.87946
27 6.41632
28 6.19412
29 6.0154
"[DEBUG]index 97 centroid... "
0 5.94641
1 6.17364
2 6.21783
3 5.39768
4 6.05751
5 6.36137
6 4.69672
7 3.99231
8 46.5828
9 8.72809
10 4.54423
11 20.1076
12 4.48385
13 16.2619
14 4.33594
15 4.6664
16 2.60606
17 5.54455
18 4.43705
19 20.0638
20 3.70865
21 15.0581
22 16.9172
23 5.62311
24 5.75765
25 6.01638
26 5.46958
27 5.6133
28 5.44546
29 5.48007
"[DEBUG]index 98 centroid... "
0 5.62258
1 5.57192
2 5.1537
3 5.48615
4 5.08577
5 6.00987
6 5.52258
7 4.35351
8 29.2896
9 8.52998
10 3.54307
11 11.6076
12 12.5736
13 2.90816
14 8.59943
15 34.9036
16 5.35294
17 27.4038
18 27.6509
19 7.20778
20 10.2063
21 5.46793
22 2.55123
23 5.70816
24 5.4852
25 5.11139
26 5.50114
27 5.66414
28 5.41252
29 4.82068
"[DEBUG]index 99 centroid... "
0 5.91509
1 5.91531
2 5.60022
3 5.18543
4 5.4284
5 5.54098
6 4.97318
7 3.49843
8 38.8878
9 9.47868
10 5.3452
11 5.11162
12 16.2842
13 4.15739
14 2.52614
15 6.06807
16 4.97016
17 8.93059
18 44.8344
19 8.59935
20 4.66539
21 14.0527
22 5.31356
23 5.12117
24 5.51769
25 5.72713
26 5.48838
27 5.99265
28 5.69647
29 5.37096
