"[DEBUG]index 0 centroid... "
0 0.220891
1 0.162096
2 0.259423
3 0.309628
4 0.280115
5 0.287308
6 0.179776
7 0.342558
8 0.271218
9 0.0919743
10 0.172718
11 0.14575
12 0.157795
13 0.180224
14 0.102442
15 0.202891
16 0.0290769
17 0.197801
18 0.0743846
19 0.134628
20 0.155462
21 0.152923
22 0.163276
23 0.17675
24 0.0162436
25 0.235699
26 0.179692
27 0.249622
28 0.264378
29 0.179449
"[DEBUG]index 1 centroid... "
0 0.172877
1 0.301159
2 0.227833
3 0.254355
4 0.237522
5 0.326355
6 0.369101
7 0.323384
8 0.213609
9 0.203601
10 0.223196
11 0.206196
12 0.215283
13 0.295391
14 0.377609
15 0.408464
16 0.324427
17 0.339398
18 0.287957
19 0.408746
20 0.248355
21 0.371957
22 0.26629
23 0.168283
24 0.253978
25 0.404993
26 0.369775
27 0.370181
28 0.441573
29 0.225674
"[DEBUG]index 2 centroid... "
0 0.177929
1 0.203688
2 0.162188
3 0.192345
4 0.255214
5 0.214416
6 0.206933
7 0.192363
8 0.125705
9 0.198358
10 0.176971
11 0.193283
12 0.204101
13 0.222516
14 0.254198
15 0.221058
16 0.210319
17 0.177274
18 0.141374
19 0.228009
20 0.267327
21 0.221353
22 0.225524
23 0.157354
24 0.17247
25 0.234896
26 0.228289
27 0.207638
28 0.230157
29 0.230802
"[DEBUG]index 3 centroid... "
0 0.270425
1 0.172452
2 0.130082
3 0.356164
4 0.246096
5 0.295644
6 0.297425
7 0.343411
8 0.418932
9 0.378205
10 0.363589
11 0.250712
12 0.239699
13 0.426137
14 0.22348
15 0.353863
16 0.122452
17 0.310178
18 0.106959
19 0.385685
20 0.313247
21 0.218164
22 0.056685
23 0.114767
24 0.176027
25 0.312247
26 0.188534
27 0.123356
28 0.0636986
29 0.227192
"[DEBUG]index 4 centroid... "
0 0.212748
1 0.167175
2 0.187708
3 0.191829
4 0.191247
5 0.174508
6 0.214697
7 0.206727
8 0.130227
9 0.173839
10 0.201741
11 0.201265
12 0.20891
13 0.203785
14 0.154785
15 0.173402
16 0.213881
17 0.203139
18 0.190371
19 0.250004
20 0.19021
21 0.117967
22 0.176624
23 0.21705
24 0.204284
25 0.208318
26 0.216738
27 0.178992
28 0.176955
29 0.183708
"[DEBUG]index 5 centroid... "
0 0.209645
1 0.20963
2 0.200028
3 0.221828
4 0.21419
5 0.212373
6 0.223705
7 0.231586
8 0.191909
9 0.169174
10 0.187958
11 0.171051
12 0.185139
13 0.247577
14 0.225575
15 0.214001
16 0.221446
17 0.233797
18 0.18291
19 0.139425
20 0.18163
21 0.214952
22 0.199214
23 0.220857
24 0.217235
25 0.207596
26 0.205637
27 0.209116
28 0.22311
29 0.218516
"[DEBUG]index 6 centroid... "
0 0.168757
1 0.188925
2 0.186692
3 0.217397
4 0.186683
5 0.199897
6 0.237612
7 0.216546
8 0.178047
9 0.190543
10 0.132296
11 0.136596
12 0.233895
13 0.22711
14 0.200661
15 0.200916
16 0.184595
17 0.198255
18 0.216992
19 0.227048
20 0.199258
21 0.20641
22 0.229443
23 0.216048
24 0.23334
25 0.233294
26 0.218148
27 0.218253
28 0.229431
29 0.20342
"[DEBUG]index 7 centroid... "
0 0.122687
1 0.0957007
2 0.160483
3 0.253816
4 0.180996
5 0.137921
6 0.211651
7 0.269692
8 0.146258
9 0.177177
10 0.23615
11 0.247186
12 0.143145
13 0.15649
14 0.158161
15 0.174939
16 0.195367
17 0.107485
18 0.112757
19 0.233079
20 0.253474
21 0.186345
22 0.253689
23 0.146903
24 0.19939
25 0.262512
26 0.248073
27 0.283254
28 0.255079
29 0.241671
"[DEBUG]index 8 centroid... "
0 0.208183
1 0.203662
2 0.216875
3 0.231114
4 0.223989
5 0.199134
6 0.22886
7 0.204368
8 0.147063
9 0.200292
10 0.223749
11 0.236587
12 0.229482
13 0.192351
14 0.174976
15 0.141647
16 0.182806
17 0.182337
18 0.223477
19 0.236831
20 0.20915
21 0.227843
22 0.230775
23 0.198417
24 0.209414
25 0.201973
26 0.206935
27 0.215574
28 0.233594
29 0.23033
"[DEBUG]index 9 centroid... "
0 0.215541
1 0.225574
2 0.189192
3 0.226681
4 0.238539
5 0.216732
6 0.242655
7 0.21967
8 0.143157
9 0.177892
10 0.202051
11 0.216628
12 0.253499
13 0.262746
14 0.22544
15 0.209748
16 0.232489
17 0.249877
18 0.21089
19 0.199669
20 0.242433
21 0.264513
22 0.25316
23 0.238115
24 0.243209
25 0.225249
26 0.207936
27 0.225821
28 0.231253
29 0.25075
"[DEBUG]index 10 centroid... "
0 0.225615
1 0.239092
2 0.22109
3 0.2338
4 0.219986
5 0.204204
6 0.246544
7 0.202882
8 0.141071
9 0.222128
10 0.214373
11 0.274973
12 0.258266
13 0.223862
14 0.220815
15 0.213327
16 0.248981
17 0.232894
18 0.2494
19 0.251822
20 0.224843
21 0.222332
22 0.218859
23 0.234359
24 0.231846
25 0.211208
26 0.220926
27 0.212429
28 0.210368
29 0.242416
"[DEBUG]index 11 centroid... "
0 0.196391
1 0.214954
2 0.205489
3 0.21944
4 0.219872
5 0.211568
6 0.230203
7 0.198211
8 0.151022
9 0.153096
10 0.142897
11 0.193127
12 0.195183
13 0.146745
14 0.219706
15 0.181554
16 0.181215
17 0.170843
18 0.196263
19 0.149856
20 0.128078
21 0.184377
22 0.223675
23 0.226195
24 0.210262
25 0.228703
26 0.194003
27 0.194223
28 0.203019
29 0.223133
"[DEBUG]index 12 centroid... "
0 0.214243
1 0.212904
2 0.207447
3 0.220423
4 0.226501
5 0.195053
6 0.221049
7 0.212883
8 0.147879
9 0.169284
10 0.210368
11 0.207624
12 0.224128
13 0.208006
14 0.225689
15 0.170053
16 0.132494
17 0.214491
18 0.223028
19 0.189658
20 0.229251
21 0.22022
22 0.184756
23 0.204956
24 0.221485
25 0.20366
26 0.21704
27 0.21283
28 0.219266
29 0.212827
"[DEBUG]index 13 centroid... "
0 0.214296
1 0.215222
2 0.17637
3 0.22188
4 0.186448
5 0.195536
6 0.227367
7 0.216211
8 0.164862
9 0.0617039
10 0.00460891
11 0.0635032
12 0.155398
13 0.169725
14 0.240422
15 0.176974
16 0.165266
17 0.15141
18 0.171218
19 0.172664
20 0.158553
21 0.185962
22 0.204071
23 0.219458
24 0.205529
25 0.256411
26 0.237399
27 0.205047
28 0.225132
29 0.219384
"[DEBUG]index 14 centroid... "
0 0.227184
1 0.236592
2 0.212461
3 0.242515
4 0.220402
5 0.216178
6 0.240433
7 0.233604
8 0.17378
9 0.211788
10 0.24437
11 0.241877
12 0.207881
13 0.221842
14 0.236685
15 0.268527
16 0.168729
17 0.235637
18 0.266584
19 0.234867
20 0.224819
21 0.251252
22 0.128967
23 0.233261
24 0.259919
25 0.202639
26 0.256533
27 0.24094
28 0.212543
29 0.239117
"[DEBUG]index 15 centroid... "
0 0.239431
1 0.209573
2 0.179267
3 0.189647
4 0.208013
5 0.210533
6 0.221817
7 0.241797
8 0.175795
9 0.105388
10 0.210564
11 0.212086
12 0.208743
13 0.167589
14 0.163448
15 0.214575
16 0.22617
17 0.184576
18 0.201935
19 0.206478
20 0.221089
21 0.191637
22 0.200089
23 0.204295
24 0.222824
25 0.231051
26 0.225286
27 0.204024
28 0.212352
29 0.229988
"[DEBUG]index 16 centroid... "
0 0.199568
1 0.19197
2 0.194797
3 0.2139
4 0.211318
5 0.186944
6 0.198652
7 0.191165
8 0.11029
9 0.161258
10 0.219599
11 0.197955
12 0.230082
13 0.192787
14 0.20954
15 0.233021
16 0.223289
17 0.250207
18 0.216668
19 0.17303
20 0.203984
21 0.200993
22 0.213578
23 0.218119
24 0.204218
25 0.200652
26 0.197246
27 0.201869
28 0.197146
29 0.194982
"[DEBUG]index 17 centroid... "
0 0.231295
1 0.21155
2 0.209854
3 0.203419
4 0.225904
5 0.194747
6 0.238044
7 0.22598
8 0.146458
9 0.213134
10 0.243905
11 0.199911
12 0.239693
13 0.236299
14 0.213876
15 0.211828
16 0.266103
17 0.250564
18 0.180829
19 0.22928
20 0.270256
21 0.182007
22 0.19791
23 0.225891
24 0.196653
25 0.209327
26 0.200751
27 0.199447
28 0.20554
29 0.223868
"[DEBUG]index 18 centroid... "
0 0.221209
1 0.224789
2 0.238324
3 0.239752
4 0.226868
5 0.23145
6 0.272155
7 0.219613
8 0.161598
9 0.221002
10 0.224308
11 0.215079
12 0.253436
13 0.221507
14 0.208766
15 0.259205
16 0.240261
17 0.172535
18 0.209071
19 0.242384
20 0.179551
21 0.1765
22 0.243728
23 0.249314
24 0.231856
25 0.226816
26 0.21614
27 0.225632
28 0.230308
29 0.256655
"[DEBUG]index 19 centroid... "
0 0.172619
1 0.182331
2 0.210444
3 0.212634
4 0.205707
5 0.2168
6 0.21538
7 0.223036
8 0.1581
9 0.178486
10 0.246962
11 0.188561
12 0.235463
13 0.213199
14 0.225106
15 0.217004
16 0.232881
17 0.217971
18 0.150276
19 0.195073
20 0.232828
21 0.250463
22 0.205681
23 0.239361
24 0.227501
25 0.211557
26 0.233039
27 0.247019
28 0.231463
29 0.224628
"[DEBUG]index 20 centroid... "
0 0.151449
1 0.157908
2 0.203724
3 0.212723
4 0.19711
5 0.14652
6 0.196215
7 0.192237
8 0.112804
9 0.18612
10 0.272597
11 0.268706
12 0.14622
13 0.209614
14 0.283265
15 0.226584
16 0.161934
17 0.186554
18 0.237093
19 0.27888
20 0.232013
21 0.239509
22 0.287815
23 0.228966
24 0.192114
25 0.223886
26 0.248262
27 0.221606
28 0.25857
29 0.238157
"[DEBUG]index 21 centroid... "
0 0.212949
1 0.208372
2 0.214324
3 0.223687
4 0.225609
5 0.197177
6 0.218138
7 0.201494
8 0.127355
9 0.192487
10 0.221173
11 0.179433
12 0.218401
13 0.229501
14 0.204056
15 0.223985
16 0.212
17 0.206474
18 0.231043
19 0.215174
20 0.201726
21 0.234163
22 0.23185
23 0.22426
24 0.224568
25 0.223011
26 0.214616
27 0.203762
28 0.209526
29 0.213308
"[DEBUG]index 22 centroid... "
0 0.201388
1 0.2079
2 0.212694
3 0.226157
4 0.201679
5 0.196482
6 0.228635
7 0.222497
8 0.15533
9 0.191204
10 0.226302
11 0.186945
12 0.223738
13 0.23449
14 0.184615
15 0.13093
16 0.200907
17 0.234941
18 0.210335
19 0.234401
20 0.231121
21 0.197916
22 0.223615
23 0.253555
24 0.230269
25 0.234221
26 0.234679
27 0.221836
28 0.220077
29 0.231281
"[DEBUG]index 23 centroid... "
0 0.209153
1 0.216745
2 0.208259
3 0.221887
4 0.217819
5 0.192905
6 0.210953
7 0.20651
8 0.142946
9 0.175512
10 0.210015
11 0.16658
12 0.197004
13 0.181605
14 0.133489
15 0.187639
16 0.215659
17 0.207487
18 0.207341
19 0.185696
20 0.213808
21 0.218687
22 0.239961
23 0.232993
24 0.226174
25 0.232652
26 0.256299
27 0.241495
28 0.243521
29 0.219533
"[DEBUG]index 24 centroid... "
0 0.210071
1 0.197256
2 0.216011
3 0.213595
4 0.224785
5 0.202031
6 0.229007
7 0.21104
8 0.142677
9 0.21014
10 0.230485
11 0.186032
12 0.184813
13 0.171516
14 0.175269
15 0.178769
16 0.229536
17 0.220342
18 0.160779
19 0.218746
20 0.230855
21 0.202168
22 0.209616
23 0.21333
24 0.226653
25 0.221704
26 0.228998
27 0.227516
28 0.227843
29 0.224232
"[DEBUG]index 25 centroid... "
0 0.191545
1 0.185216
2 0.208172
3 0.221196
4 0.227475
5 0.202347
6 0.237148
7 0.226758
8 0.106814
9 0.100618
10 0.158385
11 0.226611
12 0.247113
13 0.221187
14 0.207488
15 0.212335
16 0.243384
17 0.215208
18 0.235801
19 0.262365
20 0.24015
21 0.239903
22 0.254139
23 0.235049
24 0.233247
25 0.238956
26 0.23701
27 0.245597
28 0.225669
29 0.226735
"[DEBUG]index 26 centroid... "
0 0.196135
1 0.202267
2 0.256452
3 0.231843
4 0.299939
5 0.185158
6 0.224369
7 0.181419
8 0.225788
9 0.27354
10 0.270887
11 0.226579
12 0.253412
13 0.184675
14 0.256693
15 0.246953
16 0.256415
17 0.26442
18 0.242921
19 0.244408
20 0.171512
21 0.177603
22 0.193011
23 0.203711
24 0.268034
25 0.226803
26 0.240298
27 0.2075
28 0.236678
29 0.226358
"[DEBUG]index 27 centroid... "
0 0.218841
1 0.217276
2 0.204635
3 0.235389
4 0.209528
5 0.204848
6 0.226823
7 0.20778
8 0.191917
9 0.182292
10 0.15084
11 0.165236
12 0.235298
13 0.222676
14 0.181946
15 0.183641
16 0.221565
17 0.187721
18 0.12393
19 0.168084
20 0.212519
21 0.21044
22 0.206749
23 0.227261
24 0.209929
25 0.205669
26 0.197051
27 0.235854
28 0.221748
29 0.199062
"[DEBUG]index 28 centroid... "
0 0.237231
1 0.225107
2 0.222753
3 0.211497
4 0.208086
5 0.200527
6 0.23575
7 0.242278
8 0.16731
9 0.19619
10 0.212215
11 0.229913
12 0.177606
13 0.139248
14 0.240868
15 0.255671
16 0.20986
17 0.217783
18 0.190169
19 0.198922
20 0.194517
21 0.214991
22 0.213518
23 0.218577
24 0.231078
25 0.230833
26 0.247296
27 0.232764
28 0.224103
29 0.240247
"[DEBUG]index 29 centroid... "
0 0.23498
1 0.232721
2 0.216263
3 0.223422
4 0.239772
5 0.246866
6 0.253396
7 0.211576
8 0.143484
9 0.128072
10 0.138043
11 0.214776
12 0.231363
13 0.208365
14 0.236292
15 0.200668
16 0.153206
17 0.194858
18 0.210565
19 0.196757
20 0.201762
21 0.228285
22 0.222932
23 0.217849
24 0.228366
25 0.233715
26 0.22815
27 0.230697
28 0.217008
29 0.251752
"[DEBUG]index 30 centroid... "
0 0.208746
1 0.212542
2 0.238709
3 0.235119
4 0.26249
5 0.202104
6 0.222988
7 0.230806
8 0.156164
9 0.174983
10 0.233428
11 0.224888
12 0.208064
13 0.231225
14 0.200912
15 0.240347
16 0.209746
17 0.184729
18 0.254186
19 0.193124
20 0.212153
21 0.248376
22 0.178656
23 0.21818
24 0.222026
25 0.20735
26 0.239445
27 0.212666
28 0.210061
29 0.19318
"[DEBUG]index 31 centroid... "
0 0.20828
1 0.203734
2 0.205728
3 0.221421
4 0.237304
5 0.199268
6 0.227797
7 0.234752
8 0.160299
9 0.161656
10 0.1893
11 0.1844
12 0.19995
13 0.243921
14 0.234457
15 0.193984
16 0.207913
17 0.215859
18 0.210715
19 0.232387
20 0.236863
21 0.240189
22 0.252351
23 0.236022
24 0.223772
25 0.225594
26 0.229489
27 0.229628
28 0.23018
29 0.23469
"[DEBUG]index 32 centroid... "
0 0.195756
1 0.174638
2 0.16645
3 0.159856
4 0.209787
5 0.175704
6 0.165484
7 0.165191
8 0.089162
9 0.162653
10 0.213657
11 0.194638
12 0.193606
13 0.238869
14 0.215352
15 0.121507
16 0.169609
17 0.180981
18 0.13026
19 0.197099
20 0.217591
21 0.164205
22 0.226773
23 0.213606
24 0.172748
25 0.181098
26 0.171922
27 0.165135
28 0.208616
29 0.213607
"[DEBUG]index 33 centroid... "
0 0.194317
1 0.191348
2 0.191666
3 0.209086
4 0.211194
5 0.213381
6 0.226533
7 0.21796
8 0.116644
9 0.0952283
10 0.123634
11 0.209524
12 0.235997
13 0.203883
14 0.220211
15 0.215648
16 0.208858
17 0.22211
18 0.208669
19 0.206968
20 0.219443
21 0.19933
22 0.230588
23 0.23476
24 0.219515
25 0.230776
26 0.223312
27 0.207417
28 0.204788
29 0.215339
"[DEBUG]index 34 centroid... "
0 0.21853
1 0.201758
2 0.209098
3 0.225502
4 0.225566
5 0.201949
6 0.21676
7 0.199507
8 0.152925
9 0.189125
10 0.214122
11 0.204714
12 0.231554
13 0.189267
14 0.129013
15 0.216028
16 0.215297
17 0.178935
18 0.218398
19 0.218833
20 0.179566
21 0.183958
22 0.199466
23 0.219624
24 0.201975
25 0.216221
26 0.205306
27 0.215865
28 0.208325
29 0.213662
"[DEBUG]index 35 centroid... "
0 0.244058
1 0.229057
2 0.225615
3 0.222011
4 0.234694
5 0.245336
6 0.267768
7 0.268029
8 0.214215
9 0.157417
10 0.176856
11 0.158855
12 0.192986
13 0.277142
14 0.24819
15 0.225151
16 0.22269
17 0.211796
18 0.207215
19 0.209722
20 0.185697
21 0.172584
22 0.232564
23 0.24622
24 0.233086
25 0.239207
26 0.242659
27 0.24035
28 0.231122
29 0.234117
"[DEBUG]index 36 centroid... "
0 0.213926
1 0.194492
2 0.175708
3 0.214492
4 0.222014
5 0.192818
6 0.201501
7 0.244491
8 0.131643
9 0.103346
10 0.204062
11 0.224112
12 0.191494
13 0.204619
14 0.220694
15 0.187656
16 0.186592
17 0.2087
18 0.236476
19 0.223193
20 0.245829
21 0.261277
22 0.217349
23 0.237648
24 0.26081
25 0.229679
26 0.228644
27 0.217031
28 0.214411
29 0.204808
"[DEBUG]index 37 centroid... "
0 0.201341
1 0.208713
2 0.214823
3 0.217717
4 0.211649
5 0.202039
6 0.220118
7 0.197762
8 0.134578
9 0.168644
10 0.215768
11 0.201121
12 0.236255
13 0.228173
14 0.201625
15 0.229159
16 0.182541
17 0.128707
18 0.195494
19 0.23261
20 0.22241
21 0.214484
22 0.214507
23 0.198663
24 0.187599
25 0.216301
26 0.215977
27 0.222674
28 0.224489
29 0.230259
"[DEBUG]index 38 centroid... "
0 0.19435
1 0.199666
2 0.188808
3 0.229816
4 0.241866
5 0.204094
6 0.217373
7 0.219258
8 0.129946
9 0.176536
10 0.222406
11 0.204062
12 0.220511
13 0.250699
14 0.23852
15 0.167995
16 0.227375
17 0.245239
18 0.195387
19 0.226518
20 0.233626
21 0.18274
22 0.16798
23 0.214691
24 0.212442
25 0.195643
26 0.192374
27 0.202454
28 0.196524
29 0.197747
"[DEBUG]index 39 centroid... "
0 0.21407
1 0.215216
2 0.214186
3 0.226815
4 0.231867
5 0.206168
6 0.225446
7 0.22427
8 0.133983
9 0.205392
10 0.22841
11 0.193929
12 0.206759
13 0.199235
14 0.218739
15 0.194905
16 0.195954
17 0.22155
18 0.16325
19 0.132783
20 0.21685
21 0.23133
22 0.213586
23 0.215181
24 0.209459
25 0.206918
26 0.209878
27 0.214662
28 0.224794
29 0.208153
"[DEBUG]index 40 centroid... "
0 0.184619
1 0.234226
2 0.212644
3 0.200982
4 0.187021
5 0.167255
6 0.19187
7 0.1896
8 0.12291
9 0.202748
10 0.224715
11 0.147115
12 0.219437
13 0.202546
14 0.18518
15 0.227562
16 0.223338
17 0.217841
18 0.233355
19 0.233839
20 0.302087
21 0.319205
22 0.290836
23 0.250568
24 0.246564
25 0.276104
26 0.240694
27 0.234083
28 0.261022
29 0.291309
"[DEBUG]index 41 centroid... "
0 0.226505
1 0.193824
2 0.201909
3 0.187673
4 0.199634
5 0.193325
6 0.232665
7 0.257011
8 0.187333
9 0.143723
10 0.151317
11 0.103069
12 0.159274
13 0.201797
14 0.180195
15 0.187647
16 0.207928
17 0.178142
18 0.203403
19 0.239193
20 0.248182
21 0.258096
22 0.29606
23 0.274179
24 0.261272
25 0.261522
26 0.290938
27 0.245924
28 0.273991
29 0.255852
"[DEBUG]index 42 centroid... "
0 0.203272
1 0.197861
2 0.182894
3 0.223554
4 0.22155
5 0.221074
6 0.231456
7 0.263347
8 0.124975
9 0.0816262
10 0.206634
11 0.221712
12 0.194441
13 0.20988
14 0.228236
15 0.215793
16 0.203193
17 0.170823
18 0.187189
19 0.203535
20 0.175696
21 0.21065
22 0.22709
23 0.225094
24 0.213166
25 0.229237
26 0.21213
27 0.218281
28 0.22728
29 0.211289
"[DEBUG]index 43 centroid... "
0 0.195015
1 0.19061
2 0.211496
3 0.217403
4 0.212383
5 0.179382
6 0.206402
7 0.188414
8 0.131286
9 0.195741
10 0.247954
11 0.214896
12 0.245
13 0.177846
14 0.16512
15 0.191522
16 0.221705
17 0.221338
18 0.231776
19 0.221899
20 0.234842
21 0.227287
22 0.163923
23 0.198541
24 0.236456
25 0.213487
26 0.214067
27 0.216869
28 0.206617
29 0.206855
"[DEBUG]index 44 centroid... "
0 0.192637
1 0.199571
2 0.210419
3 0.214151
4 0.233036
5 0.214034
6 0.238224
7 0.21897
8 0.13623
9 0.124823
10 0.189022
11 0.247657
12 0.261835
13 0.238746
14 0.233431
15 0.216632
16 0.210053
17 0.1725
18 0.151253
19 0.147442
20 0.167159
21 0.187351
22 0.227205
23 0.218856
24 0.201249
25 0.214866
26 0.217011
27 0.204968
28 0.217915
29 0.217778
"[DEBUG]index 45 centroid... "
0 0.198449
1 0.194758
2 0.198741
3 0.224103
4 0.223314
5 0.206777
6 0.220093
7 0.210579
8 0.123488
9 0.141567
10 0.185478
11 0.250037
12 0.222206
13 0.204779
14 0.192224
15 0.186474
16 0.218516
17 0.215707
18 0.219977
19 0.194106
20 0.197134
21 0.19342
22 0.164038
23 0.173815
24 0.216356
25 0.216714
26 0.215371
27 0.208592
28 0.213451
29 0.209397
"[DEBUG]index 46 centroid... "
0 0.216477
1 0.206171
2 0.210795
3 0.226847
4 0.22004
5 0.209146
6 0.235882
7 0.229138
8 0.151945
9 0.169466
10 0.201745
11 0.166806
12 0.19381
13 0.21234
14 0.191587
15 0.200543
16 0.227407
17 0.215106
18 0.199591
19 0.232564
20 0.228379
21 0.18119
22 0.21665
23 0.219967
24 0.203794
25 0.221605
26 0.22081
27 0.216642
28 0.215828
29 0.216977
"[DEBUG]index 47 centroid... "
0 0.205274
1 0.198187
2 0.204304
3 0.223223
4 0.231674
5 0.194627
6 0.231255
7 0.204675
8 0.130521
9 0.199495
10 0.221414
11 0.202493
12 0.240765
13 0.234685
14 0.216463
15 0.201387
16 0.17083
17 0.135311
18 0.125144
19 0.153661
20 0.17917
21 0.211489
22 0.218242
23 0.201405
24 0.19953
25 0.198172
26 0.194298
27 0.197527
28 0.210194
29 0.220396
"[DEBUG]index 48 centroid... "
0 0.200961
1 0.200493
2 0.202963
3 0.216885
4 0.21741
5 0.178122
6 0.191502
7 0.172083
8 0.111236
9 0.167535
10 0.19363
11 0.198766
12 0.212744
13 0.188398
14 0.205386
15 0.19758
16 0.181065
17 0.215382
18 0.208678
19 0.20839
20 0.214345
21 0.193513
22 0.208932
23 0.213746
24 0.214668
25 0.215555
26 0.206032
27 0.20423
28 0.205748
29 0.206301
"[DEBUG]index 49 centroid... "
0 0.197386
1 0.198023
2 0.236582
3 0.227386
4 0.248678
5 0.223738
6 0.236224
7 0.217425
8 0.135199
9 0.169512
10 0.237683
11 0.197532
12 0.231948
13 0.151337
14 0.133256
15 0.166838
16 0.225517
17 0.214317
18 0.258278
19 0.236555
20 0.22055
21 0.266541
22 0.270854
23 0.246243
24 0.200684
25 0.227502
26 0.209952
27 0.208956
28 0.199341
29 0.222073
"[DEBUG]index 50 centroid... "
0 0.221643
1 0.210578
2 0.223351
3 0.217195
4 0.220212
5 0.191885
6 0.244327
7 0.227954
8 0.129625
9 0.186085
10 0.213457
11 0.150961
12 0.197634
13 0.237747
14 0.187733
15 0.198288
16 0.204772
17 0.176856
18 0.201788
19 0.213861
20 0.218865
21 0.201982
22 0.193732
23 0.229308
24 0.239791
25 0.216097
26 0.220363
27 0.21864
28 0.214547
29 0.227863
"[DEBUG]index 51 centroid... "
0 0.204054
1 0.191224
2 0.203962
3 0.215188
4 0.223652
5 0.206422
6 0.231008
7 0.185254
8 0.112935
9 0.131652
10 0.183055
11 0.200368
12 0.224741
13 0.213757
14 0.206211
15 0.207563
16 0.19903
17 0.173869
18 0.17977
19 0.172497
20 0.145518
21 0.171566
22 0.175139
23 0.20688
24 0.226879
25 0.197022
26 0.219255
27 0.205583
28 0.205617
29 0.207963
"[DEBUG]index 52 centroid... "
0 0.215049
1 0.202198
2 0.214039
3 0.216525
4 0.238959
5 0.215109
6 0.238048
7 0.216568
8 0.128719
9 0.199981
10 0.246439
11 0.184226
12 0.243738
13 0.247085
14 0.198362
15 0.194449
16 0.161947
17 0.232192
18 0.230475
19 0.212205
20 0.214404
21 0.219363
22 0.237226
23 0.223557
24 0.210512
25 0.245188
26 0.232946
27 0.219343
28 0.22772
29 0.217523
"[DEBUG]index 53 centroid... "
0 0.226679
1 0.213972
2 0.239287
3 0.179866
4 0.250693
5 0.195287
6 0.204289
7 0.227427
8 0.160052
9 0.186322
10 0.231536
11 0.213033
12 0.257751
13 0.236258
14 0.204727
15 0.223235
16 0.25249
17 0.254992
18 0.184039
19 0.179841
20 0.117604
21 0.181609
22 0.251311
23 0.276883
24 0.252546
25 0.204555
26 0.227464
27 0.212266
28 0.193855
29 0.214486
"[DEBUG]index 54 centroid... "
0 0.165553
1 0.20944
2 0.278686
3 0.282993
4 0.260491
5 0.241543
6 0.322618
7 0.293522
8 0.0963413
9 0.237536
10 0.350703
11 0.196826
12 0.289877
13 0.286624
14 0.280294
15 0.233123
16 0.34973
17 0.20484
18 0.307181
19 0.274986
20 0.360232
21 0.316109
22 0.169532
23 0.223307
24 0.288167
25 0.366205
26 0.247648
27 0.223314
28 0.126662
29 0.345532
"[DEBUG]index 55 centroid... "
0 0.1672
1 0.148483
2 0.189264
3 0.227197
4 0.241952
5 0.207715
6 0.288342
7 0.28993
8 0.205761
9 0.266153
10 0.306468
11 0.177121
12 0.22776
13 0.294588
14 0.244527
15 0.211158
16 0.252425
17 0.246162
18 0.211658
19 0.303296
20 0.186648
21 0.146378
22 0.210249
23 0.235092
24 0.256893
25 0.275606
26 0.256572
27 0.171031
28 0.156047
29 0.237593
"[DEBUG]index 56 centroid... "
0 0.242761
1 0.234658
2 0.21886
3 0.235674
4 0.230235
5 0.232576
6 0.2531
7 0.222597
8 0.147995
9 0.213248
10 0.222922
11 0.170837
12 0.208288
13 0.190407
14 0.196973
15 0.221449
16 0.155456
17 0.185223
18 0.267318
19 0.240654
20 0.221539
21 0.232296
22 0.234828
23 0.249194
24 0.252049
25 0.259151
26 0.262797
27 0.227742
28 0.257575
29 0.235278
"[DEBUG]index 57 centroid... "
0 0.210117
1 0.199181
2 0.183669
3 0.194205
4 0.217933
5 0.210442
6 0.230761
7 0.280427
8 0.178395
9 0.1164
10 0.206919
11 0.224488
12 0.212756
13 0.184056
14 0.211907
15 0.140799
16 0.114916
17 0.161188
18 0.190521
19 0.17551
20 0.210225
21 0.203443
22 0.189303
23 0.226514
24 0.196804
25 0.22154
26 0.217852
27 0.170201
28 0.174217
29 0.199055
"[DEBUG]index 58 centroid... "
0 0.191205
1 0.188281
2 0.226049
3 0.201323
4 0.223341
5 0.17604
6 0.195903
7 0.171958
8 0.111487
9 0.168636
10 0.203234
11 0.22319
12 0.194901
13 0.19856
14 0.232195
15 0.160239
16 0.175387
17 0.194043
18 0.146512
19 0.181961
20 0.191444
21 0.191181
22 0.203768
23 0.176861
24 0.213643
25 0.18218
26 0.187362
27 0.182041
28 0.194885
29 0.201961
"[DEBUG]index 59 centroid... "
0 0.211273
1 0.218705
2 0.212674
3 0.221333
4 0.232593
5 0.205275
6 0.233511
7 0.230757
8 0.169391
9 0.181697
10 0.213103
11 0.207395
12 0.195422
13 0.200723
14 0.184869
15 0.194549
16 0.209313
17 0.205009
18 0.220155
19 0.190854
20 0.16411
21 0.217767
22 0.241773
23 0.220516
24 0.221606
25 0.220761
26 0.21664
27 0.209941
28 0.228454
29 0.232862
"[DEBUG]index 60 centroid... "
0 0.232692
1 0.217745
2 0.20832
3 0.20317
4 0.186332
5 0.164242
6 0.221628
7 0.160758
8 0.118549
9 0.156676
10 0.126039
11 0.196546
12 0.209083
13 0.131163
14 0.130941
15 0.129705
16 0.151612
17 0.182732
18 0.188148
19 0.207762
20 0.222788
21 0.252463
22 0.204923
23 0.19963
24 0.248071
25 0.263232
26 0.238294
27 0.198246
28 0.228833
29 0.207409
"[DEBUG]index 61 centroid... "
0 0.180459
1 0.21055
2 0.210422
3 0.210827
4 0.221798
5 0.206682
6 0.230075
7 0.208536
8 0.137892
9 0.175582
10 0.213213
11 0.217234
12 0.183884
13 0.180793
14 0.192096
15 0.195151
16 0.182386
17 0.262335
18 0.180963
19 0.123868
20 0.110832
21 0.125258
22 0.215495
23 0.24586
24 0.225458
25 0.234226
26 0.18856
27 0.197464
28 0.171099
29 0.187742
"[DEBUG]index 62 centroid... "
0 0.218819
1 0.198913
2 0.235725
3 0.213163
4 0.237569
5 0.196797
6 0.213951
7 0.192942
8 0.145636
9 0.17878
10 0.226301
11 0.226542
12 0.231479
13 0.244404
14 0.229012
15 0.192983
16 0.158668
17 0.132873
18 0.147029
19 0.191746
20 0.238856
21 0.222195
22 0.221321
23 0.186755
24 0.183586
25 0.206146
26 0.203205
27 0.196648
28 0.21994
29 0.215437
"[DEBUG]index 63 centroid... "
0 0.228019
1 0.229923
2 0.223068
3 0.207517
4 0.223082
5 0.260201
6 0.244108
7 0.207324
8 0.190588
9 0.241979
10 0.206446
11 0.23075
12 0.179036
13 0.187751
14 0.206433
15 0.234652
16 0.142113
17 0.110615
18 0.143503
19 0.097052
20 0.213843
21 0.247222
22 0.236847
23 0.216292
24 0.246728
25 0.145435
26 0.171767
27 0.182085
28 0.15583
29 0.204371
"[DEBUG]index 64 centroid... "
0 0.212151
1 0.204239
2 0.200503
3 0.231077
4 0.236869
5 0.225504
6 0.262702
7 0.231081
8 0.13819
9 0.100785
10 0.123188
11 0.180151
12 0.198863
13 0.236056
14 0.22008
15 0.186797
16 0.227096
17 0.188469
18 0.194291
19 0.203867
20 0.182356
21 0.18824
22 0.184501
23 0.210221
24 0.220736
25 0.222213
26 0.20704
27 0.211546
28 0.209634
29 0.207567
"[DEBUG]index 65 centroid... "
0 0.177559
1 0.205826
2 0.196797
3 0.19956
4 0.220575
5 0.207813
6 0.244073
7 0.200497
8 0.114746
9 0.0890027
10 0.129785
11 0.22677
12 0.254117
13 0.210133
14 0.194557
15 0.183071
16 0.20458
17 0.21737
18 0.214052
19 0.217008
20 0.212243
21 0.182876
22 0.204701
23 0.220098
24 0.210508
25 0.217348
26 0.214409
27 0.191037
28 0.169164
29 0.176554
"[DEBUG]index 66 centroid... "
0 0.216494
1 0.1774
2 0.192125
3 0.215749
4 0.220548
5 0.189734
6 0.214049
7 0.199055
8 0.0981915
9 0.0910669
10 0.103087
11 0.117789
12 0.155751
13 0.126987
14 0.147171
15 0.139511
16 0.151491
17 0.209315
18 0.191534
19 0.189427
20 0.213331
21 0.174373
22 0.158101
23 0.212818
24 0.19631
25 0.197795
26 0.1911
27 0.212372
28 0.215408
29 0.21722
"[DEBUG]index 67 centroid... "
0 0.200031
1 0.218373
2 0.206059
3 0.223934
4 0.230622
5 0.204903
6 0.235922
7 0.217036
8 0.161237
9 0.220028
10 0.268248
11 0.200187
12 0.20419
13 0.23193
14 0.239905
15 0.232951
16 0.249055
17 0.239499
18 0.220237
19 0.129147
20 0.2058
21 0.281069
22 0.23297
23 0.193462
24 0.233728
25 0.217579
26 0.170566
27 0.196024
28 0.184756
29 0.189043
"[DEBUG]index 68 centroid... "
0 0.211798
1 0.211302
2 0.213239
3 0.218808
4 0.226393
5 0.210406
6 0.239867
7 0.259863
8 0.179283
9 0.169362
10 0.213739
11 0.186657
12 0.1993
13 0.246439
14 0.245043
15 0.226831
16 0.194945
17 0.207788
18 0.216805
19 0.188068
20 0.214834
21 0.22421
22 0.224115
23 0.227999
24 0.239945
25 0.245001
26 0.241069
27 0.245176
28 0.245467
29 0.256852
"[DEBUG]index 69 centroid... "
0 0.214116
1 0.213246
2 0.187449
3 0.192823
4 0.22175
5 0.194316
6 0.243651
7 0.15944
8 0.131143
9 0.164097
10 0.114238
11 0.207978
12 0.201489
13 0.209016
14 0.202765
15 0.130364
16 0.176274
17 0.139487
18 0.142098
19 0.241715
20 0.154678
21 0.132555
22 0.173144
23 0.204952
24 0.173661
25 0.164166
26 0.183197
27 0.174856
28 0.152443
29 0.175105
"[DEBUG]index 70 centroid... "
0 0.228672
1 0.19616
2 0.216221
3 0.226916
4 0.232797
5 0.205838
6 0.22602
7 0.254637
8 0.132321
9 0.118805
10 0.211502
11 0.218958
12 0.207092
13 0.185972
14 0.233188
15 0.246235
16 0.216068
17 0.210448
18 0.187098
19 0.185969
20 0.256428
21 0.236702
22 0.227139
23 0.251462
24 0.249495
25 0.231458
26 0.218421
27 0.232382
28 0.22245
29 0.237139
"[DEBUG]index 71 centroid... "
0 0.192793
1 0.185632
2 0.196744
3 0.20386
4 0.217475
5 0.197838
6 0.198784
7 0.192804
8 0.125728
9 0.171684
10 0.207551
11 0.192558
12 0.220871
13 0.216017
14 0.201213
15 0.174441
16 0.192324
17 0.19513
18 0.200101
19 0.190616
20 0.194428
21 0.181
22 0.15263
23 0.183385
24 0.199739
25 0.195662
26 0.205201
27 0.196385
28 0.183328
29 0.177134
"[DEBUG]index 72 centroid... "
0 0.194796
1 0.177897
2 0.202564
3 0.178377
4 0.202427
5 0.193778
6 0.209577
7 0.205565
8 0.132949
9 0.0647851
10 0.0913493
11 0.107267
12 0.117066
13 0.186871
14 0.16635
15 0.1789
16 0.224201
17 0.205079
18 0.187524
19 0.187552
20 0.205497
21 0.212378
22 0.227153
23 0.224937
24 0.232934
25 0.227137
26 0.211536
27 0.215085
28 0.227997
29 0.230386
"[DEBUG]index 73 centroid... "
0 0.211817
1 0.231313
2 0.209739
3 0.247874
4 0.226879
5 0.207273
6 0.214146
7 0.209464
8 0.140605
9 0.154993
10 0.127454
11 0.166965
12 0.210041
13 0.205406
14 0.207596
15 0.23007
16 0.255223
17 0.228575
18 0.222649
19 0.200991
20 0.182452
21 0.245041
22 0.226454
23 0.235321
24 0.249486
25 0.23503
26 0.171963
27 0.208598
28 0.235184
29 0.204561
"[DEBUG]index 74 centroid... "
0 0.200211
1 0.18376
2 0.189389
3 0.180166
4 0.189258
5 0.198679
6 0.227947
7 0.218661
8 0.181285
9 0.201191
10 0.157099
11 0.0791997
12 0.157836
13 0.225364
14 0.198316
15 0.189115
16 0.192444
17 0.236663
18 0.226645
19 0.243365
20 0.268838
21 0.242063
22 0.227778
23 0.251394
24 0.250798
25 0.247869
26 0.261928
27 0.247225
28 0.242112
29 0.23503
"[DEBUG]index 75 centroid... "
0 0.246438
1 0.20665
2 0.247544
3 0.260847
4 0.233346
5 0.20503
6 0.2494
7 0.246757
8 0.187452
9 0.225786
10 0.267663
11 0.251159
12 0.254147
13 0.23611
14 0.230818
15 0.239544
16 0.224457
17 0.223809
18 0.253173
19 0.28029
20 0.264324
21 0.246897
22 0.259503
23 0.212602
24 0.232004
25 0.223681
26 0.20037
27 0.236581
28 0.207453
29 0.208042
"[DEBUG]index 76 centroid... "
0 0.24075
1 0.239817
2 0.200726
3 0.2435
4 0.207194
5 0.22864
6 0.249456
7 0.249849
8 0.19132
9 0.196296
10 0.233499
11 0.206528
12 0.177006
13 0.238398
14 0.191463
15 0.154137
16 0.174902
17 0.225237
18 0.191915
19 0.204631
20 0.17064
21 0.20395
22 0.230801
23 0.232149
24 0.262514
25 0.294683
26 0.286038
27 0.293698
28 0.286082
29 0.246816
"[DEBUG]index 77 centroid... "
0 0.224956
1 0.214154
2 0.229631
3 0.244292
4 0.231842
5 0.212508
6 0.260214
7 0.203791
8 0.131416
9 0.21788
10 0.258795
11 0.201855
12 0.258293
13 0.225786
14 0.165966
15 0.196436
16 0.206159
17 0.176089
18 0.231316
19 0.172876
20 0.207326
21 0.226015
22 0.180633
23 0.211746
24 0.215095
25 0.193041
26 0.225311
27 0.206562
28 0.225716
29 0.241945
"[DEBUG]index 78 centroid... "
0 0.211836
1 0.20285
2 0.198975
3 0.201462
4 0.217923
5 0.195762
6 0.221492
7 0.225752
8 0.184628
9 0.202973
10 0.213954
11 0.200557
12 0.171837
13 0.129443
14 0.180476
15 0.19999
16 0.195828
17 0.189434
18 0.204409
19 0.222469
20 0.238789
21 0.228083
22 0.246223
23 0.243314
24 0.250752
25 0.25156
26 0.261818
27 0.254941
28 0.249143
29 0.267728
"[DEBUG]index 79 centroid... "
0 0.215564
1 0.199563
2 0.176335
3 0.219666
4 0.194414
5 0.150561
6 0.187015
7 0.181585
8 0.0957167
9 0.196795
10 0.23926
11 0.211394
12 0.237784
13 0.237776
14 0.24514
15 0.228152
16 0.208436
17 0.202019
18 0.163429
19 0.216667
20 0.236636
21 0.173732
22 0.221006
23 0.196684
24 0.189779
25 0.200456
26 0.197773
27 0.194516
28 0.19222
29 0.186299
"[DEBUG]index 80 centroid... "
0 0.195273
1 0.205414
2 0.216983
3 0.209901
4 0.207956
5 0.18364
6 0.190363
7 0.198604
8 0.133217
9 0.180204
10 0.223723
11 0.211097
12 0.197308
13 0.173378
14 0.204287
15 0.200848
16 0.214502
17 0.201871
18 0.207851
19 0.239712
20 0.238308
21 0.23595
22 0.239156
23 0.230526
24 0.225552
25 0.218833
26 0.203159
27 0.222787
28 0.217134
29 0.224648
"[DEBUG]index 81 centroid... "
0 0.200027
1 0.215408
2 0.199291
3 0.210993
4 0.18728
5 0.1877
6 0.224917
7 0.194619
8 0.147711
9 0.239211
10 0.210383
11 0.222478
12 0.199702
13 0.177804
14 0.221476
15 0.210475
16 0.237769
17 0.202682
18 0.141443
19 0.231817
20 0.214716
21 0.197504
22 0.247689
23 0.209387
24 0.186789
25 0.21887
26 0.227301
27 0.244555
28 0.229632
29 0.233356
"[DEBUG]index 82 centroid... "
0 0.241852
1 0.208076
2 0.226046
3 0.248516
4 0.218851
5 0.195141
6 0.231422
7 0.171966
8 0.0936242
9 0.151528
10 0.190779
11 0.222511
12 0.234776
13 0.230096
14 0.20872
15 0.200305
16 0.238719
17 0.235896
18 0.17734
19 0.224444
20 0.253574
21 0.219481
22 0.223025
23 0.246839
24 0.208961
25 0.23373
26 0.195049
27 0.227886
28 0.23101
29 0.24096
"[DEBUG]index 83 centroid... "
0 0.18524
1 0.222814
2 0.236658
3 0.234007
4 0.225783
5 0.217608
6 0.231778
7 0.209627
8 0.151153
9 0.187618
10 0.226373
11 0.229466
12 0.233108
13 0.21771
14 0.227424
15 0.234662
16 0.205058
17 0.241458
18 0.277573
19 0.23632
20 0.230641
21 0.252186
22 0.240349
23 0.222903
24 0.237721
25 0.227949
26 0.21081
27 0.206998
28 0.238267
29 0.236978
"[DEBUG]index 84 centroid... "
0 0.190801
1 0.186025
2 0.199933
3 0.221037
4 0.215461
5 0.225341
6 0.185439
7 0.19061
8 0.109596
9 0.105912
10 0.134826
11 0.224024
12 0.262099
13 0.186858
14 0.224699
15 0.176483
16 0.204125
17 0.218758
18 0.214292
19 0.237832
20 0.23981
21 0.259997
22 0.256122
23 0.238006
24 0.246537
25 0.233747
26 0.255263
27 0.22911
28 0.224636
29 0.228568
"[DEBUG]index 85 centroid... "
0 0.208574
1 0.173384
2 0.177251
3 0.209123
4 0.21532
5 0.215657
6 0.23682
7 0.248872
8 0.162898
9 0.118565
10 0.192436
11 0.241199
12 0.239145
13 0.235253
14 0.210483
15 0.2203
16 0.228536
17 0.23423
18 0.238252
19 0.230328
20 0.219529
21 0.216113
22 0.213924
23 0.226332
24 0.247198
25 0.233693
26 0.201837
27 0.213938
28 0.218856
29 0.188164
"[DEBUG]index 86 centroid... "
0 0.184029
1 0.186449
2 0.188975
3 0.209976
4 0.212843
5 0.179476
6 0.180212
7 0.163641
8 0.101927
9 0.152402
10 0.206795
11 0.202757
12 0.212379
13 0.201379
14 0.206512
15 0.22112
16 0.244022
17 0.25391
18 0.259581
19 0.237722
20 0.244759
21 0.265024
22 0.23296
23 0.234648
24 0.237461
25 0.222114
26 0.214332
27 0.202893
28 0.202856
29 0.19854
"[DEBUG]index 87 centroid... "
0 0.248482
1 0.21576
2 0.222226
3 0.212579
4 0.226912
5 0.166043
6 0.231047
7 0.244491
8 0.181091
9 0.18352
10 0.249101
11 0.213227
12 0.156006
13 0.214982
14 0.250106
15 0.220681
16 0.216069
17 0.234575
18 0.229353
19 0.24462
20 0.267769
21 0.184104
22 0.198556
23 0.24072
24 0.268021
25 0.231298
26 0.262515
27 0.25266
28 0.222143
29 0.221762
"[DEBUG]index 88 centroid... "
0 0.218473
1 0.215456
2 0.211559
3 0.22514
4 0.246067
5 0.225984
6 0.240292
7 0.224813
8 0.138715
9 0.0974861
10 0.129291
11 0.231291
12 0.256144
13 0.239535
14 0.232539
15 0.239343
16 0.216951
17 0.178234
18 0.204146
19 0.197273
20 0.21475
21 0.244414
22 0.21829
23 0.215581
24 0.213919
25 0.22138
26 0.223715
27 0.212202
28 0.222171
29 0.206074
"[DEBUG]index 89 centroid... "
0 0.197437
1 0.198676
2 0.183709
3 0.209982
4 0.228106
5 0.205281
6 0.221677
7 0.24226
8 0.13606
9 0.113477
10 0.240753
11 0.232433
12 0.213363
13 0.187468
14 0.167669
15 0.208755
16 0.19833
17 0.201978
18 0.247316
19 0.236697
20 0.23795
21 0.239322
22 0.24421
23 0.224669
24 0.247982
25 0.228841
26 0.222594
27 0.218809
28 0.218542
29 0.227499
"[DEBUG]index 90 centroid... "
0 0.206272
1 0.187159
2 0.219776
3 0.219877
4 0.228923
5 0.211872
6 0.236868
7 0.250365
8 0.174147
9 0.124461
10 0.109915
11 0.138897
12 0.156227
13 0.165107
14 0.171065
15 0.220861
16 0.196708
17 0.210817
18 0.232026
19 0.242627
20 0.214578
21 0.205384
22 0.24143
23 0.214729
24 0.219176
25 0.22648
26 0.23272
27 0.22473
28 0.218301
29 0.241201
"[DEBUG]index 91 centroid... "
0 0.194768
1 0.196807
2 0.199189
3 0.199503
4 0.212721
5 0.196379
6 0.219547
7 0.194941
8 0.136069
9 0.199855
10 0.222491
11 0.230032
12 0.189573
13 0.183266
14 0.148887
15 0.113668
16 0.0958685
17 0.116043
18 0.0778099
19 0.124888
20 0.182734
21 0.185074
22 0.17567
23 0.224891
24 0.199068
25 0.191799
26 0.162707
27 0.176894
28 0.193216
29 0.185474
"[DEBUG]index 92 centroid... "
0 0.203594
1 0.200723
2 0.199652
3 0.198167
4 0.215504
5 0.181371
6 0.187802
7 0.196093
8 0.137493
9 0.181755
10 0.228302
11 0.196341
12 0.255073
13 0.194926
14 0.133842
15 0.0849136
16 0.0825014
17 0.170271
18 0.20288
19 0.211504
20 0.210286
21 0.205076
22 0.180301
23 0.187471
24 0.195512
25 0.197699
26 0.206451
27 0.22142
28 0.220377
29 0.229805
"[DEBUG]index 93 centroid... "
0 0.242893
1 0.230368
2 0.238949
3 0.237125
4 0.211846
5 0.221381
6 0.285101
7 0.257133
8 0.199774
9 0.266417
10 0.260528
11 0.189569
12 0.208712
13 0.232592
14 0.201156
15 0.171546
16 0.253372
17 0.265808
18 0.201409
19 0.222799
20 0.199312
21 0.210097
22 0.220506
23 0.235015
24 0.242015
25 0.244004
26 0.264605
27 0.245432
28 0.24432
29 0.250419
"[DEBUG]index 94 centroid... "
0 0.21656
1 0.220932
2 0.217042
3 0.238506
4 0.236064
5 0.212105
6 0.224735
7 0.19461
8 0.109325
9 0.16625
10 0.168541
11 0.178673
12 0.23315
13 0.180087
14 0.170627
15 0.217481
16 0.207092
17 0.181229
18 0.207752
19 0.238245
20 0.253468
21 0.262282
22 0.288546
23 0.276111
24 0.274947
25 0.275071
26 0.27429
27 0.259756
28 0.24849
29 0.26775
"[DEBUG]index 95 centroid... "
0 0.205298
1 0.180358
2 0.198277
3 0.210745
4 0.2147
5 0.19209
6 0.211035
7 0.204307
8 0.10481
9 0.109974
10 0.140915
11 0.248087
12 0.245108
13 0.210418
14 0.253715
15 0.204375
16 0.172676
17 0.169308
18 0.149758
19 0.167481
20 0.226585
21 0.242201
22 0.22846
23 0.221287
24 0.19961
25 0.187838
26 0.207282
27 0.184652
28 0.199335
29 0.194903
"[DEBUG]index 96 centroid... "
0 0.223597
1 0.213718
2 0.217857
3 0.218576
4 0.22497
5 0.19284
6 0.247689
7 0.255837
8 0.17516
9 0.179687
10 0.235912
11 0.2298
12 0.207655
13 0.238769
14 0.238053
15 0.202362
16 0.220017
17 0.233998
18 0.199916
19 0.180427
20 0.246077
21 0.231727
22 0.183696
23 0.223125
24 0.227571
25 0.220804
26 0.228291
27 0.221283
28 0.221064
29 0.22311
"[DEBUG]index 97 centroid... "
0 0.203101
1 0.190966
2 0.196607
3 0.212104
4 0.208446
5 0.195102
6 0.22654
7 0.221896
8 0.151769
9 0.195392
10 0.213887
11 0.175897
12 0.194122
13 0.164611
14 0.188252
15 0.208069
16 0.214836
17 0.212447
18 0.172749
19 0.163116
20 0.21248
21 0.187975
22 0.19589
23 0.241844
24 0.214085
25 0.195478
26 0.208465
27 0.195305
28 0.19487
29 0.203218
"[DEBUG]index 98 centroid... "
0 0.233572
1 0.210883
2 0.202727
3 0.249773
4 0.260464
5 0.238118
6 0.265625
7 0.247317
8 0.142965
9 0.211681
10 0.215936
11 0.194621
12 0.190683
13 0.294135
14 0.193493
15 0.176999
16 0.223766
17 0.137655
18 0.167816
19 0.248905
20 0.233994
21 0.219303
22 0.235688
23 0.182226
24 0.207851
25 0.252873
26 0.2748
27 0.262305
28 0.252958
29 0.284128
"[DEBUG]index 99 centroid... "
0 0.209173
1 0.195641
2 0.203702
3 0.219756
4 0.218699
5 0.196282
6 0.227188
7 0.221314
8 0.141864
9 0.164253
10 0.209949
11 0.207908
12 0.206137
13 0.239978
14 0.232559
15 0.189356
16 0.229454
17 0.187343
18 0.132756
19 0.20683
20 0.232833
21 0.198579
22 0.226054
23 0.218061
24 0.21301
25 0.213984
26 0.204771
27 0.207736
28 0.20791
29 0.211949
