correlation level (red against blue): 
-0.404549
-0.338131
-0.461662
0.147038
-0.765461
-0.606828
-0.692665
-0.254359
-0.653363
-0.72787
-0.580711
-0.666478
-0.805407
-0.439393
-0.684172
-0.806676
-0.802123
-0.724287
-0.76883
-0.447899
-0.595862
-0.87885
-0.811793
-0.749314
-0.728588
-0.703702
-0.3252
-0.788029
-0.766572
-0.724094
-0.703211
-0.565101
-0.648142
-0.707332
-0.828498
-0.454122
-0.800871
-0.84445
-0.736398
-0.884768
-0.716269
-0.690794
-0.910075
-0.752934
-0.572032
-0.680802
-0.682831
-0.604103
-0.816958
-0.582454
-0.79142
-0.632859
-0.824738
-0.699122
-0.600454
-0.416796
-0.753056
-0.615463
-0.751157
-0.712073
-0.709797
-0.661733
-0.524054
-0.553688
-0.534749
-0.605798
-0.527509
-0.689489
-0.493284
-0.641856
-0.888163
-0.740474
-0.512811
-0.596784
-0.753736
-0.442015
-0.578039
-0.77393
-0.710857
-0.751987
-0.798002
-0.709682
-0.743534
-0.654734
-0.717732
-0.662697
-0.679051
-0.568561
-0.681776
-0.82911
-0.435626
-0.407157
-0.685175
-0.663689
-0.718092
-0.712543
-0.6208
-0.696002
-0.717544
-0.828204
