"[DEBUG]index 0 centroid... "
0 1.51282
1 1.8141
2 1.53205
3 1.87821
4 1.26282
5 1.62821
6 1.84615
7 1.67308
8 3.91026
9 4.17308
10 4.58974
11 7.6859
12 10.4936
13 12.4487
14 13.5513
15 16.4936
16 12.859
17 9.41667
18 6.69872
19 6.63462
20 3.86538
21 3.30128
22 2.41026
23 2.51282
24 1.57692
25 1.71154
26 2.15385
27 1.3141
28 1.76282
29 1.1859
"[DEBUG]index 1 centroid... "
0 6.62319
1 8.07971
2 5.99275
3 6.84783
4 5.73913
5 5.98551
6 4.86957
7 3.35507
8 8.80435
9 4.13768
10 2.74638
11 1.97826
12 1.68841
13 0.65942
14 0.384058
15 0.34058
16 0.427536
17 0.898551
18 0.855072
19 1.06522
20 1.76812
21 1.64493
22 3.00725
23 2.53623
24 3.27536
25 3.0942
26 2.68116
27 3.2971
28 4.26812
29 4.07246
"[DEBUG]index 2 centroid... "
0 3.13521
1 2.94578
2 2.74125
3 2.48456
4 2.85518
5 2.98833
6 2.59712
7 2.0906
8 11.7371
9 4.54084
10 2.51544
11 1.50789
12 0.754976
13 0.824296
14 1.41181
15 2.46328
16 5.41043
17 9.34523
18 20.8792
19 8.73713
20 5.60879
21 2.3919
22 1.28758
23 3.04942
24 2.72958
25 2.89842
26 3.72684
27 3.628
28 3.39465
29 3.0302
"[DEBUG]index 3 centroid... "
0 5.82192
1 4.54795
2 5.0274
3 5.21918
4 4.82192
5 5
6 4.69863
7 3
8 17.2466
9 5.13699
10 2.41096
11 1.54795
12 1.65753
13 3.28767
14 7.84932
15 9.08219
16 9.83562
17 2.50685
18 1.43836
19 0.876712
20 0.767123
21 0.643836
22 1.54795
23 6.89041
24 4.34247
25 3.47945
26 4.69863
27 3.64384
28 4.17808
29 4.19178
"[DEBUG]index 4 centroid... "
0 3.09935
1 3.2974
2 2.85494
3 2.77562
4 2.98145
5 3.78589
6 3.30999
7 1.85875
8 23.1323
9 4.59298
10 3.10714
11 1.8715
12 3.5842
13 2.34211
14 8.05746
15 9.36844
16 2.42888
17 1.51085
18 3.99967
19 2.98725
20 5.17718
21 28.3742
22 7.04769
23 3.72876
24 4.24474
25 3.99917
26 3.35519
27 3.29608
28 3.12353
29 3.25219
"[DEBUG]index 5 centroid... "
0 3.55291
1 4.04143
2 3.73443
3 3.41699
4 3.52767
5 3.37705
6 3.09339
7 2.00338
8 22.3826
9 5.90184
10 3.54198
11 5.91893
12 25.7059
13 3.80387
14 2.46448
15 2.04461
16 2.00566
17 2.6315
18 4.74555
19 24.0755
20 5.96036
21 2.93562
22 3.57238
23 3.75708
24 3.10909
25 2.84372
26 3.0154
27 3.4464
28 3.13582
29 3.30194
"[DEBUG]index 6 centroid... "
0 3.35879
1 3.27339
2 3.1261
3 2.68569
4 2.84473
5 3.20856
6 2.40243
7 2.21381
8 21.2295
9 3.23605
10 16.2249
11 18.7256
12 5.57973
13 2.84054
14 1.40201
15 2.47524
16 5.84683
17 6.25115
18 2.4979
19 1.31368
20 2.61561
21 6.49412
22 1.91691
23 2.43873
24 2.49517
25 2.49287
26 2.46664
27 2.38061
28 2.52686
29 2.24864
"[DEBUG]index 7 centroid... "
0 4.78912
1 4.72562
2 5.4127
3 4.18141
4 4.13379
5 4.02948
6 3.03628
7 2.62358
8 18.4989
9 4.75964
10 8.81859
11 4.73016
12 18.2744
13 15.5646
14 5.76871
15 2.02268
16 1.32426
17 0.818594
18 0.510204
19 1.19048
20 1.31293
21 2.29025
22 6.99773
23 2.93878
24 3.14966
25 2.87982
26 2.51474
27 2.34467
28 2.82086
29 2.22222
"[DEBUG]index 8 centroid... "
0 4.05933
1 4.01402
2 3.90984
3 3.54612
4 4.18939
5 4.58767
6 3.74602
7 2.61721
8 41.7579
9 5.76056
10 3.52595
11 3.83862
12 3.62265
13 11.1679
14 2.70618
15 13.4396
16 2.75161
17 15.237
18 3.1157
19 2.70658
20 12.2473
21 3.16791
22 1.38972
23 4.18218
24 3.93456
25 3.4573
26 3.68452
27 3.69573
28 3.6423
29 3.48178
"[DEBUG]index 9 centroid... "
0 5.38837
1 4.81329
2 4.89958
3 4.22388
4 4.58328
5 4.84933
6 3.89211
7 3.09159
8 39.2928
9 6.00436
10 10.7974
11 14.0418
12 4.27809
13 1.49325
14 2.88474
15 15.338
16 3.12596
17 1.59844
18 3.29637
19 15.5194
20 2.94943
21 1.51423
22 3.74351
23 4.73603
24 3.98422
25 4.02991
26 4.16729
27 4.23178
28 3.89616
29 3.7244
"[DEBUG]index 10 centroid... "
0 4.27069
1 4.35242
2 4.15981
3 3.71161
4 4.42703
5 4.74041
6 4.03349
7 2.77026
8 32.8107
9 6.74232
10 4.26618
11 1.89259
12 3.11661
13 14.3099
14 3.2785
15 1.53375
16 3.2608
17 13.503
18 11.6875
19 3.2674
20 1.87871
21 3.02481
22 15.8116
23 3.50252
24 3.69582
25 4.45653
26 4.60993
27 3.90543
28 3.97484
29 3.92834
"[DEBUG]index 11 centroid... "
0 2.59774
1 2.56516
2 2.42665
3 2.0071
4 1.94412
5 2.61412
6 2.65544
7 2.14743
8 12.8251
9 3.49181
10 13.3953
11 4.78759
12 2.26902
13 2.65817
14 1.2581
15 2.08409
16 6.09665
17 2.57208
18 5.41573
19 9.00328
20 28.3295
21 9.03913
22 5.47834
23 2.90954
24 2.96851
25 2.53804
26 2.63506
27 2.68274
28 2.87313
29 2.74336
"[DEBUG]index 12 centroid... "
0 3.84219
1 3.76182
2 3.33149
3 3.14465
4 3.87497
5 3.95001
6 3.80177
7 2.80495
8 28.4541
9 5.42856
10 3.11107
11 3.18735
12 10.1999
13 3.0274
14 2.97824
15 5.69213
16 32.6826
17 5.84883
18 3.06622
19 9.65458
20 3.40997
21 2.55034
22 8.36728
23 3.45366
24 3.55538
25 3.67139
26 3.75797
27 3.42819
28 3.25929
29 3.03329
"[DEBUG]index 13 centroid... "
0 3.89525
1 3.63436
2 3.61772
3 3.34214
4 3.48311
5 3.05335
6 3.56241
7 2.33872
8 20.7783
9 3.33578
10 20.8199
11 3.11356
12 22.534
13 4.38081
14 7.04699
15 2.37445
16 2.35732
17 5.372
18 6.3769
19 2.14537
20 1.41459
21 0.888889
22 1.34753
23 2.54185
24 2.22565
25 2.36858
26 2.51101
27 2.51836
28 2.27704
29 2.2932
"[DEBUG]index 14 centroid... "
0 4.38794
1 4.59815
2 3.95363
3 4.17543
4 3.95286
5 4.17929
6 4.34699
7 2.57187
8 21.993
9 4.99304
10 3.31221
11 1.42504
12 0.700927
13 1.58269
14 1.45595
15 2.8238
16 13.6321
17 3.53168
18 1.32998
19 1.63988
20 3.22334
21 2.14065
22 11.4737
23 3.22875
24 4.50773
25 4.47759
26 4.3238
27 3.37713
28 3.66692
29 3.65765
"[DEBUG]index 15 centroid... "
0 2.33587
1 2.38934
2 2.44772
3 2.29865
4 1.94535
5 2.81371
6 3.06193
7 2.10491
8 10.5213
9 26.1601
10 9.5758
11 5.222
12 2.6225
13 4.46548
14 14.5958
15 3.8467
16 1.70406
17 4.86074
18 2.20863
19 4.88748
20 1.79831
21 4.71117
22 4.29086
23 2.06819
24 2.20558
25 2.20626
26 2.2687
27 2.01438
28 1.94687
29 1.86734
"[DEBUG]index 16 centroid... "
0 4.31814
1 4.24833
2 3.75633
3 3.44042
4 4.32226
5 4.25378
6 3.75524
7 2.44836
8 36.1966
9 5.8625
10 3.28333
11 1.78038
12 1.67972
13 2.88159
14 3.54242
15 1.24942
16 3.60535
17 1.39966
18 2.75549
19 15.1712
20 2.25666
21 2.86825
22 1.41206
23 4.01398
24 3.28338
25 3.36634
26 3.37725
27 3.63629
28 3.53285
29 3.42927
"[DEBUG]index 17 centroid... "
0 4.09192
1 4.05423
2 4.08543
3 3.4901
4 3.6727
5 4.35078
6 3.57263
7 2.68299
8 29.1951
9 6.47311
10 2.82131
11 14.7291
12 3.42637
13 1.21
14 1.78497
15 3.91602
16 1.29688
17 2.87051
18 13.8843
19 3.34675
20 2.78866
21 11.2655
22 11.2707
23 2.98356
24 3.77983
25 4.12893
26 3.80186
27 3.81628
28 3.80197
29 3.81281
"[DEBUG]index 18 centroid... "
0 3.30015
1 3.62454
2 3.33472
3 3.08291
4 3.32152
5 3.95776
6 3.69533
7 2.64778
8 23.4881
9 6.19852
10 2.90246
11 8.98723
12 3.22527
13 3.35832
14 8.18461
15 2.53661
16 5.00172
17 30.5941
18 7.02109
19 3.36269
20 6.94126
21 27.2362
22 5.89622
23 3.29004
24 4.15542
25 3.9896
26 3.75314
27 3.86897
28 3.83038
29 3.6566
"[DEBUG]index 19 centroid... "
0 3.10181
1 2.9779
2 2.97935
3 2.52319
4 2.98587
5 3.19167
6 3.07355
7 2.43225
8 18.1409
9 4.65616
10 2.95616
11 2.07428
12 2.36522
13 3.97391
14 23.0174
15 4.96268
16 3.07536
17 6.46594
18 18.4036
19 18.2736
20 4.75326
21 2.61775
22 8.91848
23 3.19094
24 2.98261
25 3.26739
26 3.45036
27 3.2
28 3.1221
29 3.05072
"[DEBUG]index 20 centroid... "
0 5.62025
1 4.99367
2 5.0038
3 4.45443
4 4.30253
5 4.68354
6 3.67848
7 2.69494
8 19.8595
9 7.43924
10 2.28734
11 3.46962
12 4.11392
13 1.17722
14 0.63038
15 1.19494
16 2.65443
17 12.3835
18 2.36076
19 3.07089
20 1.38101
21 0.625316
22 1.08861
23 4.0557
24 3.33291
25 3.72658
26 3.61519
27 3.67342
28 3.72405
29 3.55063
"[DEBUG]index 21 centroid... "
0 4.22697
1 4.2174
2 4.13182
3 3.63853
4 4.149
5 4.42815
6 3.58649
7 2.79444
8 47.54
9 5.98286
10 3.26169
11 15.4234
12 3.77719
13 2.67596
14 3.5329
15 1.44238
16 2.83095
17 3.81628
18 1.37838
19 3.06795
20 11.1078
21 2.55835
22 2.98007
23 3.72879
24 3.53862
25 3.10186
26 3.25304
27 3.19204
28 3.23041
29 3.22086
"[DEBUG]index 22 centroid... "
0 4.55013
1 4.02269
2 3.67722
3 3.90691
4 4.23585
5 4.43162
6 4.07025
7 2.56393
8 29.9536
9 5.06417
10 2.54187
11 8.517
12 9.764
13 2.50834
14 5.32543
15 33.8569
16 5.24201
17 2.90434
18 2.17815
19 1.72977
20 2.64915
21 8.23257
22 2.46694
23 3.8627
24 3.69679
25 3.59457
26 3.22205
27 3.07173
28 2.91665
29 2.91283
"[DEBUG]index 23 centroid... "
0 3.67973
1 3.76242
2 3.52365
3 3.47635
4 4.02331
5 4.25853
6 3.34704
7 2.3277
8 26.5074
9 5.23615
10 3.19476
11 3.73269
12 8.45093
13 4.40726
14 30.7395
15 5.09519
16 3.15194
17 1.85642
18 2.68927
19 7.93041
20 2.43674
21 2.43361
22 1.47272
23 3.51385
24 3.12829
25 2.96537
26 2.87086
27 2.90963
28 2.6826
29 2.75465
"[DEBUG]index 24 centroid... "
0 4.51355
1 4.45405
2 4.21738
3 3.8396
4 4.25972
5 4.85704
6 3.85667
7 3.00838
8 43.6586
9 5.94442
10 3.15462
11 14.2636
12 3.33552
13 9.14793
14 2.98856
15 15.4306
16 2.64756
17 2.80461
18 12.2369
19 3.24654
20 1.37717
21 3.43195
22 3.15902
23 3.54151
24 3.54117
25 3.52988
26 3.46663
27 3.42458
28 3.36634
29 3.15851
"[DEBUG]index 25 centroid... "
0 4.85195
1 4.75139
2 4.45617
3 3.60308
4 4.56034
5 4.84348
6 3.80655
7 2.57122
8 46.1599
9 6.21157
10 18.9063
11 2.9856
12 1.87562
13 1.61708
14 3.32189
15 3.1986
16 1.44492
17 3.804
18 3.7746
19 1.25697
20 3.09987
21 3.01297
22 1.20542
23 3.32192
24 3.5373
25 3.46519
26 3.11693
27 3.20928
28 3.20982
29 3.20633
"[DEBUG]index 26 centroid... "
0 4.03819
1 4.44671
2 3.7087
3 3.58259
4 3.9405
5 4.13055
6 2.9476
7 2.33304
8 19.8535
9 6.27975
10 2.7087
11 1.52398
12 3.35879
13 12.5524
14 2.39964
15 0.952043
16 0.781528
17 1.51155
18 3.61012
19 2.14387
20 12.7194
21 2.11012
22 11.6341
23 3.36234
24 4.18117
25 3.29751
26 3.71936
27 3.42451
28 3.83304
29 3.39254
"[DEBUG]index 27 centroid... "
0 2.78659
1 2.80081
2 2.70664
3 2.45596
4 2.30285
5 2.60117
6 2.66802
7 2.52529
8 14.4675
9 3.8182
10 12.2464
11 13.2046
12 4.34779
13 2.22651
14 6.3103
15 2.45958
16 4.45054
17 8.23826
18 31.2464
19 9.16486
20 5.23238
21 2.52484
22 6.66012
23 2.28297
24 2.27236
25 2.47403
26 2.89205
27 2.60682
28 2.75813
29 2.31369
"[DEBUG]index 28 centroid... "
0 3.28415
1 3.63792
2 3.65639
3 3.16084
4 3.63653
5 3.58019
6 3
7 2.31093
8 26.914
9 5.45295
10 9.24039
11 8.14779
12 6.58965
13 32.7936
14 5.21868
15 2.0881
16 8.82542
17 2.50768
18 7.61009
19 2.79183
20 9.96998
21 2.3107
22 9.124
23 3.04884
24 3.29096
25 3.03314
26 3.1576
27 2.99804
28 3.07066
29 2.83766
"[DEBUG]index 29 centroid... "
0 3.90917
1 3.87457
2 3.49331
3 3.12984
4 3.32845
5 3.83186
6 3.91472
7 2.90846
8 24.4496
9 3.73235
10 25.7583
11 4.97793
12 3.14194
13 3.56919
14 6.78232
15 4.11446
16 26.1256
17 5.52207
18 3.03104
19 6.78858
20 8.1361
21 2.40703
22 1.54627
23 3.77278
24 2.96925
25 2.9385
26 3.05382
27 3.14208
28 2.88881
29 2.94946
"[DEBUG]index 30 centroid... "
0 3.03602
1 3.25714
2 3.04013
3 2.98572
4 3.23862
5 3.55506
6 3.01466
7 2.15976
8 26.5105
9 6.11783
10 2.72691
11 1.51839
12 3.41099
13 1.2736
14 2.9362
15 1.00399
16 2.89967
17 11.6818
18 2.21919
19 10.1158
20 9.42192
21 1.99601
22 11.6869
23 3.0539
24 2.99447
25 3.60432
26 3.67687
27 3.39452
28 3.50849
29 3.49704
"[DEBUG]index 31 centroid... "
0 5.41261
1 5.03916
2 4.7682
3 4.23793
4 5.0921
5 4.98105
6 4.16641
7 2.67405
8 48.7059
9 6.87906
10 4.5423
11 3.85298
12 20.8591
13 2.37894
14 1.48192
15 3.89223
16 3.48545
17 1.6571
18 3.50167
19 1.73697
20 3.61653
21 3.067
22 1.61867
23 3.87347
24 3.68677
25 3.42504
26 3.42259
27 3.53451
28 3.40104
29 3.40554
"[DEBUG]index 32 centroid... "
0 2.85645
1 2.74146
2 2.45597
3 2.58102
4 2.81705
5 3.25251
6 3.08444
7 2.3265
8 18.8339
9 3.72537
10 2.15842
11 1.52674
12 1.43466
13 2.19903
14 4.17169
15 19.3828
16 15.3715
17 5.25211
18 6.90631
19 2.3068
20 7.01367
21 5.93526
22 2.00684
23 2.83233
24 3.30478
25 3.10655
26 2.82187
27 3.09369
28 2.7302
29 2.60474
"[DEBUG]index 33 centroid... "
0 3.54923
1 3.4855
2 3.48204
3 3.03779
4 3.05881
5 3.17682
6 3.23541
7 2.01552
8 26.508
9 4.05655
10 29.9721
11 4.43401
12 2.70175
13 3.37955
14 2.9078
15 1.23869
16 1.4502
17 1.2257
18 2.93503
19 6.82513
20 2.04071
21 7.11903
22 2.41157
23 2.9254
24 2.67283
25 2.59096
26 2.46807
27 2.61704
28 2.61025
29 2.6256
"[DEBUG]index 34 centroid... "
0 3.70326
1 3.70663
2 3.49718
3 3.46107
4 4.15422
5 4.70856
6 3.86943
7 2.69038
8 27.9259
9 4.92003
10 3.22855
11 2.29683
12 3.21896
13 5.91759
14 32.9375
15 5.54963
16 2.66849
17 10.5849
18 3.31063
19 1.44053
20 3.37924
21 2.81674
22 8.19581
23 3.55341
24 3.76656
25 3.86884
26 3.54323
27 3.48683
28 3.16971
29 3.30188
"[DEBUG]index 35 centroid... "
0 3.22402
1 3.40635
2 3.11097
3 2.88958
4 2.9788
5 3.07537
6 2.86132
7 1.88626
8 23.1589
9 5.03173
10 7.51067
11 5.53034
12 26.8108
13 4.29565
14 2.3102
15 6.73719
16 2.4813
17 8.02383
18 2.51053
19 8.07093
20 5.13023
21 23.1926
22 6.07509
23 3.16002
24 3.48753
25 3.30618
26 2.67373
27 2.89055
28 2.82779
29 2.77002
"[DEBUG]index 36 centroid... "
0 4.11713
1 3.89505
2 3.89319
3 3.3935
4 3.19914
5 4.21617
6 3.6885
7 2.57701
8 20.1027
9 23.6053
10 6.79733
11 2.46668
12 11.0901
13 2.3988
14 1.24556
15 1.40895
16 2.75779
17 2.66484
18 1.304
19 3.32545
20 1.2716
21 2.33551
22 7.3935
23 2.38476
24 2.73246
25 2.85674
26 2.71418
27 2.68876
28 2.55433
29 2.69406
"[DEBUG]index 37 centroid... "
0 3.73606
1 3.87704
2 3.55655
3 3.25169
4 3.6596
5 4.15526
6 3.68442
7 2.59522
8 28.4113
9 5.68364
10 3.10288
11 3.27815
12 3.05826
13 3.06695
14 9.39976
15 2.86265
16 5.99259
17 30.8131
18 5.89349
19 2.86076
20 1.98077
21 3.21651
22 1.40969
23 3.31241
24 3.16665
25 3.29175
26 3.23374
27 3.23698
28 3.00819
29 2.79072
"[DEBUG]index 38 centroid... "
0 4.21762
1 4.06706
2 3.75137
3 3.57387
4 4.25201
5 4.5577
6 4.13362
7 2.73515
8 35.0856
9 5.80204
10 3.01739
11 1.99878
12 4.19346
13 1.25518
14 2.87516
15 17.1667
16 2.8611
17 2.9225
18 13.2527
19 3.75543
20 1.37169
21 3.03145
22 12.8664
23 3.33852
24 3.92705
25 4.40369
26 4.35735
27 3.75404
28 3.73399
29 3.59559
"[DEBUG]index 39 centroid... "
0 3.61669
1 3.76953
2 3.34609
3 3.17777
4 3.51642
5 3.86503
6 3.20817
7 2.35834
8 29.0207
9 5.65251
10 3.24179
11 8.63044
12 3.01403
13 7.87059
14 2.29576
15 9.14292
16 8.97025
17 3.22238
18 5.70601
19 34.8719
20 5.48228
21 2.82504
22 3.52848
23 3.86947
24 3.03793
25 3.20807
26 3.24301
27 3.44678
28 3.16013
29 3.05252
"[DEBUG]index 40 centroid... "
0 7.32017
1 7.74337
2 6.58359
3 6.43183
4 6.50031
5 6.44849
6 5.72548
7 4.0839
8 23.0851
9 7.66194
10 2.70635
11 14.6545
12 4.03763
13 3.27082
14 4.48982
15 1.64466
16 0.668723
17 1.35534
18 1.36274
19 3.71437
20 1.15731
21 0.673658
22 1.3504
23 4.14374
24 3.26959
25 3.23072
26 3.32387
27 3.93152
28 3.46761
29 3.57249
"[DEBUG]index 41 centroid... "
0 2.96879
1 3.47642
2 3.31388
3 3.14341
4 2.73744
5 3.22101
6 3.3104
7 2.45951
8 10.0509
9 24.4839
10 5.55122
11 26.2215
12 8.87785
13 4.18313
14 4.86683
15 4.58862
16 2.13587
17 1.44608
18 2.02551
19 2.08958
20 3.59412
21 1.95535
22 1.11751
23 2.07944
24 2.03624
25 1.8764
26 1.93525
27 1.98521
28 1.81136
29 1.76053
"[DEBUG]index 42 centroid... "
0 3.75253
1 4.0025
2 3.43255
3 3.15198
4 2.93327
5 3.75555
6 3.51294
7 2.4516
8 20.0393
9 23.6255
10 5.79246
11 2.5241
12 9.615
13 2.27309
14 2.62301
15 1.41377
16 2.44674
17 9.45238
18 7.43991
19 2.013
20 8.87495
21 2.62249
22 1.17877
23 3.01576
24 2.82057
25 2.57507
26 2.76842
27 2.88533
28 2.73125
29 2.73926
"[DEBUG]index 43 centroid... "
0 4.56003
1 4.52877
2 4.3187
3 4.24225
4 5.17669
5 5.16452
6 4.6671
7 3.19089
8 34.089
9 5.346
10 3.21265
11 4.32442
12 1.54094
13 3.20481
14 15.9626
15 2.97621
16 1.59139
17 1.81225
18 1.71662
19 4.32276
20 1.33622
21 2.81806
22 12.5847
23 3.69864
24 3.9846
25 4.13547
26 4.26263
27 3.66498
28 3.68158
29 3.65769
"[DEBUG]index 44 centroid... "
0 3.50961
1 3.46641
2 3.36164
3 2.73383
4 3.15885
5 3.44033
6 3.00051
7 1.97483
8 32.9491
9 5.12654
10 11.7987
11 2.99858
12 1.48733
13 3.28097
14 1.36096
15 2.7137
16 2.219
17 13.5908
18 2.37752
19 11.012
20 2.1525
21 11.1848
22 2.37377
23 3.18045
24 3.08663
25 3.32434
26 3.02018
27 3.31368
28 3.18306
29 3.19202
"[DEBUG]index 45 centroid... "
0 3.65579
1 3.7108
2 3.54045
3 2.97236
4 3.45724
5 3.89434
6 3.05255
7 2.12376
8 35.1801
9 5.18754
10 13.6274
11 2.79639
12 3.05409
13 11.1723
14 2.02161
15 9.99726
16 2.88452
17 3.20571
18 1.42861
19 2.9003
20 11.2719
21 2.16404
22 11.4318
23 3.41479
24 3.6673
25 3.56016
26 3.42286
27 3.13801
28 3.17737
29 3.23728
"[DEBUG]index 46 centroid... "
0 4.23969
1 4.08204
2 3.87161
3 3.60755
4 4.34996
5 4.52499
6 3.68447
7 2.25519
8 43.397
9 6.45603
10 3.91351
11 3.98243
12 14.0481
13 2.10169
14 13.679
15 3.18422
16 1.57895
17 3.70736
18 12.5849
19 2.86225
20 2.90545
21 12.047
22 3.0829
23 3.88622
24 4.0485
25 3.91561
26 3.67718
27 3.78339
28 3.75611
29 3.64094
"[DEBUG]index 47 centroid... "
0 3.89336
1 3.93018
2 3.70662
3 3.27064
4 3.78637
5 4.15298
6 3.53699
7 2.67349
8 37.368
9 5.52712
10 2.96081
11 11.7522
12 3.55465
13 1.42003
14 3.38774
15 2.91433
16 12.9299
17 2.8301
18 14.6249
19 2.57357
20 12.2938
21 2.72002
22 3.15453
23 3.57624
24 3.7392
25 3.26539
26 3.61284
27 3.63136
28 3.60457
29 3.32427
"[DEBUG]index 48 centroid... "
0 3.60392
1 3.6359
2 3.40623
3 3.01843
4 4.04498
5 4.24089
6 3.62158
7 2.51348
8 58.3896
9 5.06791
10 3.7013
11 3.45934
12 3.45985
13 8.74118
14 2.79062
15 2.5199
16 9.77015
17 3.13851
18 3.06737
19 3.18063
20 2.64916
21 8.17371
22 2.62224
23 3.22914
24 3.32165
25 3.23356
26 3.01063
27 3.07023
28 3.01516
29 2.88886
"[DEBUG]index 49 centroid... "
0 5.55479
1 5.48041
2 5.1894
3 4.98803
4 5.63462
5 5.60232
6 5.23258
7 2.84144
8 30.0145
9 4.96263
10 2.70464
11 1.77213
12 3.7627
13 2.30298
14 15.9256
15 2.26633
16 4.03338
17 1.63933
18 0.740566
19 1.15022
20 3.49202
21 2.69521
22 0.889332
23 4.26488
24 3.95247
25 3.39804
26 3.56459
27 3.61357
28 3.28483
29 3.41509
"[DEBUG]index 50 centroid... "
0 4.24975
1 4.34213
2 4.12349
3 3.79501
4 4.26891
5 4.69422
6 3.92912
7 2.595
8 41.4475
9 6.45094
10 2.97291
11 12.585
12 14.2295
13 2.26164
14 11.6654
15 3.26865
16 2.65188
17 12.5109
18 2.98714
19 3.62201
20 1.75461
21 3.10062
22 11.7027
23 3.39623
24 3.64443
25 3.97194
26 3.94515
27 3.62298
28 3.52425
29 3.41892
"[DEBUG]index 51 centroid... "
0 3.47215
1 3.51529
2 3.48563
3 2.94805
4 3.55864
5 3.8407
6 3.36624
7 2.22155
8 35.5249
9 4.55418
10 13.4762
11 3.06118
12 1.6292
13 2.94989
14 11.8759
15 2.24809
16 3.12953
17 2.71261
18 13.7451
19 2.44525
20 10.6333
21 2.26715
22 11.9762
23 2.98535
24 3.54947
25 3.31721
26 3.61664
27 3.30087
28 3.27222
29 3.11646
"[DEBUG]index 52 centroid... "
0 5.61826
1 5.5575
2 4.93956
3 4.43646
4 5.3393
5 5.60361
6 4.81434
7 3.5885
8 36.3966
9 6.90139
10 2.99159
11 16.3746
12 4.10712
13 1.40872
14 4.52955
15 3.63151
16 13.8708
17 3.27169
18 1.48205
19 4.62579
20 1.37628
21 3.35451
22 1.50258
23 4.50165
24 4.17576
25 3.89861
26 3.91062
27 3.84605
28 3.81387
29 3.68577
"[DEBUG]index 53 centroid... "
0 3.5
1 3.42535
2 2.96056
3 2.63239
4 3.21549
5 2.80986
6 3.14648
7 1.67324
8 14.4296
9 4.99718
10 2.27042
11 1.32113
12 0.512676
13 0.561972
14 0.839437
15 2.93803
16 0.952113
17 1.35493
18 2.64366
19 4.21831
20 15.1394
21 5.94789
22 2.27042
23 3.48873
24 3.79014
25 3.32958
26 2.85493
27 3.22394
28 3.87746
29 3.21127
"[DEBUG]index 54 centroid... "
0 5.4198
1 6.33447
2 6.10239
3 5.62799
4 5.51536
5 5.69966
6 5.02389
7 3.19795
8 15.587
9 5.79181
10 2.46758
11 10.7645
12 3.81229
13 1.33447
14 1.52901
15 5.52218
16 1.14334
17 1.55631
18 0.709898
19 0.447099
20 0.8157
21 1.33106
22 4.08532
23 3.25939
24 3.52901
25 3.46416
26 4.08874
27 3.08874
28 3.83618
29 3.49147
"[DEBUG]index 55 centroid... "
0 3.26486
1 3.47748
2 2.97658
3 3.22342
4 3.00541
5 3.13243
6 2.96847
7 1.60721
8 17.1514
9 5.0027
10 1.87658
11 8.02432
12 8.59279
13 1.84324
14 1.02252
15 2.75766
16 1.16306
17 0.679279
18 1.37477
19 2.58018
20 6.04775
21 17.5649
22 6.44054
23 3.33063
24 3.58649
25 3.86577
26 2.93514
27 3.22432
28 3.13874
29 3.36486
"[DEBUG]index 56 centroid... "
0 4.89432
1 4.62126
2 4.37591
3 4.1785
4 4.42263
5 5.12409
6 3.89341
7 3.1071
8 33.5869
9 6.37227
10 3.33586
11 13.6699
12 2.87338
13 13.408
14 3.30117
15 2.63987
16 10.8049
17 15.1848
18 2.49373
19 1.59193
20 3.73685
21 1.2767
22 3.36428
23 3.73877
24 3.23898
25 3.73078
26 3.59456
27 3.39897
28 3.38087
29 3.17931
"[DEBUG]index 57 centroid... "
0 2.70981
1 2.76733
2 2.5712
3 2.24246
4 2.22209
5 2.77392
6 3.21929
7 2.36409
8 10.5724
9 24.8189
10 8.73597
11 4.19732
12 2.81646
13 1.48193
14 1.86938
15 3.82664
16 14.7478
17 3.50689
18 5.75894
19 2.30298
20 1.29359
21 1.97563
22 4.51488
23 1.89894
24 2.31037
25 2.39964
26 2.32475
27 2.26044
28 2.09547
29 1.90633
"[DEBUG]index 58 centroid... "
0 4.58474
1 4.37932
2 3.91538
3 3.68575
4 4.32522
5 4.77327
6 4.13127
7 2.69647
8 31.1522
9 5.88197
10 3.55372
11 1.4338
12 3.57011
13 10.1111
14 2.32484
15 12.0233
16 13.4904
17 2.48726
18 14.545
19 2.64704
20 3.26608
21 1.37213
22 3.09016
23 3.65902
24 3.98739
25 3.67011
26 3.7633
27 3.56431
28 3.58865
29 3.27377
"[DEBUG]index 59 centroid... "
0 3.57142
1 3.44311
2 3.28145
3 3.01866
4 3.46632
5 3.68374
6 3.19843
7 1.75595
8 28.7221
9 5.58882
10 3.38188
11 3.4083
12 11.7212
13 2.58181
14 7.92954
15 2.54399
16 10.3289
17 3.41172
18 3.2059
19 5.67293
20 32.1609
21 6.17046
22 3.27628
23 4.14797
24 4.07513
25 3.16863
26 3.35521
27 3.31714
28 3.46006
29 2.98602
"[DEBUG]index 60 centroid... "
0 3.11295
1 3.23571
2 3.14375
3 2.91563
4 3.06607
5 3.35536
6 3.04196
7 2.39509
8 15.896
9 3.82455
10 17.5656
11 4.22321
12 4.72813
13 17.2433
14 3.94911
15 17
16 4.06875
17 5.94554
18 2.32812
19 1.36116
20 1.07411
21 2.09241
22 4.7442
23 2.30938
24 2.25759
25 2.63973
26 2.38973
27 2.39866
28 2.10625
29 2.02187
"[DEBUG]index 61 centroid... "
0 3.0091
1 3.13232
2 2.79077
3 2.85921
4 2.90237
5 3.31942
6 3.13907
7 2.11929
8 19.2985
9 5.64966
10 3.27782
11 1.98948
12 3.256
13 8.28724
14 2.64181
15 1.54497
16 3.56789
17 2.74651
18 5.21943
19 25.054
20 3.99262
21 23.595
22 6.15743
23 3.21441
24 3.62125
25 3.41705
26 3.27421
27 3.4048
28 3.4216
29 3.50903
"[DEBUG]index 62 centroid... "
0 4.49628
1 4.1907
2 3.98858
3 3.65221
4 4.39876
5 4.64975
6 3.88542
7 2.72125
8 32.7731
9 6.08791
10 2.89554
11 2.04533
12 4.57638
13 1.20234
14 2.75725
15 16.0432
16 2.71561
17 12.3171
18 2.56799
19 14.2131
20 2.44575
21 1.46548
22 1.61035
23 4.17559
24 3.57883
25 3.74691
26 3.90154
27 4.14834
28 3.7365
29 3.57934
"[DEBUG]index 63 centroid... "
0 2.11095
1 2.37289
2 1.92697
3 1.80829
4 1.82022
5 2.42907
6 2.29845
7 1.93329
8 9.13202
9 4.25281
10 2.34691
11 2.37921
12 4.6573
13 4.41854
14 2.02037
15 4.06671
16 8.35464
17 20.5997
18 15.1903
19 15.2163
20 19.5653
21 7.49368
22 5.02177
23 2.7177
24 2.98666
25 2.61306
26 2.7191
27 2.98595
28 3.21489
29 2.72051
"[DEBUG]index 64 centroid... "
0 3.62122
1 3.52
2 3.49503
3 3.03343
4 3.47065
5 3.59146
6 2.97162
7 2.20531
8 40.3409
9 5.05805
10 12.1867
11 2.85467
12 15.1675
13 2.46536
14 2.53869
15 10.0444
16 2.54769
17 10.0422
18 10.431
19 2.6184
20 11.4363
21 2.58958
22 10.7879
23 3.238
24 3.46541
25 3.61123
26 3.59729
27 3.36231
28 3.42229
29 3.24739
"[DEBUG]index 65 centroid... "
0 3.38222
1 3.09451
2 3.03748
3 2.80319
4 2.79504
5 3.19174
6 3.07116
7 2.05124
8 20.6976
9 3.49647
10 22.8343
11 3.93301
12 2.77385
13 1.56871
14 2.26091
15 8.31305
16 2.28191
17 1.1195
18 1.50425
19 1.28372
20 1.9149
21 5.84628
22 6.66486
23 2.24534
24 2.81984
25 2.86547
26 2.59551
27 2.44106
28 2.45501
29 2.56799
"[DEBUG]index 66 centroid... "
0 3.38256
1 3.36092
2 3.40793
3 2.96597
4 3.51918
5 3.43451
6 3.26659
7 2.0891
8 35.9635
9 4.85614
10 13.0353
11 2.7166
12 14.0126
13 2.26759
14 10.4472
15 2.23638
16 10.9157
17 2.15262
18 11.1927
19 10.6578
20 2.32951
21 8.62589
22 11.5372
23 2.79573
24 3.49784
25 3.6276
26 3.47267
27 3.21464
28 3.35135
29 3.18212
"[DEBUG]index 67 centroid... "
0 4.24947
1 3.99098
2 3.68896
3 3.28556
4 3.41932
5 3.57166
6 3.22452
7 2.33493
8 18.7516
9 5.94958
10 2.56529
11 10.7569
12 2.78025
13 0.935244
14 0.808917
15 1.16985
16 2.90287
17 2.94533
18 5.29989
19 20.4506
20 6.15658
21 2.85191
22 1.35032
23 4.25743
24 3.47505
25 3.08493
26 3.73673
27 3.95435
28 3.79565
29 3.02972
"[DEBUG]index 68 centroid... "
0 4.21573
1 4.23981
2 4.011
3 3.81012
4 4.05675
5 3.89192
6 3.37597
7 2.25255
8 33.4636
9 6.69174
10 4.00592
11 6.81955
12 38.388
13 4.8969
14 2.93194
15 3.45367
16 8.53471
17 7.48885
18 2.44567
19 8.0358
20 3.12025
21 3.20516
22 1.8088
23 3.65406
24 3.13518
25 3.06535
26 3.14847
27 3.19047
28 3.12339
29 2.90828
"[DEBUG]index 69 centroid... "
0 2.89522
1 3.20137
2 2.83872
3 2.39226
4 2.96902
5 2.97358
6 3.2123
7 2.73485
8 17.5257
9 3.53349
10 18.3781
11 5.03918
12 3.00364
13 5.94715
14 4.28747
15 18.0588
16 4.41777
17 4.67654
18 20.7786
19 5.29385
20 4.22369
21 19.651
22 5.04556
23 2.48975
24 3.36264
25 3.16857
26 2.9139
27 2.918
28 2.84282
29 2.82323
"[DEBUG]index 70 centroid... "
0 3.61013
1 3.24774
2 3.0915
3 3.02698
4 2.80642
5 3.50312
6 3.23958
7 2.37236
8 20.0943
9 23.882
10 7.11586
11 2.60036
12 2.66932
13 8.71311
14 1.77673
15 2.47071
16 1.30783
17 2.32877
18 7.06996
19 7.00242
20 2.11546
21 1.15321
22 2.63459
23 2.52748
24 2.39903
25 2.42058
26 2.45943
27 2.45822
28 2.38021
29 2.35394
"[DEBUG]index 71 centroid... "
0 3.97647
1 3.9531
2 3.57118
3 3.28535
4 4.06111
5 4.17316
6 3.79471
7 2.43058
8 39.8634
9 5.16679
10 2.94667
11 3.49831
12 4.05311
13 1.17828
14 3.31295
15 1.20889
16 3.16237
17 1.28863
18 3.6199
19 1.44471
20 2.91183
21 2.14643
22 14.2111
23 2.60523
24 3.47499
25 3.50728
26 3.73802
27 3.07119
28 3.24606
29 3.18376
"[DEBUG]index 72 centroid... "
0 4.83657
1 4.33547
2 4.3724
3 3.69187
4 4.33055
5 4.30356
6 3.80264
7 2.32932
8 33.7969
9 5.1644
10 14.3011
11 2.67429
12 15.5291
13 2.33327
14 10.9679
15 10.1233
16 3.05275
17 1.37916
18 2.98831
19 1.2887
20 3.02585
21 1.12774
22 2.93618
23 3.42013
24 3.19657
25 3.07587
26 3.09055
27 2.86716
28 3.0007
29 2.74708
"[DEBUG]index 73 centroid... "
0 3.08887
1 2.91578
2 3.17618
3 2.59313
4 2.88943
5 3.13433
6 3.06019
7 2.1953
8 18.2852
9 3.04314
10 19.8559
11 5.25988
12 2.90493
13 5.35236
14 19.9194
15 3.65719
16 2.47817
17 1.96978
18 2.69284
19 4.36089
20 17.0274
21 4.72565
22 2.54198
23 3.17412
24 3.26117
25 2.71713
26 2.79359
27 2.67502
28 2.84113
29 2.64273
"[DEBUG]index 74 centroid... "
0 3.26374
1 3.40334
2 3.37495
3 3.01946
4 3.0694
5 3.2837
6 2.59564
7 2.52472
8 18.2708
9 3.79223
10 9.25742
11 31.2238
12 10.1939
13 3.91332
14 3.0069
15 1.6657
16 1.38316
17 2.1102
18 5.11093
19 2.34555
20 1.39528
21 2.38505
22 4.77263
23 2.03042
24 2.12515
25 2.26548
26 2.27158
27 2.29445
28 2.20799
29 2.18091
"[DEBUG]index 75 centroid... "
0 4.47514
1 4.71133
2 4.13582
3 3.91114
4 4.50967
5 5.01657
6 4.03637
7 2.41114
8 24.232
9 7.52624
10 2.46363
11 1.64503
12 4.88122
13 1.38766
14 0.797422
15 1.30295
16 2.2035
17 13.657
18 3.00092
19 1.26796
20 3.5175
21 12.756
22 2.62615
23 3.6395
24 4.5442
25 4.60773
26 4.02118
27 4.34668
28 4.00046
29 4.54374
"[DEBUG]index 76 centroid... "
0 3.67925
1 3.28795
2 3.5614
3 3.2418
4 3.68307
5 3.66209
6 3.4569
7 2.56484
8 13.9897
9 5.22197
10 2.11327
11 5.41571
12 16.7571
13 3.88711
14 9.71587
15 27.4664
16 10.1922
17 5.01716
18 2.80015
19 2.93364
20 1.33181
21 0.839817
22 1.2971
23 2.64798
24 2.60031
25 2.44775
26 2.57056
27 2.74027
28 2.28757
29 2.40198
"[DEBUG]index 77 centroid... "
0 3.81483
1 3.88226
2 3.69312
3 3.41645
4 3.9539
5 4.66625
6 3.70994
7 2.98116
8 39.9187
9 6.06276
10 2.76258
11 14.661
12 3.55264
13 2.43911
14 11.4548
15 11.9936
16 2.73758
17 13.2881
18 2.81288
19 13.2289
20 10.51
21 2.51713
22 12.0702
23 3.9757
24 3.7815
25 4.01176
26 3.97251
27 3.79871
28 3.70028
29 3.55716
"[DEBUG]index 78 centroid... "
0 2.69271
1 2.78541
2 2.89619
3 2.79635
4 2.97864
5 3.15989
6 2.51193
7 2.02906
8 14.5024
9 5.12643
10 2.77499
11 5.57791
12 9.89
13 34.4669
14 8.24109
15 4.50497
16 2.50169
17 5.69474
18 1.89528
19 2.11086
20 2.11925
21 4.85511
22 2.15237
23 2.45858
24 2.43462
25 2.25886
26 2.05534
27 2.12993
28 2.14407
29 2.03368
"[DEBUG]index 79 centroid... "
0 4.65413
1 4.59111
2 4.14007
3 4.03128
4 4.36582
5 3.83046
6 3.835
7 2.47915
8 27.2661
9 6.28241
10 3.00771
11 3.40798
12 0.969175
13 3.29057
14 1.05712
15 0.638259
16 1.05485
17 2.65503
18 14.4003
19 2.23935
20 3.1854
21 3.10471
22 2.71124
23 3.77561
24 3.62466
25 4.0621
26 3.71985
27 3.85811
28 3.95286
29 3.94379
"[DEBUG]index 80 centroid... "
0 5.75589
1 5.41345
2 4.98033
3 4.63696
4 5.45641
5 5.55104
6 4.67494
7 2.90469
8 33.2022
9 7.15061
10 4.21391
11 1.70562
12 3.56413
13 15.2843
14 3.2472
15 3.14806
16 1.19787
17 4.27297
18 3.36747
19 1.1837
20 1.26982
21 2.89342
22 1.2129
23 3.96503
24 3.65112
25 3.57044
26 3.61118
27 3.72092
28 3.48742
29 3.54856
"[DEBUG]index 81 centroid... "
0 4.08192
1 4.15537
2 3.69279
3 3.85956
4 4.1543
5 4.20727
6 3.81614
7 2.70927
8 23.0154
9 6.6834
10 3.96812
11 3.45211
12 5.97613
13 25.6922
14 6.56483
15 3.31044
16 3.85002
17 6.42578
18 27.8161
19 6.33893
20 3.06237
21 3.92624
22 1.90376
23 3.88097
24 3.75932
25 3.31568
26 3.45411
27 3.80921
28 3.45519
29 3.20203
"[DEBUG]index 82 centroid... "
0 4.27852
1 3.72429
2 3.81438
3 3.20378
4 3.97809
5 4.17906
6 3.82338
7 2.50365
8 34.6574
9 4.70875
10 13.5812
11 3.02116
12 1.61453
13 2.70931
14 12.1742
15 10.7531
16 2.77149
17 3.14179
18 12.8266
19 11.1974
20 1.97996
21 3.10302
22 1.32384
23 3.79004
24 3.31054
25 3.45477
26 3.48548
27 3.58494
28 3.23806
29 3.09927
"[DEBUG]index 83 centroid... "
0 5.19354
1 5.11295
2 4.20288
3 4.08035
4 5.21697
5 5.19821
6 4.70155
7 2.85412
8 32.0271
9 6.30609
10 3.97271
11 1.67072
12 4.78488
13 1.703
14 1.38379
15 3.12994
16 17.2361
17 3.85549
18 1.7121
19 3.71403
20 14.8234
21 2.45206
22 1.46985
23 5.07157
24 4.91893
25 4.11569
26 4.46703
27 4.80388
28 4.67531
29 4.13228
"[DEBUG]index 84 centroid... "
0 6.89027
1 5.91992
2 5.91798
3 5.20948
4 5.42006
5 5.57606
6 5.00637
7 3.22195
8 24.8886
9 5.67276
10 14.8792
11 3.08035
12 1.6506
13 5.0435
14 1.28983
15 1.32391
16 4.63314
17 1.07897
18 3.71876
19 1.36381
20 0.708784
21 1.29316
22 1.42255
23 3.40205
24 3.32724
25 3.21557
26 3.4051
27 3.75173
28 3.39679
29 3.43198
"[DEBUG]index 85 centroid... "
0 2.16206
1 2.33847
2 2.07038
3 1.93354
4 1.76167
5 2.47077
6 2.4386
7 1.85304
8 9.38031
9 20.9304
10 7.98384
11 4.39994
12 2.16176
13 1.07084
14 1.89382
15 0.794744
16 1.73388
17 4.79837
18 2.17414
19 1.93158
20 3.70609
21 11.0832
22 3.5626
23 1.92071
24 2.24241
25 2.13427
26 1.8538
27 1.93475
28 2.08911
29 2.02975
"[DEBUG]index 86 centroid... "
0 5.49769
1 5.20653
2 4.74242
3 4.23211
4 5.67909
5 5.41219
6 4.74917
7 3.1077
8 46.1359
9 6.81079
10 2.91553
11 1.65502
12 1.45034
13 2.60087
14 1.15971
15 3.42531
16 1.09612
17 3.5079
18 1.12384
19 3.12516
20 2.58351
21 0.910248
22 2.76106
23 3.19927
24 2.95721
25 3.1758
26 3.34748
27 3.38904
28 3.40095
29 3.46836
"[DEBUG]index 87 centroid... "
0 3.85956
1 3.39973
2 3.79412
3 3.0799
4 3.39818
5 3.58825
6 2.929
7 1.84465
8 28.7616
9 5.71667
10 2.39194
11 11.6648
12 12.6383
13 10.4558
14 2.2998
15 1.17739
16 3.08858
17 3.07389
18 3.06944
19 1.18829
20 2.95259
21 10.3245
22 11.2882
23 2.96328
24 3.5789
25 3.8166
26 3.27487
27 3.09815
28 3.26441
29 3.16426
"[DEBUG]index 88 centroid... "
0 4.06061
1 4.15261
2 3.98243
3 3.3073
4 3.55881
5 3.816
6 3.93671
7 2.66671
8 30.2248
9 4.93911
10 33.5078
11 4.61822
12 3.0062
13 2.12705
14 3.8362
15 1.50301
16 3.39658
17 10.4416
18 2.75289
19 7.93037
20 3.31475
21 1.41706
22 3.32418
23 3.21012
24 2.86163
25 3.1338
26 3.1963
27 3.21872
28 3.19357
29 3.05363
"[DEBUG]index 89 centroid... "
0 3.73628
1 3.71482
2 3.27234
3 3.38911
4 3.12609
5 4.46675
6 4.07714
7 2.82696
8 21.2087
9 24.0243
10 5.78885
11 2.70699
12 1.68593
13 2.50306
14 7.69576
15 1.902
16 8.50336
17 2.51811
18 1.25469
19 2.65393
20 2.52412
21 0.89347
22 2.10151
23 2.4839
24 2.45942
25 2.33554
26 2.55372
27 2.49845
28 2.49975
29 2.21888
"[DEBUG]index 90 centroid... "
0 4.23258
1 4.1463
2 3.92725
3 3.22731
4 3.93203
5 3.83589
6 3.52667
7 2.24293
8 36.4099
9 4.61694
10 14.7118
11 2.44188
12 15.2078
13 2.52528
14 12.0845
15 2.17426
16 9.87261
17 11.0006
18 2.7714
19 1.45701
20 3.23517
21 10.3487
22 2.48875
23 3.8125
24 3.90725
25 3.89411
26 3.21009
27 3.39192
28 3.31887
29 3.25418
"[DEBUG]index 91 centroid... "
0 3.33864
1 3.46485
2 2.96018
3 2.95118
4 3.47334
5 3.85526
6 3.24758
7 2.42815
8 29.2978
9 5.1785
10 2.99117
11 1.57583
12 3.10561
13 11.09
14 2.24481
15 13.014
16 2.18092
17 14.3532
18 2.36911
19 12.4943
20 1.99965
21 9.89733
22 9.78809
23 3.20828
24 3.50537
25 4.07046
26 3.37535
27 3.50641
28 3.15062
29 3.42538
"[DEBUG]index 92 centroid... "
0 3.32571
1 3.41909
2 3.26106
3 3.04276
4 3.46471
5 3.8311
6 3.62475
7 2.79211
8 22.281
9 4.34304
10 2.80844
11 6.93851
12 2.74372
13 4.42695
14 27.1921
15 4.1679
16 25.7977
17 4.5067
18 7.92164
19 3.08499
20 3.02227
21 2.50085
22 6.66166
23 2.82832
24 3.47634
25 3.29527
26 3.25181
27 2.97419
28 2.87063
29 2.82917
"[DEBUG]index 93 centroid... "
0 3.41111
1 3.49494
2 3.5408
3 3.2803
4 3.31536
5 3.93297
6 3.15404
7 2.70255
8 23.1404
9 4.92294
10 4.71104
11 27.8087
12 7.71567
13 2.66844
14 5.90991
15 26.8504
16 4.38085
17 2.57055
18 7.64821
19 2.85873
20 7.38308
21 2.66184
22 7.59669
23 3.33328
24 3.22381
25 3.35205
26 3.19347
27 3.08118
28 3.00411
29 2.77936
"[DEBUG]index 94 centroid... "
0 4.55878
1 4.41354
2 4.55176
3 3.99436
4 4.19458
5 4.65044
6 3.48126
7 2.66018
8 37.6818
9 4.98675
10 13.587
11 12.4512
12 2.81794
13 10.6094
14 13.8373
15 2.20842
16 1.41003
17 3.36471
18 2.77123
19 1.22006
20 2.55827
21 2.67635
22 2.45864
23 3.04327
24 2.89151
25 2.89063
26 2.70132
27 2.72862
28 2.61567
29 2.60981
"[DEBUG]index 95 centroid... "
0 4.18445
1 4.03036
2 3.70247
3 3.47851
4 3.79771
5 4.02839
6 3.55718
7 2.60341
8 32.5664
9 5.027
10 15.1886
11 2.62252
12 1.69633
13 3.50191
14 1.28687
15 2.73954
16 13.8505
17 2.3287
18 11.6789
19 10.967
20 2.68903
21 1.47723
22 3.61627
23 3.64778
24 3.40841
25 3.71197
26 3.93801
27 3.73723
28 3.60387
29 3.51025
"[DEBUG]index 96 centroid... "
0 4.33272
1 4.28533
2 3.94206
3 3.67447
4 4.34054
5 4.57408
6 3.54253
7 2.35602
8 41.7179
9 6.18751
10 3.80588
11 3.83553
12 16.0965
13 8.4593
14 2.26061
15 13.3955
16 3.47972
17 1.52285
18 3.43327
19 14.2819
20 2.8
21 2.79496
22 13.1141
23 4.12123
24 3.91603
25 4.05983
26 4.11934
27 3.79192
28 3.7756
29 3.62083
"[DEBUG]index 97 centroid... "
0 3.73086
1 3.85126
2 3.72245
3 3.1889
4 3.66421
5 3.9205
6 2.92419
7 2.52875
8 32.8497
9 5.96848
10 2.98236
11 14.8967
12 2.80638
13 10.8536
14 2.84092
15 2.82808
16 1.68392
17 3.40592
18 2.78741
19 14.2161
20 2.43655
21 9.86809
22 12.1735
23 3.30324
24 3.45988
25 3.83635
26 3.45855
27 3.24655
28 3.46675
29 3.26006
"[DEBUG]index 98 centroid... "
0 3.76359
1 3.67024
2 3.41296
3 3.43026
4 3.50796
5 3.77814
6 3.31521
7 2.94124
8 21.0338
9 5.50851
10 2.28913
11 7.62768
12 8.0777
13 1.92449
14 5.47996
15 26.9544
16 3.88578
17 19.31
18 19.2111
19 5.31301
20 6.78336
21 3.2883
22 1.57057
23 3.33882
24 3.32235
25 3.10049
26 3.32098
27 3.34953
28 2.94152
29 2.79407
"[DEBUG]index 99 centroid... "
0 3.561
1 3.49721
2 3.22866
3 3.0378
4 3.18809
5 3.37252
6 3.08018
7 2.21109
8 27.0798
9 6.02162
10 3.43605
11 3.25415
12 10.035
13 2.48196
14 1.49003
15 3.70763
16 3.13995
17 5.79072
18 30.9663
19 5.80132
20 2.90592
21 9.29483
22 3.20409
23 3.09995
24 3.28263
25 3.41468
26 3.27627
27 3.54972
28 3.33845
29 3.20075
