"[DEBUG]index 0 centroid... "
0 0.245459
1 0.201593
2 0.242083
3 0.1232
4 0.312407
5 0.274435
6 0.271321
7 0.255197
8 0.305903
9 0.269821
10 0.213528
11 0.225842
12 0.131159
13 0.239403
14 0.143941
15 0.0956483
16 0.230941
17 0.240948
18 0.198996
19 0.121928
20 0.289259
21 0.211297
22 0.373679
23 0.229945
24 0.257948
25 0.304762
26 0.314038
27 0.326331
28 0.202941
29 0.368121
"[DEBUG]index 1 centroid... "
0 0.163905
1 0.185345
2 0.250784
3 0.172319
4 0.222888
5 0.124897
6 0.131862
7 0.0436293
8 0.209879
9 0.209897
10 0.412431
11 0.129414
12 0.234836
13 0.185224
14 0.327371
15 0.407009
16 0.466224
17 0.323388
18 0.622638
19 0.381155
20 0.442586
21 0.325319
22 0.368543
23 0.30494
24 0.244388
25 0.262509
26 0.165086
27 0.289
28 0.172388
29 0.135328
"[DEBUG]index 2 centroid... "
0 0.199067
1 0.100546
2 0.204392
3 0.0972799
4 0.235465
5 0.204916
6 0.160093
7 0.197557
8 0.102932
9 0.232733
10 0.149031
11 0.216866
12 0.204975
13 0.153305
14 0.191661
15 0.106061
16 0.144233
17 0.196995
18 0.0694418
19 0.211731
20 0.167647
21 0.108403
22 0.16912
23 0.135306
24 0.185804
25 0.24538
26 0.213442
27 0.252311
28 0.255992
29 0.210366
"[DEBUG]index 3 centroid... "
0 0.457191
1 0.597841
2 0.13473
3 0.401032
4 0.320778
5 0.176492
6 0.229635
7 0.25073
8 -0.108349
9 0.169571
10 0.190619
11 0.101175
12 0.213079
13 0.182556
14 0.233952
15 0.10346
16 0.00977779
17 0.290048
18 -0.152222
19 0.149698
20 0.0494445
21 0.187921
22 0.340349
23 -0.0265556
24 0.278889
25 0.336175
26 0.119476
27 0.206444
28 0.399984
29 0.469905
"[DEBUG]index 4 centroid... "
0 0.167751
1 0.176334
2 0.196703
3 0.155078
4 0.198502
5 0.117585
6 0.179618
7 0.236483
8 0.10817
9 0.188584
10 0.220554
11 0.196429
12 0.209844
13 0.227406
14 0.238514
15 0.153993
16 0.205466
17 0.204527
18 0.109777
19 0.172575
20 0.2184
21 0.0663186
22 0.189463
23 0.159623
24 0.138079
25 0.211879
26 0.210308
27 0.186361
28 0.214519
29 0.209654
"[DEBUG]index 5 centroid... "
0 0.197907
1 0.217002
2 0.222317
3 0.235863
4 0.254574
5 0.216031
6 0.202319
7 0.279202
8 0.203521
9 0.222915
10 0.279667
11 0.223269
12 0.150665
13 0.290049
14 0.201413
15 0.253007
16 0.255291
17 0.164144
18 0.248565
19 0.113193
20 0.219229
21 0.199523
22 0.198887
23 0.246566
24 0.201707
25 0.23579
26 0.269432
27 0.222466
28 0.244467
29 0.254589
"[DEBUG]index 6 centroid... "
0 0.200133
1 0.154933
2 0.213549
3 0.161925
4 0.230932
5 0.14674
6 0.192689
7 0.209101
8 0.0667829
9 0.222545
10 0.179362
11 0.075357
12 0.227947
13 0.169537
14 0.233616
15 0.216414
16 0.189762
17 0.233311
18 0.163083
19 0.213391
20 0.181307
21 0.169616
22 0.239949
23 0.222276
24 0.226858
25 0.210859
26 0.255337
27 0.222134
28 0.196269
29 0.207695
"[DEBUG]index 7 centroid... "
0 0.153639
1 0.299593
2 0.212758
3 0.0881185
4 0.0694794
5 0.149789
6 0.171237
7 0.201196
8 0.134608
9 0.264758
10 0.205356
11 -0.0190722
12 0.0595824
13 0.184149
14 0.215211
15 0.0708814
16 0.151577
17 0.154928
18 0.248041
19 0.172753
20 0.340922
21 0.307247
22 0.223005
23 0.217954
24 0.356268
25 0.352299
26 0.245129
27 0.357381
28 0.368711
29 0.25517
"[DEBUG]index 8 centroid... "
0 0.218473
1 0.206547
2 0.232118
3 0.191199
4 0.228905
5 0.134897
6 0.172863
7 0.261865
8 0.0842217
9 0.246064
10 0.191971
11 0.19958
12 0.234966
13 0.164878
14 0.206749
15 0.139769
16 0.244016
17 0.109507
18 0.20624
19 0.256939
20 0.103743
21 0.232772
22 0.241956
23 0.170759
24 0.216304
25 0.224503
26 0.217914
27 0.240604
28 0.246134
29 0.241001
"[DEBUG]index 9 centroid... "
0 0.197127
1 0.219023
2 0.217243
3 0.157365
4 0.219573
5 0.134241
6 0.153729
7 0.242953
8 0.0531159
9 0.178389
10 0.175333
11 0.116237
12 0.224407
13 0.206807
14 0.193453
15 0.142932
16 0.225024
17 0.29463
18 0.219926
19 0.176907
20 0.254039
21 0.28169
22 0.174293
23 0.239207
24 0.220756
25 0.241394
26 0.231208
27 0.21659
28 0.225892
29 0.256846
"[DEBUG]index 10 centroid... "
0 0.255294
1 0.157728
2 0.2302
3 0.138926
4 0.235422
5 0.130618
6 0.203291
7 0.196374
8 0.110265
9 0.237793
10 0.210919
11 0.182241
12 0.2278
13 0.157065
14 0.171854
15 0.216489
16 0.211283
17 0.16745
18 0.203422
19 0.170741
20 0.162884
21 0.244641
22 0.0600568
23 0.250442
24 0.24047
25 0.160633
26 0.178143
27 0.0953157
28 0.139046
29 0.236523
"[DEBUG]index 11 centroid... "
0 0.19495
1 0.24935
2 0.235923
3 0.217522
4 0.262394
5 0.158832
6 0.209494
7 0.195761
8 0.110421
9 0.210744
10 0.148491
11 0.180408
12 0.21212
13 0.1637
14 0.241239
15 0.19984
16 0.190352
17 0.170555
18 0.203581
19 0.16235
20 0.15088
21 0.162992
22 0.134363
23 0.164556
24 0.206344
25 0.210444
26 0.206627
27 0.165113
28 0.144706
29 0.168804
"[DEBUG]index 12 centroid... "
0 0.19426
1 0.19554
2 0.187615
3 0.159482
4 0.224937
5 0.141708
6 0.130164
7 0.226809
8 0.0923605
9 0.163042
10 0.183531
11 0.128583
12 0.223644
13 0.129818
14 0.145871
15 0.196803
16 0.0470136
17 0.16145
18 0.197789
19 0.0943512
20 0.232484
21 0.200975
22 0.138929
23 0.217342
24 0.199522
25 0.175788
26 0.214895
27 0.199729
28 0.200329
29 0.20099
"[DEBUG]index 13 centroid... "
0 0.226376
1 0.249205
2 0.203576
3 0.227082
4 0.269068
5 0.177746
6 0.265484
7 0.151617
8 0.221322
9 0.266117
10 0.186802
11 0.218332
12 0.198348
13 0.191019
14 0.241119
15 0.177201
16 0.264304
17 0.11176
18 0.226006
19 0.255391
20 0.17985
21 0.222083
22 0.286537
23 0.31434
24 0.257396
25 0.214086
26 0.267976
27 0.259672
28 0.293127
29 0.288
"[DEBUG]index 14 centroid... "
0 0.114726
1 0.157708
2 0.182498
3 0.12522
4 0.214752
5 0.0562678
6 0.119772
7 0.194065
8 0.0476389
9 0.116952
10 0.176575
11 0.095
12 0.196625
13 0.0576151
14 0.230804
15 0.268335
16 0.127696
17 0.176014
18 0.171044
19 0.111196
20 0.245665
21 0.186204
22 0.103083
23 0.232921
24 0.0854603
25 0.135718
26 0.149559
27 0.159444
28 0.0792381
29 0.190379
"[DEBUG]index 15 centroid... "
0 0.203181
1 0.202041
2 0.201522
3 0.193408
4 0.210767
5 0.201211
6 0.129606
7 0.209166
8 0.155237
9 0.0906176
10 0.19399
11 0.137455
12 0.176975
13 0.198883
14 0.102941
15 0.216672
16 0.171059
17 0.139429
18 0.188279
19 0.136921
20 0.200115
21 0.17274
22 0.188477
23 0.242092
24 0.204269
25 0.184624
26 0.175942
27 0.203769
28 0.177543
29 0.222097
"[DEBUG]index 16 centroid... "
0 0.166679
1 0.180221
2 0.184502
3 0.133932
4 0.188221
5 0.133964
6 0.12813
7 0.21755
8 0.0783782
9 0.160294
10 0.197355
11 0.127385
12 0.243201
13 0.160981
14 0.177196
15 0.216411
16 0.0995443
17 0.210767
18 0.199606
19 0.104136
20 0.22895
21 0.150304
22 0.17884
23 0.1945
24 0.156715
25 0.186687
26 0.191754
27 0.18045
28 0.162826
29 0.197926
"[DEBUG]index 17 centroid... "
0 0.134267
1 0.201707
2 0.233224
3 0.191929
4 0.247849
5 0.165237
6 0.189847
7 0.308091
8 0.0634459
9 0.258161
10 0.277871
11 0.0957265
12 0.202722
13 0.208079
14 0.22286
15 0.158989
16 0.257235
17 0.259693
18 0.0839362
19 0.223329
20 0.244589
21 0.138622
22 0.196304
23 0.249359
24 0.168824
25 0.228709
26 0.204684
27 0.195408
28 0.169748
29 0.18714
"[DEBUG]index 18 centroid... "
0 0.270996
1 0.215459
2 0.216565
3 0.243699
4 0.264471
5 0.185389
6 0.200286
7 0.283764
8 0.147348
9 0.276623
10 0.307755
11 0.114898
12 0.256743
13 0.260704
14 0.0891062
15 0.251593
16 0.249192
17 0.162312
18 0.254524
19 0.255798
20 0.228663
21 0.198221
22 0.248005
23 0.246491
24 0.246486
25 0.232951
26 0.241771
27 0.245665
28 0.249036
29 0.238694
"[DEBUG]index 19 centroid... "
0 0.205779
1 0.218723
2 0.260971
3 0.22065
4 0.19188
5 0.229688
6 0.185094
7 0.267243
8 0.112369
9 0.217103
10 0.304637
11 0.265549
12 0.27436
13 0.264039
14 0.200072
15 0.198384
16 0.249902
17 0.243249
18 0.224563
19 0.0755169
20 0.15665
21 0.22933
22 0.131959
23 0.242849
24 0.200807
25 0.19723
26 0.222342
27 0.210238
28 0.214027
29 0.231857
"[DEBUG]index 20 centroid... "
0 0.243455
1 0.207861
2 0.239252
3 0.187113
4 0.355501
5 0.133797
6 0.109217
7 0.368209
8 0.136212
9 0.179559
10 0.363293
11 0.150925
12 0.0425304
13 0.28653
14 0.0499913
15 0.235704
16 0.30009
17 0.0250058
18 0.246661
19 0.218316
20 0.0872406
21 0.200899
22 0.245275
23 0.285701
24 0.229925
25 0.264803
26 0.19771
27 0.214533
28 0.303397
29 0.245974
"[DEBUG]index 21 centroid... "
0 0.197843
1 0.203433
2 0.21801
3 0.177131
4 0.238647
5 0.175871
6 0.153169
7 0.272845
8 0.0933444
9 0.217571
10 0.2132
11 0.0898237
12 0.255177
13 0.201536
14 0.165952
15 0.245626
16 0.212359
17 0.173545
18 0.245189
19 0.219507
20 0.173363
21 0.253527
22 0.209924
23 0.203534
24 0.233676
25 0.202722
26 0.213517
27 0.215726
28 0.175209
29 0.193788
"[DEBUG]index 22 centroid... "
0 0.207219
1 0.162352
2 0.176463
3 0.16469
4 0.223885
5 0.133972
6 0.163088
7 0.278264
8 0.105234
9 0.192892
10 0.235808
11 0.123869
12 0.158366
13 0.199884
14 0.17941
15 0.0982824
16 0.236153
17 0.195579
18 0.15703
19 0.257805
20 0.228138
21 0.157769
22 0.207854
23 0.219103
24 0.217726
25 0.287466
26 0.24495
27 0.227675
28 0.230508
29 0.257268
"[DEBUG]index 23 centroid... "
0 0.188324
1 0.214575
2 0.218373
3 0.188426
4 0.230078
5 0.162127
6 0.202995
7 0.256584
8 0.176193
9 0.182876
10 0.255117
11 0.155457
12 0.185882
13 0.224374
14 0.149642
15 0.208232
16 0.184885
17 0.192431
18 0.224991
19 0.184275
20 0.250248
21 0.23353
22 0.236788
23 0.260145
24 0.253243
25 0.274781
26 0.263479
27 0.260832
28 0.250872
29 0.211007
"[DEBUG]index 24 centroid... "
0 0.190152
1 0.226429
2 0.21249
3 0.173
4 0.256001
5 0.180756
6 0.176664
7 0.285686
8 0.0527375
9 0.22972
10 0.21281
11 0.134139
12 0.237785
13 0.146469
14 0.259358
15 0.130325
16 0.235795
17 0.255209
18 0.146331
19 0.274942
20 0.259434
21 0.190464
22 0.227373
23 0.240283
24 0.231107
25 0.225743
26 0.236791
27 0.248939
28 0.242175
29 0.227161
"[DEBUG]index 25 centroid... "
0 0.186471
1 0.169996
2 0.189914
3 0.160638
4 0.244165
5 0.139249
6 0.153808
7 0.216583
8 0.0955209
9 0.197195
10 0.145453
11 0.153435
12 0.206857
13 0.18402
14 0.176272
15 0.191002
16 0.263008
17 0.197533
18 0.22213
19 0.30108
20 0.2133
21 0.234787
22 0.265385
23 0.209995
24 0.2324
25 0.229799
26 0.202241
27 0.197495
28 0.191956
29 0.189344
"[DEBUG]index 26 centroid... "
0 0.134426
1 0.193681
2 0.26922
3 0.164416
4 0.17999
5 0.121392
6 0.237694
7 0.295258
8 0.042811
9 0.15232
10 0.16757
11 0.151869
12 0.264832
13 0.00594846
14 0.201976
15 0.184828
16 0.132203
17 0.133299
18 0.11043
19 0.0565361
20 0.111828
21 0.328488
22 0.050378
23 0.135495
24 0.355392
25 0.232711
26 0.154124
27 0.234763
28 0.167649
29 0.109172
"[DEBUG]index 27 centroid... "
0 0.194843
1 0.183883
2 0.226607
3 0.190104
4 0.184805
5 0.16519
6 0.223357
7 0.244046
8 0.0894622
9 0.239339
10 0.167206
11 0.0999968
12 0.234428
13 0.0871328
14 0.162102
15 0.180351
16 0.118242
17 0.140043
18 0.124218
19 0.133184
20 0.163383
21 0.201829
22 0.215934
23 0.222181
24 0.238637
25 0.217306
26 0.239591
27 0.22338
28 0.313476
29 0.253548
"[DEBUG]index 28 centroid... "
0 0.228327
1 0.204784
2 0.174434
3 0.195385
4 0.238065
5 0.179322
6 0.200322
7 0.277667
8 0.0527758
9 0.267303
10 0.155989
11 0.123998
12 0.244308
13 0.0463727
14 0.239201
15 0.185602
16 0.127454
17 0.264997
18 0.192518
19 0.209494
20 0.206436
21 0.226447
22 0.18114
23 0.207925
24 0.260759
25 0.225474
26 0.240552
27 0.208188
28 0.240999
29 0.186298
"[DEBUG]index 29 centroid... "
0 0.224151
1 0.204039
2 0.220211
3 0.23646
4 0.230296
5 0.141778
6 0.20601
7 0.242581
8 0.113112
9 0.246057
10 0.183171
11 0.173452
12 0.252909
13 0.143957
14 0.202233
15 0.231052
16 0.142389
17 0.189385
18 0.237648
19 0.195303
20 0.223224
21 0.242858
22 0.257145
23 0.220501
24 0.244603
25 0.236415
26 0.259403
27 0.215993
28 0.204114
29 0.236554
"[DEBUG]index 30 centroid... "
0 0.213218
1 0.268422
2 0.21976
3 0.201054
4 0.273402
5 0.223292
6 0.183766
7 0.256521
8 0.148931
9 0.20856
10 0.217284
11 0.22741
12 0.230224
13 0.258567
14 0.18207
15 0.267232
16 0.23957
17 0.108602
18 0.315408
19 0.180875
20 0.138748
21 0.278777
22 0.106369
23 0.23104
24 0.239246
25 0.160277
26 0.237315
27 0.208727
28 0.207964
29 0.263036
"[DEBUG]index 31 centroid... "
0 0.206864
1 0.209894
2 0.222474
3 0.195112
4 0.25915
5 0.220419
6 0.179549
7 0.27593
8 0.187262
9 0.199704
10 0.240959
11 0.244818
12 0.180811
13 0.240502
14 0.262505
15 0.197456
16 0.224557
17 0.24928
18 0.197097
19 0.255515
20 0.250122
21 0.233554
22 0.276115
23 0.236686
24 0.252936
25 0.260675
26 0.237139
27 0.244218
28 0.228274
29 0.222229
"[DEBUG]index 32 centroid... "
0 0.209164
1 0.157395
2 0.180232
3 0.188279
4 0.251845
5 0.130167
6 0.0897669
7 0.221844
8 0.0881316
9 0.211061
10 0.119189
11 0.124671
12 0.163768
13 0.0725313
14 0.169258
15 0.121243
16 0.10356
17 0.206938
18 0.0843679
19 0.180912
20 0.174283
21 0.159345
22 0.231435
23 0.0806214
24 0.202759
25 0.179986
26 0.14244
27 0.195019
28 0.170361
29 0.215271
"[DEBUG]index 33 centroid... "
0 0.211375
1 0.212331
2 0.202435
3 0.170545
4 0.243284
5 0.159189
6 0.21558
7 0.198522
8 0.0929625
9 0.221509
10 0.168649
11 0.16949
12 0.230505
13 0.151623
14 0.219032
15 0.233232
16 0.200613
17 0.250697
18 0.202124
19 0.152268
20 0.214053
21 0.133168
22 0.226441
23 0.21152
24 0.176747
25 0.216157
26 0.202298
27 0.186147
28 0.205312
29 0.203485
"[DEBUG]index 34 centroid... "
0 0.170527
1 0.158084
2 0.201414
3 0.161702
4 0.21465
5 0.112726
6 0.164139
7 0.270517
8 0.125397
9 0.19985
10 0.207875
11 0.170199
12 0.215094
13 0.213683
14 0.0959484
15 0.254439
16 0.209638
17 0.101495
18 0.237786
19 0.197987
20 0.158116
21 0.264866
22 0.142734
23 0.228188
24 0.207587
25 0.185308
26 0.224507
27 0.156177
28 0.173626
29 0.225138
"[DEBUG]index 35 centroid... "
0 0.213669
1 0.270458
2 0.236974
3 0.22618
4 0.236488
5 0.171388
6 0.17256
7 0.23489
8 0.172991
9 0.187462
10 0.238827
11 0.253607
12 0.144246
13 0.259203
14 0.230423
15 0.168277
16 0.249623
17 0.170193
18 0.217552
19 0.178374
20 0.198626
21 0.14078
22 0.227171
23 0.283098
24 0.187257
25 0.22717
26 0.224861
27 0.155024
28 0.218554
29 0.242108
"[DEBUG]index 36 centroid... "
0 0.21033
1 0.204793
2 0.210312
3 0.168312
4 0.236956
5 0.232011
6 0.136639
7 0.204734
8 0.196527
9 0.0759412
10 0.21068
11 0.175701
12 0.157072
13 0.217838
14 0.223364
15 0.197793
16 0.207593
17 0.212321
18 0.242032
19 0.181714
20 0.24189
21 0.272731
22 0.190706
23 0.229804
24 0.238744
25 0.211129
26 0.228218
27 0.212641
28 0.192332
29 0.199651
"[DEBUG]index 37 centroid... "
0 0.203895
1 0.198767
2 0.204347
3 0.188857
4 0.23597
5 0.166907
6 0.191226
7 0.256407
8 0.112808
9 0.176231
10 0.224388
11 0.136719
12 0.210958
13 0.227812
14 0.102801
15 0.227684
16 0.203122
17 0.0876498
18 0.216037
19 0.18284
20 0.165104
21 0.204785
22 0.211071
23 0.218755
24 0.207061
25 0.216115
26 0.235301
27 0.230513
28 0.242517
29 0.25921
"[DEBUG]index 38 centroid... "
0 0.175174
1 0.201891
2 0.215542
3 0.167995
4 0.235856
5 0.159477
6 0.146526
7 0.253646
8 0.125688
9 0.198254
10 0.165604
11 0.20272
12 0.180756
13 0.194536
14 0.23811
15 0.0618928
16 0.21623
17 0.216287
18 0.10243
19 0.188683
20 0.206294
21 0.195995
22 0.140948
23 0.227261
24 0.17038
25 0.142722
26 0.203026
27 0.171017
28 0.156342
29 0.184361
"[DEBUG]index 39 centroid... "
0 0.195361
1 0.195956
2 0.177395
3 0.161369
4 0.21259
5 0.120741
6 0.140314
7 0.249379
8 0.0769747
9 0.191597
10 0.182821
11 0.120287
12 0.245488
13 0.108647
14 0.18307
15 0.204928
16 0.0681757
17 0.210369
18 0.172474
19 0.0856231
20 0.232889
21 0.204211
22 0.178371
23 0.229061
24 0.214343
25 0.190136
26 0.213362
27 0.227132
28 0.204751
29 0.227032
"[DEBUG]index 40 centroid... "
0 0.288667
1 0.20686
2 0.248412
3 0.259907
4 0.20698
5 0.20604
6 0.199326
7 0.344595
8 0.0714586
9 0.250082
10 0.26947
11 0.0396762
12 0.328192
13 0.328106
14 0.0900492
15 0.241143
16 0.269522
17 0.260539
18 0.362821
19 0.345415
20 0.359865
21 0.358176
22 0.364435
23 0.318604
24 0.268878
25 0.30375
26 0.291505
27 0.298472
28 0.206389
29 0.23701
"[DEBUG]index 41 centroid... "
0 0.214697
1 0.199655
2 0.200903
3 0.220039
4 0.226401
5 0.22625
6 0.18199
7 0.24171
8 0.161636
9 0.135992
10 0.234429
11 0.0992505
12 0.171448
13 0.210389
14 0.153384
15 0.195051
16 0.213896
17 0.203726
18 0.217424
19 0.231875
20 0.198053
21 0.234504
22 0.260566
23 0.243952
24 0.248231
25 0.272511
26 0.268868
27 0.247534
28 0.230121
29 0.230478
"[DEBUG]index 42 centroid... "
0 0.198189
1 0.198933
2 0.178863
3 0.170052
4 0.223409
5 0.204334
6 0.126963
7 0.239226
8 0.14835
9 0.0323761
10 0.226285
11 0.140152
12 0.126081
13 0.231104
14 0.143598
15 0.135287
16 0.238355
17 0.0905787
18 0.16876
19 0.217175
20 0.107372
21 0.191845
22 0.241545
23 0.188889
24 0.207159
25 0.189586
26 0.20913
27 0.211264
28 0.214276
29 0.207194
"[DEBUG]index 43 centroid... "
0 0.177146
1 0.202711
2 0.224511
3 0.169946
4 0.207905
5 0.172256
6 0.154537
7 0.288505
8 0.118288
9 0.24313
10 0.227837
11 0.106132
12 0.283431
13 0.236629
14 0.120169
15 0.295221
16 0.189222
17 0.165127
18 0.256022
19 0.139299
20 0.263895
21 0.235611
22 0.0832702
23 0.183716
24 0.18696
25 0.105544
26 0.247183
27 0.171259
28 0.208192
29 0.192973
"[DEBUG]index 44 centroid... "
0 0.15681
1 0.178446
2 0.191787
3 0.164991
4 0.229012
5 0.121866
6 0.131367
7 0.159234
8 0.102064
9 0.221619
10 0.137426
11 0.161224
12 0.201271
13 0.144717
14 0.181783
15 0.161899
16 0.12186
17 0.118507
18 0.198842
19 0.135773
20 0.22332
21 0.162272
22 0.15855
23 0.223781
24 0.137155
25 0.196047
26 0.1701
27 0.165938
28 0.194131
29 0.180979
"[DEBUG]index 45 centroid... "
0 0.202061
1 0.186367
2 0.165372
3 0.143357
4 0.215009
5 0.141109
6 0.149865
7 0.210252
8 0.0701663
9 0.226584
10 0.099176
11 0.179265
12 0.199025
13 0.0723937
14 0.215476
15 0.110091
16 0.185028
17 0.140933
18 0.189168
19 0.17082
20 0.106058
21 0.230618
22 0.103892
23 0.179311
24 0.189601
25 0.122771
26 0.198224
27 0.137816
28 0.186389
29 0.192929
"[DEBUG]index 46 centroid... "
0 0.209064
1 0.196035
2 0.209694
3 0.168135
4 0.24857
5 0.171924
6 0.186711
7 0.292657
8 0.177338
9 0.175072
10 0.256156
11 0.179731
12 0.222956
13 0.258177
14 0.183331
15 0.219765
16 0.236201
17 0.221826
18 0.148214
19 0.241502
20 0.263306
21 0.122876
22 0.24837
23 0.203911
24 0.168325
25 0.232367
26 0.202401
27 0.215622
28 0.222972
29 0.201586
"[DEBUG]index 47 centroid... "
0 0.187167
1 0.177212
2 0.205526
3 0.169944
4 0.236238
5 0.138
6 0.144371
7 0.257569
8 0.0524476
9 0.204414
10 0.23557
11 0.0741826
12 0.270419
13 0.17808
14 0.182688
15 0.170341
16 0.15627
17 0.20993
18 0.116966
19 0.195968
20 0.159781
21 0.174389
22 0.213566
23 0.159929
24 0.21324
25 0.18954
26 0.190767
27 0.188746
28 0.191253
29 0.213199
"[DEBUG]index 48 centroid... "
0 0.185058
1 0.18219
2 0.193231
3 0.162779
4 0.239633
5 0.154748
6 0.12653
7 0.212732
8 0.0661204
9 0.188193
10 0.155339
11 0.142435
12 0.246929
13 0.1006
14 0.19928
15 0.20453
16 0.105315
17 0.222329
18 0.162509
19 0.163936
20 0.21894
21 0.161883
22 0.20945
23 0.189818
24 0.177704
25 0.199149
26 0.183878
27 0.191252
28 0.186337
29 0.191663
"[DEBUG]index 49 centroid... "
0 0.190639
1 0.209795
2 0.215456
3 0.147411
4 0.247109
5 0.166864
6 0.17252
7 0.198972
8 0.142477
9 0.196449
10 0.167993
11 0.141486
12 0.189291
13 0.208626
14 0.152723
15 0.2015
16 0.178269
17 0.108777
18 0.225104
19 0.165923
20 0.168623
21 0.204717
22 0.287047
23 0.194783
24 0.206247
25 0.25418
26 0.189105
27 0.276085
28 0.211948
29 0.157743
"[DEBUG]index 50 centroid... "
0 0.239704
1 0.253532
2 0.248979
3 0.207069
4 0.277338
5 0.233895
6 0.199044
7 0.323615
8 0.141472
9 0.23124
10 0.303406
11 0.15514
12 0.245057
13 0.335899
14 0.114895
15 0.276233
16 0.292494
17 0.155146
18 0.289718
19 0.191793
20 0.258704
21 0.30661
22 0.173382
23 0.280598
24 0.244201
25 0.229764
26 0.271404
27 0.220569
28 0.241282
29 0.260312
"[DEBUG]index 51 centroid... "
0 0.152762
1 0.203417
2 0.20341
3 0.198424
4 0.255903
5 0.16065
6 0.196842
7 0.24278
8 0.0735819
9 0.187233
10 0.163716
11 0.102192
12 0.236882
13 0.15738
14 0.179773
15 0.171416
16 0.186809
17 0.181993
18 0.199754
19 0.200096
20 0.141699
21 0.194935
22 0.160129
23 0.189612
24 0.229362
25 0.169543
26 0.167197
27 0.164163
28 0.176454
29 0.192474
"[DEBUG]index 52 centroid... "
0 0.194763
1 0.171307
2 0.174789
3 0.181868
4 0.228906
5 0.162047
6 0.177263
7 0.277744
8 0.0269931
9 0.204541
10 0.241393
11 0.0239474
12 0.25921
13 0.1901
14 0.136354
15 0.227988
16 0.101429
17 0.239557
18 0.210899
19 0.135216
20 0.272636
21 0.223022
22 0.233004
23 0.235359
24 0.182216
25 0.223768
26 0.226809
27 0.223754
28 0.19846
29 0.217573
"[DEBUG]index 53 centroid... "
0 0.239854
1 0.347089
2 0.175328
3 0.151664
4 0.15066
5 0.208814
6 0.231235
7 0.228976
8 0.209798
9 0.260846
10 0.283737
11 0.323721
12 0.226785
13 0.314883
14 0.281939
15 0.32968
16 0.251008
17 0.248077
18 0.236344
19 0.325389
20 0.134126
21 0.230733
22 0.305263
23 0.153024
24 0.257445
25 0.259931
26 0.203312
27 0.158028
28 0.16083
29 0.139113
"[DEBUG]index 54 centroid... "
0 0.376956
1 0.224345
2 0.340028
3 0.347867
4 0.326861
5 0.193939
6 0.249222
7 0.254561
8 0.108756
9 0.193772
10 0.230517
11 -0.00339443
12 0.177961
13 0.261244
14 0.0402056
15 0.178
16 0.193961
17 0.132433
18 0.211472
19 0.337322
20 0.14095
21 0.253978
22 0.273845
23 0.298089
24 0.170044
25 0.320906
26 0.350317
27 0.211628
28 0.244544
29 0.153922
"[DEBUG]index 55 centroid... "
0 0.389047
1 0.353753
2 0.356035
3 0.389697
4 0.403235
5 0.365485
6 0.262621
7 0.421271
8 0.281709
9 0.32855
10 0.374956
11 0.29455
12 0.383503
13 0.279812
14 0.379853
15 0.293741
16 0.313238
17 0.374206
18 0.275212
19 0.313056
20 0.346968
21 0.241032
22 0.353747
23 0.352609
24 0.346576
25 0.307288
26 0.266079
27 0.310318
28 0.287885
29 0.278488
"[DEBUG]index 56 centroid... "
0 0.212164
1 0.179409
2 0.190411
3 0.19327
4 0.238863
5 0.137949
6 0.179217
7 0.270577
8 0.0255882
9 0.233813
10 0.211915
11 0.0794745
12 0.270398
13 0.101154
14 0.168389
15 0.272661
16 0.0967239
17 0.116368
18 0.271913
19 0.176459
20 0.165567
21 0.251646
22 0.186919
23 0.199041
24 0.273884
25 0.21244
26 0.249904
27 0.254088
28 0.243539
29 0.246311
"[DEBUG]index 57 centroid... "
0 0.204668
1 0.149929
2 0.1603
3 0.155567
4 0.179016
5 0.218224
6 0.126054
7 0.200718
8 0.148872
9 0.0745995
10 0.191463
11 0.0940224
12 0.166786
13 0.119569
14 0.153809
15 0.164804
16 0.106494
17 0.188338
18 0.143945
19 0.113076
20 0.180211
21 0.163181
22 0.169618
23 0.215311
24 0.157477
25 0.183981
26 0.211507
27 0.169752
28 0.195146
29 0.199363
"[DEBUG]index 58 centroid... "
0 0.198313
1 0.199552
2 0.238537
3 0.157167
4 0.211221
5 0.114684
6 0.160437
7 0.217658
8 0.05606
9 0.184263
10 0.108747
11 0.168148
12 0.249639
13 0.0599045
14 0.280601
15 0.063388
16 0.1708
17 0.28673
18 0.0565298
19 0.203207
20 0.201174
21 0.198652
22 0.195383
23 0.213293
24 0.176104
25 0.150905
26 0.200666
27 0.209722
28 0.194682
29 0.154916
"[DEBUG]index 59 centroid... "
0 0.199507
1 0.187847
2 0.19631
3 0.185725
4 0.233889
5 0.188533
6 0.159124
7 0.262842
8 0.146984
9 0.173653
10 0.2144
11 0.15485
12 0.192999
13 0.218369
14 0.161998
15 0.199991
16 0.200451
17 0.151606
18 0.180843
19 0.223991
20 0.135389
21 0.237861
22 0.211381
23 0.170889
24 0.256983
25 0.1838
26 0.23718
27 0.187987
28 0.21002
29 0.238881
"[DEBUG]index 60 centroid... "
0 0.196583
1 0.176391
2 0.183521
3 0.188461
4 0.23146
5 0.1765
6 0.213226
7 0.132141
8 0.092995
9 0.269154
10 0.0499093
11 0.226635
12 0.226802
13 0.121523
14 0.191984
15 0.0751558
16 0.198721
17 0.174096
18 0.229202
19 0.194612
20 0.208381
21 0.241418
22 0.201471
23 0.253314
24 0.267931
25 0.231521
26 0.2773
27 0.239898
28 0.273487
29 0.203122
"[DEBUG]index 61 centroid... "
0 0.234055
1 0.22078
2 0.207536
3 0.154988
4 0.264536
5 0.168941
6 0.167907
7 0.265821
8 0.112051
9 0.226906
10 0.176458
11 0.174865
12 0.225625
13 0.157271
14 0.227428
15 0.220968
16 0.117524
17 0.267185
18 0.179188
19 0.0613472
20 0.277006
21 0.117521
22 0.234568
23 0.268467
24 0.195881
25 0.28594
26 0.24141
27 0.196593
28 0.231218
29 0.231912
"[DEBUG]index 62 centroid... "
0 0.162276
1 0.178909
2 0.206464
3 0.147626
4 0.228989
5 0.13985
6 0.123093
7 0.25063
8 0.123033
9 0.190079
10 0.229925
11 0.239358
12 0.185765
13 0.258839
14 0.171547
15 0.182551
16 0.234837
17 0.119777
18 0.226931
19 0.12856
20 0.161791
21 0.223616
22 0.133138
23 0.179727
24 0.199582
25 0.206557
26 0.194924
27 0.185848
28 0.186428
29 0.187999
"[DEBUG]index 63 centroid... "
0 0.217733
1 0.223225
2 0.197033
3 0.245073
4 0.264474
5 0.186002
6 0.216205
7 0.237846
8 0.186587
9 0.179158
10 0.17286
11 0.191176
12 0.152304
13 0.181511
14 0.208024
15 0.169483
16 0.159255
17 0.137055
18 0.153798
19 0.127209
20 0.13199
21 0.221349
22 0.152237
23 0.18954
24 0.161791
25 0.192725
26 0.214344
27 0.176215
28 0.254999
29 0.216608
"[DEBUG]index 64 centroid... "
0 0.205085
1 0.206236
2 0.194407
3 0.182061
4 0.250664
5 0.179107
6 0.169907
7 0.235808
8 0.130229
9 0.180956
10 0.168665
11 0.225245
12 0.0938627
13 0.190795
14 0.210684
15 0.0436709
16 0.283544
17 0.108492
18 0.158256
19 0.227199
20 0.110405
21 0.222427
22 0.137122
23 0.204084
24 0.244373
25 0.184059
26 0.254617
27 0.196002
28 0.215769
29 0.211233
"[DEBUG]index 65 centroid... "
0 0.176034
1 0.230379
2 0.183584
3 0.19422
4 0.251253
5 0.132219
6 0.204979
7 0.177017
8 0.0844461
9 0.2302
10 0.103085
11 0.167406
12 0.212023
13 0.177342
14 0.213623
15 0.110298
16 0.222983
17 0.198028
18 0.177705
19 0.21997
20 0.262571
21 0.222624
22 0.162836
23 0.258589
24 0.251093
25 0.188549
26 0.250587
27 0.223276
28 0.244942
29 0.153746
"[DEBUG]index 66 centroid... "
0 0.216976
1 0.207657
2 0.20459
3 0.177861
4 0.260133
5 0.154868
6 0.187299
7 0.246671
8 0.150143
9 0.215438
10 0.191187
11 0.182364
12 0.219662
13 0.174834
14 0.186841
15 0.251367
16 0.154619
17 0.279737
18 0.240257
19 0.10164
20 0.270057
21 0.165699
22 0.123242
23 0.248074
24 0.199528
25 0.21793
26 0.243616
27 0.201093
28 0.191597
29 0.238796
"[DEBUG]index 67 centroid... "
0 0.124297
1 0.131182
2 0.158997
3 0.091259
4 0.232459
5 0.0532754
6 0.197256
7 0.117048
8 -0.0170279
9 0.160841
10 0.205834
11 0.0389016
12 0.133016
13 0.0958803
14 0.0771623
15 0.141764
16 0.0691147
17 0.113964
18 0.196994
19 0.0837918
20 0.17329
21 0.180449
22 0.221377
23 0.30418
24 0.218111
25 0.149239
26 0.138431
27 0.161897
28 0.239372
29 0.288398
"[DEBUG]index 68 centroid... "
0 0.233571
1 0.191668
2 0.207397
3 0.221671
4 0.277069
5 0.218728
6 0.218621
7 0.280915
8 0.187731
9 0.221591
10 0.266853
11 0.214665
12 0.197371
13 0.251973
14 0.174498
15 0.236262
16 0.19293
17 0.18668
18 0.214663
19 0.181044
20 0.233828
21 0.236986
22 0.204239
23 0.256949
24 0.281846
25 0.266302
26 0.284262
27 0.273867
28 0.248831
29 0.239643
"[DEBUG]index 69 centroid... "
0 0.203202
1 0.246421
2 0.188016
3 0.291248
4 0.30483
5 0.149113
6 0.143243
7 0.192274
8 0.0963863
9 0.27877
10 0.0184103
11 0.236406
12 0.212747
13 0.136783
14 0.303237
15 0.108898
16 0.238233
17 0.26793
18 -0.0514741
19 0.231779
20 0.225262
21 0.0746547
22 0.203515
23 0.195277
24 0.21552
25 0.185616
26 0.236688
27 0.205446
28 0.158159
29 0.269835
"[DEBUG]index 70 centroid... "
0 0.217208
1 0.207855
2 0.20115
3 0.180597
4 0.227871
5 0.193872
6 0.117207
7 0.221509
8 0.132989
9 0.149449
10 0.185007
11 0.153574
12 0.202552
13 0.179678
14 0.210164
15 0.198077
16 0.149251
17 0.205926
18 0.14886
19 0.164599
20 0.165526
21 0.221954
22 0.163395
23 0.186753
24 0.205523
25 0.185902
26 0.171626
27 0.178672
28 0.171504
29 0.188783
"[DEBUG]index 71 centroid... "
0 0.198862
1 0.180215
2 0.202067
3 0.162389
4 0.21838
5 0.174483
6 0.144816
7 0.252871
8 0.12665
9 0.191243
10 0.225483
11 0.160016
12 0.240506
13 0.201101
14 0.19762
15 0.234955
16 0.215777
17 0.221572
18 0.215541
19 0.202956
20 0.217818
21 0.224932
22 0.162707
23 0.232444
24 0.208126
25 0.162579
26 0.206227
27 0.172277
28 0.179791
29 0.198212
"[DEBUG]index 72 centroid... "
0 0.179937
1 0.212575
2 0.212148
3 0.177085
4 0.239229
5 0.149364
6 0.185079
7 0.216916
8 0.171428
9 0.166951
10 0.150234
11 0.211721
12 0.145532
13 0.198028
14 0.201625
15 0.129453
16 0.247208
17 0.217075
18 0.181291
19 0.242289
20 0.228696
21 0.270548
22 0.20929
23 0.263394
24 0.295467
25 0.207297
26 0.24495
27 0.238011
28 0.235661
29 0.218999
"[DEBUG]index 73 centroid... "
0 0.22869
1 0.224585
2 0.24456
3 0.203931
4 0.269143
5 0.111279
6 0.273259
7 0.221949
8 0.11618
9 0.263678
10 0.183928
11 0.149825
12 0.223972
13 0.189302
14 0.142745
15 0.171884
16 0.225542
17 0.158577
18 0.199628
19 0.188682
20 0.148812
21 0.24501
22 0.171504
23 0.161202
24 0.243212
25 0.234571
26 0.200447
27 0.17296
28 0.166962
29 0.177914
"[DEBUG]index 74 centroid... "
0 0.207712
1 0.197087
2 0.22394
3 0.175316
4 0.203331
5 0.174537
6 0.188103
7 0.239361
8 0.0804476
9 0.178848
10 0.16233
11 0.0516796
12 0.244263
13 0.150201
14 0.150014
15 0.192934
16 0.187393
17 0.211086
18 0.199413
19 0.219497
20 0.254824
21 0.243006
22 0.224017
23 0.262641
24 0.236849
25 0.226476
26 0.23535
27 0.238558
28 0.227013
29 0.231982
"[DEBUG]index 75 centroid... "
0 0.185644
1 0.173722
2 0.280292
3 0.174112
4 0.329886
5 0.212728
6 0.185199
7 0.255331
8 0.109858
9 0.192635
10 0.208041
11 0.171952
12 0.170165
13 0.225443
14 0.169593
15 0.216064
16 0.222368
17 0.103094
18 0.290795
19 0.383552
20 0.120164
21 0.202922
22 0.294923
23 0.185313
24 0.0330445
25 0.248175
26 0.163064
27 0.144566
28 0.142153
29 0.159052
"[DEBUG]index 76 centroid... "
0 0.203569
1 0.207613
2 0.185813
3 0.220632
4 0.191277
5 0.197272
6 0.212728
7 0.219186
8 0.156351
9 0.174742
10 0.174873
11 0.187447
12 0.158471
13 0.217459
14 0.121227
15 0.0853411
16 0.192956
17 0.18533
18 0.2091
19 0.166202
20 0.215778
21 0.204849
22 0.215399
23 0.259686
24 0.288024
25 0.233888
26 0.293223
27 0.268921
28 0.313611
29 0.245784
"[DEBUG]index 77 centroid... "
0 0.242327
1 0.21346
2 0.229931
3 0.159779
4 0.245111
5 0.183783
6 0.169754
7 0.292802
8 0.074578
9 0.245507
10 0.260613
11 0.0888226
12 0.228096
13 0.251262
14 0.0852512
15 0.194284
16 0.265106
17 0.0726052
18 0.303894
19 0.165215
20 0.179611
21 0.284254
22 0.0833045
23 0.228461
24 0.247064
25 0.173246
26 0.266354
27 0.178558
28 0.228735
29 0.215972
"[DEBUG]index 78 centroid... "
0 0.22304
1 0.209502
2 0.195895
3 0.206696
4 0.216022
5 0.158712
6 0.182232
7 0.221707
8 0.117028
9 0.195488
10 0.141882
11 0.125956
12 0.15058
13 0.106262
14 0.150613
15 0.132885
16 0.140173
17 0.180065
18 0.189936
19 0.20192
20 0.219841
21 0.189316
22 0.219755
23 0.217739
24 0.204215
25 0.242305
26 0.230389
27 0.229938
28 0.220075
29 0.232749
"[DEBUG]index 79 centroid... "
0 0.17645
1 0.231352
2 0.18947
3 0.19125
4 0.220735
5 0.132142
6 0.151148
7 0.195525
8 0.0916802
9 0.214921
10 0.194299
11 0.0396089
12 0.263161
13 0.195624
14 0.211598
15 0.117215
16 0.280657
17 0.270557
18 0.0828616
19 0.248484
20 0.224597
21 0.1931
22 0.193514
23 0.157153
24 0.218789
25 0.194476
26 0.247636
27 0.322886
28 0.12895
29 0.17822
"[DEBUG]index 80 centroid... "
0 0.172644
1 0.187756
2 0.197301
3 0.152341
4 0.227843
5 0.15137
6 0.171742
7 0.282497
8 0.117971
9 0.220204
10 0.175711
11 0.204635
12 0.239223
13 0.114576
14 0.242015
15 0.16528
16 0.226695
17 0.192729
18 0.150218
19 0.268158
20 0.227072
21 0.182732
22 0.259811
23 0.212145
24 0.200785
25 0.272832
26 0.236856
27 0.205523
28 0.201778
29 0.186331
"[DEBUG]index 81 centroid... "
0 0.203479
1 0.209598
2 0.244518
3 0.180547
4 0.19538
5 0.159628
6 0.220443
7 0.293467
8 0.103415
9 0.237792
10 0.150454
11 0.179161
12 0.259885
13 0.0936723
14 0.242953
15 0.147748
16 0.159453
17 0.219617
18 0.0536751
19 0.215072
20 0.203936
21 0.159399
22 0.244326
23 0.154596
24 0.213223
25 0.207284
26 0.233357
27 0.237532
28 0.221833
29 0.235352
"[DEBUG]index 82 centroid... "
0 0.186416
1 0.229676
2 0.171511
3 0.194291
4 0.268059
5 0.108782
6 0.21032
7 0.211729
8 0.0994487
9 0.224046
10 0.0788022
11 0.153719
12 0.210753
13 0.237027
14 0.244515
15 0.171839
16 0.218009
17 0.182554
18 0.138628
19 0.148586
20 0.252094
21 0.139626
22 0.23092
23 0.16494
24 0.213714
25 0.176788
26 0.157729
27 0.211815
28 0.166948
29 0.22354
"[DEBUG]index 83 centroid... "
0 0.166511
1 0.217107
2 0.239585
3 0.180763
4 0.291597
5 0.169755
6 0.14861
7 0.222413
8 0.0963973
9 0.162584
10 0.213298
11 0.187674
12 0.274391
13 0.202056
14 0.243512
15 0.241747
16 0.12227
17 0.218458
18 0.193348
19 0.184516
20 0.153577
21 0.23251
22 0.197199
23 0.183931
24 0.184396
25 0.174335
26 0.152434
27 0.214115
28 0.19602
29 0.198564
"[DEBUG]index 84 centroid... "
0 0.220074
1 0.204895
2 0.221979
3 0.174811
4 0.263559
5 0.145889
6 0.182281
7 0.208984
8 0.118157
9 0.254725
10 0.154907
11 0.233006
12 0.310349
13 0.179346
14 0.290083
15 0.24597
16 0.248657
17 0.334778
18 0.308943
19 0.310563
20 0.323021
21 0.230662
22 0.35276
23 0.257021
24 0.274839
25 0.229859
26 0.257526
27 0.27778
28 0.242105
29 0.275261
"[DEBUG]index 85 centroid... "
0 0.192847
1 0.178652
2 0.155931
3 0.176296
4 0.178204
5 0.179628
6 0.164586
7 0.234142
8 0.19952
9 0.115094
10 0.184815
11 0.161625
12 0.17901
13 0.204482
14 0.139998
15 0.193292
16 0.158773
17 0.152958
18 0.191457
19 0.203364
20 0.147778
21 0.160621
22 0.208564
23 0.176942
24 0.145803
25 0.163622
26 0.188861
27 0.17336
28 0.156489
29 0.160053
"[DEBUG]index 86 centroid... "
0 0.189038
1 0.185984
2 0.189206
3 0.146289
4 0.218615
5 0.134462
6 0.11707
7 0.210142
8 0.0935752
9 0.18196
10 0.159657
11 0.175948
12 0.255142
13 0.197826
14 0.241337
15 0.245519
16 0.279104
17 0.244403
18 0.289285
19 0.242403
20 0.241977
21 0.289232
22 0.21025
23 0.223403
24 0.222413
25 0.184122
26 0.191782
27 0.182535
28 0.183735
29 0.186903
"[DEBUG]index 87 centroid... "
0 0.156847
1 0.167315
2 0.193406
3 0.195923
4 0.315355
5 0.181599
6 0.135984
7 0.264463
8 0.13264
9 0.204359
10 0.246289
11 0.146533
12 0.24015
13 0.147874
14 0.208698
15 0.168832
16 0.178005
17 0.16889
18 0.175778
19 0.141114
20 0.220005
21 0.168007
22 0.153167
23 0.277757
24 0.247561
25 0.225412
26 0.215445
27 0.210589
28 0.233427
29 0.223342
"[DEBUG]index 88 centroid... "
0 0.199785
1 0.199056
2 0.194848
3 0.171538
4 0.248702
5 0.154486
6 0.210534
7 0.196864
8 0.0796513
9 0.195793
10 0.123459
11 0.171555
12 0.192097
13 0.16977
14 0.183662
15 0.222785
16 0.189508
17 0.127162
18 0.260879
19 0.154142
20 0.17823
21 0.257436
22 0.15106
23 0.228524
24 0.202819
25 0.215746
26 0.23692
27 0.216064
28 0.19242
29 0.190982
"[DEBUG]index 89 centroid... "
0 0.19386
1 0.200808
2 0.203197
3 0.176227
4 0.211688
5 0.179917
6 0.127654
7 0.208258
8 0.131715
9 0.100784
10 0.231391
11 0.097319
12 0.181829
13 0.193538
14 0.117618
15 0.231104
16 0.131226
17 0.168259
18 0.229264
19 0.167721
20 0.218819
21 0.264595
22 0.221042
23 0.205436
24 0.208343
25 0.215458
26 0.228519
27 0.201888
28 0.198272
29 0.19484
"[DEBUG]index 90 centroid... "
0 0.202245
1 0.260664
2 0.199861
3 0.197284
4 0.259778
5 0.202745
6 0.208525
7 0.252892
8 0.151812
9 0.183649
10 0.194747
11 0.1649
12 0.161033
13 0.222632
14 0.158699
15 0.234201
16 0.203357
17 0.170912
18 0.220498
19 0.197654
20 0.213953
21 0.152722
22 0.232679
23 0.214911
24 0.173787
25 0.163989
26 0.201469
27 0.267981
28 0.238136
29 0.181749
"[DEBUG]index 91 centroid... "
0 0.243977
1 0.216749
2 0.234006
3 0.213192
4 0.266834
5 0.171258
6 0.188809
7 0.281227
8 0.0725224
9 0.203531
10 0.124105
11 0.179219
12 0.176117
13 0.0934698
14 0.196739
15 0.1223
16 0.237446
17 0.176657
18 0.160414
19 0.0841573
20 0.159793
21 0.198568
22 0.0772935
23 0.233057
24 0.198282
25 0.175625
26 0.205278
27 0.177323
28 0.200266
29 0.214071
"[DEBUG]index 92 centroid... "
0 0.222129
1 0.221664
2 0.199667
3 0.220604
4 0.230883
5 0.174657
6 0.169105
7 0.253529
8 0.0748465
9 0.238571
10 0.287484
11 0.0830783
12 0.270127
13 0.183202
14 0.0963546
15 0.24478
16 0.0824199
17 0.161597
18 0.199125
19 0.173762
20 0.263915
21 0.204334
22 0.156261
23 0.233928
24 0.212843
25 0.217707
26 0.24703
27 0.237737
28 0.240328
29 0.235586
"[DEBUG]index 93 centroid... "
0 0.222934
1 0.220627
2 0.235253
3 0.220036
4 0.260825
5 0.160819
6 0.184237
7 0.289193
8 0.0836075
9 0.203687
10 0.273187
11 0.150702
12 0.225739
13 0.221182
14 0.211991
15 0.14785
16 0.263789
17 0.19732
18 0.161942
19 0.23371
20 0.143026
21 0.183778
22 0.198221
23 0.215684
24 0.275314
25 0.196279
26 0.235807
27 0.198271
28 0.233752
29 0.240612
"[DEBUG]index 94 centroid... "
0 0.255041
1 0.229146
2 0.213892
3 0.216368
4 0.275938
5 0.195127
6 0.19681
7 0.261172
8 0.0617411
9 0.235258
10 0.141796
11 0.0773144
12 0.281723
13 0.160307
14 0.164749
15 0.243058
16 0.199662
17 0.169259
18 0.242767
19 0.27956
20 0.239185
21 0.251441
22 0.29971
23 0.273138
24 0.273825
25 0.241138
26 0.291483
27 0.281615
28 0.260251
29 0.278
"[DEBUG]index 95 centroid... "
0 0.203126
1 0.158625
2 0.201833
3 0.185745
4 0.247505
5 0.134386
6 0.175591
7 0.215319
8 0.082099
9 0.234907
10 0.106267
11 0.210866
12 0.24399
13 0.0733213
14 0.237231
15 0.185145
16 0.0433126
17 0.251783
18 0.131412
19 0.11755
20 0.228123
21 0.169673
22 0.177347
23 0.242868
24 0.182507
25 0.153095
26 0.183648
27 0.19983
28 0.168326
29 0.220495
"[DEBUG]index 96 centroid... "
0 0.208059
1 0.237402
2 0.203503
3 0.213044
4 0.24968
5 0.174212
6 0.163182
7 0.276314
8 0.132644
9 0.208324
10 0.176035
11 0.250679
12 0.183936
13 0.143596
14 0.253199
15 0.138269
16 0.177275
17 0.19836
18 0.211321
19 0.11133
20 0.22505
21 0.219137
22 0.0939823
23 0.244449
24 0.203058
25 0.175401
26 0.24179
27 0.227426
28 0.197183
29 0.227367
"[DEBUG]index 97 centroid... "
0 0.184961
1 0.204711
2 0.165314
3 0.182665
4 0.215524
5 0.126708
6 0.135024
7 0.261649
8 0.0103697
9 0.196385
10 0.194237
11 0.0663042
12 0.210278
13 0.135831
14 0.205468
15 0.191137
16 0.092212
17 0.166644
18 0.166417
19 0.0598675
20 0.211248
21 0.111551
22 0.106254
23 0.196455
24 0.152858
25 0.138224
26 0.168814
27 0.162309
28 0.165516
29 0.197713
"[DEBUG]index 98 centroid... "
0 0.237218
1 0.260089
2 0.227835
3 0.233852
4 0.260577
5 0.190533
6 0.212657
7 0.308403
8 0.18446
9 0.302009
10 0.265988
11 0.233047
12 0.192739
13 0.290434
14 0.219663
15 0.106272
16 0.278234
17 0.169008
18 0.165685
19 0.297426
20 0.15851
21 0.17788
22 0.243353
23 0.199142
24 0.291452
25 0.26695
26 0.279395
27 0.290391
28 0.282569
29 0.226965
"[DEBUG]index 99 centroid... "
0 0.209852
1 0.197041
2 0.211592
3 0.186859
4 0.206057
5 0.169229
6 0.191241
7 0.242543
8 0.125193
9 0.16223
10 0.229841
11 0.210694
12 0.206365
13 0.193857
14 0.24828
15 0.111462
16 0.193816
17 0.237613
18 0.0706611
19 0.237098
20 0.236708
21 0.136472
22 0.225089
23 0.175822
24 0.169942
25 0.199192
26 0.189244
27 0.19969
28 0.171583
29 0.214606
