correlation level (red against blue): 
-0.517975
-0.533372
-0.350554
-0.193851
-0.611791
-0.628969
-0.712722
-0.353649
-0.704489
-0.769291
-0.43776
-0.477237
-0.688269
-0.313706
-0.405925
-0.673979
-0.58487
-0.697609
-0.503944
-0.545388
-0.30021
-0.641918
-0.635844
-0.514338
-0.803515
-0.601963
-0.504664
-0.544198
-0.805226
-0.658056
-0.64394
-0.474117
-0.425657
-0.614056
-0.524526
-0.566642
-0.647853
-0.697519
-0.579977
-0.653493
-0.717772
-0.807784
-0.685071
-0.471301
-0.496655
-0.680967
-0.353192
-0.700812
-0.602875
-0.296326
-0.615656
-0.57397
-0.759705
-0.366475
-0.198632
-0.339868
-0.779891
-0.567473
-0.643761
-0.47947
-0.802786
-0.662085
-0.496904
-0.657854
-0.585287
-0.670518
-0.457311
-0.443628
-0.401878
-0.791122
-0.447957
-0.535368
-0.529545
-0.451398
-0.761413
-0.363646
-0.70125
-0.688017
-0.633818
-0.445141
-0.558242
-0.701656
-0.498507
-0.620171
-0.72603
-0.392905
-0.552637
-0.355019
-0.710626
-0.601284
-0.498829
-0.647711
-0.774552
-0.620813
-0.797618
-0.636063
-0.571379
-0.739431
-0.669851
-0.659928
