"[DEBUG]index 0 centroid... "
0 2.30345
1 2.54483
2 1.43793
3 1.56552
4 1.51034
5 2.09655
6 2.60345
7 1.55517
8 3.79655
9 5.99655
10 8.57586
11 14.2069
12 12.4931
13 18.1207
14 26.0655
15 20.6103
16 17.4483
17 14.2448
18 13.9586
19 7.74138
20 6.93448
21 4.73103
22 3.67586
23 3.06897
24 2.54828
25 2.0069
26 2.38966
27 2.48621
28 1.98276
29 1.93103
"[DEBUG]index 1 centroid... "
0 19.569
1 10.6034
2 10.1466
3 12.6466
4 7.25
5 11.2155
6 10.6466
7 7.67241
8 21.2759
9 6.83621
10 7.18103
11 4.83621
12 2.85345
13 2.61207
14 1.89655
15 1.41379
16 2.24138
17 2.22414
18 1.87931
19 2.14655
20 3.69828
21 4.66379
22 5.93966
23 5.24138
24 5.62069
25 5.90517
26 7.93103
27 7.71552
28 10.819
29 7.42241
"[DEBUG]index 2 centroid... "
0 3.03577
1 2.53188
2 2.43857
3 2.28149
4 2.23484
5 2.53966
6 2.51166
7 2.23328
8 9.66718
9 4.60187
10 2.32504
11 1.60342
12 0.716952
13 0.940902
14 1.20995
15 2.69207
16 5.89269
17 7.91913
18 17.4603
19 8.59409
20 4.48678
21 2.55988
22 1.17729
23 2.93779
24 2.85537
25 2.93779
26 3.10731
27 3.21928
28 3.4168
29 2.67496
"[DEBUG]index 3 centroid... "
0 4.73016
1 4.38095
2 6.14286
3 3.98413
4 4.25397
5 5.12698
6 4.66667
7 3.84127
8 14.0159
9 5.22222
10 2.87302
11 1.36508
12 1.39683
13 2.44444
14 7.8254
15 8.36508
16 8.20635
17 3.04762
18 1.50794
19 0.809524
20 0.634921
21 0.952381
22 2.2381
23 3.26984
24 6.30159
25 3.74603
26 3.42857
27 3.25397
28 3.30159
29 2.87302
"[DEBUG]index 4 centroid... "
0 3.77092
1 3.53863
2 3.00912
3 3.10408
4 3.24624
5 3.86749
6 4.64968
7 2.87554
8 23.8798
9 6.17704
10 3.72479
11 2.27039
12 4.09013
13 3.30526
14 8.28863
15 10.1084
16 3.55526
17 2.05901
18 4.30687
19 3.51448
20 7.42167
21 28.0617
22 9.07457
23 4.45976
24 4.74356
25 3.94206
26 3.81116
27 3.74356
28 3.78541
29 3.92275
"[DEBUG]index 5 centroid... "
0 4.65558
1 4.7554
2 4.07419
3 4.78147
4 5.03058
5 4.49415
6 4.82644
7 3.19964
8 25.5926
9 8.40378
10 5.4366
11 8.76978
12 29.6169
13 5.61421
14 4.08138
15 2.5036
16 2.40603
17 4.90647
18 5.69424
19 28.6268
20 8.32104
21 4.95863
22 4.26484
23 4.37635
24 3.93076
25 3.64029
26 3.65603
27 3.94245
28 3.79317
29 3.74281
"[DEBUG]index 6 centroid... "
0 3.71858
1 3.46632
2 3.74088
3 3.48434
4 3.12012
5 3.37452
6 3.69541
7 2.90004
8 20.8168
9 4.69455
10 17.8837
11 20.314
12 5.21064
13 3.22994
14 1.80094
15 2.98799
16 6.55684
17 6.43329
18 2.8121
19 1.65465
20 2.58344
21 5.04719
22 1.99485
23 2.47962
24 2.47147
25 2.36937
26 2.3831
27 2.38052
28 2.25354
29 2.42085
"[DEBUG]index 7 centroid... "
0 5.07217
1 4.02062
2 3.52062
3 3.74227
4 3.71134
5 3.88144
6 4.13402
7 3.69588
8 13.4278
9 5.14433
10 8.2268
11 6.16495
12 14.4588
13 12.933
14 5.35567
15 2.68041
16 1.78351
17 0.93299
18 0.891753
19 1.68041
20 1.58247
21 2.51546
22 6.87113
23 2.96907
24 3.26804
25 3.67526
26 2.44845
27 2.95361
28 2.53608
29 2.73711
"[DEBUG]index 8 centroid... "
0 5.16196
1 5.1087
2 4.29475
3 4.64576
4 4.64138
5 5.3336
6 5.3955
7 4.09545
8 47.8716
9 8.3547
10 4.55827
11 4.95689
12 4.3283
13 12.031
14 3.68115
15 16.8327
16 3.8845
17 15.6682
18 4.49406
19 3.75781
20 13.0897
21 3.97026
22 2.19539
23 4.82893
24 3.95147
25 4.19262
26 3.96842
27 4.01095
28 4.10697
29 4.09891
"[DEBUG]index 9 centroid... "
0 5.44539
1 4.88983
2 4.58239
3 4.80038
4 4.53908
5 4.61582
6 5.02542
7 3.99623
8 33.8894
9 7.51365
10 11.8027
11 13.4703
12 4.27731
13 2.09275
14 3.05179
15 13.4835
16 3.65443
17 1.90348
18 3.27213
19 12.2976
20 3.07392
21 1.76836
22 3.45527
23 4.33616
24 3.86394
25 3.81544
26 3.62194
27 3.71422
28 3.48117
29 3.51977
"[DEBUG]index 10 centroid... "
0 4.25409
1 4.87873
2 4.43696
3 4.23869
4 4.01251
5 4.45525
6 4.82098
7 3.29644
8 29.6959
9 7.3359
10 3.93551
11 2.6641
12 3.33109
13 11.9249
14 3.81809
15 1.97305
16 3.79211
17 11.9057
18 11.0279
19 3.56785
20 2.0154
21 3.3282
22 14.2089
23 3.57555
24 4.07796
25 4.38499
26 4.13667
27 3.65159
28 3.87103
29 4.0385
"[DEBUG]index 11 centroid... "
0 2.60811
1 2.5685
2 2.42005
3 2.61098
4 2.01098
5 2.76038
6 2.84439
7 2.68067
8 11.5031
9 4.2778
10 12.9513
11 5.63675
12 2.64344
13 3.09308
14 1.64296
15 2.87399
16 5.77518
17 3.35084
18 6.52554
19 10.0272
20 29.8587
21 10.0816
22 5.92267
23 3.35513
24 3.08115
25 2.92697
26 2.83675
27 2.85632
28 3.09928
29 2.78854
"[DEBUG]index 12 centroid... "
0 4.62665
1 4.36786
2 3.68885
3 3.73157
4 4.0706
5 4.31966
6 4.75926
7 3.862
8 31.2733
9 7.66078
10 4.04508
11 4.22722
12 8.82146
13 4.13686
14 4.30255
15 7.39546
16 37.2612
17 8.88384
18 4.17854
19 10.3558
20 4.11645
21 3.49707
22 8.57741
23 3.91607
24 4.44783
25 4.23129
26 3.91144
27 3.76749
28 3.55841
29 3.48308
"[DEBUG]index 13 centroid... "
0 4.36522
1 4.27081
2 5.05963
3 4.37516
4 4.62112
5 4.24099
6 5.06708
7 3.94161
8 22.6745
9 5.49193
10 23.5081
11 6.42981
12 25.5267
13 6.38137
14 9.5913
15 4.52298
16 3.70062
17 7.75901
18 7.2087
19 2.80497
20 2.11801
21 1.2559
22 1.59752
23 2.62112
24 2.68696
25 2.74783
26 2.49938
27 2.57764
28 2.73043
29 2.41615
"[DEBUG]index 14 centroid... "
0 4.9623
1 5.10317
2 4.46429
3 4.25992
4 4.50595
5 4.51587
6 4.7381
7 3.99206
8 22.1766
9 6.88889
10 3.60516
11 2.52381
12 0.934524
13 2.1746
14 2.22222
15 3.60516
16 13.9306
17 4.1627
18 2.00397
19 2.05556
20 3.47817
21 2.79762
22 12.1548
23 4.4246
24 5.88095
25 5.20437
26 4.50992
27 4.57937
28 4.17063
29 4.56746
"[DEBUG]index 15 centroid... "
0 2.51412
1 2.76953
2 2.5174
3 2.67269
4 2.39954
5 2.74393
6 3.53907
7 2.92416
8 12.3565
9 29.2183
10 10.4091
11 6.13427
12 3.47505
13 5.20749
14 13.7738
15 5.25837
16 2.50591
17 4.77905
18 2.26264
19 5.02528
20 2.06927
21 4.6497
22 4.4153
23 2.16612
24 2.42745
25 2.13723
26 2.06041
27 2.10735
28 1.84406
29 2.02988
"[DEBUG]index 16 centroid... "
0 4.99087
1 4.79624
2 4.05563
3 4.0974
4 4.39417
5 4.40786
6 4.51808
7 3.47596
8 36.9786
9 7.95121
10 3.67269
11 2.159
12 1.93875
13 3.13987
14 3.86276
15 1.59705
16 4.0709
17 1.82152
18 3.53317
19 15.103
20 2.63373
21 3.35258
22 1.59108
23 3.65216
24 3.52457
25 3.58055
26 3.87206
27 4.0272
28 3.73342
29 3.55423
"[DEBUG]index 17 centroid... "
0 4.68461
1 4.41762
2 3.78032
3 4.40729
4 3.45568
5 4.25938
6 4.36324
7 3.31756
8 28.0658
9 8.53399
10 3.75095
11 14.162
12 3.69657
13 1.80968
14 1.77325
15 4.09951
16 1.81947
17 3.45786
18 13.5269
19 3.90647
20 3.54269
21 11.6058
22 11.4399
23 3.51713
24 4.60359
25 4.19413
26 4.28167
27 4.11474
28 4.41871
29 4.03643
"[DEBUG]index 18 centroid... "
0 4.16426
1 4.13299
2 3.59416
3 3.83677
4 3.56907
5 4.08144
6 4.60275
7 3.38625
8 24.167
9 8.9567
10 4.00893
11 9.81924
12 4.1543
13 3.93436
14 9.35223
15 4.1354
16 8.3646
17 30.0694
18 9.98179
19 4.70412
20 9.6055
21 28.3168
22 7.27045
23 4.6378
24 5.04364
25 4.40619
26 4.63746
27 3.99828
28 4.37148
29 4.29278
"[DEBUG]index 19 centroid... "
0 3.30026
1 3.26371
2 2.99869
3 2.71932
4 3.07441
5 3.2389
6 3.55744
7 3.22846
8 16.5013
9 4.83681
10 3.76893
11 2.0953
12 3.19191
13 4.48172
14 21.3943
15 5.95431
16 3.76501
17 7.33551
18 18.2415
19 18.0679
20 6.69843
21 3.46997
22 8.13055
23 3.28329
24 3.50131
25 3.26762
26 3.58225
27 3.42428
28 3.08747
29 3.29243
"[DEBUG]index 20 centroid... "
0 7.1942
1 6.62029
2 5.57681
3 5.46087
4 5.07826
5 6.10435
6 4.90145
7 3.86377
8 21.4348
9 9.7913
10 3.57391
11 4.34783
12 5.52754
13 1.67826
14 1.12754
15 1.62609
16 4.06377
17 13.8899
18 3.57391
19 4.17971
20 1.92174
21 1.04638
22 1.57391
23 4.44638
24 4.86667
25 4.78551
26 4.32174
27 4.58551
28 4.34203
29 4.46957
"[DEBUG]index 21 centroid... "
0 4.94429
1 4.90009
2 4.24031
3 4.43156
4 4.29053
5 4.75813
6 4.63405
7 3.90366
8 48.9448
9 9.72749
10 4.08541
11 16.0196
12 4.39682
13 3.42679
14 3.85447
15 1.77227
16 3.24022
17 4.02872
18 1.86905
19 3.76353
20 10.691
21 2.94875
22 3.28821
23 3.88109
24 3.31288
25 3.3874
26 3.42808
27 3.39811
28 3.50622
29 3.45225
"[DEBUG]index 22 centroid... "
0 5.45517
1 4.81787
2 4.50828
3 4.63511
4 4.79506
5 5.25679
6 5.77132
7 4.05936
8 33.4111
9 8.24149
10 3.82443
11 10.3321
12 10.4708
13 4.39175
14 7.95845
15 38.4817
16 7.62074
17 4.29178
18 2.61418
19 2.34583
20 3.54639
21 8.70384
22 3.44174
23 5.00687
24 4.43549
25 3.84286
26 3.85629
27 3.597
28 3.68385
29 3.57263
"[DEBUG]index 23 centroid... "
0 4.85607
1 4.65479
2 3.98914
3 4.34549
4 4.64588
5 4.51698
6 5.54371
7 4.07294
8 28.9658
9 7.48831
10 4.55373
11 5.11832
12 9.91063
13 6.79705
14 34.6378
15 7.6147
16 3.99137
17 2.32767
18 3.40423
19 7.85997
20 3.04148
21 3.2951
22 1.91704
23 3.6779
24 3.34994
25 3.17957
26 3.41314
27 3.027
28 2.90785
29 3.01587
"[DEBUG]index 24 centroid... "
0 5.63168
1 5.79105
2 4.4929
3 4.88488
4 4.72738
5 5.19712
6 5.44737
7 4.50158
8 47.0487
9 9.63503
10 4.92667
11 15.7429
12 3.98098
13 11.5292
14 3.63848
15 16.9523
16 4.30968
17 3.8972
18 12.7501
19 3.87187
20 1.98788
21 3.80652
22 3.3565
23 4.19446
24 3.8427
25 3.94451
26 3.65395
27 3.56771
28 3.36832
29 3.33117
"[DEBUG]index 25 centroid... "
0 5.78328
1 5.42171
2 4.9751
3 4.91564
4 4.79052
5 4.7458
6 5.06049
7 4.13132
8 42.4269
9 7.94959
10 15.4931
11 3.81473
12 2.11581
13 1.59354
14 3.25653
15 3.58664
16 1.58819
17 3.46428
18 3.51969
19 1.35614
20 2.77596
21 2.74364
22 1.28824
23 3.1458
24 2.88755
25 2.92676
26 3.22473
27 3.04188
28 3.22723
29 3.05791
"[DEBUG]index 26 centroid... "
0 4.9244
1 5.61856
2 3.84536
3 4.46392
4 3.25773
5 4.59107
6 3.6701
7 3.39863
8 20.3368
9 6.04467
10 3.42612
11 1.71821
12 3.53608
13 13.1546
14 2.86254
15 1.68385
16 1.02749
17 1.30241
18 3.95876
19 2.61168
20 11.9278
21 2.99656
22 9.99656
23 4.54639
24 3.5945
25 4.02749
26 3.71821
27 4.26804
28 3.94158
29 3.78694
"[DEBUG]index 27 centroid... "
0 3.23825
1 3.8023
2 3.82903
3 3.74101
4 3.19724
5 3.46452
6 3.5341
7 3.50553
8 16.2157
9 6.08479
10 16.653
11 17.0276
12 6.9129
13 3.86774
14 6.78894
15 3.73871
16 6.86728
17 11.5622
18 36.7323
19 12.0433
20 7.25622
21 3.55161
22 7.42949
23 2.82304
24 3.01336
25 3.04101
26 3.31336
27 3.09585
28 3.26129
29 2.99493
"[DEBUG]index 28 centroid... "
0 3.65154
1 3.90394
2 3.53793
3 3.69261
4 3.51838
5 3.86684
6 4.17092
7 3.06757
8 24.625
9 6.06194
10 9.95429
11 9.27095
12 7.54091
13 30.4223
14 7.25306
15 3.40543
16 9.33819
17 2.94104
18 8.43756
19 3.2789
20 9.50845
21 2.96522
22 8.50878
23 3.13647
24 3.08182
25 3.09341
26 2.99569
27 3.04472
28 3.12223
29 3.03246
"[DEBUG]index 29 centroid... "
0 3.99434
1 3.79066
2 3.50165
3 3.61245
4 3.26544
5 3.65394
6 3.78595
7 3.84017
8 21.3277
9 4.4644
10 21.6709
11 7.15889
12 3.72749
13 4.22018
14 7.22112
15 5.29373
16 23.1198
17 7.34041
18 3.41631
19 7.07591
20 6.55446
21 2.75012
22 1.7487
23 3.11457
24 3.06271
25 2.9604
26 2.81707
27 2.85997
28 2.57426
29 2.61528
"[DEBUG]index 30 centroid... "
0 3.59071
1 3.61062
2 3.4115
3 3.33894
4 2.98142
5 3.36991
6 3.83938
7 2.96018
8 26.5279
9 7.88407
10 3.20796
11 1.83319
12 3.98717
13 1.37434
14 3.25398
15 1.53319
16 3.91018
17 12.1305
18 2.65752
19 10.9942
20 10.2372
21 2.57257
22 11.3978
23 3.86681
24 3.6792
25 4.03274
26 3.68142
27 3.83496
28 3.96549
29 3.47345
"[DEBUG]index 31 centroid... "
0 6.37064
1 5.98206
2 5.35627
3 5.31422
4 5.605
5 5.53702
6 6.05366
7 4.14508
8 51.8049
9 10.4813
10 5.44519
11 4.79682
12 19.7914
13 3.4376
14 2.12113
15 4.35188
16 3.7111
17 1.98242
18 3.83759
19 1.99659
20 3.7453
21 3.29282
22 1.85272
23 3.84635
24 3.69393
25 3.53025
26 3.72507
27 3.66723
28 3.83942
29 3.6658
"[DEBUG]index 32 centroid... "
0 3.68725
1 3.47522
2 2.85784
3 3.24939
4 2.80829
5 3.67019
6 3.32494
7 2.9082
8 19.6353
9 4.71568
10 3.04712
11 1.92364
12 1.6515
13 3.59626
14 4.92851
15 19.7929
16 17.4379
17 5.36068
18 8.41348
19 2.88871
20 7.19415
21 6.4801
22 2.55565
23 4.12266
24 3.67506
25 3.59789
26 3.06093
27 3.1121
28 3.51097
29 3.01706
"[DEBUG]index 33 centroid... "
0 3.81003
1 3.72776
2 3.59773
3 3.79371
4 3.11663
5 3.45826
6 4.04706
7 2.8461
8 23.7351
9 4.88543
10 25.3111
11 6.94985
12 3.54414
13 3.66128
14 2.99038
15 1.65716
16 1.69392
17 1.38853
18 3.2293
19 6.89729
20 2.50464
21 7.09086
22 2.65132
23 3.00704
24 2.63741
25 2.71522
26 2.67004
27 2.71591
28 2.62848
29 2.74167
"[DEBUG]index 34 centroid... "
0 5.1174
1 4.8823
2 4.72348
3 4.46275
4 4.03188
5 5.04291
6 5.65703
7 4.17938
8 30.5575
9 7.44696
10 3.95292
11 3.04559
12 3.79172
13 7.69636
14 34.084
15 9.84654
16 4.02592
17 10.8903
18 3.80095
19 2.22646
20 4.55125
21 3.17551
22 10.4392
23 4.47735
24 4.8087
25 4.53844
26 4.99136
27 4.05006
28 4.03725
29 3.96603
"[DEBUG]index 35 centroid... "
0 3.51664
1 3.37629
2 3.52329
3 3.39322
4 2.91531
5 3.66969
6 3.65154
7 2.91289
8 21.0786
9 6.683
10 9.04961
11 7.10405
12 26.6927
13 6.37568
14 3.49425
15 7.60496
16 2.79129
17 8.59528
18 3.22807
19 8.82335
20 7.09195
21 22.7604
22 7.62976
23 3.58984
24 3.70599
25 3.48518
26 3.02964
27 3.21658
28 3.10224
29 3.05929
"[DEBUG]index 36 centroid... "
0 4.26103
1 4.08079
2 3.87065
3 3.66815
4 3.47307
5 3.62468
6 4.52969
7 2.81361
8 20.3651
9 25.187
10 7.03138
11 3.17197
12 10.3024
13 2.53308
14 1.65055
15 1.59839
16 2.66349
17 2.80471
18 1.41009
19 3.01506
20 1.4226
21 2.45356
22 6.3187
23 2.42133
24 2.84075
25 2.72349
26 2.65098
27 2.53223
28 2.56743
29 2.84839
"[DEBUG]index 37 centroid... "
0 4.62865
1 4.6433
2 4.06218
3 4.19284
4 3.85198
5 4.52295
6 4.78112
7 3.73988
8 30.3068
9 9.04948
10 3.84569
11 4.06457
12 3.92881
13 3.67444
14 9.37298
15 4.07151
16 8.90179
17 32.3973
18 7.69604
19 3.82387
20 2.47021
21 3.40901
22 2.10787
23 3.83798
24 3.78383
25 4.03006
26 3.71677
27 3.52642
28 3.29832
29 3.29192
"[DEBUG]index 38 centroid... "
0 5.72482
1 4.92497
2 4.3271
3 4.5231
4 4.37357
5 4.82814
6 5.13474
7 3.64564
8 37.8292
9 7.55685
10 4.1176
11 2.25052
12 4.33775
13 1.8676
14 3.83515
15 17.9374
16 4.15862
17 4.10358
18 12.6425
19 4.04932
20 2.01843
21 4.07269
22 13.035
23 4.32139
24 4.95587
25 5.05062
26 4.69574
27 4.42757
28 4.23468
29 4.26713
"[DEBUG]index 39 centroid... "
0 4.32166
1 4.50081
2 4.06629
3 4.09707
4 3.76384
5 4.36091
6 4.75765
7 3.72427
8 32.7093
9 8.01743
10 4.97313
11 10.5793
12 3.74365
13 9.61515
14 3.84218
15 10.1565
16 11.6153
17 4.89935
18 8.92638
19 39.6246
20 8.34218
21 4.30391
22 4.32231
23 4.30977
24 3.89251
25 3.89723
26 3.88762
27 4.16124
28 3.56661
29 3.50814
"[DEBUG]index 40 centroid... "
0 9.09974
1 9.33808
2 7.53627
3 8.53497
4 7.20078
5 8.24093
6 7.83549
7 5.52202
8 24.4365
9 10.1723
10 4.15803
11 15.2733
12 4.79922
13 4.55181
14 5.12694
15 2.36658
16 1.26295
17 2.23705
18 2.04145
19 4.26295
20 1.75648
21 1.10751
22 1.71114
23 3.39896
24 3.39378
25 3.65415
26 3.6671
27 4.70466
28 4.79534
29 4.44041
"[DEBUG]index 41 centroid... "
0 3.16768
1 3.64315
2 3.32222
3 3.40678
4 3.26364
5 3.29452
6 3.57229
7 3.26984
8 11.9514
9 25.487
10 7.04343
11 27.176
12 10.5153
13 5.82222
14 5.78009
15 4.72063
16 2.83968
17 1.86652
18 2.36075
19 2.45166
20 3.95945
21 2.28773
22 1.38975
23 2.2062
24 2.08658
25 1.97446
26 2.13088
27 1.94242
28 2.06133
29 2.01818
"[DEBUG]index 42 centroid... "
0 4.80398
1 4.47217
2 4.08012
3 4.13578
4 3.55933
5 3.97584
6 5.19969
7 3.23884
8 24.3343
9 28.1391
10 7.74709
11 4.15443
12 10.993
13 2.67401
14 3.7578
15 2.11193
16 3.32508
17 11.6
18 8.60703
19 2.98287
20 9.19755
21 3.35933
22 1.62202
23 3.72997
24 3.15688
25 3.57125
26 3.49755
27 3.33731
28 3.29052
29 3.0633
"[DEBUG]index 43 centroid... "
0 5.36167
1 5.34076
2 5.04902
3 4.83888
4 5.02365
5 5.37436
6 5.84985
7 4.43195
8 33.133
9 8.55297
10 3.61947
11 5.13678
12 2.08399
13 4.38567
14 16.0027
15 3.65135
16 2.23106
17 2.34865
18 1.98217
19 4.72677
20 1.81831
21 4.1649
22 12.8663
23 4.27185
24 4.47137
25 4.74494
26 4.16627
27 4.06239
28 4.00034
29 4.35139
"[DEBUG]index 44 centroid... "
0 3.8854
1 3.97631
2 3.41746
3 3.52125
4 3.20937
5 3.63945
6 3.90317
7 3.07649
8 33.3219
9 6.36647
10 10.6243
11 3.85861
12 1.80221
13 3.27814
14 1.65594
15 3.49318
16 3.10791
17 13.0585
18 3.10945
19 11.5053
20 2.70358
21 10.3083
22 2.84831
23 3.57404
24 3.67216
25 3.53464
26 3.36801
27 3.53103
28 3.36158
29 3.30492
"[DEBUG]index 45 centroid... "
0 4.65953
1 4.26739
2 3.57157
3 4.04435
4 3.55393
5 4.03377
6 4.62626
7 3.71522
8 34.3188
9 5.29209
10 12.0444
11 3.83695
12 3.61089
13 10.7873
14 2.91431
15 12.2434
16 3.55595
17 3.41053
18 1.70338
19 3.42339
20 10.8692
21 2.73311
22 11.754
23 4.20968
24 3.65449
25 3.8251
26 3.29309
27 3.46875
28 3.4748
29 3.41406
"[DEBUG]index 46 centroid... "
0 4.59808
1 4.66243
2 3.94905
3 4.16582
4 4.1606
5 4.53881
6 4.85732
7 3.40601
8 44.8978
9 8.90488
10 4.60711
11 4.96839
12 14.0107
13 2.9729
14 13.6699
15 3.89063
16 2.09752
17 4.19489
18 11.9726
19 3.80666
20 3.91434
21 12.1081
22 3.38244
23 4.08665
24 4.10471
25 3.50381
26 3.91321
27 3.7584
28 3.82755
29 3.82458
"[DEBUG]index 47 centroid... "
0 4.84971
1 4.91289
2 4.19587
3 4.5173
4 4.07069
5 4.69616
6 4.68183
7 4.05754
8 39.9075
9 9.55072
10 4.20516
11 13.4161
12 3.98873
13 2.35505
14 3.98467
15 3.58365
16 14.7053
17 4.10659
18 15.8404
19 3.67639
20 12.5441
21 3.52155
22 3.93415
23 4.30641
24 4.07168
25 4.35574
26 4.23522
27 4.04172
28 4.11479
29 3.67382
"[DEBUG]index 48 centroid... "
0 4.60793
1 4.51777
2 3.72604
3 4.01482
4 4.27372
5 4.46564
6 5.06863
7 4.13176
8 68.4208
9 8.40601
10 4.3979
11 4.3186
12 3.85568
13 9.08905
14 3.81399
15 3.81965
16 11.0379
17 3.75811
18 3.81682
19 3.76711
20 3.1252
21 8.43803
22 3.22618
23 3.84801
24 3.83873
25 3.51714
26 3.37577
27 3.29081
28 3.40628
29 3.35409
"[DEBUG]index 49 centroid... "
0 6.6974
1 6.72931
2 6.09693
3 6.28487
4 5.89834
5 5.72813
6 6.36407
7 4.45863
8 29.2447
9 7.57092
10 3.69149
11 2.12057
12 4.08274
13 3.04492
14 15.6277
15 3.06028
16 4.43972
17 1.96217
18 1.09102
19 1.61702
20 3.53073
21 3.46927
22 1.43144
23 4.01182
24 4.14184
25 3.33688
26 3.79314
27 3.84043
28 3.8026
29 3.91253
"[DEBUG]index 50 centroid... "
0 5.33946
1 5.04334
2 4.72105
3 4.94938
4 4.54837
5 5.01179
6 5.1862
7 3.8672
8 42.5893
9 10.2568
10 4.15534
11 14.694
12 14.9738
13 3.2663
14 13.9381
15 4.22677
16 4.12448
17 12.7798
18 3.26248
19 4.38696
20 2.23561
21 3.55479
22 11.9329
23 4.07975
24 4.29612
25 4.48977
26 4.07351
27 3.64754
28 3.82021
29 3.98214
"[DEBUG]index 51 centroid... "
0 3.98516
1 3.66379
2 3.29763
3 3.51133
4 3.28063
5 3.3945
6 4.09687
7 3.1163
8 32.0637
9 5.67053
10 11.9436
11 3.61819
12 1.89261
13 3.28656
14 10.1128
15 2.84512
16 3.90556
17 3.20399
18 13.2051
19 2.81328
20 10.5089
21 2.76929
22 11.1044
23 3.57528
24 3.59687
25 3.67053
26 3.31894
27 3.21749
28 3.43632
29 3.03913
"[DEBUG]index 52 centroid... "
0 7.09306
1 6.79025
2 5.76186
3 5.87483
4 5.86651
5 6.06942
6 6.11863
7 4.76498
8 37.8399
9 11.2692
10 4.49056
11 16.5888
12 4.49338
13 2.17526
14 4.80229
15 3.84599
16 15.095
17 4.45027
18 2.2878
19 4.79515
20 1.65334
21 3.73212
22 1.92389
23 4.84005
24 4.5747
25 4.03226
26 4.1763
27 4.24335
28 4.13364
29 4.10153
"[DEBUG]index 53 centroid... "
0 4.21457
1 2.97166
2 3.82186
3 3.83806
4 3.62753
5 3.0081
6 3.45344
7 1.91903
8 15.1457
9 5.11336
10 3.17814
11 1.57895
12 0.931174
13 0.744939
14 1.23077
15 3.48988
16 1.17814
17 1.74494
18 3.42105
19 4.77328
20 14.7571
21 6.01619
22 2.61134
23 4.38462
24 4.06883
25 2.80972
26 4.25506
27 4.03644
28 4.02024
29 3.42915
"[DEBUG]index 54 centroid... "
0 8.01111
1 8.71111
2 6.97778
3 7.11111
4 5.96111
5 6.41111
6 5.7
7 4.92222
8 16.7722
9 8.17778
10 3.76667
11 12.1611
12 3.73333
13 2.21667
14 2.21111
15 6.13889
16 1.81667
17 2.12222
18 1.08333
19 0.672222
20 1.18889
21 2.07222
22 4.16667
23 3.73333
24 4.65556
25 4.31111
26 4.23889
27 4.37778
28 4.51667
29 4.91667
"[DEBUG]index 55 centroid... "
0 3.85
1 3.83529
2 3.05294
3 3.66765
4 3.54412
5 3.40294
6 4.12059
7 2.40588
8 15.7794
9 6.75294
10 2.90294
11 7.84412
12 7.86176
13 2.35882
14 1.34412
15 3.17647
16 1.57647
17 0.738235
18 1.60294
19 2.83529
20 6.05294
21 16.5382
22 5.87941
23 3.48235
24 3.71765
25 3.59118
26 3.3
27 3.11765
28 2.76471
29 3.55882
"[DEBUG]index 56 centroid... "
0 5.96861
1 5.43083
2 5.13833
3 5.36222
4 4.47056
5 5.38278
6 5.72806
7 4.01583
8 34.9108
9 9.30028
10 4.38444
11 14.7531
12 3.2175
13 12.5469
14 4.58528
15 3.73889
16 12.9656
17 14.96
18 3.655
19 2.16556
20 4.02278
21 1.60528
22 4.04917
23 3.91528
24 3.92556
25 4.45806
26 3.74583
27 3.74611
28 3.50694
29 3.43417
"[DEBUG]index 57 centroid... "
0 3.46888
1 3.63322
2 3.36294
3 3.23077
4 3.17727
5 3.29021
6 3.95664
7 3.33357
8 12.8402
9 31.4192
10 9.58811
11 6.28392
12 3.60455
13 2.03462
14 2.64091
15 5.55489
16 17.4084
17 5.11189
18 6.86783
19 3.02517
20 1.75979
21 2.57238
22 4.99161
23 2.9049
24 3.53217
25 3.06748
26 2.85629
27 2.88112
28 2.45839
29 2.47902
"[DEBUG]index 58 centroid... "
0 5.57329
1 5.18913
2 4.43168
3 4.76366
4 4.38137
5 5.19689
6 6.00901
7 4.26832
8 35.8587
9 6.66832
10 4.36087
11 2.30186
12 3.88882
13 11.018
14 3.56087
15 16.3857
16 15.2655
17 3.38137
18 14.8298
19 3.50311
20 4.29503
21 1.97981
22 4.02267
23 5.2295
24 4.42143
25 4.46988
26 4.25994
27 3.97019
28 3.94907
29 3.8146
"[DEBUG]index 59 centroid... "
0 4.48669
1 4.37136
2 3.67825
3 3.93735
4 4.10158
5 4.10139
6 4.55097
7 2.63878
8 31.771
9 7.76245
10 4.47601
11 4.58338
12 11.6712
13 3.47746
14 9.0641
15 3.63281
16 10.7677
17 4.56129
18 4.50625
19 7.54735
20 35.9354
21 8.53685
22 4.40721
23 4.60456
24 4.68242
25 3.77621
26 4.22904
27 3.73493
28 4.18305
29 3.67916
"[DEBUG]index 60 centroid... "
0 3.38286
1 3.32714
2 3.40714
3 3.32929
4 3.26
5 3.48571
6 3.96857
7 3.61643
8 16.8736
9 4.56429
10 19.465
11 6.33286
12 6.63143
13 18.6771
14 5.39286
15 18.2521
16 5.64429
17 6.06571
18 3.03786
19 1.92143
20 1.64857
21 2.60929
22 5.46929
23 2.86429
24 2.62143
25 2.93286
26 2.71714
27 2.54429
28 2.515
29 2.445
"[DEBUG]index 61 centroid... "
0 3.53159
1 3.12696
2 2.95826
3 3.16928
4 2.90725
5 3.47246
6 3.93797
7 2.9913
8 20.6348
9 6.42609
10 3.73797
11 2.43304
12 3.55188
13 9.14551
14 3.63478
15 2.16754
16 4.04638
17 3.62435
18 7.17913
19 23.6748
20 5.23536
21 23.0771
22 8.8713
23 3.89449
24 4.06319
25 3.71304
26 3.8742
27 4.20116
28 4.26609
29 4.21565
"[DEBUG]index 62 centroid... "
0 5.8904
1 5.5511
2 4.96233
3 4.90491
4 4.46527
5 5.55789
6 5.24606
7 3.82711
8 34.9762
9 9.10651
10 4.5477
11 2.45014
12 4.90584
13 2.1059
14 4.13492
15 15.8651
16 3.7385
17 15.4659
18 3.69373
19 14.1766
20 3.54183
21 2.24977
22 2.22106
23 4.41741
24 4.62427
25 4.94566
26 4.39827
27 4.60852
28 3.86724
29 4.18493
"[DEBUG]index 63 centroid... "
0 2.11045
1 2.3097
2 1.81567
3 1.69925
4 1.81269
5 2.33582
6 2.32687
7 2.27239
8 10.2731
9 5.73134
10 3.33507
11 3.10597
12 5.17463
13 5.86716
14 3.05522
15 6.15448
16 9.70746
17 21.7866
18 19.8433
19 17.4269
20 20.8007
21 11.0321
22 5.45299
23 2.6306
24 3.28806
25 2.81418
26 3.13582
27 3.04627
28 3.27239
29 2.42985
"[DEBUG]index 64 centroid... "
0 4.68987
1 4.27882
2 3.92192
3 4.09245
4 3.78821
5 4.04015
6 4.65175
7 3.64457
8 41.5945
9 7.63794
10 13.709
11 3.57164
12 14.0355
13 3.72026
14 3.53573
15 12.5164
16 3.35783
17 13.3556
18 12.2681
19 3.41436
20 12.2376
21 3.39558
22 11.181
23 4.44715
24 4.15617
25 4.26464
26 3.87072
27 4.03168
28 3.53094
29 3.42431
"[DEBUG]index 65 centroid... "
0 3.72978
1 3.39345
2 3.63671
3 3.34724
4 3.15404
5 3.1181
6 3.97433
7 2.92747
8 19.0026
9 4.18999
10 21.7394
11 5.39987
12 3.12709
13 1.81386
14 2.5905
15 8.33119
16 2.62067
17 1.55199
18 1.74005
19 1.44994
20 2.49551
21 5.89987
22 7.28691
23 2.69063
24 2.89217
25 2.68357
26 2.55263
27 2.50963
28 2.83825
29 2.59756
"[DEBUG]index 66 centroid... "
0 4.50269
1 4.13488
2 3.66818
3 3.94001
4 3.78362
5 3.70873
6 5.11709
7 3.75176
8 39.4377
9 6.99379
10 13.7389
11 4.18535
12 14.0149
13 3.38602
14 12.1216
15 3.0182
16 12.6194
17 3.29913
18 12.9441
19 12.9872
20 3.5602
21 11.2727
22 13.0662
23 3.9789
24 4.45635
25 3.96276
26 3.66694
27 3.83409
28 3.95408
29 3.75672
"[DEBUG]index 67 centroid... "
0 4.8459
1 5.09344
2 4.15574
3 4.05902
4 3.45246
5 3.96066
6 3.62787
7 2.7541
8 17.9541
9 6.84098
10 3.33115
11 10.9377
12 2.95738
13 1.38033
14 1.05082
15 1.55246
16 3.8377
17 3.02295
18 5.83934
19 19.9377
20 6.39016
21 3.28033
22 1.63934
23 3.50984
24 3.5377
25 3.92951
26 3.88852
27 4.16393
28 4.26393
29 3.50492
"[DEBUG]index 68 centroid... "
0 4.72016
1 4.79323
2 4.31009
3 4.23542
4 4.38605
5 4.11677
6 4.78556
7 3.34062
8 34.1929
9 9.12574
10 5.17233
11 9.24989
12 39.8767
13 6.22891
14 4.45218
15 4.02474
16 8.76588
17 8.17552
18 3.20185
19 8.39633
20 3.80451
21 3.32846
22 2.10114
23 3.57401
24 3.43452
25 3.13052
26 3.1227
27 3.27246
28 3.00622
29 2.99696
"[DEBUG]index 69 centroid... "
0 3.70397
1 3.04091
2 3.13718
3 3.23827
4 3.07822
5 3.74248
6 3.91095
7 4.07702
8 18.4392
9 5.18773
10 20.1588
11 6.81949
12 4.10349
13 8.74128
14 5.1083
15 21.8989
16 7.15162
17 6.56679
18 23.5367
19 7.96631
20 7.2503
21 21.4922
22 6.13237
23 3.97353
24 4.46931
25 4.18291
26 4.64501
27 3.99639
28 4.0698
29 3.58965
"[DEBUG]index 70 centroid... "
0 3.6149
1 3.64099
2 3.03487
3 3.47993
4 2.88359
5 3.33818
6 3.97316
7 2.96989
8 22.44
9 28.9942
10 6.07225
11 3.49699
12 2.97265
13 7.71651
14 2.16081
15 2.9719
16 1.56899
17 2.60186
18 7.31259
19 6.61591
20 2.41596
21 1.49523
22 2.44305
23 2.35248
24 2.43904
25 2.38786
26 2.43853
27 2.5133
28 2.46663
29 2.36553
"[DEBUG]index 71 centroid... "
0 4.47845
1 4.55684
2 3.97898
3 4.02873
4 4.17038
5 4.14367
6 4.63793
7 3.41549
8 40.5698
9 8.14541
10 3.73927
11 3.90493
12 4.00656
13 1.53177
14 3.67766
15 1.58654
16 3.85855
17 1.66136
18 3.59069
19 1.69222
20 3.22804
21 2.72867
22 14.3157
23 3.53206
24 3.90599
25 3.78353
26 3.80966
27 3.46158
28 3.58451
29 3.65105
"[DEBUG]index 72 centroid... "
0 5.60496
1 4.74861
2 4.65355
3 4.85186
4 4.77977
5 4.63427
6 5.4497
7 4.29865
8 36.6623
9 7.03301
10 16.042
11 3.87589
12 16.6615
13 3.82942
14 11.5965
15 13.8286
16 3.69659
17 1.86269
18 3.47056
19 1.56905
20 3.26802
21 1.44653
22 3.09348
23 3.73858
24 3.17454
25 2.91629
26 3.01083
27 2.82651
28 2.92395
29 2.71455
"[DEBUG]index 73 centroid... "
0 3.36562
1 3.27161
2 3.22697
3 3.33618
4 2.97721
5 3.33428
6 3.84141
7 3.1358
8 17.3267
9 3.92972
10 18.8832
11 7.49003
12 4.20133
13 6.94777
14 19.9658
15 4.78253
16 3.39886
17 2.151
18 3.2925
19 5.85375
20 17.1937
21 6.10826
22 3.01899
23 3.64198
24 3.18519
25 2.89649
26 2.65527
27 3.03989
28 3.24027
29 2.98765
"[DEBUG]index 74 centroid... "
0 3.5467
1 3.54058
2 3.58021
3 3.54874
4 3.2021
5 3.27932
6 3.28136
7 2.79892
8 17.7561
9 4.89611
10 10.9848
11 31.641
12 11.3421
13 4.71368
14 3.51756
15 1.76264
16 1.91359
17 2.34562
18 4.80023
19 2.65438
20 1.73204
21 2.49512
22 4.23561
23 2.26504
24 2.30788
25 2.26883
26 2.44062
27 2.35014
28 2.38321
29 2.36311
"[DEBUG]index 75 centroid... "
0 4.36299
1 4.71174
2 4.16548
3 4.18683
4 3.83274
5 4.20107
6 3.91993
7 2.49644
8 20.3897
9 7.41281
10 2.99288
11 1.72064
12 3.74199
13 1.59609
14 0.870107
15 1.48221
16 2.46085
17 11.9413
18 3.18327
19 1.46085
20 3.16904
21 10.5178
22 2.71708
23 3.5694
24 3.88968
25 4.20819
26 4.01424
27 4.08719
28 3.75445
29 3.72242
"[DEBUG]index 76 centroid... "
0 3.5461
1 3.19585
2 2.91637
3 3.13438
4 3.46819
5 3.48106
6 3.71051
7 3.55683
8 13.2123
9 5.91994
10 3.33238
11 5.82487
12 15.3846
13 5.401
14 10.7084
15 27.4575
16 11.0843
17 4.9128
18 3.24518
19 3.17655
20 1.67691
21 1.09364
22 1.41029
23 2.52252
24 2.4782
25 2.47462
26 2.34167
27 2.29878
28 2.13796
29 2.21087
"[DEBUG]index 77 centroid... "
0 4.23698
1 4.32632
2 3.55334
3 4.16046
4 3.75477
5 4.39545
6 4.69303
7 3.90469
8 37.7838
9 9.20313
10 3.86458
11 13.4518
12 4.34936
13 3.51579
14 12.2569
15 12.4913
16 3.83186
17 13.5915
18 3.34452
19 12.6612
20 11.8304
21 3.40569
22 13.2694
23 4.54566
24 4.21622
25 4.38151
26 3.82276
27 3.92603
28 3.93371
29 3.60768
"[DEBUG]index 78 centroid... "
0 2.80369
1 2.77847
2 2.72095
3 2.72969
4 2.83484
5 3.00544
6 3.21765
7 2.65626
8 12.4371
9 5.60631
10 3.45929
11 6.19507
12 10.4728
13 36.4919
14 10.1034
15 5.60598
16 3.09766
17 5.07203
18 2.19268
19 2.49143
20 2.32364
21 4.39039
22 2.34589
23 2.35363
24 2.25902
25 2.12296
26 2.04747
27 2.0417
28 2.04788
29 2.11019
"[DEBUG]index 79 centroid... "
0 4.59677
1 4.59409
2 4.26882
3 4.33199
4 3.46505
5 3.74597
6 4.32258
7 3.00672
8 22.1089
9 7.16935
10 2.8871
11 4.20027
12 1.13172
13 3.33871
14 1.25806
15 0.607527
16 1.27554
17 2.86559
18 12.0901
19 2.65457
20 3.3414
21 3.01344
22 2.56317
23 3.07796
24 3.19624
25 3.14382
26 3.73656
27 3.5672
28 3.41935
29 3.6371
"[DEBUG]index 80 centroid... "
0 6.7185
1 6.52015
2 5.42109
3 5.66843
4 5.75774
5 6.06046
6 6.15783
7 4.46076
8 34.566
9 8.64107
10 4.66695
11 2.25011
12 4.02991
13 15.0492
14 3.78787
15 4.1381
16 1.59992
17 4.04879
18 3.62304
19 1.4616
20 1.58973
21 3.09992
22 1.52567
23 3.92427
24 3.6941
25 3.47879
26 3.81163
27 3.65846
28 3.83432
29 3.68456
"[DEBUG]index 81 centroid... "
0 4.93249
1 4.6416
2 4.32711
3 4.35895
4 4.87761
5 4.83425
6 5.41712
7 4.43139
8 24.8968
9 7.1888
10 4.93359
11 4.43194
12 7.23546
13 27.9813
14 7.69155
15 4.67234
16 5.0472
17 8.43908
18 29.8035
19 7.6169
20 4.34687
21 3.98189
22 2.46048
23 3.78321
24 3.45884
25 3.58727
26 3.42481
27 3.37376
28 3.3831
29 3.11581
"[DEBUG]index 82 centroid... "
0 3.93046
1 4.5149
2 3.4255
3 3.61507
4 3.41722
5 3.45116
6 4.07036
7 3.30464
8 28.2475
9 5.58278
10 10.3783
11 3.26573
12 1.76076
13 2.59354
14 9.4048
15 10.2111
16 3.2856
17 3.19454
18 10.4859
19 9.77815
20 2.20033
21 3.09603
22 1.28974
23 3.60017
24 3.2947
25 2.98344
26 3.29636
27 3.12914
28 2.79553
29 2.63742
"[DEBUG]index 83 centroid... "
0 5.98451
1 5.55672
2 4.54918
3 4.60653
4 5.04437
5 4.84931
6 5.30557
7 3.68397
8 30.4571
9 6.88991
10 4.11469
11 1.85391
12 4.0833
13 1.83257
14 1.928
15 3.45919
16 15.6337
17 4.38928
18 1.87191
19 3.69736
20 12.8397
21 2.74676
22 1.88698
23 4.72206
24 4.83382
25 4.29427
26 4.65216
27 4.35873
28 4.59523
29 3.95228
"[DEBUG]index 84 centroid... "
0 8.57747
1 8.23718
2 7.52451
3 7.69183
4 6.75211
5 7.00451
6 7.02873
7 5.66704
8 27.5887
9 7.31155
10 14.302
11 5.10648
12 2.24732
13 5.36901
14 1.80789
15 2
16 5.43437
17 1.58817
18 4.16225
19 1.84282
20 1.00563
21 1.75211
22 1.83493
23 3.67775
24 3.70423
25 3.78197
26 4.11718
27 3.92563
28 3.95775
29 3.80563
"[DEBUG]index 85 centroid... "
0 2.71083
1 2.57577
2 2.39458
3 2.47877
4 2.23499
5 2.3869
6 2.87958
7 2.37299
8 10.8792
9 23.254
10 7.96486
11 4.92899
12 2.56991
13 1.20022
14 2.35798
15 1.1702
16 2.11933
17 4.61127
18 2.45059
19 2.38507
20 4.23536
21 10.8741
22 3.92313
23 2.36384
24 2.37994
25 2.08382
26 2.05381
27 1.94619
28 2.17753
29 2.38397
"[DEBUG]index 86 centroid... "
0 6.52581
1 6.39483
2 5.53941
3 5.66243
4 5.9817
5 5.82412
6 6.01895
7 4.78515
8 50.5419
9 9.96769
10 3.80826
11 2.15658
12 1.82085
13 3.1425
14 1.54951
15 3.80012
16 1.58426
17 3.75082
18 1.50841
19 3.17535
20 2.87888
21 1.34892
22 3.12183
23 3.38972
24 3.48162
25 3.75171
26 3.9861
27 4.07971
28 4.04307
29 4.08934
"[DEBUG]index 87 centroid... "
0 3.72777
1 4.03358
2 3.66878
3 3.24501
4 6.29129
5 3.46189
6 4.48094
7 4.16152
8 30.6987
9 7.08167
10 3.31307
11 15.627
12 10.8158
13 11.4574
14 3.61615
15 2.00454
16 3.92196
17 3.38294
18 3.23866
19 1.33122
20 3.34755
21 12.7668
22 9.94828
23 2.68058
24 3.32486
25 3.09256
26 2.72595
27 3.04356
28 3.13067
29 3.098
"[DEBUG]index 88 centroid... "
0 4.62973
1 4.81675
2 4.25141
3 4.33996
4 3.91094
5 4.23463
6 4.83165
7 3.92961
8 27.6576
9 5.75424
10 29.1971
11 7.19661
12 4.36804
13 2.30091
14 3.81572
15 2.14146
16 4.01644
17 10.7613
18 3.20192
19 8.1567
20 3.7789
21 1.61809
22 3.42884
23 3.1567
24 3.31923
25 3.49666
26 3.40555
27 3.59462
28 3.26306
29 3.14763
"[DEBUG]index 89 centroid... "
0 4.7552
1 4.64383
2 4.29627
3 4.06223
4 3.76435
5 4.33985
6 4.97346
7 4.02529
8 24.8456
9 31.0122
10 5.49892
11 4.02547
12 1.97023
13 2.8038
14 8.58016
15 2.60348
16 8.38343
17 3.67342
18 1.60115
19 2.86101
20 2.74247
21 1.48045
22 2.6727
23 2.83877
24 2.97579
25 2.86065
26 2.87105
27 2.74534
28 2.79609
29 2.77762
"[DEBUG]index 90 centroid... "
0 4.24397
1 3.98922
2 3.60129
3 3.62026
4 3.88578
5 4.08922
6 4.55862
7 3.27759
8 34.0073
9 5.94138
10 14.2612
11 3.32845
12 13.7547
13 3.09138
14 12.0431
15 3.11509
16 10.2603
17 10.7405
18 3.02457
19 1.85776
20 3.23405
21 8.51595
22 2.55043
23 3.76897
24 3.74871
25 3.45043
26 3.01078
27 3.04526
28 3.07672
29 3.28233
"[DEBUG]index 91 centroid... "
0 3.82546
1 4.05918
2 3.32875
3 3.99163
4 3.4991
5 4.05678
6 4.51106
7 3.62164
8 30.569
9 6.32696
10 3.71488
11 2.05678
12 3.28811
13 10.7639
14 2.80215
15 14.1423
16 3.27615
17 14.3987
18 3.19964
19 12.9384
20 3.10341
21 10.7531
22 11.8273
23 4.14943
24 4.50568
25 4.19964
26 3.6043
27 4.05081
28 3.74178
29 3.69516
"[DEBUG]index 92 centroid... "
0 4.06621
1 3.77232
2 3.51495
3 3.68689
4 3.66104
5 4.04144
6 4.29154
7 3.58052
8 21.8172
9 7.36074
10 3.99872
11 8.83746
12 3.99551
13 8.05489
14 26.2053
15 5.31974
16 27.4487
17 7.94789
18 8.13968
19 3.66382
20 3.6085
21 3.17471
22 6.77937
23 3.52777
24 3.81974
25 3.39684
26 3.32999
27 2.99338
28 3.27488
29 2.98249
"[DEBUG]index 93 centroid... "
0 4.19338
1 4.11419
2 3.68384
3 4.21978
4 3.81202
5 4.0194
6 4.39059
7 3.76749
8 24.8012
9 7.58015
10 7.53372
11 29.3642
12 9.21215
13 4.31011
14 7.57602
15 27.4978
16 6.68639
17 4.26749
18 7.87786
19 3.17271
20 7.97042
21 3.1444
22 8.19752
23 3.95897
24 3.84351
25 3.66667
26 3.41826
27 3.56552
28 3.31011
29 3.52195
"[DEBUG]index 94 centroid... "
0 5.38192
1 5.06175
2 4.68293
3 4.80894
4 4.49032
5 5.03368
6 5.17441
7 3.76152
8 37.0687
9 7.23364
10 13.2735
11 14.5621
12 3.74584
13 12.2793
14 13.4743
15 3.23635
16 2.09156
17 3.45122
18 3.15815
19 1.64266
20 2.94193
21 3.18506
22 2.88773
23 3.18428
24 3.00639
25 2.99206
26 3.05459
27 2.89237
28 2.84185
29 2.84224
"[DEBUG]index 95 centroid... "
0 4.85368
1 5.19404
2 4.28867
3 4.87197
4 4.12604
5 4.31252
6 4.82386
7 3.82187
8 31.0139
9 6.50298
10 12.9757
11 4.32843
12 1.93479
13 3.99523
14 1.68748
15 3.90418
16 14.0557
17 3.15825
18 13.0581
19 12.0489
20 3.24135
21 2.00358
22 4.00915
23 3.93121
24 4.20875
25 4.27237
26 4.37813
27 4.08111
28 3.92087
29 3.7165
"[DEBUG]index 96 centroid... "
0 4.87691
1 4.74912
2 3.86604
3 4.27115
4 4.3064
5 4.64953
6 5.14336
7 3.57139
8 43.218
9 7.71152
10 4.55053
11 4.21005
12 15.178
13 10.6912
14 3.54877
15 14.8299
16 4.20123
17 2.151
18 3.59195
19 13.5138
20 3.92098
21 3.87573
22 13.7744
23 4.52145
24 4.35958
25 4.55846
26 4.04994
27 4.32697
28 3.82344
29 4.28525
"[DEBUG]index 97 centroid... "
0 4.24959
1 4.69602
2 4.05826
3 4.18139
4 4.04666
5 4.44147
6 4.98454
7 4.00248
8 36.3658
9 9.00635
10 4.30591
11 15.561
12 3.4735
13 11.3263
14 4.22087
15 3.75318
16 2.17283
17 3.69078
18 3.81778
19 13.9379
20 3.53948
21 12.0237
22 13.4197
23 4.07703
24 4.25318
25 4.00883
26 4.21507
27 4.42932
28 4.16234
29 3.85229
"[DEBUG]index 98 centroid... "
0 4.1814
1 3.87508
2 3.48106
3 3.58007
4 3.14684
5 3.76013
6 4.02924
7 3.13156
8 20.1561
9 6.67841
10 3.49701
11 7.81794
12 7.66977
13 3.22857
14 7.44983
15 24.9296
16 5.59668
17 21.2645
18 20.9668
19 5.98804
20 7.61262
21 3.90631
22 2.10365
23 3.76744
24 3.68571
25 3.37874
26 3.70033
27 3.12425
28 3.01728
29 3.00997
"[DEBUG]index 99 centroid... "
0 4.31734
1 4.1743
2 3.56237
3 3.76649
4 3.672
5 3.79746
6 4.29141
7 3.04999
8 30.2711
9 8.91616
10 4.89729
11 4.61783
12 9.61654
13 3.94152
14 2.09651
15 4.43863
16 3.93316
17 7.95318
18 34.9863
19 8.55906
20 4.11899
21 10.5153
22 3.73999
23 4.05546
24 4.10141
25 3.97191
26 4.21881
27 4.36114
28 4.14909
29 3.69476
