"[DEBUG]index 0 centroid... "
0 0.303182
1 0.303434
2 0.405707
3 0.179859
4 0.306061
5 0.181576
6 0.0642525
7 0.27095
8 0.243646
9 0.108525
10 0.267242
11 0.191414
12 0.156737
13 0.216838
14 0.0527374
15 -0.0451414
16 0.0888081
17 0.126172
18 0.18902
19 0.124242
20 0.218758
21 0.0223838
22 0.185869
23 0.243394
24 0.293505
25 0.268677
26 0.275323
27 0.297748
28 0.409495
29 0.294727
"[DEBUG]index 1 centroid... "
0 0.328977
1 0.36267
2 0.324216
3 0.18975
4 0.0859886
5 0.109295
6 0.0893069
7 0.0801704
8 0.178273
9 0.200625
10 0.235341
11 0.237705
12 0.350489
13 0.111875
14 0.265318
15 0.202307
16 0.256705
17 0.345818
18 0.189682
19 0.420523
20 0.181125
21 0.439477
22 0.343227
23 0.327057
24 0.245625
25 0.257045
26 0.322591
27 0.211341
28 0.149386
29 0.131057
"[DEBUG]index 2 centroid... "
0 0.17376
1 0.183156
2 0.176572
3 0.190165
4 0.198451
5 0.160549
6 0.27536
7 0.213405
8 0.168235
9 0.236759
10 0.179364
11 0.139296
12 0.173944
13 0.165895
14 0.263622
15 0.14044
16 0.126279
17 0.171432
18 0.0909195
19 0.179212
20 0.184237
21 0.124531
22 0.172325
23 0.116445
24 0.178914
25 0.218032
26 0.182258
27 0.166754
28 0.137071
29 0.1798
"[DEBUG]index 3 centroid... "
0 -0.00309757
1 0.0280488
2 0.383024
3 0.101878
4 0.621561
5 0.441268
6 0.226512
7 0.374707
8 0.278902
9 0.430415
10 0.25761
11 0.240098
12 0.282268
13 0.413415
14 0.165951
15 0.129512
16 0.300805
17 0.321707
18 0.448756
19 0.341488
20 0.369976
21 0.0272683
22 0.344683
23 0.284341
24 0.33939
25 0.488512
26 0.290927
27 0.282902
28 0.448049
29 0.413024
"[DEBUG]index 4 centroid... "
0 0.190185
1 0.197494
2 0.189295
3 0.197693
4 0.196707
5 0.166218
6 0.195606
7 0.205789
8 0.128591
9 0.157807
10 0.207738
11 0.172107
12 0.212153
13 0.211048
14 0.193433
15 0.155591
16 0.2226
17 0.196832
18 0.188299
19 0.2368
20 0.204828
21 0.140814
22 0.179434
23 0.207435
24 0.215255
25 0.200657
26 0.181184
27 0.171495
28 0.174011
29 0.157846
"[DEBUG]index 5 centroid... "
0 0.193806
1 0.228169
2 0.206771
3 0.197437
4 0.204499
5 0.195225
6 0.213885
7 0.259029
8 0.177505
9 0.154198
10 0.209139
11 0.17975
12 0.164195
13 0.230157
14 0.200325
15 0.199572
16 0.199227
17 0.228766
18 0.190676
19 0.144552
20 0.183118
21 0.198481
22 0.2014
23 0.204795
24 0.203867
25 0.213168
26 0.220411
27 0.188982
28 0.229735
29 0.193882
"[DEBUG]index 6 centroid... "
0 0.207344
1 0.216482
2 0.153679
3 0.18407
4 0.184261
5 0.183323
6 0.243419
7 0.172271
8 0.147271
9 0.196121
10 0.135973
11 0.144618
12 0.237328
13 0.189898
14 0.158845
15 0.194852
16 0.205869
17 0.196852
18 0.237101
19 0.22023
20 0.245383
21 0.206625
22 0.207538
23 0.245718
24 0.236549
25 0.215055
26 0.247313
27 0.218872
28 0.236343
29 0.220519
"[DEBUG]index 7 centroid... "
0 0.0811097
1 0.0890929
2 0.189089
3 0.137266
4 0.0691055
5 0.190025
6 0.0954895
7 0.0770844
8 0.117477
9 0.152228
10 0.196017
11 0.215958
12 0.21581
13 0.25838
14 0.196173
15 0.292468
16 0.206502
17 0.278084
18 0.290173
19 0.254933
20 0.29243
21 0.308156
22 0.265869
23 0.339004
24 0.304262
25 0.263578
26 0.288173
27 0.208473
28 0.184177
29 0.11516
"[DEBUG]index 8 centroid... "
0 0.197976
1 0.191519
2 0.20545
3 0.207462
4 0.211639
5 0.185697
6 0.196982
7 0.195513
8 0.155
9 0.199724
10 0.210426
11 0.211838
12 0.208185
13 0.180998
14 0.155859
15 0.130881
16 0.155891
17 0.170289
18 0.207083
19 0.223207
20 0.181386
21 0.211173
22 0.208983
23 0.188815
24 0.189465
25 0.202459
26 0.203018
27 0.201957
28 0.206955
29 0.216398
"[DEBUG]index 9 centroid... "
0 0.2021
1 0.210065
2 0.183893
3 0.194583
4 0.208682
5 0.186849
6 0.237608
7 0.211414
8 0.149724
9 0.177377
10 0.214155
11 0.165888
12 0.24159
13 0.256556
14 0.208843
15 0.206711
16 0.251304
17 0.267475
18 0.217565
19 0.179756
20 0.245413
21 0.23911
22 0.257203
23 0.233713
24 0.253197
25 0.212058
26 0.231572
27 0.228215
28 0.197847
29 0.215862
"[DEBUG]index 10 centroid... "
0 0.180525
1 0.190553
2 0.20128
3 0.194237
4 0.184739
5 0.168434
6 0.183264
7 0.197216
8 0.107905
9 0.19256
10 0.206466
11 0.216423
12 0.215508
13 0.175511
14 0.226006
15 0.195883
16 0.191471
17 0.184408
18 0.182473
19 0.219979
20 0.192418
21 0.18224
22 0.143748
23 0.166088
24 0.167716
25 0.186211
26 0.186985
27 0.179755
28 0.204321
29 0.209424
"[DEBUG]index 11 centroid... "
0 0.17209
1 0.143575
2 0.192145
3 0.185638
4 0.193795
5 0.189328
6 0.22176
7 0.176461
8 0.150206
9 0.15134
10 0.125977
11 0.153417
12 0.197762
13 0.167537
14 0.169694
15 0.145282
16 0.153
17 0.137075
18 0.195469
19 0.126299
20 0.144932
21 0.205601
22 0.188937
23 0.167034
24 0.170259
25 0.177979
26 0.171252
27 0.198287
28 0.186346
29 0.202128
"[DEBUG]index 12 centroid... "
0 0.201564
1 0.202591
2 0.193438
3 0.19927
4 0.205246
5 0.176246
6 0.205979
7 0.21676
8 0.134514
9 0.166482
10 0.205803
11 0.194829
12 0.196442
13 0.199354
14 0.208416
15 0.170851
16 0.137586
17 0.213047
18 0.220244
19 0.168142
20 0.21305
21 0.199545
22 0.175804
23 0.195122
24 0.203539
25 0.194788
26 0.191319
27 0.186915
28 0.210889
29 0.20271
"[DEBUG]index 13 centroid... "
0 0.190794
1 0.201693
2 0.191534
3 0.204029
4 0.181032
5 0.218149
6 0.202952
7 0.186738
8 0.101156
9 0.0861661
10 0.0343489
11 0.0373919
12 0.107115
13 0.170009
14 0.182368
15 0.233266
16 0.206858
17 0.134155
18 0.182046
19 0.20404
20 0.141103
21 0.200828
22 0.239073
23 0.226821
24 0.222191
25 0.221301
26 0.205635
27 0.249555
28 0.232073
29 0.265684
"[DEBUG]index 14 centroid... "
0 0.215509
1 0.207456
2 0.207006
3 0.267081
4 0.269899
5 0.232038
6 0.266286
7 0.288053
8 0.152105
9 0.23966
10 0.205525
11 0.257051
12 0.226689
13 0.193543
14 0.23357
15 0.22446
16 0.187529
17 0.214888
18 0.208271
19 0.243781
20 0.339339
21 0.256953
22 0.230747
23 0.252578
24 0.220462
25 0.252949
26 0.237914
27 0.246594
28 0.14126
29 0.232506
"[DEBUG]index 15 centroid... "
0 0.191974
1 0.193673
2 0.173962
3 0.169791
4 0.190344
5 0.212011
6 0.194952
7 0.226815
8 0.162269
9 0.127458
10 0.187291
11 0.191086
12 0.186933
13 0.16593
14 0.173736
15 0.209692
16 0.182796
17 0.188316
18 0.188319
19 0.192888
20 0.196088
21 0.201634
22 0.186405
23 0.206989
24 0.2137
25 0.219387
26 0.233568
27 0.22487
28 0.228573
29 0.239016
"[DEBUG]index 16 centroid... "
0 0.189123
1 0.167422
2 0.182312
3 0.217059
4 0.19837
5 0.160678
6 0.172381
7 0.173856
8 0.119852
9 0.160536
10 0.196856
11 0.180476
12 0.179636
13 0.174953
14 0.193795
15 0.216218
16 0.202615
17 0.222871
18 0.202003
19 0.169222
20 0.199877
21 0.192654
22 0.203527
23 0.212264
24 0.206345
25 0.186862
26 0.159997
27 0.177662
28 0.172022
29 0.176189
"[DEBUG]index 17 centroid... "
0 0.212502
1 0.19705
2 0.213307
3 0.220633
4 0.207434
5 0.179982
6 0.232816
7 0.237619
8 0.14868
9 0.222119
10 0.230759
11 0.195897
12 0.215292
13 0.248385
14 0.225018
15 0.184261
16 0.245793
17 0.223903
18 0.17035
19 0.233605
20 0.251794
21 0.182068
22 0.202666
23 0.223052
24 0.207529
25 0.195078
26 0.202937
27 0.184078
28 0.190732
29 0.201851
"[DEBUG]index 18 centroid... "
0 0.210303
1 0.187877
2 0.210523
3 0.214811
4 0.191885
5 0.18703
6 0.242889
7 0.195615
8 0.165676
9 0.227272
10 0.222032
11 0.171652
12 0.221866
13 0.192239
14 0.184021
15 0.249367
16 0.228299
17 0.159552
18 0.196322
19 0.2221
20 0.187311
21 0.189715
22 0.227422
23 0.246253
24 0.219641
25 0.216045
26 0.214734
27 0.197868
28 0.202185
29 0.209927
"[DEBUG]index 19 centroid... "
0 0.201719
1 0.217767
2 0.215783
3 0.210887
4 0.213126
5 0.2211
6 0.193549
7 0.164062
8 0.170052
9 0.17945
10 0.231619
11 0.200151
12 0.227895
13 0.189129
14 0.195422
15 0.162316
16 0.242348
17 0.189311
18 0.143273
19 0.191114
20 0.196632
21 0.194119
22 0.174113
23 0.254031
24 0.203305
25 0.166518
26 0.221996
27 0.229174
28 0.23337
29 0.178072
"[DEBUG]index 20 centroid... "
0 0.193465
1 0.237975
2 0.279032
3 0.171369
4 0.296664
5 0.267938
6 0.320705
7 0.346081
8 0.303762
9 0.200686
10 0.262665
11 0.259747
12 0.232611
13 0.248361
14 0.197231
15 0.281331
16 0.249174
17 0.244378
18 0.274329
19 0.321043
20 0.297569
21 0.272635
22 0.260777
23 0.216291
24 0.248047
25 0.29911
26 0.30782
27 0.287696
28 0.322836
29 0.233849
"[DEBUG]index 21 centroid... "
0 0.20768
1 0.200951
2 0.205551
3 0.215542
4 0.215768
5 0.192736
6 0.216596
7 0.199696
8 0.147272
9 0.209738
10 0.228308
11 0.179584
12 0.209375
13 0.216943
14 0.197361
15 0.22639
16 0.210625
17 0.202443
18 0.229107
19 0.224599
20 0.212255
21 0.239304
22 0.229075
23 0.223714
24 0.22834
25 0.220107
26 0.219059
27 0.210357
28 0.209937
29 0.210096
"[DEBUG]index 22 centroid... "
0 0.194643
1 0.210919
2 0.197309
3 0.195571
4 0.188671
5 0.184114
6 0.209436
7 0.193213
8 0.136222
9 0.1932
10 0.21986
11 0.168619
12 0.171076
13 0.233093
14 0.17898
15 0.132321
16 0.199247
17 0.214307
18 0.20326
19 0.214259
20 0.21579
21 0.199289
22 0.199454
23 0.212068
24 0.223156
25 0.210898
26 0.228251
27 0.22509
28 0.222896
29 0.230646
"[DEBUG]index 23 centroid... "
0 0.211645
1 0.205807
2 0.212712
3 0.215731
4 0.206112
5 0.182684
6 0.196816
7 0.209324
8 0.14636
9 0.182995
10 0.209949
11 0.161832
12 0.178839
13 0.160355
14 0.105519
15 0.205181
16 0.213494
17 0.179176
18 0.191147
19 0.188062
20 0.18879
21 0.216343
22 0.223447
23 0.203645
24 0.217745
25 0.216516
26 0.224062
27 0.22918
28 0.21451
29 0.219575
"[DEBUG]index 24 centroid... "
0 0.187183
1 0.190476
2 0.193933
3 0.213909
4 0.209481
5 0.172368
6 0.215705
7 0.203397
8 0.136535
9 0.211542
10 0.231254
11 0.172326
12 0.172044
13 0.16837
14 0.160326
15 0.160698
16 0.231746
17 0.214015
18 0.159837
19 0.20509
20 0.22445
21 0.196408
22 0.203742
23 0.216926
24 0.22003
25 0.213136
26 0.230675
27 0.224643
28 0.229266
29 0.225396
"[DEBUG]index 25 centroid... "
0 0.17299
1 0.186902
2 0.18396
3 0.199307
4 0.203723
5 0.181527
6 0.21052
7 0.191963
8 0.103685
9 0.0960682
10 0.143344
11 0.190258
12 0.225929
13 0.204357
14 0.201618
15 0.203547
16 0.231637
17 0.220196
18 0.218409
19 0.25171
20 0.242544
21 0.224953
22 0.239869
23 0.233219
24 0.216595
25 0.237192
26 0.230986
27 0.229359
28 0.23614
29 0.207279
"[DEBUG]index 26 centroid... "
0 0.169293
1 0.184486
2 0.121844
3 0.163164
4 0.199099
5 0.200883
6 0.13195
7 0.140016
8 0.0796459
9 0.253872
10 0.249117
11 0.265041
12 0.16018
13 0.0926231
14 0.231666
15 0.257
16 0.232218
17 0.188571
18 0.164761
19 0.18172
20 0.126094
21 0.12145
22 0.179492
23 0.119131
24 0.216831
25 0.174447
26 0.187637
27 0.216604
28 0.201025
29 0.173968
"[DEBUG]index 27 centroid... "
0 0.256511
1 0.1716
2 0.201944
3 0.226798
4 0.214994
5 0.203229
6 0.197736
7 0.186009
8 0.162737
9 0.176999
10 0.159823
11 0.125709
12 0.172405
13 0.191172
14 0.166976
15 0.15299
16 0.202632
17 0.147602
18 0.116942
19 0.163553
20 0.18506
21 0.164285
22 0.159943
23 0.229478
24 0.184084
25 0.150892
26 0.161947
27 0.194436
28 0.194654
29 0.201524
"[DEBUG]index 28 centroid... "
0 0.208818
1 0.234076
2 0.167438
3 0.197578
4 0.202853
5 0.196459
6 0.219091
7 0.200362
8 0.156458
9 0.221674
10 0.18043
11 0.200599
12 0.184596
13 0.152594
14 0.225777
15 0.223153
16 0.188867
17 0.185895
18 0.182308
19 0.183099
20 0.191574
21 0.208534
22 0.206587
23 0.22956
24 0.232881
25 0.237853
26 0.230908
27 0.23209
28 0.241036
29 0.223504
"[DEBUG]index 29 centroid... "
0 0.203456
1 0.228926
2 0.222744
3 0.228275
4 0.207547
5 0.226424
6 0.227084
7 0.203464
8 0.156383
9 0.14003
10 0.139046
11 0.213396
12 0.211161
13 0.152277
14 0.217034
15 0.189204
16 0.173042
17 0.22469
18 0.220886
19 0.19798
20 0.199408
21 0.213443
22 0.201622
23 0.198559
24 0.218312
25 0.233843
26 0.212251
27 0.22561
28 0.217602
29 0.242316
"[DEBUG]index 30 centroid... "
0 0.201353
1 0.184515
2 0.20024
3 0.214559
4 0.204373
5 0.205915
6 0.228168
7 0.197624
8 0.121589
9 0.163262
10 0.19592
11 0.183774
12 0.18825
13 0.182437
14 0.183565
15 0.199223
16 0.159657
17 0.123042
18 0.205218
19 0.166321
20 0.196737
21 0.20636
22 0.16294
23 0.183372
24 0.165673
25 0.157424
26 0.141287
27 0.163327
28 0.170724
29 0.174217
"[DEBUG]index 31 centroid... "
0 0.190653
1 0.192501
2 0.192214
3 0.211325
4 0.214952
5 0.187073
6 0.219592
7 0.234196
8 0.162527
9 0.166394
10 0.194435
11 0.17863
12 0.190868
13 0.230554
14 0.231523
15 0.187192
16 0.207599
17 0.2226
18 0.209293
19 0.223807
20 0.233519
21 0.237689
22 0.251139
23 0.238698
24 0.231077
25 0.233769
26 0.22173
27 0.230496
28 0.224861
29 0.231385
"[DEBUG]index 32 centroid... "
0 0.171967
1 0.229277
2 0.179124
3 0.205277
4 0.180953
5 0.161797
6 0.168403
7 0.169224
8 0.150141
9 0.11897
10 0.195083
11 0.160117
12 0.197706
13 0.256638
14 0.210473
15 0.165193
16 0.162065
17 0.185063
18 0.182844
19 0.196387
20 0.188087
21 0.14298
22 0.13885
23 0.152242
24 0.12992
25 0.180894
26 0.197795
27 0.156241
28 0.173122
29 0.154778
"[DEBUG]index 33 centroid... "
0 0.211162
1 0.174263
2 0.196415
3 0.208364
4 0.21241
5 0.194223
6 0.216355
7 0.186908
8 0.106657
9 0.118409
10 0.115447
11 0.182783
12 0.21586
13 0.184669
14 0.205258
15 0.188244
16 0.210848
17 0.196733
18 0.193678
19 0.210042
20 0.227966
21 0.21121
22 0.212009
23 0.222984
24 0.202545
25 0.231752
26 0.223304
27 0.21197
28 0.198623
29 0.211276
"[DEBUG]index 34 centroid... "
0 0.197242
1 0.197885
2 0.195114
3 0.203527
4 0.223449
5 0.191846
6 0.220425
7 0.212689
8 0.154875
9 0.177615
10 0.215554
11 0.203746
12 0.21717
13 0.192438
14 0.153282
15 0.231314
16 0.223658
17 0.184127
18 0.204696
19 0.212234
20 0.202886
21 0.190494
22 0.181806
23 0.210358
24 0.214527
25 0.206455
26 0.194238
27 0.17682
28 0.214849
29 0.206939
"[DEBUG]index 35 centroid... "
0 0.224321
1 0.185506
2 0.20854
3 0.203704
4 0.177074
5 0.175542
6 0.238744
7 0.197601
8 0.185213
9 0.166468
10 0.161695
11 0.140596
12 0.181515
13 0.220241
14 0.200459
15 0.177756
16 0.19903
17 0.171425
18 0.175307
19 0.189179
20 0.143857
21 0.150734
22 0.238772
23 0.243435
24 0.19519
25 0.208182
26 0.209235
27 0.194977
28 0.200217
29 0.193147
"[DEBUG]index 36 centroid... "
0 0.212027
1 0.215133
2 0.179108
3 0.171354
4 0.198541
5 0.187144
6 0.217314
7 0.248678
8 0.146896
9 0.0827448
10 0.213152
11 0.2198
12 0.172593
13 0.229283
14 0.21651
15 0.193155
16 0.175883
17 0.21777
18 0.204293
19 0.240843
20 0.273321
21 0.257915
22 0.2408
23 0.253724
24 0.253539
25 0.231568
26 0.242294
27 0.223669
28 0.236826
29 0.238449
"[DEBUG]index 37 centroid... "
0 0.190022
1 0.187069
2 0.204598
3 0.205999
4 0.221981
5 0.190557
6 0.204708
7 0.188685
8 0.127488
9 0.172101
10 0.199448
11 0.192389
12 0.215069
13 0.213861
14 0.18759
15 0.239507
16 0.187953
17 0.145528
18 0.183323
19 0.212223
20 0.203362
21 0.193732
22 0.193909
23 0.210083
24 0.19686
25 0.208569
26 0.223146
27 0.222619
28 0.215522
29 0.211689
"[DEBUG]index 38 centroid... "
0 0.19474
1 0.185916
2 0.182026
3 0.207777
4 0.204435
5 0.189167
6 0.199502
7 0.192763
8 0.117062
9 0.183518
10 0.233434
11 0.19042
12 0.195098
13 0.220374
14 0.204677
15 0.180108
16 0.230793
17 0.226166
18 0.171085
19 0.172557
20 0.218572
21 0.18461
22 0.152152
23 0.198404
24 0.20489
25 0.183919
26 0.192734
27 0.191122
28 0.197338
29 0.209807
"[DEBUG]index 39 centroid... "
0 0.206817
1 0.198972
2 0.20874
3 0.234968
4 0.22713
5 0.192328
6 0.233792
7 0.211813
8 0.136333
9 0.211517
10 0.223534
11 0.18596
12 0.203696
13 0.177887
14 0.223438
15 0.188213
16 0.164691
17 0.213636
18 0.159528
19 0.146844
20 0.217756
21 0.21312
22 0.198252
23 0.21178
24 0.216634
25 0.193183
26 0.199067
27 0.216642
28 0.22557
29 0.216331
"[DEBUG]index 40 centroid... "
0 0.165791
1 0.12952
2 0.205692
3 0.224375
4 0.206029
5 0.168581
6 0.260408
7 0.246007
8 0.139284
9 0.160308
10 0.203984
11 0.169127
12 0.228488
13 0.220472
14 0.193171
15 0.201221
16 0.250941
17 0.274822
18 0.315596
19 0.301511
20 0.354006
21 0.298818
22 0.31359
23 0.258021
24 0.293156
25 0.221077
26 0.224347
27 0.262845
28 0.299289
29 0.274029
"[DEBUG]index 41 centroid... "
0 0.202095
1 0.218295
2 0.194496
3 0.195496
4 0.180485
5 0.191145
6 0.190714
7 0.225848
8 0.189682
9 0.142502
10 0.170613
11 0.119974
12 0.151813
13 0.189676
14 0.1565
15 0.162014
16 0.192299
17 0.213348
18 0.222195
19 0.266295
20 0.244665
21 0.261607
22 0.293474
23 0.286
24 0.290179
25 0.28893
26 0.284521
27 0.255262
28 0.276148
29 0.246874
"[DEBUG]index 42 centroid... "
0 0.178066
1 0.175626
2 0.198012
3 0.190939
4 0.181033
5 0.204832
6 0.21099
7 0.254487
8 0.120974
9 0.0865125
10 0.247876
11 0.210633
12 0.16219
13 0.193711
14 0.179963
15 0.192606
16 0.187321
17 0.176471
18 0.194961
19 0.220481
20 0.203341
21 0.219925
22 0.226561
23 0.223627
24 0.252557
25 0.222961
26 0.2202
27 0.216191
28 0.247716
29 0.249065
"[DEBUG]index 43 centroid... "
0 0.172221
1 0.195594
2 0.197973
3 0.209214
4 0.187709
5 0.173142
6 0.20331
7 0.166083
8 0.123055
9 0.180653
10 0.221795
11 0.17771
12 0.222365
13 0.218211
14 0.175706
15 0.202852
16 0.226342
17 0.217223
18 0.236343
19 0.209392
20 0.235298
21 0.219358
22 0.179626
23 0.21511
24 0.212141
25 0.191083
26 0.194821
27 0.19581
28 0.196666
29 0.191419
"[DEBUG]index 44 centroid... "
0 0.172811
1 0.185071
2 0.176634
3 0.204867
4 0.205034
5 0.187888
6 0.205765
7 0.179358
8 0.120922
9 0.120649
10 0.156691
11 0.207848
12 0.230017
13 0.206552
14 0.187082
15 0.182141
16 0.1638
17 0.155149
18 0.143398
19 0.145074
20 0.14689
21 0.177593
22 0.208833
23 0.206016
24 0.194323
25 0.187959
26 0.19309
27 0.186288
28 0.181584
29 0.206775
"[DEBUG]index 45 centroid... "
0 0.180998
1 0.186195
2 0.174823
3 0.199474
4 0.183638
5 0.165167
6 0.195048
7 0.177122
8 0.092638
9 0.110468
10 0.140382
11 0.217196
12 0.186211
13 0.172841
14 0.170506
15 0.150572
16 0.17178
17 0.190731
18 0.202833
19 0.197546
20 0.166193
21 0.184166
22 0.156908
23 0.175843
24 0.196962
25 0.197725
26 0.195259
27 0.179043
28 0.185109
29 0.183304
"[DEBUG]index 46 centroid... "
0 0.210454
1 0.201241
2 0.209146
3 0.215377
4 0.217793
5 0.194998
6 0.225112
7 0.233909
8 0.151399
9 0.179193
10 0.197283
11 0.169254
12 0.192109
13 0.212246
14 0.175051
15 0.197148
16 0.233707
17 0.215469
18 0.18817
19 0.241497
20 0.225777
21 0.183555
22 0.217553
23 0.221787
24 0.206415
25 0.208801
26 0.218209
27 0.216993
28 0.210885
29 0.228202
"[DEBUG]index 47 centroid... "
0 0.191158
1 0.186435
2 0.195898
3 0.212408
4 0.218076
5 0.185014
6 0.227223
7 0.205393
8 0.142623
9 0.207722
10 0.21676
11 0.191312
12 0.225393
13 0.217943
14 0.208243
15 0.183385
16 0.160196
17 0.134226
18 0.133719
19 0.153889
20 0.180739
21 0.209543
22 0.209643
23 0.205812
24 0.198508
25 0.183097
26 0.197949
27 0.199273
28 0.199637
29 0.217987
"[DEBUG]index 48 centroid... "
0 0.188969
1 0.18286
2 0.190295
3 0.199174
4 0.198907
5 0.165447
6 0.176769
7 0.171807
8 0.112234
9 0.165298
10 0.186274
11 0.189375
12 0.197742
13 0.178353
14 0.195008
15 0.19353
16 0.175206
17 0.204421
18 0.200915
19 0.199021
20 0.202982
21 0.18676
22 0.203608
23 0.204268
24 0.204862
25 0.203245
26 0.206333
27 0.196199
28 0.199167
29 0.199904
"[DEBUG]index 49 centroid... "
0 0.177843
1 0.185759
2 0.229828
3 0.223898
4 0.198394
5 0.226287
6 0.176616
7 0.188572
8 0.13567
9 0.156143
10 0.22533
11 0.235925
12 0.182477
13 0.16468
14 0.112291
15 0.20353
16 0.230477
17 0.243986
18 0.21624
19 0.236429
20 0.222011
21 0.232043
22 0.254282
23 0.260662
24 0.23619
25 0.248685
26 0.212845
27 0.201602
28 0.206347
29 0.213232
"[DEBUG]index 50 centroid... "
0 0.218815
1 0.201012
2 0.214536
3 0.207007
4 0.203445
5 0.188478
6 0.229759
7 0.220504
8 0.13311
9 0.165188
10 0.212891
11 0.15299
12 0.184926
13 0.232559
14 0.166555
15 0.211161
16 0.201814
17 0.159135
18 0.204151
19 0.201685
20 0.217012
21 0.20557
22 0.191199
23 0.212808
24 0.227976
25 0.218311
26 0.218983
27 0.21349
28 0.209131
29 0.204631
"[DEBUG]index 51 centroid... "
0 0.197592
1 0.182194
2 0.198472
3 0.200942
4 0.199797
5 0.194738
6 0.202161
7 0.206118
8 0.101601
9 0.135799
10 0.173836
11 0.192547
12 0.214264
13 0.199517
14 0.186168
15 0.203416
16 0.202629
17 0.171476
18 0.167651
19 0.16766
20 0.1623
21 0.153216
22 0.177015
23 0.20225
24 0.197616
25 0.201719
26 0.19709
27 0.194645
28 0.188322
29 0.197085
"[DEBUG]index 52 centroid... "
0 0.21503
1 0.183313
2 0.1993
3 0.225914
4 0.199805
5 0.186292
6 0.228075
7 0.225725
8 0.144255
9 0.213373
10 0.233201
11 0.175779
12 0.211752
13 0.223338
14 0.187989
15 0.194401
16 0.179524
17 0.223582
18 0.236239
19 0.20804
20 0.238393
21 0.226056
22 0.213405
23 0.230548
24 0.225589
25 0.230771
26 0.217308
27 0.225693
28 0.22257
29 0.215896
"[DEBUG]index 53 centroid... "
0 0.366843
1 0.246457
2 0.304909
3 0.32292
4 0.292222
5 0.308855
6 0.317145
7 0.330611
8 0.299934
9 0.248464
10 0.362361
11 0.293555
12 0.301901
13 0.300267
14 0.274131
15 0.20734
16 0.325351
17 0.300145
18 0.30567
19 0.263187
20 0.257073
21 0.285801
22 0.321239
23 0.282899
24 0.31682
25 0.390021
26 0.367422
27 0.280328
28 0.249883
29 0.294707
"[DEBUG]index 54 centroid... "
0 0.188855
1 0.367734
2 0.338347
3 0.359035
4 0.201098
5 0.269757
6 0.217266
7 0.249249
8 0.214069
9 0.280052
10 0.325451
11 0.230618
12 0.294746
13 0.275503
14 0.205168
15 0.370659
16 0.29341
17 0.378393
18 0.240092
19 0.300936
20 0.325601
21 0.285861
22 0.429
23 0.455237
24 0.302214
25 0.287809
26 0.267208
27 0.49133
28 0.260422
29 0.274491
"[DEBUG]index 55 centroid... "
0 0.249003
1 0.236028
2 0.233593
3 0.183866
4 0.31153
5 0.268775
6 0.207294
7 0.240835
8 0.222572
9 0.261311
10 0.283141
11 0.197772
12 0.202552
13 0.232115
14 0.204409
15 0.174292
16 0.253416
17 0.239532
18 0.196067
19 0.325252
20 0.271072
21 0.160532
22 0.261863
23 0.295101
24 0.287
25 0.257367
26 0.292002
27 0.291508
28 0.265
29 0.254443
"[DEBUG]index 56 centroid... "
0 0.247182
1 0.23735
2 0.231178
3 0.234777
4 0.218126
5 0.213512
6 0.270344
7 0.251526
8 0.165392
9 0.211108
10 0.224215
11 0.184817
12 0.222456
13 0.174246
14 0.201992
15 0.239728
16 0.1712
17 0.17643
18 0.253644
19 0.220451
20 0.222806
21 0.221332
22 0.235118
23 0.238766
24 0.239637
25 0.256019
26 0.248391
27 0.250047
28 0.244948
29 0.261676
"[DEBUG]index 57 centroid... "
0 0.164107
1 0.145894
2 0.146828
3 0.165321
4 0.18767
5 0.160415
6 0.175988
7 0.223209
8 0.115408
9 0.101524
10 0.195318
11 0.185971
12 0.183715
13 0.179291
14 0.202075
15 0.165637
16 0.0999889
17 0.161053
18 0.179876
19 0.170047
20 0.17172
21 0.173421
22 0.1742
23 0.175675
24 0.168703
25 0.155656
26 0.165753
27 0.177484
28 0.173215
29 0.20613
"[DEBUG]index 58 centroid... "
0 0.202599
1 0.220607
2 0.212898
3 0.211666
4 0.211556
5 0.178644
6 0.196501
7 0.16559
8 0.0830889
9 0.170407
10 0.210318
11 0.210037
12 0.199153
13 0.196378
14 0.232836
15 0.165922
16 0.188191
17 0.221148
18 0.154385
19 0.161921
20 0.171493
21 0.18122
22 0.213058
23 0.203233
24 0.212686
25 0.220411
26 0.201351
27 0.221955
28 0.214167
29 0.216127
"[DEBUG]index 59 centroid... "
0 0.215189
1 0.2124
2 0.214005
3 0.209837
4 0.227636
5 0.207642
6 0.245798
7 0.231662
8 0.168582
9 0.191984
10 0.223911
11 0.200242
12 0.207924
13 0.19527
14 0.179922
15 0.197708
16 0.190019
17 0.200596
18 0.214362
19 0.189299
20 0.164466
21 0.236438
22 0.235831
23 0.206817
24 0.215824
25 0.217651
26 0.220335
27 0.194006
28 0.202507
29 0.20934
"[DEBUG]index 60 centroid... "
0 0.184746
1 0.23152
2 0.146053
3 0.197204
4 0.210107
5 0.182581
6 0.205262
7 0.158337
8 0.0741596
9 0.139264
10 0.122586
11 0.203669
12 0.190722
13 0.0996763
14 0.117077
15 0.094696
16 0.102723
17 0.180765
18 0.150042
19 0.184256
20 0.181525
21 0.170091
22 0.203712
23 0.247042
24 0.254708
25 0.23348
26 0.227652
27 0.238939
28 0.218462
29 0.242652
"[DEBUG]index 61 centroid... "
0 0.224109
1 0.168193
2 0.197057
3 0.227246
4 0.204951
5 0.209739
6 0.230282
7 0.216431
8 0.155481
9 0.220729
10 0.193691
11 0.23087
12 0.215502
13 0.180825
14 0.175646
15 0.194702
16 0.180821
17 0.243034
18 0.191011
19 0.146295
20 0.135913
21 0.112827
22 0.208116
23 0.241132
24 0.20463
25 0.211765
26 0.191191
27 0.168324
28 0.182691
29 0.193047
"[DEBUG]index 62 centroid... "
0 0.196937
1 0.185304
2 0.183666
3 0.185551
4 0.201843
5 0.201483
6 0.200655
7 0.202316
8 0.153583
9 0.17834
10 0.192035
11 0.186354
12 0.188421
13 0.226421
14 0.21789
15 0.15655
16 0.14455
17 0.139274
18 0.171697
19 0.165612
20 0.212076
21 0.214299
22 0.207879
23 0.207473
24 0.205208
25 0.189957
26 0.190381
27 0.201199
28 0.20084
29 0.205084
"[DEBUG]index 63 centroid... "
0 0.280389
1 0.30555
2 0.278074
3 0.29356
4 0.291564
5 0.282885
6 0.292085
7 0.215649
8 0.253555
9 0.225918
10 0.243836
11 0.204216
12 0.171874
13 0.130633
14 0.140493
15 0.24702
16 0.203562
17 0.173936
18 0.152423
19 0.153887
20 0.195019
21 0.223331
22 0.214781
23 0.210572
24 0.146022
25 0.178168
26 0.215201
27 0.175917
28 0.214874
29 0.21295
"[DEBUG]index 64 centroid... "
0 0.185262
1 0.179725
2 0.188819
3 0.209465
4 0.204826
5 0.187927
6 0.221585
7 0.183183
8 0.114308
9 0.10685
10 0.11137
11 0.155515
12 0.181175
13 0.213939
14 0.211709
15 0.175086
16 0.197357
17 0.181336
18 0.182535
19 0.194798
20 0.163704
21 0.176958
22 0.169843
23 0.190571
24 0.206396
25 0.196243
26 0.203356
27 0.213899
28 0.204143
29 0.21254
"[DEBUG]index 65 centroid... "
0 0.224317
1 0.210895
2 0.183518
3 0.225939
4 0.228811
5 0.20105
6 0.210711
7 0.192655
8 0.071088
9 0.116164
10 0.146421
11 0.224856
12 0.212396
13 0.192115
14 0.199838
15 0.189432
16 0.196061
17 0.206769
18 0.22237
19 0.213899
20 0.2201
21 0.192098
22 0.219513
23 0.24889
24 0.18216
25 0.214688
26 0.197435
27 0.226125
28 0.201569
29 0.196902
"[DEBUG]index 66 centroid... "
0 0.211353
1 0.204946
2 0.18908
3 0.20162
4 0.211896
5 0.179332
6 0.229286
7 0.217038
8 0.126895
9 0.117949
10 0.128775
11 0.15712
12 0.150176
13 0.149095
14 0.163943
15 0.151458
16 0.138017
17 0.206258
18 0.193584
19 0.196017
20 0.232468
21 0.182176
22 0.174256
23 0.218568
24 0.199995
25 0.19106
26 0.195978
27 0.201483
28 0.191006
29 0.211734
"[DEBUG]index 67 centroid... "
0 0.24614
1 0.192997
2 0.244588
3 0.248281
4 0.257326
5 0.238766
6 0.209414
7 0.271577
8 0.195138
9 0.279599
10 0.230862
11 0.229769
12 0.243095
13 0.282066
14 0.204083
15 0.199231
16 0.262119
17 0.262186
18 0.147835
19 0.112973
20 0.184719
21 0.256716
22 0.253211
23 0.206395
24 0.238367
25 0.216792
26 0.258824
27 0.231639
28 0.193182
29 0.247426
"[DEBUG]index 68 centroid... "
0 0.20808
1 0.193793
2 0.205728
3 0.211414
4 0.200176
5 0.186815
6 0.22118
7 0.244431
8 0.170774
9 0.168806
10 0.198509
11 0.191317
12 0.185031
13 0.22414
14 0.219512
15 0.195356
16 0.18414
17 0.189555
18 0.200363
19 0.194765
20 0.198475
21 0.210048
22 0.216441
23 0.220979
24 0.230628
25 0.237584
26 0.229228
27 0.22185
28 0.234943
29 0.241094
"[DEBUG]index 69 centroid... "
0 0.183389
1 0.191692
2 0.181854
3 0.177661
4 0.191271
5 0.189641
6 0.245839
7 0.169857
8 0.149694
9 0.167569
10 0.0993248
11 0.196245
12 0.187272
13 0.150848
14 0.162158
15 0.0914314
16 0.163892
17 0.205275
18 0.131542
19 0.229657
20 0.184407
21 0.164389
22 0.2022
23 0.192844
24 0.174588
25 0.161136
26 0.167229
27 0.152193
28 0.207023
29 0.208669
"[DEBUG]index 70 centroid... "
0 0.170211
1 0.161773
2 0.158906
3 0.156169
4 0.175737
5 0.162323
6 0.182992
7 0.229126
8 0.129329
9 0.11772
10 0.188638
11 0.19147
12 0.172511
13 0.17002
14 0.184554
15 0.186428
16 0.188405
17 0.191034
18 0.158324
19 0.172573
20 0.193436
21 0.228433
22 0.204383
23 0.202449
24 0.177815
25 0.211136
26 0.18764
27 0.178531
28 0.178531
29 0.186605
"[DEBUG]index 71 centroid... "
0 0.176293
1 0.182258
2 0.189708
3 0.191047
4 0.190659
5 0.174351
6 0.186673
7 0.188405
8 0.127891
9 0.173807
10 0.196905
11 0.171549
12 0.198362
13 0.202113
14 0.185378
15 0.174454
16 0.192997
17 0.193729
18 0.209327
19 0.201388
20 0.207981
21 0.182213
22 0.159542
23 0.19359
24 0.193421
25 0.173413
26 0.19608
27 0.18758
28 0.182435
29 0.182392
"[DEBUG]index 72 centroid... "
0 0.20486
1 0.197137
2 0.182537
3 0.190966
4 0.208661
5 0.18608
6 0.222248
7 0.21752
8 0.101042
9 0.0858008
10 0.11424
11 0.117337
12 0.135219
13 0.201823
14 0.171262
15 0.16694
16 0.207494
17 0.193677
18 0.183974
19 0.188203
20 0.201067
21 0.227073
22 0.234662
23 0.243546
24 0.257496
25 0.242498
26 0.241626
27 0.242149
28 0.237078
29 0.229593
"[DEBUG]index 73 centroid... "
0 0.184654
1 0.165704
2 0.164301
3 0.16939
4 0.183496
5 0.154995
6 0.179796
7 0.160322
8 0.127757
9 0.119494
10 0.158539
11 0.13747
12 0.168884
13 0.128084
14 0.169427
15 0.211572
16 0.21962
17 0.1722
18 0.188048
19 0.14886
20 0.168101
21 0.195006
22 0.244406
23 0.207492
24 0.204323
25 0.232116
26 0.153623
27 0.123331
28 0.186007
29 0.169856
"[DEBUG]index 74 centroid... "
0 0.16553
1 0.170186
2 0.182052
3 0.158797
4 0.14455
5 0.155603
6 0.192333
7 0.171172
8 0.125437
9 0.166756
10 0.168881
11 0.0954529
12 0.144378
13 0.159621
14 0.158117
15 0.167188
16 0.162266
17 0.200855
18 0.177902
19 0.212689
20 0.269369
21 0.246604
22 0.204972
23 0.23939
24 0.263095
25 0.220908
26 0.268628
27 0.24548
28 0.225638
29 0.233474
"[DEBUG]index 75 centroid... "
0 0.192429
1 0.168945
2 0.203718
3 0.226544
4 0.215891
5 0.200753
6 0.195043
7 0.250058
8 0.16812
9 0.209259
10 0.280182
11 0.258752
12 0.169852
13 0.206272
14 0.204451
15 0.238985
16 0.235889
17 0.238232
18 0.193485
19 0.233425
20 0.232843
21 0.193586
22 0.211182
23 0.187825
24 0.179852
25 0.23438
26 0.214802
27 0.214987
28 0.174915
29 0.172307
"[DEBUG]index 76 centroid... "
0 0.195327
1 0.249453
2 0.233003
3 0.220777
4 0.219204
5 0.229207
6 0.251797
7 0.279999
8 0.169328
9 0.171353
10 0.248839
11 0.205542
12 0.20596
13 0.25526
14 0.197069
15 0.109565
16 0.205726
17 0.223053
18 0.235258
19 0.232174
20 0.227476
21 0.238647
22 0.263756
23 0.222676
24 0.229978
25 0.27806
26 0.27872
27 0.253317
28 0.304745
29 0.287458
"[DEBUG]index 77 centroid... "
0 0.226855
1 0.206098
2 0.20231
3 0.219974
4 0.231554
5 0.192183
6 0.23934
7 0.213057
8 0.144255
9 0.231679
10 0.246367
11 0.16251
12 0.243267
13 0.237759
14 0.145509
15 0.175292
16 0.196785
17 0.158859
18 0.203436
19 0.175725
20 0.188129
21 0.229691
22 0.166507
23 0.194522
24 0.211752
25 0.200662
26 0.198893
27 0.19413
28 0.211329
29 0.244292
"[DEBUG]index 78 centroid... "
0 0.212718
1 0.193777
2 0.186283
3 0.192244
4 0.205736
5 0.181926
6 0.198149
7 0.208014
8 0.169716
9 0.200214
10 0.195302
11 0.203234
12 0.163234
13 0.141205
14 0.164607
15 0.169593
16 0.167059
17 0.179606
18 0.189364
19 0.198517
20 0.204011
21 0.217466
22 0.209413
23 0.222882
24 0.242474
25 0.251643
26 0.260125
27 0.235097
28 0.246081
29 0.251804
"[DEBUG]index 79 centroid... "
0 0.189528
1 0.133449
2 0.208513
3 0.234713
4 0.201239
5 0.175705
6 0.181376
7 0.216641
8 0.0578382
9 0.152672
10 0.221941
11 0.22883
12 0.218036
13 0.22279
14 0.182524
15 0.215349
16 0.215856
17 0.147933
18 0.15556
19 0.210474
20 0.217726
21 0.171682
22 0.204448
23 0.168606
24 0.204179
25 0.172018
26 0.118523
27 0.161711
28 0.192992
29 0.1623
"[DEBUG]index 80 centroid... "
0 0.204584
1 0.194064
2 0.197292
3 0.200783
4 0.195445
5 0.189153
6 0.19528
7 0.205255
8 0.147433
9 0.190517
10 0.227669
11 0.233442
12 0.216616
13 0.1739
14 0.20329
15 0.205237
16 0.195978
17 0.21881
18 0.211583
19 0.221581
20 0.223099
21 0.232426
22 0.253267
23 0.238308
24 0.222804
25 0.226353
26 0.22792
27 0.216141
28 0.204068
29 0.231991
"[DEBUG]index 81 centroid... "
0 0.215207
1 0.205197
2 0.196632
3 0.215605
4 0.199544
5 0.18902
6 0.21354
7 0.18442
8 0.154074
9 0.204493
10 0.195092
11 0.222451
12 0.227465
13 0.176837
14 0.215506
15 0.213672
16 0.208226
17 0.171178
18 0.125058
19 0.198083
20 0.223805
21 0.20114
22 0.187266
23 0.185962
24 0.187676
25 0.19908
26 0.191056
27 0.234035
28 0.208096
29 0.22451
"[DEBUG]index 82 centroid... "
0 0.188089
1 0.187711
2 0.212642
3 0.202005
4 0.205088
5 0.153788
6 0.202495
7 0.208071
8 0.115949
9 0.140631
10 0.155371
11 0.20024
12 0.19121
13 0.222427
14 0.195155
15 0.200395
16 0.229434
17 0.22994
18 0.185833
19 0.186521
20 0.234189
21 0.182651
22 0.206863
23 0.192868
24 0.182644
25 0.226686
26 0.217476
27 0.191426
28 0.210016
29 0.252121
"[DEBUG]index 83 centroid... "
0 0.200918
1 0.194281
2 0.20679
3 0.210953
4 0.229469
5 0.200535
6 0.226766
7 0.201456
8 0.124799
9 0.172153
10 0.201055
11 0.228317
12 0.201984
13 0.194681
14 0.226427
15 0.195925
16 0.176351
17 0.212455
18 0.262734
19 0.230749
20 0.217046
21 0.239083
22 0.240565
23 0.189779
24 0.199023
25 0.212789
26 0.196289
27 0.212725
28 0.201211
29 0.201626
"[DEBUG]index 84 centroid... "
0 0.176273
1 0.174974
2 0.158666
3 0.172085
4 0.195021
5 0.172149
6 0.213856
7 0.197402
8 0.119446
9 0.131462
10 0.148035
11 0.192603
12 0.194759
13 0.161588
14 0.204448
15 0.178974
16 0.142885
17 0.201852
18 0.205903
19 0.253439
20 0.262977
21 0.227838
22 0.241885
23 0.219347
24 0.207383
25 0.227863
26 0.194189
27 0.19802
28 0.197273
29 0.18829
"[DEBUG]index 85 centroid... "
0 0.191934
1 0.179065
2 0.153995
3 0.177191
4 0.175411
5 0.164746
6 0.198095
7 0.207252
8 0.169327
9 0.120435
10 0.201852
11 0.192254
12 0.189148
13 0.189983
14 0.159152
15 0.202931
16 0.189326
17 0.217124
18 0.193504
19 0.194858
20 0.175815
21 0.172709
22 0.207502
23 0.214563
24 0.192942
25 0.190144
26 0.187962
27 0.155478
28 0.153199
29 0.158454
"[DEBUG]index 86 centroid... "
0 0.169945
1 0.166985
2 0.182037
3 0.189965
4 0.18618
5 0.15616
6 0.163509
7 0.163503
8 0.109394
9 0.151304
10 0.190904
11 0.177854
12 0.18583
13 0.187518
14 0.201121
15 0.221889
16 0.231689
17 0.232611
18 0.24152
19 0.23223
20 0.236571
21 0.236961
22 0.224356
23 0.222368
24 0.226308
25 0.20624
26 0.196962
27 0.200692
28 0.18737
29 0.187932
"[DEBUG]index 87 centroid... "
0 0.217728
1 0.198828
2 0.203669
3 0.225984
4 0.214796
5 0.226332
6 0.20327
7 0.231205
8 0.195136
9 0.203475
10 0.274303
11 0.189352
12 0.152756
13 0.218683
14 0.233669
15 0.210409
16 0.212795
17 0.182876
18 0.232083
19 0.23237
20 0.223728
21 0.179819
22 0.183621
23 0.244059
24 0.211349
25 0.207278
26 0.224518
27 0.199472
28 0.198462
29 0.196674
"[DEBUG]index 88 centroid... "
0 0.19598
1 0.200725
2 0.194481
3 0.208783
4 0.22991
5 0.212416
6 0.216429
7 0.190556
8 0.118048
9 0.0872423
10 0.116507
11 0.186871
12 0.237179
13 0.206046
14 0.201211
15 0.217752
16 0.197141
17 0.183332
18 0.201342
19 0.19822
20 0.215797
21 0.223178
22 0.21004
23 0.222656
24 0.224333
25 0.209722
26 0.23226
27 0.212466
28 0.215474
29 0.20069
"[DEBUG]index 89 centroid... "
0 0.180553
1 0.172281
2 0.151809
3 0.182234
4 0.180814
5 0.163832
6 0.203027
7 0.217169
8 0.12229
9 0.11126
10 0.215118
11 0.193941
12 0.18276
13 0.141125
14 0.166882
15 0.191031
16 0.215348
17 0.2074
18 0.243697
19 0.207381
20 0.234038
21 0.255034
22 0.237714
23 0.257305
24 0.27178
25 0.251104
26 0.264985
27 0.222261
28 0.214375
29 0.218424
"[DEBUG]index 90 centroid... "
0 0.177761
1 0.188558
2 0.182224
3 0.208019
4 0.225052
5 0.198833
6 0.233891
7 0.202019
8 0.127549
9 0.109921
10 0.116563
11 0.126262
12 0.121109
13 0.124259
14 0.164368
15 0.186464
16 0.197127
17 0.190927
18 0.216765
19 0.212124
20 0.164472
21 0.197804
22 0.209889
23 0.213327
24 0.196101
25 0.214368
26 0.209956
27 0.221604
28 0.215719
29 0.219673
"[DEBUG]index 91 centroid... "
0 0.206462
1 0.179425
2 0.179252
3 0.205153
4 0.196116
5 0.208239
6 0.226006
7 0.21604
8 0.177004
9 0.186948
10 0.205774
11 0.21453
12 0.236953
13 0.204969
14 0.162519
15 0.122768
16 0.110024
17 0.0979322
18 0.11518
19 0.154362
20 0.226419
21 0.207947
22 0.20608
23 0.224274
24 0.184021
25 0.200727
26 0.194965
27 0.204384
28 0.21206
29 0.213535
"[DEBUG]index 92 centroid... "
0 0.216454
1 0.201709
2 0.192993
3 0.193088
4 0.193664
5 0.174321
6 0.188148
7 0.190327
8 0.122203
9 0.179853
10 0.206617
11 0.158585
12 0.201496
13 0.177055
14 0.113911
15 0.109144
16 0.0810726
17 0.15053
18 0.174781
19 0.181002
20 0.199344
21 0.187269
22 0.163486
23 0.192248
24 0.185539
25 0.198271
26 0.212857
27 0.224174
28 0.218157
29 0.217068
"[DEBUG]index 93 centroid... "
0 0.248557
1 0.227894
2 0.214458
3 0.23637
4 0.212481
5 0.20134
6 0.232255
7 0.238001
8 0.19239
9 0.247527
10 0.255333
11 0.172585
12 0.190305
13 0.204879
14 0.159058
15 0.150155
16 0.251349
17 0.225606
18 0.201258
19 0.193317
20 0.18938
21 0.186537
22 0.193806
23 0.221301
24 0.208444
25 0.219978
26 0.231996
27 0.217529
28 0.247352
29 0.234367
"[DEBUG]index 94 centroid... "
0 0.221348
1 0.217595
2 0.193842
3 0.21575
4 0.225773
5 0.197842
6 0.232542
7 0.209827
8 0.111231
9 0.189925
10 0.195748
11 0.181099
12 0.235862
13 0.173126
14 0.156032
15 0.239438
16 0.219291
17 0.197366
18 0.210813
19 0.233877
20 0.259434
21 0.276174
22 0.291637
23 0.289556
24 0.275501
25 0.292131
26 0.278141
27 0.277502
28 0.282658
29 0.262366
"[DEBUG]index 95 centroid... "
0 0.187911
1 0.178555
2 0.191966
3 0.20664
4 0.208138
5 0.190737
6 0.20233
7 0.17038
8 0.101459
9 0.113816
10 0.137943
11 0.211067
12 0.232186
13 0.213008
14 0.203979
15 0.184878
16 0.159497
17 0.17821
18 0.165297
19 0.169031
20 0.207348
21 0.202531
22 0.17196
23 0.179919
24 0.198848
25 0.177392
26 0.176969
27 0.168809
28 0.19797
29 0.180726
"[DEBUG]index 96 centroid... "
0 0.21904
1 0.187163
2 0.212303
3 0.227378
4 0.225377
5 0.177794
6 0.240329
7 0.248551
8 0.168756
9 0.175831
10 0.232687
11 0.220918
12 0.203159
13 0.231519
14 0.239678
15 0.166987
16 0.206427
17 0.251046
18 0.204708
19 0.174317
20 0.252803
21 0.243673
22 0.177028
23 0.218733
24 0.23343
25 0.22399
26 0.223968
27 0.214874
28 0.224937
29 0.2264
"[DEBUG]index 97 centroid... "
0 0.195787
1 0.187337
2 0.176317
3 0.189605
4 0.191245
5 0.152904
6 0.19056
7 0.201614
8 0.135106
9 0.217671
10 0.206469
11 0.166202
12 0.16598
13 0.146087
14 0.186919
15 0.19628
16 0.180723
17 0.191946
18 0.1543
19 0.119186
20 0.209733
21 0.170074
22 0.177639
23 0.225184
24 0.199527
25 0.162227
26 0.183677
27 0.196666
28 0.163403
29 0.173713
"[DEBUG]index 98 centroid... "
0 0.221417
1 0.234772
2 0.247527
3 0.203889
4 0.228425
5 0.21596
6 0.280864
7 0.251562
8 0.132805
9 0.202452
10 0.266643
11 0.15746
12 0.175437
13 0.262437
14 0.181222
15 0.154725
16 0.233463
17 0.146286
18 0.180014
19 0.255882
20 0.22477
21 0.247366
22 0.205883
23 0.161141
24 0.239696
25 0.234824
26 0.228362
27 0.20717
28 0.230136
29 0.230643
"[DEBUG]index 99 centroid... "
0 0.195035
1 0.169092
2 0.18692
3 0.214772
4 0.204586
5 0.194729
6 0.218162
7 0.215802
8 0.134533
9 0.16751
10 0.201029
11 0.196635
12 0.194414
13 0.219229
14 0.218399
15 0.171092
16 0.216548
17 0.190356
18 0.148303
19 0.221062
20 0.219053
21 0.19674
22 0.209746
23 0.216812
24 0.207964
25 0.19777
26 0.199861
27 0.190464
28 0.209439
29 0.210823
