correlation level (red against blue): 
-0.633358
-0.197904
-0.384752
-0.0942803
-0.640898
-0.620916
-0.601296
-0.149805
-0.545041
-0.62226
-0.76335
-0.382792
-0.792245
-0.60613
-0.397861
-0.66897
-0.6326
-0.691067
-0.59288
-0.422301
0.000272785
-0.782418
-0.820143
-0.777477
-0.656893
-0.640175
-0.543134
-0.600897
-0.64623
-0.598462
-0.607137
-0.518116
-0.208352
-0.717878
-0.723224
-0.316787
-0.73954
-0.782844
-0.774792
-0.766548
-0.639057
-0.620675
-0.770876
-0.728836
-0.549763
-0.734646
-0.683712
-0.540409
-0.803384
-0.619501
-0.779528
-0.712825
-0.77704
-0.196257
-0.218919
-0.333149
-0.724956
-0.695362
-0.763083
-0.641294
-0.666414
-0.640839
-0.594988
-0.374111
-0.581056
-0.666411
-0.529978
-0.537675
-0.490368
-0.660632
-0.727438
-0.766862
-0.589626
-0.238684
-0.572983
-0.338549
-0.743124
-0.704102
-0.540127
-0.696354
-0.713629
-0.704696
-0.626797
-0.688959
-0.649473
-0.474166
-0.588953
-0.453799
-0.672262
-0.621293
-0.45547
-0.300338
-0.77138
-0.597424
-0.704949
-0.711881
-0.596402
-0.573912
-0.727654
-0.739577
