"[DEBUG]index 0 centroid... "
0 0.69697
1 0.767677
2 0.656566
3 0.79798
4 0.757576
5 0.838384
6 1.26263
7 0.717172
8 1.75758
9 1.84848
10 2.58586
11 4.22222
12 4.08081
13 5.55556
14 6.9798
15 6.71717
16 5.37374
17 4.50505
18 3.51515
19 2.84848
20 2.76768
21 1.39394
22 1.11111
23 0.969697
24 0.888889
25 1.14141
26 0.757576
27 1.05051
28 0.878788
29 0.656566
"[DEBUG]index 1 centroid... "
0 4
1 4.25
2 3.875
3 3.53409
4 3.05682
5 3.52273
6 3.32955
7 1.94318
8 5.98864
9 2.71591
10 2.22727
11 1.36364
12 0.852273
13 0.545455
14 0.295455
15 0.25
16 0.147727
17 0.340909
18 0.545455
19 0.647727
20 1.29545
21 1.15909
22 2.125
23 2.07955
24 2.04545
25 2.39773
26 2.19318
27 2.32955
28 2.51136
29 2.89773
"[DEBUG]index 2 centroid... "
0 1.72079
1 1.54325
2 1.63885
3 1.53263
4 1.64795
5 1.69651
6 1.57815
7 1.29135
8 7.2519
9 2.37026
10 1.49469
11 0.731411
12 0.391502
13 0.39909
14 0.717754
15 1.49469
16 3.71624
17 4.64643
18 12.4871
19 4.8786
20 3.33384
21 1.30349
22 0.852807
23 1.81942
24 1.87709
25 1.64036
26 1.84067
27 2.01214
28 2.00455
29 1.63885
"[DEBUG]index 3 centroid... "
0 2.63415
1 3.63415
2 3.21951
3 1.65854
4 2.14634
5 4.29268
6 2.85366
7 1.65854
8 9.7561
9 3.26829
10 1.29268
11 0.97561
12 0.853659
13 1.56098
14 5.29268
15 4.68293
16 5.4878
17 1.97561
18 0.829268
19 0.243902
20 0.097561
21 0.390244
22 0.585366
23 2
24 1.90244
25 3.09756
26 2.78049
27 2.53659
28 2.73171
29 1.90244
"[DEBUG]index 4 centroid... "
0 2.08606
1 1.87908
2 1.74973
3 1.64243
4 1.95888
5 2.14733
6 2.08715
7 0.988562
8 15.1825
9 2.58633
10 1.93627
11 0.913943
12 2.25054
13 1.20398
14 4.68028
15 5.59368
16 1.39897
17 0.811275
18 2.42756
19 1.64924
20 2.5768
21 18.1307
22 3.63834
23 2.13971
24 2.42702
25 2.64052
26 1.98693
27 2.07081
28 2.05501
29 1.9902
"[DEBUG]index 5 centroid... "
0 2.18232
1 2.19913
2 2.27589
3 2.11822
4 2.19847
5 1.97902
6 1.92874
7 1.167
8 14.0991
9 3.2376
10 1.9955
11 3.28238
12 16.7476
13 1.80653
14 1.51399
15 1.16317
16 1.11738
17 1.54329
18 2.3658
19 15.284
20 3.35864
21 1.87163
22 2.21595
23 2.34216
24 1.91275
25 1.78788
26 1.90443
27 2.12271
28 1.98751
29 1.87945
"[DEBUG]index 6 centroid... "
0 1.98049
1 1.94682
2 1.91598
3 1.75677
4 1.74481
5 1.88861
6 1.52706
7 1.35431
8 13.2086
9 2.06293
10 9.93801
11 11.8285
12 3.18943
13 1.93644
14 0.921019
15 1.51164
16 4.09345
17 3.70862
18 1.56293
19 0.702329
20 1.5236
21 3.91787
22 1.16992
23 1.59723
24 1.58716
25 1.55853
26 1.59692
27 1.48269
28 1.48584
29 1.43235
"[DEBUG]index 7 centroid... "
0 1.86498
1 2.68354
2 2.22785
3 2.01688
4 2.66667
5 2.10549
6 1.89873
7 1.37131
8 9.83122
9 2.2827
10 5.01688
11 2.86076
12 9.91139
13 8.72152
14 2.87342
15 1.34177
16 0.662447
17 0.392405
18 0.265823
19 0.620253
20 0.78903
21 1.16878
22 4.55696
23 1.39241
24 1.76793
25 1.74262
26 1.65401
27 1.86076
28 1.90717
29 1.37553
"[DEBUG]index 8 centroid... "
0 2.51924
1 2.52022
2 2.43606
3 2.18364
4 2.71635
5 2.80444
6 2.37298
7 1.41497
8 26.7986
9 3.04949
10 2.0882
11 2.3995
12 2.14034
13 6.9258
14 1.46786
15 8.68923
16 1.50634
17 9.52165
18 1.7354
19 1.61717
20 7.49785
21 1.87038
22 0.834352
23 2.68357
24 2.44537
25 2.15788
26 2.25132
27 2.24883
28 2.30953
29 2.16621
"[DEBUG]index 9 centroid... "
0 3.22296
1 3.16424
2 2.99061
3 2.65991
4 2.91032
5 2.9774
6 2.54014
7 1.72729
8 24.3097
9 3.11581
10 6.71276
11 8.63305
12 2.70659
13 0.90797
14 1.72362
15 9.88375
16 1.86423
17 0.940408
18 1.85733
19 9.60972
20 1.71584
21 0.877147
22 2.43167
23 3.04139
24 2.49141
25 2.5331
26 2.62381
27 2.72171
28 2.38926
29 2.48334
"[DEBUG]index 10 centroid... "
0 2.56004
1 2.60705
2 2.70031
3 2.32831
4 2.83291
5 2.98416
6 2.68166
7 1.48288
8 21.3638
9 3.8117
10 2.58304
11 1.06438
12 1.9139
13 9.61369
14 1.85616
15 0.91441
16 1.94507
17 8.59249
18 7.23122
19 1.87506
20 1.21027
21 1.86484
22 10.2271
23 2.09377
24 2.46781
25 2.81809
26 2.93051
27 2.43178
28 2.55212
29 2.55008
"[DEBUG]index 11 centroid... "
0 1.4928
1 1.49816
2 1.36425
3 1.21527
4 1.3311
5 1.45263
6 1.67024
7 1.20723
8 7.95179
9 1.65819
10 8.68765
11 2.69233
12 1.37195
13 1.65551
14 0.711751
15 1.25209
16 3.76933
17 1.44694
18 3.38232
19 4.44861
20 17.8252
21 4.42183
22 3.49782
23 1.65651
24 1.77938
25 1.52595
26 1.55038
27 1.67794
28 1.70472
29 1.67191
"[DEBUG]index 12 centroid... "
0 2.39897
1 2.40799
2 2.19629
3 2.14161
4 3.07778
5 2.45254
6 2.54138
7 1.52021
8 19.2719
9 2.97005
10 1.97897
11 1.96246
12 7.14251
13 1.84789
14 1.95717
15 3.19981
16 22.9412
17 3.23819
18 1.93562
19 6.29594
20 2.56604
21 1.55654
22 5.59277
23 2.07834
24 2.30972
25 2.27259
26 2.27359
27 2.1508
28 2.08663
29 1.99592
"[DEBUG]index 13 centroid... "
0 2.4401
1 2.25911
2 2.4375
3 2.14844
4 2.16732
5 2.08138
6 2.52995
7 1.32031
8 13.14
9 1.80339
10 13.9961
11 1.72461
12 15.25
13 2.38346
14 5.01758
15 1.63997
16 1.69531
17 3.35807
18 4.10221
19 1.35482
20 0.903646
21 0.546224
22 0.748698
23 1.69336
24 1.42383
25 1.36263
26 1.52474
27 1.52604
28 1.72526
29 1.33268
"[DEBUG]index 14 centroid... "
0 2.67201
1 3.02589
2 2.72626
3 2.55117
4 2.92232
5 2.82367
6 3.13194
7 1.69544
8 15.2848
9 3.09618
10 2.37978
11 0.94328
12 0.426634
13 1.1566
14 0.866831
15 1.89396
16 9.57337
17 2.25277
18 1.00986
19 0.995068
20 2.73983
21 1.38718
22 8.61899
23 2.27744
24 2.97287
25 2.99014
26 2.89889
27 2.47842
28 2.63255
29 2.47226
"[DEBUG]index 15 centroid... "
0 1.33568
1 1.45688
2 1.43207
3 1.25479
4 1.14825
5 1.71449
6 1.67024
7 1.02734
8 5.60513
9 15.7151
10 4.58399
11 3.21392
12 1.36866
13 2.5403
14 8.30552
15 2.07413
16 0.908963
17 3.0606
18 1.09808
19 2.87655
20 0.951804
21 2.76156
22 2.47182
23 1.15924
24 1.30581
25 1.13923
26 1.19307
27 1.26015
28 1.1164
29 1.08089
"[DEBUG]index 16 centroid... "
0 2.59563
1 2.53773
2 2.35107
3 2.21853
4 2.86615
5 2.64149
6 2.39418
7 1.25475
8 23.8947
9 3.03498
10 2.04462
11 1.02362
12 1.05763
13 1.80336
14 2.32512
15 0.714404
16 2.27802
17 0.827596
18 1.61216
19 9.80364
20 1.27837
21 1.93755
22 0.81837
23 2.75592
24 2.01804
25 2.11643
26 2.23678
27 2.24373
28 2.19561
29 2.28188
"[DEBUG]index 17 centroid... "
0 2.70983
1 2.68675
2 2.5778
3 2.2727
4 2.45325
5 2.81775
6 2.35042
7 1.51417
8 19.1904
9 3.8186
10 1.77753
11 9.74784
12 2.05922
13 0.805702
14 1.08213
15 2.59579
16 0.816901
17 1.71509
18 9.07127
19 2.00407
20 1.80706
21 7.39335
22 7.19973
23 1.89886
24 2.69286
25 2.90022
26 2.49364
27 2.44239
28 2.56033
29 2.58391
"[DEBUG]index 18 centroid... "
0 2.09896
1 2.27362
2 2.03561
3 1.9609
4 2.05199
5 2.4746
6 2.34244
7 1.49219
8 15.1867
9 3.72966
10 1.77673
11 5.86182
12 2.02927
13 2.12387
14 5.33621
15 1.55205
16 2.78613
17 19.4478
18 4.08269
19 2.13687
20 3.97553
21 17.0942
22 3.35685
23 2.09612
24 2.67963
25 2.59356
26 2.41682
27 2.40382
28 2.25221
29 2.30519
"[DEBUG]index 19 centroid... "
0 1.92189
1 1.79459
2 1.54674
3 1.59287
4 1.84932
5 1.96433
6 2.00923
7 1.26261
8 11.5369
9 2.55843
10 1.82472
11 1.12239
12 1.56765
13 2.35793
14 14.7023
15 2.92681
16 1.88253
17 3.88376
18 11.738
19 10.7774
20 2.79643
21 1.5
22 5.51538
23 1.80012
24 1.82534
25 2.04121
26 2.17343
27 2.05474
28 2.10455
29 1.85486
"[DEBUG]index 20 centroid... "
0 3.43524
1 3.81104
2 3.50531
3 3.10616
4 3.28025
5 3.28875
6 2.6242
7 1.61996
8 14.1083
9 5.10403
10 1.74522
11 2.32272
12 3.5414
13 0.73673
14 0.40552
15 0.757962
16 1.63482
17 8.80042
18 1.48408
19 2.27601
20 0.987261
21 0.356688
22 0.830149
23 2.91083
24 2.3949
25 2.6327
26 2.49045
27 2.43737
28 2.45435
29 2.57113
"[DEBUG]index 21 centroid... "
0 2.60961
1 2.64849
2 2.54885
3 2.26051
4 2.69335
5 2.80214
6 2.30842
7 1.42443
8 30.9962
9 3.15515
10 1.82954
11 9.54456
12 2.28771
13 1.71138
14 2.31308
15 0.889144
16 1.85017
17 2.44141
18 0.821254
19 1.85331
20 7.3734
21 1.50852
22 1.90433
23 2.40349
24 2.37047
25 2.01382
26 2.09934
27 2.09665
28 2.13399
29 2.07496
"[DEBUG]index 22 centroid... "
0 4.60358
1 3.26913
2 2.64189
3 3.01466
4 2.99608
5 2.84062
6 2.59008
7 1.70329
8 21.4338
9 2.97311
10 2.16572
11 5.42539
12 6.96826
13 1.62793
14 3.38996
15 25.6362
16 2.8532
17 1.96872
18 1.92695
19 1.14368
20 1.66947
21 5.30087
22 1.38038
23 2.41997
24 2.23982
25 2.1738
26 1.92649
27 1.9498
28 1.9446
29 1.81085
"[DEBUG]index 23 centroid... "
0 2.27896
1 2.24019
2 2.19592
3 2.08519
4 2.47608
5 2.49421
6 2.15702
7 1.2798
8 16.8701
9 2.89918
10 2.04128
11 2.3218
12 5.69467
13 2.36368
14 20.1297
15 2.75254
16 2.05596
17 1.08722
18 1.64897
19 5.14211
20 1.48968
21 1.65756
22 0.921608
23 2.27706
24 1.88999
25 1.87758
26 1.85706
27 1.85396
28 1.84453
29 1.83856
"[DEBUG]index 24 centroid... "
0 2.69696
1 2.78909
2 2.76289
3 2.51931
4 2.76385
5 3.14211
6 2.74173
7 1.56692
8 28.1298
9 3.32125
10 1.88789
11 9.55467
12 2.00465
13 5.85203
14 1.69245
15 10.1077
16 1.57981
17 1.77648
18 7.54704
19 1.95395
20 0.878444
21 2.19966
22 2.02162
23 2.43177
24 2.30421
25 2.2451
26 2.24492
27 2.22064
28 2.28422
29 2.05833
"[DEBUG]index 25 centroid... "
0 2.88258
1 2.77476
2 2.6415
3 2.23688
4 2.7503
5 2.7734
6 2.27777
7 1.35149
8 27.055
9 2.59716
10 10.7346
11 1.73025
12 1.04327
13 0.878206
14 2.14986
15 1.91783
16 0.75017
17 2.12205
18 2.27569
19 0.663368
20 1.87914
21 1.86356
22 0.654663
23 2.23926
24 2.05546
25 2.02043
26 1.96144
27 2.07601
28 1.98887
29 2.05733
"[DEBUG]index 26 centroid... "
0 3.79188
1 6.56599
2 3.45305
3 4.19162
4 3.46954
5 4.00761
6 2.8198
7 2.18655
8 17.6193
9 7.06726
10 2.11294
11 1.25761
12 3.34137
13 13.6612
14 1.54188
15 0.796954
16 0.522843
17 1.07995
18 2.54949
19 1.49365
20 12.1523
21 1.75888
22 9.12437
23 3.09772
24 3.77411
25 3.95051
26 4.43401
27 2.93782
28 3.27919
29 7.34518
"[DEBUG]index 27 centroid... "
0 1.71464
1 1.53545
2 1.43104
3 1.31605
4 1.35273
5 1.58977
6 1.54004
7 1.34286
8 8.89136
9 2.0134
10 7.20212
11 7.49418
12 2.497
13 1.14356
14 4.01235
15 1.38377
16 2.81058
17 4.01305
18 19.066
19 4.63245
20 3.03316
21 1.35238
22 4.25432
23 1.41164
24 1.42751
25 1.36155
26 1.55802
27 1.60459
28 1.64691
29 1.41235
"[DEBUG]index 28 centroid... "
0 1.99342
1 2.25523
2 2.20903
3 1.96331
4 2.23973
5 2.18974
6 1.83555
7 1.32408
8 15.8474
9 3.05526
10 5.45973
11 4.91522
12 3.49218
13 19.956
14 2.93773
15 1.30931
16 5.59246
17 1.44043
18 4.83409
19 1.50139
20 6.16474
21 1.23008
22 5.5027
23 1.77576
24 2.05803
25 1.79769
26 2.01374
27 1.824
28 1.83175
29 1.70458
"[DEBUG]index 29 centroid... "
0 2.17828
1 2.11145
2 2.10216
3 1.85342
4 2.05855
5 2.75712
6 2.47668
7 2.3616
8 16.1403
9 1.86069
10 16.2306
11 3.23158
12 2.16091
13 2.27297
14 4.63598
15 2.14234
16 16.869
17 3.06198
18 1.70927
19 4.11306
20 4.85383
21 1.40985
22 0.84999
23 2.08379
24 1.74117
25 1.75409
26 1.75086
27 1.82051
28 1.8187
29 1.80699
"[DEBUG]index 30 centroid... "
0 2.07817
1 2.1781
2 1.96887
3 1.90184
4 2.32101
5 2.33127
6 2.11107
7 1.23948
8 18.1822
9 3.56102
10 1.9648
11 0.852317
12 2.39689
13 0.795897
14 1.95631
15 0.589494
16 1.8716
17 7.93155
18 1.26601
19 6.76831
20 6.09904
21 1.1827
22 7.7462
23 2.01203
24 2.05518
25 2.28016
26 2.35108
27 2.21454
28 2.29484
29 2.21047
"[DEBUG]index 31 centroid... "
0 3.4657
1 3.06796
2 3.03084
3 2.70205
4 3.39136
5 3.08391
6 2.68762
7 1.39928
8 32.9002
9 3.66631
10 2.76301
11 2.24664
12 13.4904
13 1.41902
14 0.985084
15 2.49334
16 2.36518
17 0.981699
18 2.27547
19 1.04238
20 2.36133
21 2.00299
22 1.00183
23 2.56278
24 2.39289
25 2.24545
26 2.24782
27 2.34212
28 2.30663
29 2.29279
"[DEBUG]index 32 centroid... "
0 1.85638
1 1.76976
2 1.71353
3 1.5228
4 1.69681
5 1.92629
6 2
7 1.23252
8 11.791
9 2.2348
10 1.40122
11 0.74924
12 0.952888
13 1.40578
14 2.56687
15 11.6611
16 9.17173
17 3.12082
18 4.71581
19 1.31003
20 4.54255
21 3.93313
22 1.32599
23 1.70441
24 2.13754
25 1.86398
26 1.77204
27 1.81535
28 1.74924
29 1.57447
"[DEBUG]index 33 centroid... "
0 2.33904
1 2.10648
2 2.2833
3 1.91481
4 2.07015
5 2.11489
6 2.16121
7 1.2275
8 17.289
9 1.92094
10 19.1396
11 2.79955
12 1.75537
13 2.13707
14 2.00784
15 0.809656
16 0.936742
17 0.761186
18 1.84189
19 4.72485
20 1.1942
21 4.86874
22 1.52092
23 1.90685
24 1.75777
25 1.75183
26 1.68358
27 1.74615
28 1.74893
29 1.68232
"[DEBUG]index 34 centroid... "
0 2.24636
1 2.22019
2 2.23463
3 2.0158
4 2.52567
5 2.61096
6 2.37781
7 1.42952
8 17.5557
9 2.68526
10 2.13885
11 1.24315
12 1.99148
13 3.1117
14 21.0734
15 2.88188
16 1.59467
17 6.40805
18 1.97766
19 0.870649
20 2.09417
21 1.62861
22 5.12454
23 2.04011
24 2.167
25 2.29906
26 2.13046
27 2.09072
28 2.05665
29 1.96667
"[DEBUG]index 35 centroid... "
0 2.07129
1 2.20324
2 1.9137
3 1.82719
4 1.93192
5 1.93332
6 1.97677
7 1.03985
8 15.5425
9 3.09191
10 4.8358
11 3.07249
12 17.5721
13 2.61794
14 1.4191
15 4.70304
16 1.51262
17 5.51842
18 1.39007
19 5.27273
20 2.84521
21 14.8388
22 3.44253
23 2.04986
24 2.22087
25 2.17721
26 1.76472
27 1.97577
28 1.89588
29 1.82759
"[DEBUG]index 36 centroid... "
0 2.43946
1 2.33477
2 2.37099
3 2.11561
4 2.06169
5 2.5736
6 2.39067
7 1.41598
8 12.131
9 14.1704
10 3.66639
11 1.56781
12 7.45633
13 1.47453
14 0.754879
15 0.806484
16 1.69104
17 1.63761
18 0.720311
19 2.08981
20 0.772412
21 1.37413
22 4.92276
23 1.3609
24 1.90374
25 1.81674
26 1.83857
27 1.73718
28 1.67681
29 1.8002
"[DEBUG]index 37 centroid... "
0 2.20315
1 2.28909
2 2.15999
3 1.94291
4 2.25991
5 2.48249
6 2.31766
7 1.34662
8 18.3126
9 3.05704
10 1.85994
11 2.0359
12 1.93933
13 1.92056
14 5.90399
15 1.616
16 3.26888
17 19.7996
18 3.09425
19 1.79757
20 1.1264
21 2.12249
22 0.816285
23 2.07014
24 1.98574
25 2.01855
26 2.02147
27 1.92667
28 1.95282
29 1.81028
"[DEBUG]index 38 centroid... "
0 2.65903
1 2.59157
2 2.48836
3 2.4376
4 2.97571
5 2.90159
6 2.80967
7 1.59513
8 23.894
9 3.14337
10 2.03985
11 1.20255
12 2.8171
13 0.797834
14 1.81199
15 11.076
16 1.81818
17 1.70259
18 8.96789
19 2.26437
20 0.91412
21 1.86723
22 8.77795
23 1.90832
24 2.56634
25 2.8154
26 2.83358
27 2.53114
28 2.47311
29 2.37741
"[DEBUG]index 39 centroid... "
0 2.16192
1 2.37927
2 2.11754
3 1.89476
4 2.22175
5 2.37013
6 2.1185
7 1.29257
8 18.7263
9 3.14344
10 1.89359
11 5.6728
12 1.73621
13 5.06684
14 1.33702
15 5.84262
16 5.66078
17 1.92327
18 3.08697
19 21.9883
20 2.94367
21 1.79989
22 2.17249
23 2.48458
24 1.98578
25 1.99842
26 2.05626
27 2.1286
28 2.0463
29 1.84241
"[DEBUG]index 40 centroid... "
0 4.65198
1 4.08813
2 4.1205
3 4.03237
4 4.17266
5 4.41007
6 3.52788
7 2.22752
8 14.7572
9 5.01619
10 1.63939
11 9.16277
12 2.38759
13 2.2545
14 3.02518
15 0.956835
16 0.427158
17 0.875
18 0.92536
19 2.38129
20 0.690647
21 0.480216
22 0.901978
23 2.88309
24 2.23471
25 2.40917
26 2.70504
27 2.66007
28 2.61511
29 2.73201
"[DEBUG]index 41 centroid... "
0 1.60787
1 1.79272
2 1.73299
3 1.6201
4 1.4673
5 1.76839
6 1.86817
7 1.27677
8 5.50765
9 13.6035
10 2.41165
11 14.5971
12 4.61034
13 2.28944
14 2.77611
15 2.72877
16 1.18223
17 0.760087
18 1.21879
19 1.14319
20 2.06672
21 1.13445
22 0.590095
23 1.22418
24 1.22797
25 1.04851
26 1.08347
27 1.11843
28 1.15907
29 1.01661
"[DEBUG]index 42 centroid... "
0 2.23712
1 2.31175
2 2.19812
3 1.98724
4 1.89095
5 2.5727
6 2.34039
7 1.30525
8 12.2559
9 14.2894
10 3.32234
11 1.65888
12 6.53707
13 1.33702
14 1.79947
15 0.767694
16 1.55176
17 5.7559
18 4.68849
19 1.14781
20 5.84738
21 1.60977
22 0.708714
23 2.00506
24 1.85436
25 1.60063
26 1.81704
27 1.88445
28 1.7624
29 1.71377
"[DEBUG]index 43 centroid... "
0 2.93227
1 2.99858
2 2.78728
3 2.80307
4 3.3469
5 3.2897
6 3.14926
7 1.66648
8 23.6316
9 3.06559
10 2.12208
11 2.96172
12 1.00797
13 1.91491
14 10.899
15 1.75996
16 1.02205
17 1.19849
18 1.06716
19 2.82612
20 0.82712
21 1.76039
22 8.5138
23 2.25128
24 2.8368
25 2.68497
26 2.88503
27 2.4041
28 2.53159
29 2.51338
"[DEBUG]index 44 centroid... "
0 2.21885
1 2.31873
2 2.15701
3 1.80308
4 2.23398
5 2.2178
6 2.04238
7 1.19414
8 21.6497
9 2.62152
10 7.5736
11 1.79822
12 0.934936
13 2.2956
14 0.84097
15 1.88485
16 1.29582
17 8.94235
18 1.31387
19 7.40012
20 1.25165
21 7.53264
22 1.35759
23 2.24933
24 2.01767
25 2.2187
26 2.02134
27 2.12916
28 2.10295
29 2.06566
"[DEBUG]index 45 centroid... "
0 2.30886
1 2.23679
2 2.29649
3 1.83573
4 2.26732
5 2.4119
6 2.02574
7 1.18766
8 22.755
9 2.55089
10 8.27021
11 1.77937
12 1.90111
13 6.99756
14 1.11885
15 6.39763
16 1.70974
17 2.03865
18 0.80773
19 1.74045
20 7.28195
21 1.1463
22 7.3336
23 2.09356
24 2.37912
25 2.2302
26 2.14657
27 1.99449
28 1.98799
29 2.0121
"[DEBUG]index 46 centroid... "
0 2.65429
1 2.57895
2 2.49624
3 2.27921
4 2.99369
5 2.94168
6 2.46455
7 1.2285
8 29.4882
9 3.39992
10 2.48698
11 2.3995
12 9.35552
13 1.16182
14 9.12605
15 1.99626
16 0.987715
17 2.26678
18 8.01247
19 1.71575
20 1.81744
21 7.72188
22 1.82665
23 2.51414
24 2.59051
25 2.5113
26 2.3196
27 2.40855
28 2.2732
29 2.3397
"[DEBUG]index 47 centroid... "
0 2.49612
1 2.51511
2 2.35956
3 2.14401
4 2.49667
5 2.68747
6 2.33935
7 1.47271
8 24.6838
9 3.13707
10 1.80317
11 7.32747
12 2.30691
13 0.876097
14 2.30583
15 1.73174
16 8.48588
17 1.51688
18 9.42656
19 1.3942
20 8.03121
21 1.65701
22 2.06078
23 2.3455
24 2.43619
25 2.13738
26 2.35605
27 2.25611
28 2.30069
29 2.12598
"[DEBUG]index 48 centroid... "
0 2.20927
1 2.27498
2 2.11148
3 1.8856
4 2.70303
5 2.50111
6 2.23363
7 1.24645
8 40.3578
9 2.41476
10 2.19945
11 2.1238
12 2.20057
13 5.39348
14 1.70135
15 1.54168
16 6.09253
17 1.91819
18 1.92633
19 2.03802
20 1.59102
21 5.28358
22 1.58089
23 2.04566
24 2.0691
25 2.06985
26 1.92281
27 1.91278
28 1.91423
29 1.87236
"[DEBUG]index 49 centroid... "
0 3.41994
1 3.10279
2 3.1999
3 2.99742
4 3.76911
5 3.20558
6 3.43233
7 1.61777
8 20.0274
9 3.13895
10 1.75362
11 0.985021
12 2.54804
13 1.26188
14 10.5041
15 1.30062
16 2.67975
17 0.989669
18 0.407541
19 0.642045
20 2.32748
21 1.72572
22 0.545455
23 3.0687
24 2.47882
25 2.41736
26 2.35279
27 2.42562
28 2.24897
29 2.43027
"[DEBUG]index 50 centroid... "
0 2.64072
1 2.71315
2 2.64911
3 2.38029
4 2.78333
5 2.97375
6 2.39955
7 1.347
8 27.2189
9 3.69107
10 1.83008
11 7.8517
12 9.03261
13 1.30048
14 8.02371
15 1.99082
16 1.65965
17 7.96322
18 1.81954
19 2.29276
20 1.07068
21 1.88589
22 7.38147
23 2.01864
24 2.2949
25 2.44568
26 2.5185
27 2.27294
28 2.28595
29 2.27789
"[DEBUG]index 51 centroid... "
0 2.311
1 2.35033
2 2.30594
3 1.9941
4 2.44002
5 2.46089
6 2.36265
7 1.26298
8 23.6374
9 2.29765
10 8.68784
11 1.93915
12 1.05353
13 1.86197
14 8.0788
15 1.29441
16 2.16428
17 1.6949
18 9.31178
19 1.36718
20 7.20128
21 1.35234
22 7.9442
23 1.90227
24 2.41475
25 2.22111
26 2.42227
27 2.10492
28 2.27354
29 2.08107
"[DEBUG]index 52 centroid... "
0 3.50541
1 3.5436
2 3.1403
3 2.89011
4 3.46892
5 3.60653
6 3.17835
7 1.95319
8 23.8174
9 4.02114
10 1.82611
11 10.9387
12 2.65759
13 0.881126
14 2.96966
15 2.3009
16 8.83919
17 2.10353
18 0.924475
19 3.01754
20 0.820875
21 2.40803
22 0.850718
23 3.07093
24 2.64889
25 2.55364
26 2.54346
27 2.6397
28 2.47903
29 2.48964
"[DEBUG]index 53 centroid... "
0 2.41452
1 2.59016
2 1.89461
3 2.04918
4 2.35831
5 2.23888
6 2.07494
7 1.06792
8 10.4941
9 3.06557
10 1.70726
11 0.758782
12 0.367682
13 0.302108
14 0.545667
15 2.03279
16 0.629977
17 0.838408
18 2.25059
19 3.11944
20 10.8197
21 3.3466
22 1.45667
23 2.43794
24 2.93911
25 2.1897
26 2.44262
27 2.37237
28 2.42857
29 2.33958
"[DEBUG]index 54 centroid... "
0 4.39884
1 4.5896
2 3.81503
3 4.6185
4 3.83237
5 3.80925
6 3.80347
7 2.12717
8 11.6416
9 3.94798
10 1.52023
11 8.19075
12 2.54913
13 0.965318
14 1.10983
15 4
16 0.803468
17 1.23121
18 0.606936
19 0.312139
20 0.50289
21 0.843931
22 3.16763
23 2.04046
24 3.10983
25 2.64162
26 3.27168
27 2.73988
28 2.72832
29 3.36416
"[DEBUG]index 55 centroid... "
0 2.26379
1 2.33234
2 2.20864
3 2.11923
4 2.29061
5 2.33681
6 1.84054
7 0.983607
8 12.2459
9 3.34426
10 1.19076
11 5.31595
12 5.41878
13 1.25037
14 0.654247
15 1.94933
16 0.831595
17 0.318927
18 0.722802
19 1.85395
20 3.79583
21 11.9776
22 3.89717
23 2.26677
24 2.56334
25 2.60805
26 1.95529
27 2.23547
28 2.25782
29 2.16244
"[DEBUG]index 56 centroid... "
0 3.01054
1 2.98558
2 2.83752
3 2.55095
4 2.9146
5 3.34479
6 2.58367
7 1.74075
8 21.6257
9 3.85859
10 2.16221
11 9.42465
12 1.63108
13 8.75114
14 2.14765
15 1.66436
16 6.6351
17 9.53112
18 1.45903
19 1.01359
20 2.44822
21 0.77388
22 2.22376
23 2.28116
24 2.16886
25 2.40898
26 2.31665
27 2.17496
28 2.28906
29 2.16262
"[DEBUG]index 57 centroid... "
0 1.46083
1 1.51478
2 1.42794
3 1.21138
4 1.15928
5 1.52476
6 1.65115
7 1.24797
8 5.22136
9 14.5115
10 4.0255
11 2.53585
12 1.49113
13 0.726903
14 0.989653
15 1.98891
16 8.91722
17 1.72469
18 3.30636
19 1.19106
20 0.629712
21 1.17332
22 2.76497
23 0.93422
24 1.398
25 1.32114
26 1.36622
27 1.26977
28 1.26349
29 1.08721
"[DEBUG]index 58 centroid... "
0 2.66752
1 2.55385
2 2.58618
3 2.47269
4 2.81998
5 2.84635
6 2.75055
7 1.50145
8 20.8229
9 3.21661
10 2.21593
11 0.827633
12 2.33725
13 6.67177
14 1.3917
15 7.55658
16 8.79956
17 1.37893
18 9.85877
19 1.61766
20 2.22137
21 0.810448
22 2.19687
23 2.47014
24 2.48885
25 2.36277
26 2.40905
27 2.26153
28 2.44785
29 2.05615
"[DEBUG]index 59 centroid... "
0 2.23301
1 2.23122
2 2.05313
3 1.90543
4 2.25016
5 2.27508
6 2.15933
7 0.94572
8 19.3363
9 3.05008
10 2.1637
11 1.99407
12 7.73516
13 1.45876
14 5.17395
15 1.54688
16 6.88453
17 2.05365
18 2.11483
19 2.97732
20 21.0931
21 3.31359
22 2.0548
23 2.62413
24 2.77275
25 2.05376
26 2.20532
27 2.08623
28 2.24607
29 1.84355
"[DEBUG]index 60 centroid... "
0 1.95913
1 2.03303
2 2.1019
3 1.75756
4 2.03919
5 1.9972
6 1.9776
7 1.46585
8 10.206
9 2.03135
10 11.0901
11 2.92217
12 3.01064
13 10.9591
14 2.30235
15 10.911
16 2.4972
17 3.85722
18 1.55375
19 0.924412
20 0.704367
21 1.52184
22 3.34714
23 1.46193
24 1.54311
25 1.82643
26 1.6355
27 1.63326
28 1.40202
29 1.3953
"[DEBUG]index 61 centroid... "
0 2.00025
1 2.11806
2 1.6941
3 1.76663
4 1.8902
5 2.0953
6 2.17034
7 1.14807
8 12.6151
9 3.18984
10 2.08804
11 1.1088
12 2.07079
13 5.03927
14 1.67759
15 0.946473
16 2.24812
17 1.67709
18 3.06228
19 15.8822
20 1.94047
21 14.6823
22 3.72761
23 2.0025
24 2.28389
25 2.25188
26 2.09205
27 2.1946
28 2.20435
29 2.23737
"[DEBUG]index 62 centroid... "
0 2.81951
1 2.63665
2 2.49521
3 2.40923
4 2.91279
5 2.78747
6 2.61598
7 1.5356
8 21.8351
9 3.13907
10 1.90473
11 1.17101
12 3.10105
13 0.756185
14 1.66698
15 10.2312
16 1.45511
17 8.02531
18 1.37359
19 9.1804
20 1.45985
21 0.933453
22 0.905394
23 2.90805
24 2.28543
25 2.49749
26 2.40667
27 2.66499
28 2.49341
29 2.26562
"[DEBUG]index 63 centroid... "
0 1.19042
1 1.44472
2 1.0344
3 1.05037
4 1.05897
5 1.29238
6 1.31818
7 0.982801
8 5.543
9 2.17445
10 1.36855
11 1.15356
12 2.6941
13 2.63145
14 0.985258
15 2.09337
16 4.72359
17 10.3526
18 7.59582
19 7.07248
20 10.4582
21 3.72236
22 2.51966
23 1.49386
24 1.54914
25 1.45823
26 1.6683
27 1.85381
28 1.45823
29 1.38943
"[DEBUG]index 64 centroid... "
0 2.29463
1 2.33048
2 2.202
3 2.00485
4 2.33261
5 2.34638
6 1.96427
7 1.36918
8 27.5147
9 2.71259
10 7.92696
11 1.62014
12 10.5403
13 1.58708
14 1.66224
15 6.42481
16 1.56688
17 6.26515
18 6.87716
19 1.5778
20 7.69876
21 1.53315
22 7.14874
23 2.01377
24 2.40467
25 2.48486
26 2.4697
27 2.15275
28 2.21432
29 2.15153
"[DEBUG]index 65 centroid... "
0 2.23246
1 2.05181
2 2.09786
3 1.91859
4 1.94792
5 2.15323
6 2.23328
7 1.27769
8 14.2097
9 1.8114
10 15.5674
11 2.75384
12 1.87089
13 0.924068
14 1.5392
15 5.5562
16 1.47039
17 0.73273
18 0.990406
19 0.766447
20 1.39857
21 3.80647
22 4.65598
23 1.55099
24 2.03509
25 1.9608
26 1.73739
27 1.62336
28 1.66338
29 1.69189
"[DEBUG]index 66 centroid... "
0 2.32816
1 2.36275
2 2.33811
3 1.90617
4 2.46547
5 2.31193
6 2.20614
7 1.1873
8 24.1494
9 2.40765
10 8.67385
11 1.5452
12 9.72882
13 1.34498
14 7.4971
15 1.30921
16 7.80441
17 1.26881
18 7.31276
19 6.92963
20 1.48395
21 5.40339
22 7.46369
23 1.79848
24 2.39202
25 2.41713
26 2.21111
27 2.15057
28 2.39557
29 2.05059
"[DEBUG]index 67 centroid... "
0 2.73742
1 2.68893
2 2.19396
3 2.54163
4 2.25984
5 2.34767
6 2.215
7 1.34401
8 12.2699
9 3.81519
10 1.39799
11 7.38701
12 1.7301
13 0.58097
14 0.427264
15 0.772187
16 1.785
17 1.75572
18 3.02104
19 13.2232
20 3.38609
21 1.97621
22 0.757548
23 2.70174
24 2.26075
25 2.14273
26 2.27905
27 2.64227
28 2.09241
29 2.22324
"[DEBUG]index 68 centroid... "
0 2.46912
1 2.45825
2 2.33165
3 2.18676
4 2.48112
5 2.27218
6 2.10932
7 1.18079
8 20.497
9 3.53162
10 2.20441
11 3.473
12 24.0238
13 2.49937
14 1.87985
15 2.019
16 5.23325
17 4.48863
18 1.38897
19 5.08594
20 1.85483
21 1.91855
22 1.03155
23 2.31653
24 1.92704
25 1.88307
26 1.93325
27 1.99323
28 1.96182
29 1.84073
"[DEBUG]index 69 centroid... "
0 1.64246
1 1.6687
2 1.81879
3 1.56498
4 1.61928
5 2.00488
6 2.08054
7 1.34045
8 11.3557
9 2.02257
10 11.3118
11 3.27944
12 1.79927
13 3.70531
14 2.67236
15 11.5827
16 2.78462
17 2.73764
18 12.9866
19 3.18365
20 2.62111
21 12.2367
22 3.10799
23 1.7529
24 2.24527
25 2.18914
26 2.05003
27 2.00671
28 1.88774
29 1.87919
"[DEBUG]index 70 centroid... "
0 2.03867
1 1.97915
2 1.84794
3 1.76756
4 1.65195
5 2.02997
6 1.97368
7 1.20207
8 10.7631
9 13.4207
10 3.56206
11 1.60356
12 1.42701
13 5.5412
14 0.984005
15 1.45839
16 0.671796
17 1.41871
18 4.04029
19 3.97631
20 1.19903
21 0.571371
22 1.53837
23 1.41891
24 1.3029
25 1.31565
26 1.38348
27 1.50253
28 1.43956
29 1.35594
"[DEBUG]index 71 centroid... "
0 2.52956
1 2.55619
2 2.37644
3 2.13658
4 2.85145
5 2.68725
6 2.46959
7 1.2818
8 28.1407
9 2.81185
10 1.99508
11 2.2406
12 2.90047
13 0.740835
14 2.33606
15 0.727092
16 2.22732
17 0.788652
18 2.45217
19 0.878228
20 2.03705
21 1.28233
22 9.77732
23 1.58949
24 2.39659
25 2.31506
26 2.59972
27 2.11058
28 2.18794
29 2.1997
"[DEBUG]index 72 centroid... "
0 2.984
1 2.80903
2 2.74537
3 2.40263
4 3.01657
5 2.60651
6 2.62023
7 1.3584
8 22.3686
9 2.61326
10 9.64937
11 1.4888
12 10.3934
13 1.35303
14 7.48549
15 5.95383
16 1.98743
17 0.817943
18 2.12926
19 0.825143
20 2.01966
21 0.645714
22 1.93954
23 2.18046
24 2.18457
25 1.94457
26 2.06663
27 2.076
28 1.97589
29 1.90731
"[DEBUG]index 73 centroid... "
0 2.0029
1 1.90873
2 2.0431
3 1.67512
4 1.83629
5 2.02246
6 1.88519
7 1.29844
8 11.8562
9 1.58167
10 13.3995
11 3.37269
12 1.95581
13 3.01775
14 13.7291
15 2.24448
16 1.68164
17 1.11626
18 1.72148
19 2.59109
20 10.9906
21 2.98986
22 1.68164
23 2.01557
24 1.98587
25 1.81927
26 1.77399
27 1.83883
28 1.84861
29 1.78848
"[DEBUG]index 74 centroid... "
0 1.91847
1 1.95152
2 2.03293
3 1.73414
4 1.78262
5 1.89052
6 1.55395
7 1.65346
8 10.5702
9 2.71932
10 5.03524
11 19.9589
12 5.12163
13 2.98919
14 1.84787
15 0.984083
16 0.872904
17 1.37934
18 4.02953
19 1.34812
20 1.01944
21 1.3288
22 4.14034
23 1.20255
24 1.27995
25 1.5305
26 1.68919
27 1.38955
28 1.46938
29 1.41069
"[DEBUG]index 75 centroid... "
0 3.48803
1 3.15824
2 2.92221
3 2.67487
4 3.05918
5 3.24003
6 2.70678
7 1.50931
8 17.1097
9 4.66489
10 1.76928
11 1
12 3.52793
13 0.862367
14 0.456782
15 0.836436
16 1.47739
17 9.33777
18 1.83178
19 0.851064
20 2.3125
21 9.49269
22 1.56516
23 2.85439
24 2.9109
25 2.78989
26 2.87699
27 2.78059
28 2.8371
29 2.90891
"[DEBUG]index 76 centroid... "
0 2.19465
1 2.03358
2 1.95447
3 1.97553
4 2.27547
5 2.15196
6 2.15709
7 1.36767
8 8.47126
9 2.89528
10 1.33865
11 3.33182
12 10.1998
13 2.24986
14 5.59932
15 16.0569
16 5.55948
17 3.08879
18 1.78486
19 1.856
20 0.897553
21 0.498008
22 0.828685
23 1.75925
24 1.62208
25 1.68867
26 1.60672
27 1.62721
28 1.71144
29 1.54411
"[DEBUG]index 77 centroid... "
0 2.2563
1 2.36985
2 2.35255
3 2.2181
4 2.46492
5 2.88255
6 2.34337
7 1.58355
8 25.2657
9 3.33828
10 1.57758
11 9.13406
12 2.17051
13 1.45906
14 7.03303
15 7.42984
16 1.47694
17 8.48681
18 1.58687
19 7.75718
20 6.30389
21 1.50205
22 7.5385
23 2.37639
24 2.30272
25 2.42642
26 2.49492
27 2.30985
28 2.39584
29 2.2136
"[DEBUG]index 78 centroid... "
0 1.48878
1 1.53539
2 1.60817
3 1.57799
4 1.66246
5 1.67595
6 1.46768
7 1.03279
8 8.38615
9 2.74472
10 1.45032
11 3.21708
12 4.51549
13 20.7096
14 3.88308
15 2.56898
16 1.28152
17 3.57986
18 1.00107
19 1.248
20 1.10697
21 2.83313
22 1.19111
23 1.36665
24 1.36205
25 1.29327
26 1.21908
27 1.21314
28 1.28032
29 1.20232
"[DEBUG]index 79 centroid... "
0 3.05662
1 2.98235
2 2.90662
3 2.45221
4 2.95221
5 2.77868
6 2.59191
7 1.24779
8 18.1949
9 3.99265
10 1.81103
11 2.28971
12 0.557353
13 2.18529
14 0.699265
15 0.316912
16 0.613235
17 1.51176
18 9.46912
19 1.36471
20 2.20588
21 2.16691
22 1.63015
23 2.61324
24 2.45662
25 2.46691
26 2.55074
27 2.64926
28 2.46765
29 2.49118
"[DEBUG]index 80 centroid... "
0 3.62737
1 3.46607
2 3.19726
3 2.91288
4 3.60632
5 3.49873
6 3.03426
7 1.64644
8 22.7967
9 4.02926
10 2.81699
11 1.0841
12 2.30486
13 10.3319
14 1.91439
15 2.22765
16 0.692213
17 2.75828
18 2.29391
19 0.74403
20 0.787353
21 1.99622
22 0.746579
23 2.81218
24 2.44417
25 2.50071
26 2.5513
27 2.56583
28 2.45503
29 2.45852
"[DEBUG]index 81 centroid... "
0 2.32954
1 2.54623
2 2.34851
3 2.37411
4 2.36866
5 2.43504
6 2.39995
7 1.41939
8 13.7608
9 3.82195
10 2.43931
11 2.04789
12 3.29777
13 15.8587
14 3.51636
15 1.8964
16 2.2532
17 3.7826
18 16.7328
19 3.13016
20 1.8926
21 2.37411
22 1.05002
23 2.22499
24 2.03414
25 1.93314
26 2.14414
27 2.05998
28 1.98269
29 1.93385
"[DEBUG]index 82 centroid... "
0 2.4944
1 2.41936
2 2.3643
3 2.08926
4 2.49864
5 2.43994
6 2.11286
7 1.32708
8 21.4511
9 2.32254
10 8.51104
11 1.79183
12 0.911649
13 1.67897
14 7.20242
15 6.75552
16 1.67171
17 1.77882
18 7.22784
19 6.65053
20 1.18608
21 2.08744
22 0.681392
23 2.63661
24 2.11558
25 1.96369
26 2.07716
27 2.14312
28 2.08139
29 1.98941
"[DEBUG]index 83 centroid... "
0 3.44432
1 3.21512
2 2.86036
3 2.72279
4 3.55672
5 3.29937
6 3.26682
7 1.62377
8 21.9146
9 3.54068
10 2.65297
11 0.982804
12 3.39458
13 1.15834
14 0.92187
15 1.90029
16 11.7662
17 2.52729
18 1.07374
19 2.32706
20 10.2115
21 1.56884
22 0.932602
23 3.36919
24 3.41604
25 2.74495
26 2.86913
27 3.009
28 3.11344
29 2.86786
"[DEBUG]index 84 centroid... "
0 4.19289
1 3.71685
2 3.47204
3 3.27077
4 3.65256
5 3.55791
6 3.28794
7 2.03634
8 16.5767
9 3.02835
10 9.58347
11 2.06589
12 1.05671
13 3.40895
14 0.842652
15 0.775958
16 3.22284
17 0.628195
18 2.41534
19 0.878594
20 0.402157
21 0.875399
22 0.88738
23 2.50599
24 2.19649
25 2.29273
26 2.35024
27 2.27516
28 2.35064
29 2.41374
"[DEBUG]index 85 centroid... "
0 1.27807
1 1.45396
2 1.35883
3 1.17681
4 1.17253
5 1.55889
6 1.54114
7 1.0676
8 5.40838
9 13.2343
10 4.10278
11 2.69715
12 1.2282
13 0.557969
14 1.22025
15 0.487611
16 0.955032
17 2.98532
18 1.24319
19 1.0985
20 2.18752
21 6.9691
22 2.15938
23 1.17069
24 1.39217
25 1.34231
26 1.14286
27 1.27287
28 1.28969
29 1.16152
"[DEBUG]index 86 centroid... "
0 3.19538
1 3.01192
2 2.80009
3 2.57859
4 3.53387
5 3.14231
6 2.9182
7 1.52387
8 29.5746
9 3.12159
10 1.89215
11 1.01212
12 0.884402
13 1.76354
14 0.659461
15 2.27473
16 0.604178
17 2.37669
18 0.623345
19 2.00861
20 1.67724
21 0.538334
22 1.87477
23 2.14552
24 2.01678
25 2.08322
26 2.27264
27 2.24911
28 2.22259
29 2.27791
"[DEBUG]index 87 centroid... "
0 2.34547
1 2.30335
2 2.26731
3 2.20021
4 2.33797
5 2.39507
6 1.89722
7 1.06638
8 18.1478
9 3.42327
10 1.46395
11 7.23198
12 7.51535
13 6.2566
14 1.47038
15 0.629907
16 1.90257
17 1.89507
18 1.85689
19 0.620628
20 1.78837
21 6.54104
22 6.78266
23 1.83547
24 2.36117
25 2.3162
26 2.14133
27 1.97074
28 1.99714
29 1.96717
"[DEBUG]index 88 centroid... "
0 2.53281
1 2.45295
2 2.42487
3 2.05703
4 2.27668
5 2.35823
6 2.46907
7 1.47686
8 18.5491
9 2.16726
10 20.2651
11 2.60905
12 1.95768
13 1.256
14 2.53053
15 0.863035
16 1.98227
17 6.5392
18 1.46981
19 4.95775
20 1.93719
21 0.831262
22 2.05978
23 1.99362
24 1.83502
25 1.93101
26 1.95231
27 2.02956
28 2.06328
29 1.87325
"[DEBUG]index 89 centroid... "
0 2.16131
1 1.95788
2 1.85323
3 1.82641
4 1.83302
5 2.28485
6 2.23989
7 1.41859
8 11.0472
9 12.7168
10 2.88175
11 1.55213
12 0.807518
13 1.39856
14 4.76672
15 0.875142
16 4.86815
17 1.39214
18 0.655081
19 1.45448
20 1.46128
21 0.466566
22 1.2142
23 1.37401
24 1.44617
25 1.45712
26 1.41802
27 1.36475
28 1.44522
29 1.35474
"[DEBUG]index 90 centroid... "
0 2.5633
1 2.50739
2 2.44647
3 2.10968
4 2.63627
5 2.32093
6 2.27146
7 1.22973
8 23.4506
9 2.28553
10 9.12411
11 1.36636
12 9.79196
13 1.36779
14 8.04351
15 1.26037
16 6.25012
17 6.76073
18 1.71066
19 0.889962
20 1.90713
21 6.78088
22 1.42799
23 2.44027
24 2.48593
25 2.46602
26 2.21018
27 2.19039
28 2.16452
29 2.18765
"[DEBUG]index 91 centroid... "
0 2.20824
1 2.28493
2 2.17438
3 1.97512
4 2.44687
5 2.4381
6 2.36712
7 1.3041
8 20.6512
9 2.88436
10 2.0153
11 0.978992
12 2.09484
13 7.06159
14 1.34224
15 8.59943
16 1.31552
17 9.68999
18 1.28615
19 8.46788
20 1.15317
21 6.6082
22 6.2425
23 2.05099
24 2.28513
25 2.5876
26 2.17051
27 2.35754
28 2.22843
29 2.05466
"[DEBUG]index 92 centroid... "
0 2.10224
1 2.19443
2 2.00632
3 1.919
4 2.15765
5 2.37819
6 2.33188
7 1.52735
8 14.1872
9 2.66304
10 1.71577
11 4.76994
12 1.85519
13 2.7775
14 17.3611
15 1.93319
16 16.232
17 2.55842
18 4.90253
19 1.76776
20 1.93143
21 1.53646
22 4.12192
23 1.71421
24 2.12585
25 1.87342
26 2.00197
27 1.91237
28 1.841
29 1.77937
"[DEBUG]index 93 centroid... "
0 2.0845
1 2.14189
2 2.1542
3 2.06202
4 2.04361
5 2.37122
6 2.08699
7 1.56451
8 14.318
9 3.0261
10 2.7056
11 16.9941
12 4.49718
13 1.58891
14 3.49751
15 16.5156
16 2.43549
17 1.56315
18 4.89291
19 1.62009
20 4.60201
21 1.47176
22 5.00621
23 1.90522
24 2.03705
25 2.06597
26 2.02033
27 1.90691
28 1.91482
29 1.7134
"[DEBUG]index 94 centroid... "
0 2.75995
1 2.64342
2 2.77192
3 2.50504
4 2.64043
5 2.89604
6 2.24633
7 1.53457
8 22.7185
9 2.654
10 7.98274
11 8.03941
12 1.5204
13 6.48379
14 8.48508
15 1.32844
16 0.827497
17 2.14926
18 1.92058
19 0.727527
20 1.60082
21 1.72753
22 1.58386
23 1.96159
24 1.9581
25 1.83239
26 1.83668
27 1.81762
28 1.72124
29 1.81762
"[DEBUG]index 95 centroid... "
0 2.76964
1 2.58521
2 2.28347
3 2.12773
4 2.54884
5 2.48122
6 2.42708
7 1.43511
8 20.7305
9 2.66325
10 9.70014
11 1.48207
12 1.00803
13 2.22182
14 0.720287
15 1.68033
16 8.84802
17 1.34529
18 7.46397
19 6.58163
20 1.69433
21 0.878245
22 2.32411
23 2.32309
24 2.16957
25 2.2278
26 2.29047
27 2.29064
28 2.24795
29 2.11168
"[DEBUG]index 96 centroid... "
0 2.76993
1 2.65788
2 2.55414
3 2.39305
4 2.88828
5 2.78806
6 2.33414
7 1.29898
8 27.9266
9 3.42524
10 2.38392
11 2.29262
12 10.2676
13 5.1855
14 1.37445
15 9.01677
16 2.19713
17 0.968418
18 2.07493
19 9.42078
20 1.68438
21 1.7418
22 8.61013
23 2.51985
24 2.5024
25 2.65936
26 2.69744
27 2.47481
28 2.48204
29 2.38466
"[DEBUG]index 97 centroid... "
0 2.31281
1 2.40623
2 2.35353
3 2.09528
4 2.42728
5 2.59084
6 1.96551
7 1.41003
8 21.8426
9 3.58734
10 1.91817
11 9.5171
12 1.6226
13 6.94584
14 1.73161
15 1.88992
16 0.914272
17 2.20945
18 1.59737
19 9.27803
20 1.34009
21 6.4754
22 7.30346
23 2.18471
24 2.44403
25 2.5359
26 2.27599
27 2.1887
28 2.25124
29 2.17876
"[DEBUG]index 98 centroid... "
0 2.04742
1 2.15617
2 1.81971
3 2.13083
4 2.11856
5 2.48365
6 2.14881
7 1.58299
8 12.7796
9 3.27392
10 1.30253
11 4.89616
12 5.26451
13 1.12428
14 3.67089
15 16.027
16 2.03312
17 12.0315
18 11.1521
19 2.83606
20 4.28128
21 2.17621
22 0.896157
23 2.18888
24 2.04579
25 1.90352
26 2.12592
27 2.20155
28 1.90352
29 1.88757
"[DEBUG]index 99 centroid... "
0 2.23907
1 2.34092
2 2.12054
3 2.00428
4 2.12704
5 2.18495
6 2.0558
7 1.20191
8 17.9793
9 3.63026
10 2.22303
11 1.87735
12 6.61878
13 1.56531
14 0.947126
15 2.45642
16 2.11371
17 3.21968
18 20.8706
19 3.28555
20 1.85806
21 6.02671
22 2.0422
23 2.02378
24 2.15851
25 2.20082
26 2.14118
27 2.29552
28 2.10737
29 2.13208
