correlation level (red against blue): 
-0.59633
-0.497278
-0.606052
-0.42304
-0.400705
0.232936
0.485976
0.639184
-0.392936
0.707657
0.0765551
0.409576
0.331437
-0.256104
-0.151525
0.262668
0.183402
0.39056
0.128578
-0.204734
-0.41536
-0.446649
0.173019
0.00902348
-0.0751377
0.203289
-0.274757
0.379072
0.237969
0.712475
0.10459
0.349532
0.76993
0.115011
-0.454643
0.640731
0.139199
0.152288
0.250584
0.367895
0.264094
-0.276372
0.02698
0.0756379
0.248212
-0.132001
-0.154351
0.261298
0.414612
0.216483
0.37711
0.445783
0.673126
0.405623
0.0597416
0.514828
0.199722
-0.0822958
-0.24298
-0.0592581
-0.187905
-0.212687
0.118864
0.159255
-0.338529
-0.0559812
-0.0428613
0.593347
-0.0250814
-0.0570172
-0.0454242
-0.12452
-0.242041
-0.491628
-0.150161
0.0122143
-0.0886522
0.226137
-0.0400124
0.18193
0.0999315
0.244149
0.153639
0.138338
-0.136853
0.126848
-0.10207
-0.044252
-0.178329
0.0953694
0.0545376
0.0521604
0.587818
0.188792
-0.144329
0.304217
0.143131
-0.0903428
0.000722808
-0.289878
0.247423
0.254518
0.178992
0.663508
0.464128
0.00551893
0.448703
0.340195
-0.0996944
-0.145358
-0.0403805
0.290542
-0.0817983
-0.108357
-0.0147675
0.0102786
0.00336537
-0.050564
-0.193926
-0.111907
-0.190427
-0.20687
-0.0136082
-0.034618
0.24552
0.110055
-0.168193
-0.101272
-0.292276
-0.541837
0.682807
0.216644
0.337973
0.601012
-0.112643
0.258632
0.112131
0.260658
0.0642338
0.276228
-0.49985
0.589979
-0.00551819
0.118862
0.0299001
0.419915
0.417131
-0.378591
-0.318267
0.115981
-0.118577
-0.115725
0.393398
0.0927867
0.223714
0.117554
-0.0637296
-0.00550497
-0.334569
-0.122743
0.0523397
-0.134946
0.208092
0.344026
-0.23001
0.057132
0.399052
-0.270443
0.432285
0.543206
0.59738
-0.114378
0.49737
-0.0445693
-0.130823
0.08993
0.306375
0.307392
-0.0742615
-0.0891274
0.539643
0.252978
-0.41752
-0.299406
-0.10548
0.360201
0.437304
-0.0454962
0.217768
0.129851
0.260396
0.265753
-0.139982
-0.495182
0.127503
0.439934
-0.0438922
-0.268841
0.273287
-0.231604
-0.427093
-0.0224002
-0.00877967
0.0841584
-0.315883
0.310748
-0.189674
0.200887
0.414475
-0.544672
-0.323072
0.274651
-0.177893
-0.0944466
-0.591303
-0.011076
0.00488516
-0.444506
-0.402913
0.0630531
-0.153549
-0.248562
-0.20817
-0.379507
0.404661
0.329037
0.276972
0.0665974
0.17925
-0.0706651
-0.290046
-0.160503
0.409642
0.337963
0.206921
0.0550027
-0.26099
-0.0886467
0.101373
0.230898
0.397833
0.428835
0.041812
-0.0342735
0.0227814
0.0170239
-0.336661
0.139588
0.333024
0.27812
-0.301773
-0.315076
0.0815585
-0.152879
0.558134
-0.132642
-0.297004
0.194183
0.113901
0.320122
-0.228396
-0.132879
-0.0907906
-0.0410556
0.202754
0.345747
-0.24238
-0.34251
-0.032181
-0.153108
0.0922604
-0.0629613
0.372036
0.0208799
0.0147026
-0.320009
0.0125338
0.391792
-0.196509
-0.121456
0.328272
0.329682
0.18855
0.0149745
0.140799
0.0823678
-0.237138
-0.0756588
-0.357036
0.0585198
0.755459
-0.525765
0.352668
-0.280805
-0.149386
-0.0789606
0.0920873
-0.0251715
0.611875
0.21987
-0.356994
0.135634
-0.180711
-0.267038
0.208298
0.153107
0.326731
0.34375
0.0149717
0.46865
0.607053
0.0958903
-0.0337459
-0.054013
0.0443946
-0.169825
0.0761367
0.290473
-0.141447
0.311359
0.00218044
-0.279742
-0.310002
0.167321
-0.377289
-0.30987
-0.111945
-0.13477
-0.089468
-0.178352
-0.652881
0.338736
0.187788
-0.180789
0.28043
0.240449
0.412981
0.387465
0.135411
-0.25092
-0.013214
-0.278576
-0.0651666
0.0703093
-0.143358
-0.288224
-0.201956
0.157453
0.124891
0.0267691
-0.287778
-0.499146
0.346445
-0.326382
-0.320258
-0.0543492
-0.215745
0.0875411
0.0656359
0.132069
0.402793
0.0507028
0.244159
-0.165673
-0.0854581
-0.0706634
0.571438
-0.313711
0.10441
0.404966
-0.253243
-0.014459
-0.0701967
0.425584
-0.269722
-0.106179
-0.00319976
-0.537167
0.0337369
0.320366
-0.179599
0.579717
0.393677
-0.260131
-0.110611
-0.309019
0.344854
0.125796
-0.370798
-0.113628
0.129332
0.237822
-0.175797
0.272183
-0.240475
0.0377311
0.107953
-0.282319
0.300569
-0.0349788
-0.064923
-0.204985
0.245504
-0.180137
-0.352305
-0.0232993
-0.186912
0.107747
-0.0944551
0.178215
0.143758
0.442226
0.322939
0.0953854
0.213159
-0.12344
-0.291396
-0.0166944
0.185604
-0.0204322
-0.265169
0.0124038
-0.231858
-0.15404
-0.108652
-0.203261
0.39883
0.14134
0.246679
-0.284975
0.159712
0.273404
-0.166146
-0.313926
-0.252098
-0.365276
-0.0525519
-0.290587
0.485673
-0.148355
0.0125173
0.129035
0.154555
0.170429
0.3519
-0.156785
0.0206897
0.544259
0.133384
0.146944
-0.207007
0.0814804
0.000815203
0.385438
0.0981421
0.0356023
0.221403
-0.385886
0.019344
0.081392
-0.145713
0.0525649
-0.0731627
0.287923
0.140475
0.0694889
-0.377128
-0.35729
-0.0711191
0.347725
-0.0242405
0.0850094
-0.0807161
0.185209
0.052159
-0.0706497
0.124611
-0.397441
0.302017
-0.0737706
0.0440551
-0.0954208
-0.18091
0.102997
-0.111016
0.462392
0.0165758
0.194463
0.313785
-0.0255146
-0.018724
0.434033
-0.0898961
0.444314
0.308408
-0.0957112
0.516227
-0.146489
