"[DEBUG]index 0 centroid... "
0 0.197027
1 0.21955
2 0.266631
3 0.267144
4 0.162847
5 0.102315
6 0.138225
7 0.229189
8 0.138766
9 0.145423
10 0.128784
11 0.20882
12 0.130441
13 0.144658
14 0.0302973
15 0.123712
16 0.174027
17 0.085973
18 0.252712
19 0.244559
20 0.391586
21 0.168324
22 0.220432
23 0.138586
24 0.0582252
25 0.296144
26 0.322216
27 0.184306
28 0.156586
29 0.337198
"[DEBUG]index 1 centroid... "
0 0.293246
1 0.193579
2 0.207623
3 0.13086
4 0.201281
5 0.204737
6 0.134132
7 0.17264
8 0.140439
9 0.0195351
10 0.138237
11 0.107798
12 0.0147895
13 0.209333
14 0.241123
15 0.228202
16 0.271377
17 0.341053
18 0.373193
19 0.229281
20 0.229342
21 0.295535
22 0.245746
23 0.335439
24 0.205158
25 0.275781
26 0.218123
27 0.391491
28 0.361737
29 0.211553
"[DEBUG]index 2 centroid... "
0 0.173399
1 0.253858
2 0.166157
3 0.198174
4 0.234819
5 0.233194
6 0.191694
7 0.235688
8 0.208694
9 0.19222
10 0.173432
11 0.273817
12 0.237785
13 0.255124
14 0.227281
15 0.277588
16 0.27099
17 0.235439
18 0.178085
19 0.23676
20 0.268345
21 0.260321
22 0.235813
23 0.194305
24 0.170292
25 0.204967
26 0.19517
27 0.220024
28 0.217073
29 0.22921
"[DEBUG]index 3 centroid... "
0 0.0400175
1 0.317965
2 0.184632
3 0.288105
4 0.197053
5 0.343772
6 0.146351
7 0.320105
8 0.428684
9 0.209842
10 0.17686
11 0.295702
12 -0.066386
13 0.131491
14 0.29786
15 0.101193
16 0.105561
17 0.279631
18 0.573807
19 0.168544
20 0.360597
21 0.285614
22 0.277228
23 0.284842
24 0.405649
25 0.325947
26 0.362123
27 0.457824
28 0.43807
29 0.222526
"[DEBUG]index 4 centroid... "
0 0.145554
1 0.152697
2 0.180508
3 0.213207
4 0.195
5 0.16576
6 0.146753
7 0.170566
8 0.10435
9 0.15813
10 0.152663
11 0.175375
12 0.17444
13 0.158363
14 0.145324
15 0.153258
16 0.187144
17 0.205289
18 0.167768
19 0.211726
20 0.183774
21 0.127641
22 0.187761
23 0.166668
24 0.192237
25 0.191111
26 0.18822
27 0.162775
28 0.156521
29 0.18308
"[DEBUG]index 5 centroid... "
0 0.187516
1 0.171618
2 0.187711
3 0.205217
4 0.191522
5 0.172973
6 0.219687
7 0.217187
8 0.181556
9 0.177163
10 0.200415
11 0.17313
12 0.208415
13 0.241568
14 0.22712
15 0.191991
16 0.207901
17 0.204779
18 0.176852
19 0.135101
20 0.203085
21 0.198591
22 0.200413
23 0.227736
24 0.194577
25 0.193423
26 0.190887
27 0.186331
28 0.205419
29 0.186248
"[DEBUG]index 6 centroid... "
0 0.143223
1 0.16838
2 0.167506
3 0.196082
4 0.192087
5 0.185181
6 0.227019
7 0.186337
8 0.140554
9 0.154852
10 0.110535
11 0.114607
12 0.186944
13 0.171323
14 0.181918
15 0.153568
16 0.182131
17 0.184921
18 0.181479
19 0.211687
20 0.203666
21 0.189035
22 0.154848
23 0.221428
24 0.201485
25 0.216403
26 0.19874
27 0.194572
28 0.186805
29 0.199986
"[DEBUG]index 7 centroid... "
0 0.22771
1 0.198408
2 0.278512
3 0.157421
4 0.286092
5 0.159918
6 0.203021
7 0.244134
8 0.171521
9 0.163561
10 0.144424
11 0.279686
12 0.139152
13 0.189393
14 0.269963
15 0.171177
16 0.184823
17 0.251143
18 0.199268
19 0.132241
20 0.271076
21 0.165863
22 0.22297
23 0.31325
24 0.316067
25 0.286747
26 0.274875
27 0.339271
28 0.144591
29 0.284509
"[DEBUG]index 8 centroid... "
0 0.187184
1 0.184419
2 0.195512
3 0.202471
4 0.205024
5 0.176236
6 0.200172
7 0.188196
8 0.139246
9 0.173089
10 0.205033
11 0.201613
12 0.203355
13 0.186936
14 0.149571
15 0.125052
16 0.147607
17 0.164627
18 0.202818
19 0.210087
20 0.181841
21 0.196697
22 0.200628
23 0.171992
24 0.180786
25 0.19577
26 0.189246
27 0.189471
28 0.197161
29 0.203893
"[DEBUG]index 9 centroid... "
0 0.20474
1 0.206988
2 0.190851
3 0.203442
4 0.215959
5 0.204641
6 0.234865
7 0.22743
8 0.126675
9 0.172798
10 0.208276
11 0.178526
12 0.258651
13 0.262143
14 0.221997
15 0.192221
16 0.219793
17 0.200907
18 0.212098
19 0.19416
20 0.235053
21 0.247499
22 0.239388
23 0.229345
24 0.230493
25 0.187186
26 0.206783
27 0.198762
28 0.215632
29 0.204407
"[DEBUG]index 10 centroid... "
0 0.191168
1 0.201508
2 0.194077
3 0.229292
4 0.203125
5 0.189718
6 0.188245
7 0.194151
8 0.14686
9 0.182114
10 0.198251
11 0.214582
12 0.254666
13 0.225801
14 0.190321
15 0.188309
16 0.206649
17 0.192704
18 0.208303
19 0.243681
20 0.225083
21 0.201079
22 0.16712
23 0.228308
24 0.182387
25 0.190607
26 0.245441
27 0.201742
28 0.200797
29 0.198001
"[DEBUG]index 11 centroid... "
0 0.211068
1 0.185664
2 0.219468
3 0.198713
4 0.208049
5 0.223651
6 0.192254
7 0.179237
8 0.169353
9 0.134494
10 0.138766
11 0.201298
12 0.228786
13 0.22784
14 0.228214
15 0.244676
16 0.20543
17 0.190171
18 0.192697
19 0.179654
20 0.144472
21 0.190431
22 0.211762
23 0.223148
24 0.223137
25 0.222444
26 0.209188
27 0.178589
28 0.203834
29 0.192356
"[DEBUG]index 12 centroid... "
0 0.19272
1 0.188963
2 0.191753
3 0.198487
4 0.203904
5 0.180287
6 0.199145
7 0.191371
8 0.13224
9 0.164763
10 0.194068
11 0.194374
12 0.20963
13 0.197156
14 0.193576
15 0.158728
16 0.131928
17 0.194086
18 0.217251
19 0.175699
20 0.206578
21 0.193622
22 0.161912
23 0.187971
24 0.191153
25 0.186616
26 0.192401
27 0.201446
28 0.203745
29 0.198045
"[DEBUG]index 13 centroid... "
0 0.200745
1 0.172329
2 0.207595
3 0.244576
4 0.218816
5 0.171342
6 0.248784
7 0.223205
8 0.155963
9 0.129694
10 0.0473046
11 0.115557
12 0.0962974
13 0.183436
14 0.219451
15 0.178123
16 0.232978
17 0.188401
18 0.119045
19 0.169114
20 0.215355
21 0.16904
22 0.272396
23 0.253834
24 0.240237
25 0.220917
26 0.207521
27 0.223165
28 0.230457
29 0.199674
"[DEBUG]index 14 centroid... "
0 0.204497
1 0.1539
2 0.199441
3 0.235057
4 0.129487
5 0.157889
6 0.192646
7 0.199352
8 0.139717
9 0.166708
10 0.180587
11 0.16664
12 0.198085
13 0.159361
14 0.233115
15 0.155602
16 0.134251
17 0.178135
18 0.131571
19 0.144038
20 0.204496
21 0.190052
22 0.111787
23 0.204596
24 0.178567
25 0.21476
26 0.276389
27 0.162552
28 0.150769
29 0.201305
"[DEBUG]index 15 centroid... "
0 0.220503
1 0.19567
2 0.186323
3 0.24306
4 0.227149
5 0.202483
6 0.200229
7 0.230942
8 0.176049
9 0.129158
10 0.21358
11 0.205441
12 0.182302
13 0.144111
14 0.135444
15 0.177506
16 0.166984
17 0.152012
18 0.16969
19 0.15365
20 0.171484
21 0.188206
22 0.198006
23 0.191646
24 0.204584
25 0.228113
26 0.227023
27 0.210082
28 0.18318
29 0.219448
"[DEBUG]index 16 centroid... "
0 0.179079
1 0.1675
2 0.175342
3 0.188405
4 0.197504
5 0.162978
6 0.170052
7 0.175134
8 0.109428
9 0.153964
10 0.19523
11 0.173172
12 0.198069
13 0.179438
14 0.201221
15 0.218464
16 0.208069
17 0.235261
18 0.203727
19 0.17089
20 0.197807
21 0.180189
22 0.199348
23 0.211931
24 0.203098
25 0.190435
26 0.173808
27 0.192195
28 0.177243
29 0.180826
"[DEBUG]index 17 centroid... "
0 0.160326
1 0.16921
2 0.172611
3 0.199794
4 0.200227
5 0.175227
6 0.222704
7 0.205004
8 0.147105
9 0.197394
10 0.242978
11 0.187259
12 0.202064
13 0.245389
14 0.229306
15 0.211213
16 0.216942
17 0.212247
18 0.150367
19 0.205114
20 0.230105
21 0.16179
22 0.197689
23 0.213039
24 0.221005
25 0.184874
26 0.204566
27 0.1997
28 0.170711
29 0.18564
"[DEBUG]index 18 centroid... "
0 0.204542
1 0.182197
2 0.204215
3 0.211191
4 0.225969
5 0.181055
6 0.234368
7 0.214412
8 0.152489
9 0.194659
10 0.195139
11 0.194965
12 0.218851
13 0.197198
14 0.201322
15 0.235843
16 0.224889
17 0.165064
18 0.200472
19 0.210496
20 0.182621
21 0.185656
22 0.235327
23 0.216603
24 0.201779
25 0.194458
26 0.184203
27 0.186159
28 0.187694
29 0.204556
"[DEBUG]index 19 centroid... "
0 0.174141
1 0.181065
2 0.178472
3 0.233049
4 0.20056
5 0.139573
6 0.20656
7 0.139252
8 0.118414
9 0.163345
10 0.21378
11 0.175593
12 0.174601
13 0.192726
14 0.204199
15 0.189143
16 0.148762
17 0.194817
18 0.17575
19 0.142196
20 0.214505
21 0.195048
22 0.200438
23 0.256621
24 0.166732
25 0.19198
26 0.167452
27 0.206034
28 0.217359
29 0.190391
"[DEBUG]index 20 centroid... "
0 0.0791074
1 0.157742
2 0.216621
3 0.312953
4 0.263934
5 0.1904
6 0.205879
7 0.194113
8 0.184311
9 0.126389
10 0.187035
11 0.143293
12 0.121453
13 0.252244
14 0.220303
15 0.200994
16 0.182727
17 0.153527
18 0.221506
19 0.243066
20 0.188162
21 0.19651
22 0.203434
23 0.209965
24 0.229799
25 0.298916
26 0.163066
27 0.161232
28 0.120529
29 0.169266
"[DEBUG]index 21 centroid... "
0 0.181832
1 0.174839
2 0.188303
3 0.203282
4 0.213683
5 0.175745
6 0.188885
7 0.180672
8 0.124964
9 0.178259
10 0.206789
11 0.153768
12 0.197584
13 0.208134
14 0.188273
15 0.198254
16 0.194589
17 0.181296
18 0.202014
19 0.201358
20 0.189702
21 0.214461
22 0.205777
23 0.200457
24 0.207335
25 0.200154
26 0.193376
27 0.18257
28 0.182887
29 0.186919
"[DEBUG]index 22 centroid... "
0 0.204938
1 0.208174
2 0.209076
3 0.199109
4 0.200708
5 0.182147
6 0.198978
7 0.184015
8 0.147107
9 0.166089
10 0.203254
11 0.154383
12 0.168467
13 0.194665
14 0.176216
15 0.150627
16 0.177273
17 0.20281
18 0.178241
19 0.193936
20 0.211893
21 0.195703
22 0.198649
23 0.201429
24 0.211283
25 0.219852
26 0.222662
27 0.215818
28 0.223445
29 0.208742
"[DEBUG]index 23 centroid... "
0 0.185773
1 0.196516
2 0.182121
3 0.199385
4 0.18818
5 0.16279
6 0.182013
7 0.193302
8 0.139713
9 0.159481
10 0.171617
11 0.131331
12 0.162247
13 0.156128
14 0.110955
15 0.165016
16 0.174138
17 0.162661
18 0.182187
19 0.171073
20 0.186304
21 0.169603
22 0.199626
23 0.223944
24 0.203223
25 0.223389
26 0.211085
27 0.215657
28 0.211217
29 0.199097
"[DEBUG]index 24 centroid... "
0 0.190009
1 0.193948
2 0.194624
3 0.199424
4 0.209103
5 0.18049
6 0.198077
7 0.187938
8 0.140589
9 0.192285
10 0.214501
11 0.174174
12 0.164409
13 0.154334
14 0.155825
15 0.15534
16 0.200166
17 0.189763
18 0.156946
19 0.210629
20 0.212969
21 0.188825
22 0.19781
23 0.208567
24 0.201267
25 0.211374
26 0.210406
27 0.205129
28 0.213175
29 0.203789
"[DEBUG]index 25 centroid... "
0 0.168258
1 0.174177
2 0.180319
3 0.192406
4 0.205153
5 0.187472
6 0.198122
7 0.204077
8 0.10508
9 0.0932905
10 0.141931
11 0.191658
12 0.212761
13 0.203702
14 0.20543
15 0.208137
16 0.229995
17 0.211404
18 0.215439
19 0.252688
20 0.249689
21 0.25725
22 0.260741
23 0.241494
24 0.222869
25 0.225431
26 0.22004
27 0.221505
28 0.209653
29 0.194272
"[DEBUG]index 26 centroid... "
0 0.188092
1 0.100586
2 0.120406
3 0.178768
4 0.184547
5 0.178637
6 0.161186
7 0.235567
8 0.185147
9 0.188135
10 0.231302
11 0.153202
12 0.249138
13 0.178536
14 0.20718
15 0.139173
16 0.160088
17 0.115396
18 0.123239
19 0.15878
20 0.0921726
21 0.147286
22 0.083769
23 0.137767
24 0.160222
25 0.200093
26 0.0949522
27 0.156008
28 0.214575
29 0.160065
"[DEBUG]index 27 centroid... "
0 0.218061
1 0.225112
2 0.22315
3 0.230376
4 0.192206
5 0.197317
6 0.219243
7 0.205664
8 0.112521
9 0.204231
10 0.130712
11 0.162908
12 0.240911
13 0.209189
14 0.20325
15 0.218323
16 0.198649
17 0.193666
18 0.185727
19 0.199155
20 0.235127
21 0.224524
22 0.245393
23 0.225791
24 0.196398
25 0.191854
26 0.203885
27 0.190784
28 0.228891
29 0.213765
"[DEBUG]index 28 centroid... "
0 0.202665
1 0.196861
2 0.190569
3 0.209826
4 0.198695
5 0.190332
6 0.198534
7 0.213985
8 0.170033
9 0.167642
10 0.157435
11 0.190473
12 0.190333
13 0.140092
14 0.201284
15 0.20826
16 0.179033
17 0.177539
18 0.169513
19 0.174488
20 0.142244
21 0.180698
22 0.193923
23 0.212027
24 0.216837
25 0.209705
26 0.220426
27 0.1753
28 0.200568
29 0.190824
"[DEBUG]index 29 centroid... "
0 0.225702
1 0.217942
2 0.188822
3 0.194971
4 0.204985
5 0.190911
6 0.216433
7 0.18767
8 0.142651
9 0.12169
10 0.117261
11 0.200381
12 0.220256
13 0.157952
14 0.20406
15 0.182669
16 0.141055
17 0.18073
18 0.210809
19 0.178529
20 0.195384
21 0.195684
22 0.207366
23 0.182043
24 0.201901
25 0.207776
26 0.240591
27 0.201021
28 0.216902
29 0.224415
"[DEBUG]index 30 centroid... "
0 0.164392
1 0.182899
2 0.191384
3 0.194195
4 0.232806
5 0.195116
6 0.197855
7 0.206328
8 0.143688
9 0.151646
10 0.196729
11 0.190813
12 0.199478
13 0.196359
14 0.181864
15 0.205516
16 0.187724
17 0.161297
18 0.207557
19 0.173697
20 0.198149
21 0.192223
22 0.150584
23 0.162315
24 0.189269
25 0.172861
26 0.208905
27 0.19241
28 0.182292
29 0.179727
"[DEBUG]index 31 centroid... "
0 0.188476
1 0.181124
2 0.180935
3 0.201224
4 0.203028
5 0.182927
6 0.2075
7 0.220789
8 0.157204
9 0.16111
10 0.167349
11 0.16503
12 0.189486
13 0.231265
14 0.218903
15 0.175382
16 0.19164
17 0.205733
18 0.19203
19 0.210749
20 0.217649
21 0.221693
22 0.240694
23 0.22623
24 0.229427
25 0.223254
26 0.212413
27 0.207284
28 0.206791
29 0.211339
"[DEBUG]index 32 centroid... "
0 0.194675
1 0.203279
2 0.192549
3 0.195316
4 0.208788
5 0.1843
6 0.16905
7 0.192208
8 0.126452
9 0.177004
10 0.19593
11 0.14655
12 0.240746
13 0.223193
14 0.199142
15 0.14959
16 0.135175
17 0.196707
18 0.155921
19 0.175697
20 0.157128
21 0.168194
22 0.210195
23 0.190805
24 0.172769
25 0.172053
26 0.170155
27 0.197598
28 0.19402
29 0.174399
"[DEBUG]index 33 centroid... "
0 0.18229
1 0.161286
2 0.179383
3 0.187613
4 0.206945
5 0.192329
6 0.211499
7 0.181897
8 0.0986801
9 0.0897588
10 0.113363
11 0.189907
12 0.22934
13 0.206631
14 0.204145
15 0.202098
16 0.191146
17 0.211412
18 0.191323
19 0.18696
20 0.212444
21 0.206672
22 0.218034
23 0.218739
24 0.215988
25 0.1998
26 0.207918
27 0.194362
28 0.199324
29 0.184353
"[DEBUG]index 34 centroid... "
0 0.180468
1 0.180202
2 0.195664
3 0.21257
4 0.195413
5 0.170174
6 0.179595
7 0.201699
8 0.144612
9 0.19978
10 0.204138
11 0.170264
12 0.205636
13 0.179672
14 0.147444
15 0.215095
16 0.206871
17 0.175255
18 0.207415
19 0.219572
20 0.178347
21 0.184451
22 0.17056
23 0.193122
24 0.207959
25 0.195718
26 0.19873
27 0.184588
28 0.219609
29 0.187392
"[DEBUG]index 35 centroid... "
0 0.183733
1 0.184338
2 0.179856
3 0.182348
4 0.240028
5 0.170085
6 0.232978
7 0.207286
8 0.156237
9 0.125574
10 0.130837
11 0.132618
12 0.158122
13 0.230261
14 0.202928
15 0.190354
16 0.16507
17 0.189826
18 0.147813
19 0.177823
20 0.150895
21 0.177289
22 0.206969
23 0.224562
24 0.207634
25 0.181426
26 0.183857
27 0.210438
28 0.190596
29 0.187383
"[DEBUG]index 36 centroid... "
0 0.199342
1 0.194224
2 0.183797
3 0.187203
4 0.209846
5 0.182741
6 0.187859
7 0.234098
8 0.160757
9 0.118518
10 0.211353
11 0.21929
12 0.200583
13 0.228508
14 0.215008
15 0.198638
16 0.183054
17 0.221319
18 0.227087
19 0.19873
20 0.237684
21 0.246389
22 0.210032
23 0.22097
24 0.237585
25 0.194512
26 0.21163
27 0.214886
28 0.193196
29 0.198077
"[DEBUG]index 37 centroid... "
0 0.186129
1 0.191421
2 0.193465
3 0.210039
4 0.228863
5 0.196644
6 0.204854
7 0.185588
8 0.142466
9 0.173862
10 0.19582
11 0.188008
12 0.214152
13 0.206585
14 0.180098
15 0.202805
16 0.175788
17 0.150347
18 0.189476
19 0.222773
20 0.200588
21 0.206276
22 0.211444
23 0.185116
24 0.189401
25 0.209469
26 0.221136
27 0.223259
28 0.220469
29 0.208272
"[DEBUG]index 38 centroid... "
0 0.183154
1 0.16103
2 0.180755
3 0.192066
4 0.21087
5 0.16992
6 0.172827
7 0.173309
8 0.105391
9 0.140371
10 0.187521
11 0.17109
12 0.194382
13 0.21488
14 0.210647
15 0.131243
16 0.181858
17 0.19638
18 0.162841
19 0.180699
20 0.198579
21 0.170115
22 0.158428
23 0.183888
24 0.174903
25 0.154711
26 0.177997
27 0.168903
28 0.166632
29 0.165119
"[DEBUG]index 39 centroid... "
0 0.195249
1 0.182518
2 0.196183
3 0.213563
4 0.197293
5 0.175124
6 0.203121
7 0.187891
8 0.143635
9 0.19556
10 0.200128
11 0.178866
12 0.182528
13 0.178144
14 0.211057
15 0.193912
16 0.166577
17 0.22198
18 0.179924
19 0.146772
20 0.220741
21 0.218503
22 0.200466
23 0.207172
24 0.210712
25 0.192791
26 0.186602
27 0.197058
28 0.215317
29 0.214662
"[DEBUG]index 40 centroid... "
0 0.131663
1 0.181437
2 0.179585
3 0.203702
4 0.210828
5 0.0782358
6 0.178086
7 0.181044
8 0.124399
9 0.164492
10 0.260439
11 0.151638
12 0.1781
13 0.223771
14 0.139167
15 0.222481
16 0.22048
17 0.282541
18 0.280308
19 0.373896
20 0.300807
21 0.308608
22 0.401225
23 0.325962
24 0.276171
25 0.268
26 0.248409
27 0.235982
28 0.276752
29 0.227863
"[DEBUG]index 41 centroid... "
0 0.20567
1 0.200844
2 0.185267
3 0.196384
4 0.196295
5 0.173073
6 0.208389
7 0.228665
8 0.168225
9 0.12052
10 0.146434
11 0.11689
12 0.155733
13 0.182436
14 0.168526
15 0.150038
16 0.163217
17 0.180956
18 0.183637
19 0.188398
20 0.204763
21 0.227565
22 0.265194
23 0.277979
24 0.264108
25 0.26901
26 0.263937
27 0.235192
28 0.226879
29 0.216163
"[DEBUG]index 42 centroid... "
0 0.207792
1 0.197349
2 0.183133
3 0.19556
4 0.203166
5 0.230305
6 0.210643
7 0.248133
8 0.153616
9 0.0953919
10 0.21975
11 0.201402
12 0.172769
13 0.209333
14 0.189045
15 0.164699
16 0.195229
17 0.156297
18 0.206823
19 0.198581
20 0.168997
21 0.206702
22 0.19865
23 0.216631
24 0.20338
25 0.200614
26 0.204911
27 0.216578
28 0.242926
29 0.215598
"[DEBUG]index 43 centroid... "
0 0.16918
1 0.170378
2 0.180599
3 0.182132
4 0.166673
5 0.165967
6 0.163228
7 0.167905
8 0.124008
9 0.155929
10 0.212192
11 0.154398
12 0.203419
13 0.196328
14 0.134991
15 0.17071
16 0.193351
17 0.211938
18 0.202398
19 0.190116
20 0.21375
21 0.201691
22 0.168968
23 0.185796
24 0.184808
25 0.198174
26 0.220168
27 0.195837
28 0.136727
29 0.176794
"[DEBUG]index 44 centroid... "
0 0.180096
1 0.163755
2 0.193805
3 0.208024
4 0.19731
5 0.195881
6 0.220309
7 0.185303
8 0.12874
9 0.115671
10 0.165278
11 0.219386
12 0.246655
13 0.217128
14 0.196731
15 0.193522
16 0.175242
17 0.147979
18 0.143512
19 0.123821
20 0.147306
21 0.157667
22 0.206146
23 0.212116
24 0.192495
25 0.179746
26 0.169492
27 0.188
28 0.188412
29 0.198188
"[DEBUG]index 45 centroid... "
0 0.17402
1 0.154379
2 0.186606
3 0.203059
4 0.204889
5 0.160348
6 0.179098
7 0.166031
8 0.0998724
9 0.103052
10 0.138823
11 0.192297
12 0.197023
13 0.171065
14 0.158546
15 0.139157
16 0.164926
17 0.191434
18 0.191185
19 0.191268
20 0.172978
21 0.164803
22 0.135953
23 0.171763
24 0.186053
25 0.182451
26 0.191013
27 0.177118
28 0.17987
29 0.186584
"[DEBUG]index 46 centroid... "
0 0.198181
1 0.192069
2 0.197696
3 0.211772
4 0.214914
5 0.182396
6 0.215605
7 0.222996
8 0.150892
9 0.150898
10 0.164785
11 0.152906
12 0.183945
13 0.202063
14 0.182637
15 0.181988
16 0.202408
17 0.182107
18 0.186923
19 0.217996
20 0.212277
21 0.170536
22 0.202328
23 0.210367
24 0.192062
25 0.202874
26 0.192176
27 0.203472
28 0.207261
29 0.207566
"[DEBUG]index 47 centroid... "
0 0.18291
1 0.174355
2 0.189242
3 0.20424
4 0.207544
5 0.183301
6 0.190051
7 0.18532
8 0.143203
9 0.1885
10 0.199722
11 0.176123
12 0.215279
13 0.199582
14 0.190147
15 0.173754
16 0.150226
17 0.121899
18 0.103139
19 0.136713
20 0.162898
21 0.196461
22 0.198045
23 0.182536
24 0.182254
25 0.177001
26 0.177249
27 0.187244
28 0.190599
29 0.191309
"[DEBUG]index 48 centroid... "
0 0.183372
1 0.186424
2 0.195945
3 0.203981
4 0.202036
5 0.158785
6 0.17015
7 0.161344
8 0.111166
9 0.159062
10 0.172
11 0.176114
12 0.200716
13 0.179945
14 0.195097
15 0.191396
16 0.178608
17 0.200332
18 0.199011
19 0.200465
20 0.212845
21 0.189305
22 0.198662
23 0.204794
24 0.20768
25 0.20546
26 0.198908
27 0.189561
28 0.191999
29 0.189049
"[DEBUG]index 49 centroid... "
0 0.19361
1 0.1924
2 0.213309
3 0.206229
4 0.178656
5 0.185231
6 0.206148
7 0.170964
8 0.165097
9 0.183521
10 0.229514
11 0.221486
12 0.201796
13 0.158961
14 0.146958
15 0.194628
16 0.193459
17 0.21319
18 0.217969
19 0.235571
20 0.22986
21 0.249641
22 0.218698
23 0.197307
24 0.204852
25 0.195782
26 0.198602
27 0.138233
28 0.210675
29 0.199896
"[DEBUG]index 50 centroid... "
0 0.212609
1 0.197968
2 0.184838
3 0.201694
4 0.217049
5 0.192809
6 0.228992
7 0.228398
8 0.142433
9 0.162096
10 0.187327
11 0.149493
12 0.189794
13 0.239742
14 0.17291
15 0.184301
16 0.194953
17 0.161604
18 0.199274
19 0.201493
20 0.207658
21 0.211905
22 0.175831
23 0.19032
24 0.216553
25 0.198401
26 0.217287
27 0.219454
28 0.201502
29 0.208535
"[DEBUG]index 51 centroid... "
0 0.181844
1 0.189936
2 0.197337
3 0.199
4 0.209292
5 0.18141
6 0.20351
7 0.180281
8 0.119531
9 0.138439
10 0.183073
11 0.19473
12 0.225798
13 0.205727
14 0.197701
15 0.184432
16 0.192041
17 0.18248
18 0.174981
19 0.159856
20 0.145873
21 0.163362
22 0.16843
23 0.179142
24 0.197896
25 0.197348
26 0.202119
27 0.201733
28 0.205513
29 0.203703
"[DEBUG]index 52 centroid... "
0 0.165603
1 0.180495
2 0.177745
3 0.206773
4 0.174545
5 0.167055
6 0.209419
7 0.184577
8 0.116515
9 0.169019
10 0.194277
11 0.161827
12 0.204979
13 0.214814
14 0.17249
15 0.160394
16 0.141441
17 0.184707
18 0.190033
19 0.163687
20 0.205717
21 0.180776
22 0.19614
23 0.19287
24 0.193371
25 0.200316
26 0.188305
27 0.17509
28 0.167482
29 0.18861
"[DEBUG]index 53 centroid... "
0 0.115771
1 0.282276
2 0.215595
3 0.243086
4 0.125967
5 0.16535
6 0.242577
7 0.270157
8 0.179045
9 0.266061
10 0.229795
11 0.2852
12 0.278669
13 0.250763
14 0.232266
15 0.284376
16 0.226875
17 0.22307
18 0.202558
19 0.294131
20 0.156311
21 0.27299
22 0.167654
23 0.142867
24 0.203796
25 0.223329
26 0.18309
27 0.190217
28 0.13629
29 0.148859
"[DEBUG]index 54 centroid... "
0 0.252907
1 0.245971
2 0.153015
3 0.35201
4 0.197363
5 0.256073
6 0.207931
7 0.304402
8 0.0553235
9 0.206574
10 0.359657
11 0.233731
12 0.179706
13 0.342382
14 0.183848
15 0.219245
16 0.237176
17 0.332848
18 0.239093
19 0.291358
20 0.261417
21 0.32376
22 0.352809
23 0.334132
24 0.275583
25 0.369966
26 0.215662
27 0.329167
28 0.373534
29 0.193598
"[DEBUG]index 55 centroid... "
0 0.219374
1 0.230155
2 0.233866
3 0.232575
4 0.260673
5 0.221203
6 0.259326
7 0.289544
8 0.210935
9 0.211581
10 0.232475
11 0.190526
12 0.220122
13 0.218516
14 0.224902
15 0.201941
16 0.253944
17 0.196309
18 0.260337
19 0.286879
20 0.206605
21 0.210467
22 0.262851
23 0.196617
24 0.200194
25 0.215877
26 0.217919
27 0.214705
28 0.227254
29 0.222211
"[DEBUG]index 56 centroid... "
0 0.210077
1 0.190912
2 0.187637
3 0.216595
4 0.207043
5 0.1848
6 0.203803
7 0.19114
8 0.127837
9 0.17427
10 0.157974
11 0.153194
12 0.187315
13 0.161903
14 0.15292
15 0.189842
16 0.144071
17 0.141704
18 0.219985
19 0.212489
20 0.194647
21 0.20951
22 0.205381
23 0.220187
24 0.222457
25 0.232001
26 0.226209
27 0.224945
28 0.231811
29 0.22142
"[DEBUG]index 57 centroid... "
0 0.191711
1 0.171064
2 0.156583
3 0.155684
4 0.190071
5 0.178239
6 0.208986
7 0.236144
8 0.14051
9 0.111191
10 0.184735
11 0.194976
12 0.187288
13 0.176366
14 0.183256
15 0.124028
16 0.111106
17 0.129958
18 0.162935
19 0.173514
20 0.179875
21 0.138699
22 0.137605
23 0.191568
24 0.165136
25 0.203165
26 0.172987
27 0.167408
28 0.1944
29 0.179829
"[DEBUG]index 58 centroid... "
0 0.1819
1 0.187477
2 0.197839
3 0.203544
4 0.220501
5 0.184556
6 0.173462
7 0.176457
8 0.123684
9 0.175007
10 0.189364
11 0.205481
12 0.180163
13 0.192204
14 0.208967
15 0.151019
16 0.175877
17 0.185986
18 0.127459
19 0.158381
20 0.184506
21 0.156992
22 0.166473
23 0.166686
24 0.196344
25 0.172655
26 0.169361
27 0.180342
28 0.206444
29 0.19594
"[DEBUG]index 59 centroid... "
0 0.177026
1 0.175865
2 0.194263
3 0.206954
4 0.20905
5 0.190815
6 0.217814
7 0.204974
8 0.168379
9 0.172864
10 0.182163
11 0.180769
12 0.201651
13 0.190157
14 0.178929
15 0.19421
16 0.183848
17 0.178467
18 0.18512
19 0.179642
20 0.169677
21 0.220832
22 0.2092
23 0.21481
24 0.216492
25 0.209381
26 0.196917
27 0.186407
28 0.193363
29 0.198709
"[DEBUG]index 60 centroid... "
0 0.201522
1 0.177932
2 0.16876
3 0.211763
4 0.180911
5 0.165646
6 0.192825
7 0.171742
8 0.0985587
9 0.114737
10 0.124621
11 0.191974
12 0.170591
13 0.0688661
14 0.110136
15 0.127259
16 0.157502
17 0.212709
18 0.15583
19 0.169561
20 0.180849
21 0.206945
22 0.230894
23 0.218159
24 0.242384
25 0.27121
26 0.227822
27 0.236629
28 0.220495
29 0.255733
"[DEBUG]index 61 centroid... "
0 0.183833
1 0.211497
2 0.178527
3 0.214445
4 0.223319
5 0.191964
6 0.183326
7 0.194139
8 0.132416
9 0.183759
10 0.207279
11 0.182462
12 0.191168
13 0.176197
14 0.183297
15 0.188669
16 0.186932
17 0.229417
18 0.168956
19 0.142871
20 0.0774965
21 0.117327
22 0.172143
23 0.241073
24 0.193906
25 0.217335
26 0.18388
27 0.173475
28 0.16031
29 0.164827
"[DEBUG]index 62 centroid... "
0 0.159699
1 0.173058
2 0.182359
3 0.19694
4 0.196284
5 0.167375
6 0.183059
7 0.168
8 0.130015
9 0.174639
10 0.188467
11 0.18006
12 0.201687
13 0.224252
14 0.212752
15 0.156854
16 0.122636
17 0.0962085
18 0.123617
19 0.174037
20 0.177883
21 0.197817
22 0.195521
23 0.186893
24 0.192538
25 0.194587
26 0.166461
27 0.192854
28 0.200941
29 0.212401
"[DEBUG]index 63 centroid... "
0 0.220011
1 0.183406
2 0.217399
3 0.260147
4 0.205541
5 0.232025
6 0.256075
7 0.263633
8 0.236092
9 0.23166
10 0.230419
11 0.154073
12 0.193452
13 0.227548
14 0.213321
15 0.19483
16 0.179425
17 0.139233
18 0.16318
19 0.103282
20 0.199595
21 0.160336
22 0.252974
23 0.229463
24 0.214958
25 0.175822
26 0.203344
27 0.22425
28 0.230181
29 0.170208
"[DEBUG]index 64 centroid... "
0 0.17958
1 0.168382
2 0.18445
3 0.198502
4 0.214733
5 0.184039
6 0.215622
7 0.221507
8 0.134906
9 0.0888675
10 0.0954362
11 0.151165
12 0.170318
13 0.199859
14 0.189044
15 0.17279
16 0.190366
17 0.151899
18 0.178065
19 0.166258
20 0.137337
21 0.16054
22 0.162008
23 0.178369
24 0.183247
25 0.185435
26 0.186858
27 0.191403
28 0.194055
29 0.199651
"[DEBUG]index 65 centroid... "
0 0.131359
1 0.143849
2 0.15414
3 0.132776
4 0.202548
5 0.184706
6 0.196819
7 0.180257
8 0.0814388
9 0.0835768
10 0.105268
11 0.175267
12 0.22127
13 0.189215
14 0.17719
15 0.158707
16 0.181396
17 0.176333
18 0.177941
19 0.184468
20 0.21827
21 0.158983
22 0.190831
23 0.181848
24 0.197089
25 0.184063
26 0.196777
27 0.17048
28 0.185955
29 0.144155
"[DEBUG]index 66 centroid... "
0 0.177012
1 0.193732
2 0.190503
3 0.180412
4 0.231229
5 0.167747
6 0.236167
7 0.201023
8 0.124077
9 0.102161
10 0.123399
11 0.131601
12 0.141795
13 0.168593
14 0.164915
15 0.135334
16 0.151944
17 0.202745
18 0.174274
19 0.174523
20 0.233879
21 0.176703
22 0.161376
23 0.21256
24 0.192829
25 0.179189
26 0.203899
27 0.197816
28 0.190402
29 0.198867
"[DEBUG]index 67 centroid... "
0 0.179069
1 0.174682
2 0.189088
3 0.157909
4 0.232755
5 0.239019
6 0.231395
7 0.223769
8 0.190696
9 0.18476
10 0.19475
11 0.167728
12 0.171811
13 0.212174
14 0.211294
15 0.207218
16 0.244754
17 0.252728
18 0.193721
19 0.157275
20 0.227233
21 0.208228
22 0.224239
23 0.222043
24 0.172781
25 0.178202
26 0.195289
27 0.184487
28 0.200489
29 0.214147
"[DEBUG]index 68 centroid... "
0 0.193046
1 0.201801
2 0.201078
3 0.214208
4 0.197771
5 0.191787
6 0.217499
7 0.239533
8 0.180883
9 0.17206
10 0.180026
11 0.182094
12 0.192027
13 0.234819
14 0.205822
15 0.187315
16 0.190499
17 0.18884
18 0.198652
19 0.176645
20 0.198791
21 0.205212
22 0.21039
23 0.212684
24 0.225458
25 0.230424
26 0.216461
27 0.225145
28 0.220559
29 0.216547
"[DEBUG]index 69 centroid... "
0 0.240167
1 0.190973
2 0.193334
3 0.211618
4 0.275026
5 0.24278
6 0.225147
7 0.153166
8 0.135733
9 0.165706
10 0.137252
11 0.214773
12 0.147368
13 0.233707
14 0.182782
15 0.172657
16 0.187869
17 0.208807
18 0.155056
19 0.21433
20 0.221286
21 0.135131
22 0.165811
23 0.234121
24 0.205336
25 0.193463
26 0.240612
27 0.214727
28 0.201227
29 0.25272
"[DEBUG]index 70 centroid... "
0 0.191844
1 0.183173
2 0.171251
3 0.195671
4 0.185104
5 0.177557
6 0.207696
7 0.246508
8 0.15735
9 0.134753
10 0.182663
11 0.19475
12 0.181478
13 0.167221
14 0.203649
15 0.208296
16 0.191403
17 0.208729
18 0.182854
19 0.188869
20 0.236302
21 0.224963
22 0.240492
23 0.26006
24 0.24021
25 0.228225
26 0.217826
27 0.230944
28 0.222005
29 0.228649
"[DEBUG]index 71 centroid... "
0 0.177719
1 0.179478
2 0.185624
3 0.194709
4 0.207793
5 0.172739
6 0.182183
7 0.183238
8 0.126481
9 0.168825
10 0.183908
11 0.182258
12 0.19871
13 0.203334
14 0.183268
15 0.175555
16 0.172584
17 0.193572
18 0.202903
19 0.187777
20 0.193788
21 0.180651
22 0.160164
23 0.177827
24 0.179755
25 0.183065
26 0.184597
27 0.173247
28 0.171147
29 0.166753
"[DEBUG]index 72 centroid... "
0 0.181865
1 0.175401
2 0.178274
3 0.202057
4 0.183069
5 0.170241
6 0.213299
7 0.189869
8 0.1339
9 0.0800226
10 0.0799327
11 0.0883891
12 0.13284
13 0.166061
14 0.166851
15 0.144437
16 0.206315
17 0.192229
18 0.187277
19 0.193838
20 0.178551
21 0.231249
22 0.235948
23 0.219449
24 0.263173
25 0.238823
26 0.237436
27 0.215505
28 0.207457
29 0.219355
"[DEBUG]index 73 centroid... "
0 0.191488
1 0.140026
2 0.159385
3 0.195407
4 0.204022
5 0.163543
6 0.198331
7 0.163523
8 0.115946
9 0.153415
10 0.110585
11 0.135523
12 0.206081
13 0.14396
14 0.14209
15 0.191782
16 0.204753
17 0.164593
18 0.157386
19 0.186044
20 0.148706
21 0.194832
22 0.182939
23 0.178542
24 0.185099
25 0.194768
26 0.16845
27 0.162859
28 0.179349
29 0.200743
"[DEBUG]index 74 centroid... "
0 0.17764
1 0.161979
2 0.158406
3 0.177817
4 0.180411
5 0.17491
6 0.214869
7 0.199431
8 0.159733
9 0.190492
10 0.165094
11 0.083669
12 0.176356
13 0.19694
14 0.186567
15 0.177186
16 0.175532
17 0.178066
18 0.192189
19 0.210711
20 0.254775
21 0.247279
22 0.239674
23 0.251877
24 0.245032
25 0.251908
26 0.263935
27 0.241913
28 0.222851
29 0.234257
"[DEBUG]index 75 centroid... "
0 0.171946
1 0.189141
2 0.208073
3 0.20589
4 0.214434
5 0.169112
6 0.254543
7 0.194738
8 0.15901
9 0.162075
10 0.251456
11 0.231392
12 0.231349
13 0.216698
14 0.178188
15 0.201757
16 0.213093
17 0.180185
18 0.227804
19 0.267696
20 0.196084
21 0.15947
22 0.235853
23 0.221214
24 0.180069
25 0.23978
26 0.225393
27 0.184847
28 0.185381
29 0.220617
"[DEBUG]index 76 centroid... "
0 0.17654
1 0.187679
2 0.177729
3 0.194876
4 0.198625
5 0.200573
6 0.174327
7 0.20709
8 0.135384
9 0.151373
10 0.183293
11 0.18012
12 0.151665
13 0.209774
14 0.19049
15 0.113477
16 0.210244
17 0.185267
18 0.183506
19 0.220797
20 0.214861
21 0.189594
22 0.20552
23 0.214563
24 0.239342
25 0.253139
26 0.253498
27 0.250283
28 0.23234
29 0.219359
"[DEBUG]index 77 centroid... "
0 0.207706
1 0.212129
2 0.215107
3 0.220065
4 0.225174
5 0.169938
6 0.210336
7 0.188477
8 0.130982
9 0.225999
10 0.225753
11 0.178994
12 0.200392
13 0.226663
14 0.15782
15 0.192461
16 0.166751
17 0.147838
18 0.178032
19 0.149207
20 0.197625
21 0.189507
22 0.147158
23 0.180824
24 0.177246
25 0.18032
26 0.172271
27 0.180667
28 0.18915
29 0.210374
"[DEBUG]index 78 centroid... "
0 0.18947
1 0.192315
2 0.178351
3 0.192817
4 0.182037
5 0.16422
6 0.194947
7 0.177944
8 0.166559
9 0.168053
10 0.164467
11 0.178374
12 0.142902
13 0.113865
14 0.141883
15 0.162978
16 0.161326
17 0.173789
18 0.18542
19 0.188178
20 0.193944
21 0.190916
22 0.228653
23 0.231316
24 0.230412
25 0.239025
26 0.255172
27 0.235454
28 0.233567
29 0.249439
"[DEBUG]index 79 centroid... "
0 0.164692
1 0.187742
2 0.209446
3 0.207941
4 0.245854
5 0.19958
6 0.209947
7 0.177726
8 0.149874
9 0.22344
10 0.193455
11 0.212266
12 0.20882
13 0.228017
14 0.214262
15 0.218455
16 0.215075
17 0.17486
18 0.170928
19 0.165298
20 0.199788
21 0.179918
22 0.2217
23 0.229367
24 0.175212
25 0.202394
26 0.190918
27 0.226721
28 0.247136
29 0.250763
"[DEBUG]index 80 centroid... "
0 0.173789
1 0.190836
2 0.197352
3 0.211842
4 0.201629
5 0.177239
6 0.18777
7 0.191928
8 0.125846
9 0.177486
10 0.184886
11 0.20189
12 0.18351
13 0.168678
14 0.18031
15 0.192365
16 0.192774
17 0.220379
18 0.197098
19 0.213595
20 0.224711
21 0.235536
22 0.241261
23 0.220803
24 0.230301
25 0.222159
26 0.197165
27 0.213564
28 0.199346
29 0.215307
"[DEBUG]index 81 centroid... "
0 0.201192
1 0.235101
2 0.225499
3 0.186839
4 0.209677
5 0.178104
6 0.1798
7 0.204095
8 0.16307
9 0.20001
10 0.204253
11 0.215398
12 0.189939
13 0.176412
14 0.180533
15 0.185033
16 0.19274
17 0.162261
18 0.164737
19 0.19358
20 0.217123
21 0.208374
22 0.211009
23 0.183064
24 0.193938
25 0.214367
26 0.203391
27 0.221213
28 0.234967
29 0.213912
"[DEBUG]index 82 centroid... "
0 0.18933
1 0.188128
2 0.223767
3 0.237427
4 0.224866
5 0.180127
6 0.240371
7 0.192365
8 0.107058
9 0.140232
10 0.154822
11 0.166651
12 0.22997
13 0.227716
14 0.229824
15 0.18769
16 0.212724
17 0.230747
18 0.146606
19 0.197514
20 0.242289
21 0.197452
22 0.207033
23 0.222307
24 0.182407
25 0.209579
26 0.215651
27 0.210625
28 0.17978
29 0.223401
"[DEBUG]index 83 centroid... "
0 0.207718
1 0.191171
2 0.19413
3 0.229124
4 0.249769
5 0.215352
6 0.202878
7 0.219683
8 0.164805
9 0.180517
10 0.220227
11 0.230037
12 0.215223
13 0.212153
14 0.223219
15 0.21475
16 0.178349
17 0.213832
18 0.243087
19 0.228949
20 0.229748
21 0.258826
22 0.234939
23 0.223836
24 0.205381
25 0.234408
26 0.211498
27 0.215475
28 0.215053
29 0.207749
"[DEBUG]index 84 centroid... "
0 0.145722
1 0.178634
2 0.160581
3 0.166541
4 0.194861
5 0.172779
6 0.198016
7 0.177933
8 0.128477
9 0.107744
10 0.132838
11 0.220922
12 0.235871
13 0.160829
14 0.226467
15 0.166187
16 0.182211
17 0.218508
18 0.223269
19 0.261471
20 0.251169
21 0.250336
22 0.240048
23 0.228636
24 0.207705
25 0.221817
26 0.187538
27 0.188552
28 0.196945
29 0.19209
"[DEBUG]index 85 centroid... "
0 0.181966
1 0.172605
2 0.1801
3 0.184686
4 0.217809
5 0.228153
6 0.205744
7 0.221235
8 0.157039
9 0.144162
10 0.18462
11 0.197413
12 0.227917
13 0.205816
14 0.196088
15 0.20526
16 0.214539
17 0.201417
18 0.195358
19 0.213921
20 0.18764
21 0.172897
22 0.202305
23 0.199701
24 0.212925
25 0.185184
26 0.20713
27 0.157504
28 0.183918
29 0.172577
"[DEBUG]index 86 centroid... "
0 0.16682
1 0.169155
2 0.175588
3 0.198354
4 0.180086
5 0.157661
6 0.16076
7 0.149561
8 0.108708
9 0.149355
10 0.183315
11 0.182604
12 0.187292
13 0.184699
14 0.190659
15 0.210743
16 0.231614
17 0.243491
18 0.258968
19 0.242637
20 0.248678
21 0.256096
22 0.235935
23 0.218115
24 0.225046
25 0.205951
26 0.18842
27 0.18629
28 0.182495
29 0.182357
"[DEBUG]index 87 centroid... "
0 0.175663
1 0.145509
2 0.135603
3 0.145464
4 0.169017
5 0.159048
6 0.203334
7 0.199068
8 0.157556
9 0.167984
10 0.206006
11 0.164315
12 0.168875
13 0.183815
14 0.201777
15 0.205524
16 0.19798
17 0.171659
18 0.194831
19 0.157423
20 0.194083
21 0.15275
22 0.140446
23 0.17523
24 0.215199
25 0.201553
26 0.194502
27 0.180994
28 0.190633
29 0.197529
"[DEBUG]index 88 centroid... "
0 0.187093
1 0.189701
2 0.194326
3 0.206225
4 0.220301
5 0.199401
6 0.227826
7 0.19383
8 0.119097
9 0.0818571
10 0.114835
11 0.200785
12 0.237229
13 0.207467
14 0.207041
15 0.213209
16 0.173518
17 0.161693
18 0.16652
19 0.188523
20 0.206596
21 0.229989
22 0.217136
23 0.198474
24 0.211013
25 0.1998
26 0.194855
27 0.197679
28 0.209858
29 0.188251
"[DEBUG]index 89 centroid... "
0 0.167398
1 0.174774
2 0.171525
3 0.174582
4 0.191919
5 0.156993
6 0.17365
7 0.178
8 0.104448
9 0.123681
10 0.22099
11 0.187587
12 0.167484
13 0.126197
14 0.146843
15 0.16965
16 0.173633
17 0.208907
18 0.236289
19 0.235866
20 0.245798
21 0.268577
22 0.232392
23 0.251006
24 0.274456
25 0.265108
26 0.206547
27 0.198791
28 0.222888
29 0.200414
"[DEBUG]index 90 centroid... "
0 0.176285
1 0.172192
2 0.207498
3 0.225078
4 0.202699
5 0.198957
6 0.220286
7 0.194286
8 0.142008
9 0.10184
10 0.11832
11 0.133781
12 0.131673
13 0.16252
14 0.161155
15 0.199344
16 0.189424
17 0.197853
18 0.214208
19 0.191712
20 0.1757
21 0.172322
22 0.189264
23 0.210872
24 0.19212
25 0.219713
26 0.209303
27 0.227075
28 0.197094
29 0.216875
"[DEBUG]index 91 centroid... "
0 0.185478
1 0.18856
2 0.174776
3 0.187896
4 0.203275
5 0.171417
6 0.195407
7 0.194657
8 0.144322
9 0.157684
10 0.190414
11 0.194634
12 0.179021
13 0.206285
14 0.19249
15 0.119862
16 0.103907
17 0.0922155
18 0.137292
19 0.132392
20 0.187815
21 0.201338
22 0.195332
23 0.215688
24 0.218909
25 0.186378
26 0.19371
27 0.209247
28 0.17605
29 0.155223
"[DEBUG]index 92 centroid... "
0 0.203723
1 0.201195
2 0.18546
3 0.199659
4 0.190541
5 0.172798
6 0.19014
7 0.177326
8 0.1318
9 0.193284
10 0.178599
11 0.16178
12 0.213703
13 0.16768
14 0.109768
15 0.0911514
16 0.0703418
17 0.143443
18 0.198312
19 0.19433
20 0.193331
21 0.175645
22 0.172324
23 0.184532
24 0.200292
25 0.196487
26 0.208605
27 0.193639
28 0.201014
29 0.186725
"[DEBUG]index 93 centroid... "
0 0.204475
1 0.192802
2 0.207837
3 0.217948
4 0.204393
5 0.173962
6 0.221343
7 0.217378
8 0.161683
9 0.191834
10 0.204516
11 0.161392
12 0.162968
13 0.17468
14 0.174438
15 0.164287
16 0.232398
17 0.207178
18 0.168177
19 0.174914
20 0.15956
21 0.170018
22 0.168905
23 0.193463
24 0.204988
25 0.183918
26 0.202648
27 0.22204
28 0.206281
29 0.208329
"[DEBUG]index 94 centroid... "
0 0.202735
1 0.178803
2 0.184126
3 0.193752
4 0.19616
5 0.186516
6 0.20086
7 0.178244
8 0.0937068
9 0.139771
10 0.17401
11 0.168526
12 0.196364
13 0.17937
14 0.172853
15 0.217288
16 0.190885
17 0.150714
18 0.160172
19 0.194894
20 0.217441
21 0.225893
22 0.261893
23 0.251005
24 0.237965
25 0.256445
26 0.252145
27 0.253353
28 0.225118
29 0.221415
"[DEBUG]index 95 centroid... "
0 0.173474
1 0.153129
2 0.175153
3 0.193189
4 0.22386
5 0.193972
6 0.184419
7 0.152027
8 0.0875042
9 0.0907685
10 0.135082
11 0.20644
12 0.229411
13 0.202454
14 0.216547
15 0.190204
16 0.172192
17 0.156439
18 0.136114
19 0.170571
20 0.217853
21 0.190724
22 0.187157
23 0.178642
24 0.156879
25 0.181438
26 0.172023
27 0.173553
28 0.16852
29 0.182078
"[DEBUG]index 96 centroid... "
0 0.207984
1 0.201946
2 0.188816
3 0.205434
4 0.219809
5 0.193143
6 0.216087
7 0.240154
8 0.152224
9 0.160668
10 0.185739
11 0.202484
12 0.19728
13 0.219486
14 0.24824
15 0.186522
16 0.202327
17 0.226086
18 0.197699
19 0.189556
20 0.227284
21 0.220546
22 0.175493
23 0.217514
24 0.215116
25 0.197269
26 0.218621
27 0.19849
28 0.201416
29 0.194594
"[DEBUG]index 97 centroid... "
0 0.183673
1 0.174349
2 0.180167
3 0.19493
4 0.210644
5 0.183994
6 0.194605
7 0.186432
8 0.144803
9 0.190921
10 0.179505
11 0.134681
12 0.157389
13 0.167437
14 0.175704
15 0.187752
16 0.19658
17 0.190901
18 0.160535
19 0.143871
20 0.1639
21 0.161221
22 0.148512
23 0.2041
24 0.185763
25 0.176662
26 0.180198
27 0.166817
28 0.172521
29 0.180802
"[DEBUG]index 98 centroid... "
0 0.246963
1 0.16983
2 0.223248
3 0.196462
4 0.225061
5 0.202171
6 0.239421
7 0.203108
8 0.131669
9 0.197145
10 0.210175
11 0.173699
12 0.169955
13 0.202626
14 0.152162
15 0.138798
16 0.220861
17 0.124649
18 0.175695
19 0.190965
20 0.182258
21 0.171472
22 0.175095
23 0.159087
24 0.172915
25 0.192971
26 0.198248
27 0.248462
28 0.240159
29 0.253714
"[DEBUG]index 99 centroid... "
0 0.181412
1 0.191099
2 0.193228
3 0.211684
4 0.212828
5 0.190248
6 0.214855
7 0.202493
8 0.138728
9 0.168992
10 0.181094
11 0.185905
12 0.211287
13 0.219805
14 0.208523
15 0.177516
16 0.208327
17 0.189509
18 0.134916
19 0.208824
20 0.201596
21 0.189327
22 0.221185
23 0.203739
24 0.178104
25 0.186016
26 0.190771
27 0.19604
28 0.192501
29 0.20488
