correlation level (red against blue): 
-0.402068
-0.262301
-0.179566
0.0709046
-0.633893
-0.365538
-0.673837
-0.27849
-0.559241
-0.716679
-0.487453
-0.609551
-0.784415
-0.64675
-0.375246
-0.55562
-0.684564
-0.592432
-0.578798
-0.23931
-0.206456
-0.769419
-0.660603
-0.624031
-0.644324
-0.613523
-0.121478
-0.515455
-0.618348
-0.679403
-0.60291
-0.448105
-0.687608
-0.678341
-0.684557
-0.294762
-0.714918
-0.736771
-0.736201
-0.738481
-0.570555
-0.635843
-0.754833
-0.615964
-0.53103
-0.64916
-0.51142
-0.483642
-0.718297
-0.452857
-0.660396
-0.608701
-0.745972
-0.276947
-0.48583
-0.304622
-0.686413
-0.573742
-0.630832
-0.427667
-0.64871
-0.542642
-0.477108
-0.531
-0.445016
-0.592513
-0.487903
-0.389823
-0.357082
-0.623219
-0.655125
-0.737768
-0.454685
-0.650103
-0.640948
-0.507393
-0.669601
-0.609928
-0.573755
-0.426881
-0.705022
-0.565998
-0.638752
-0.57723
-0.635705
-0.59031
-0.529531
-0.380116
-0.64342
-0.572319
-0.453211
-0.394901
-0.735634
-0.551811
-0.625571
-0.631389
-0.609498
-0.62648
-0.628017
-0.750919
