"[DEBUG]index 0 centroid... "
0 0.45045
1 1.06306
2 0.846847
3 0.846847
4 0.927928
5 1.2973
6 1.15315
7 1.1982
8 1.72973
9 2.17117
10 3.08108
11 4.45045
12 5.9009
13 5.92793
14 9.26126
15 8.14414
16 6.37838
17 6.14414
18 4.30631
19 2.85586
20 2.89189
21 0.954955
22 1.54054
23 1.21622
24 1.02703
25 1.18919
26 1.20721
27 1.10811
28 0.900901
29 0.657658
"[DEBUG]index 1 centroid... "
0 4.74561
1 5.09649
2 4.19298
3 5.07018
4 3.32456
5 3.84211
6 3.52632
7 2.22807
8 6.59649
9 3.68421
10 1.81579
11 1.32456
12 0.666667
13 0.254386
14 0.22807
15 0.105263
16 0.157895
17 0.368421
18 0.45614
19 0.464912
20 1.10526
21 1.42105
22 2.23684
23 1.78947
24 2.00877
25 2.19298
26 2.27193
27 2.5614
28 2.46491
29 2.92105
"[DEBUG]index 2 centroid... "
0 2.05903
1 2.48524
2 2.09635
3 1.89236
4 1.93142
5 2.17622
6 1.69705
7 1.60764
8 9.0625
9 3.26389
10 1.8776
11 0.990451
12 0.451389
13 0.517361
14 0.934028
15 1.96788
16 4.56424
17 6.53733
18 15.7457
19 6.44358
20 4.21875
21 1.66493
22 0.921007
23 2.0026
24 2.14844
25 1.97309
26 2.33594
27 2.43403
28 2.40365
29 2.05382
"[DEBUG]index 3 centroid... "
0 4.49123
1 3.84211
2 3.10526
3 3.22807
4 2.59649
5 5.14035
6 3.64912
7 2.50877
8 12.2632
9 5.5614
10 2.49123
11 1.42105
12 1
13 2.36842
14 6.40351
15 6.26316
16 7.89474
17 2.2807
18 1.66667
19 0.614035
20 0.403509
21 0.666667
22 1.2807
23 2.89474
24 5.01754
25 3.66667
26 3.01754
27 3.52632
28 3.35088
29 3.15789
"[DEBUG]index 4 centroid... "
0 2.3208
1 2.21913
2 1.99884
3 1.94197
4 2.3584
5 2.5007
6 2.61792
7 1.17363
8 17.744
9 3.08124
10 2.2363
11 1.20845
12 2.52344
13 1.49048
14 5.47098
15 6.51602
16 1.5968
17 0.980037
18 2.62929
19 1.98677
20 3.45357
21 20.4826
22 4.60701
23 2.57289
24 2.9617
25 3.01277
26 2.09007
27 2.09099
28 2.23607
29 2.35515
"[DEBUG]index 5 centroid... "
0 2.80719
1 2.76564
2 2.62924
3 2.61384
4 2.56915
5 2.31966
6 2.21406
7 1.49762
8 16.9328
9 4.4194
10 2.60649
11 4.23573
12 20.334
13 2.32906
14 1.73539
15 1.35659
16 1.35277
17 1.89331
18 3.25753
19 18.7917
20 4.22592
21 2.2533
22 2.71358
23 3.02289
24 2.18409
25 2.14253
26 2.36912
27 2.55934
28 2.52991
29 2.50729
"[DEBUG]index 6 centroid... "
0 2.16923
1 2.2893
2 2.06925
3 1.66266
4 1.82268
5 1.91455
6 1.5074
7 1.65903
8 14.8618
9 2.26864
10 11.27
11 13.0064
12 3.72466
13 1.81541
14 0.840268
15 1.50293
16 4.09774
17 4.25161
18 1.54287
19 0.810667
20 1.68556
21 4.24183
22 1.16839
23 1.62636
24 1.79559
25 1.89891
26 1.56018
27 1.54119
28 1.59145
29 1.62469
"[DEBUG]index 7 centroid... "
0 2.71951
1 3.23476
2 3.05793
3 2.46037
4 2.78049
5 2.99695
6 2.43598
7 1.49085
8 12.4665
9 3.6128
10 6.17988
11 3.78049
12 12.3841
13 10.6098
14 4.74695
15 1.95122
16 1.05793
17 0.432927
18 0.454268
19 0.85061
20 0.72561
21 1.59756
22 6.06402
23 2.32317
24 2.80183
25 2.69512
26 2.85671
27 2.60671
28 2.69817
29 2.66463
"[DEBUG]index 8 centroid... "
0 2.8383
1 2.76603
2 2.52202
3 2.26721
4 2.8637
5 3.14522
6 2.58905
7 1.63082
8 31.8718
9 3.43787
10 2.35212
11 2.54808
12 2.43516
13 7.51245
14 1.65738
15 9.67881
16 1.80047
17 11.499
18 1.99787
19 1.78334
20 8.76665
21 2.0632
22 0.881771
23 2.96766
24 2.76726
25 2.46544
26 2.53438
27 2.58067
28 2.62873
29 2.49196
"[DEBUG]index 9 centroid... "
0 3.79507
1 3.42127
2 3.22465
3 2.69944
4 3.07014
5 3.00254
6 2.90901
7 2
8 28.3546
9 3.98507
10 7.35761
11 10.0682
12 2.83465
13 0.950423
14 1.77113
15 11.3885
16 2.02324
17 1.00014
18 2.11451
19 11.1006
20 1.85817
21 0.990704
22 2.73197
23 3.33197
24 2.85887
25 2.87056
26 2.93352
27 3.01437
28 2.67986
29 2.62887
"[DEBUG]index 10 centroid... "
0 2.97753
1 3.0258
2 2.66146
3 2.36975
4 3.08739
5 3.24573
6 3.03953
7 1.67333
8 25.2441
9 4.77632
10 2.8943
11 1.15876
12 2.23408
13 10.5187
14 2.21286
15 1.0181
16 2.24428
17 9.87412
18 8.50666
19 2.21827
20 1.26092
21 2.27091
22 11.9696
23 2.24615
24 2.76425
25 3.16126
26 3.39596
27 2.94361
28 2.98939
29 2.77715
"[DEBUG]index 11 centroid... "
0 1.92324
1 2.01942
2 1.79986
3 1.50674
4 1.56226
5 1.80489
6 1.95568
7 1.57277
8 10.1608
9 2.42586
10 10.6178
11 3.4085
12 1.72812
13 2.01462
14 0.81517
15 1.43409
16 4.35961
17 1.93489
18 4.10441
19 6.30318
20 21.9472
21 5.8652
22 4.14782
23 2.15764
24 2.16792
25 1.82477
26 1.74823
27 1.81311
28 2.28124
29 1.92849
"[DEBUG]index 12 centroid... "
0 2.629
1 2.54473
2 2.21828
3 2.04742
4 2.74777
5 2.68291
6 2.6839
7 1.80643
8 20.9079
9 3.52058
10 2.06957
11 2.07702
12 7.01993
13 1.98971
14 2.01174
15 3.47089
16 24.7637
17 3.85449
18 2.06803
19 6.79583
20 2.47166
21 1.59187
22 5.69878
23 2.31407
24 2.46318
25 2.51279
26 2.52058
27 2.27509
28 2.24435
29 2.10028
"[DEBUG]index 13 centroid... "
0 2.61566
1 2.29957
2 2.50287
3 2.375
4 2.06753
5 2.11494
6 2.2967
7 1.59411
8 13.6193
9 2.11494
10 14.5532
11 2.20115
12 15.4741
13 2.92672
14 4.9921
15 1.6444
16 1.70474
17 3.82184
18 4.26149
19 1.46624
20 0.829023
21 0.48204
22 0.797414
23 1.93463
24 1.40517
25 1.75216
26 1.89871
27 1.76868
28 1.75934
29 1.51221
"[DEBUG]index 14 centroid... "
0 2.78196
1 3.52954
2 2.79055
3 2.44898
4 2.79055
5 3.55424
6 3.31579
7 2.05908
8 17.043
9 3.76799
10 2.62513
11 0.854995
12 0.494092
13 1.13534
14 0.948443
15 1.99785
16 10.87
17 2.29216
18 1.25994
19 1.21375
20 2.73362
21 1.45005
22 9.49946
23 2.18475
24 3.46187
25 3.40494
26 3.40924
27 2.80344
28 2.88185
29 2.82062
"[DEBUG]index 15 centroid... "
0 1.39559
1 1.49586
2 1.37578
3 1.29907
4 1.11156
5 1.84006
6 1.84908
7 1.28453
8 6.68288
9 17.7701
10 5.86012
11 3.28879
12 1.59037
13 2.65806
14 9.61895
15 2.30258
16 0.942091
17 3.08047
18 1.3086
19 3.25219
20 1.12008
21 3.14941
22 2.77012
23 1.36225
24 1.48433
25 1.38105
26 1.33693
27 1.35347
28 1.25696
29 1.29406
"[DEBUG]index 16 centroid... "
0 2.90983
1 2.70067
2 2.46967
3 2.24572
4 3.04459
5 2.95633
6 2.72569
7 1.50813
8 27.9679
9 3.58161
10 2.26118
11 1.13574
12 1.12176
13 1.79366
14 2.36257
15 0.787217
16 2.61154
17 0.963013
18 1.90456
19 11.5238
20 1.52408
21 2.08005
22 0.964792
23 3.07361
24 2.24854
25 2.30301
26 2.52506
27 2.68754
28 2.52027
29 2.60688
"[DEBUG]index 17 centroid... "
0 2.9306
1 3.15225
2 2.79502
3 2.45851
4 2.63457
5 3.00753
6 2.59516
7 1.94284
8 23.1726
9 4.8351
10 2.15615
11 11.3527
12 2.239
13 0.855683
14 1.20309
15 2.70424
16 0.851513
17 2.05219
18 10.5481
19 2.39623
20 2.09644
21 8.86187
22 8.62354
23 2.331
24 2.90128
25 3.15064
26 2.8082
27 2.88594
28 2.79247
29 2.76503
"[DEBUG]index 18 centroid... "
0 2.40088
1 2.44085
2 2.0966
3 2.0395
4 2.2703
5 2.77234
6 2.56572
7 1.73922
8 17.3684
9 4.27363
10 1.95651
11 6.22023
12 2.06282
13 2.16932
14 5.43628
15 1.59855
16 3.09632
17 21.9479
18 4.50366
19 2.24745
20 4.75178
21 19.6015
22 3.91606
23 2.19787
24 2.73541
25 2.7279
26 2.48758
27 2.44228
28 2.50909
29 2.46236
"[DEBUG]index 19 centroid... "
0 2.06875
1 2.19778
2 1.81597
3 1.76785
4 2.07615
5 2.1248
6 2.26547
7 1.42729
8 12.5949
9 2.95717
10 1.9376
11 1.19672
12 1.69751
13 2.46113
14 15.8419
15 3.26071
16 1.94077
17 4.49339
18 12.9662
19 12.0365
20 3.28345
21 1.60603
22 6.16129
23 2.13644
24 2.11634
25 2.14278
26 2.19513
27 2.211
28 2.42887
29 2.05235
"[DEBUG]index 20 centroid... "
0 4.2832
1 4.22461
2 3.5918
3 3.56445
4 3.21875
5 4.03516
6 3.32031
7 2.07812
8 18.1211
9 6.08984
10 2.38672
11 2.93164
12 3.57812
13 0.863281
14 0.46875
15 1.03906
16 2.37305
17 10.7266
18 1.83203
19 2.6875
20 0.925781
21 0.425781
22 0.912109
23 3.44727
24 2.74023
25 3.34766
26 2.92188
27 3.48438
28 3.11719
29 3.06641
"[DEBUG]index 21 centroid... "
0 2.8834
1 2.82759
2 2.69272
3 2.34096
4 2.80406
5 2.94351
6 2.53669
7 1.74447
8 35.5478
9 3.8584
10 2.18754
11 10.7236
12 2.59898
13 1.79132
14 2.21005
15 0.908868
16 1.90238
17 2.68657
18 0.937709
19 2.17184
20 8.55208
21 1.78164
22 2.1787
23 2.66198
24 2.64017
25 2.23457
26 2.28617
27 2.30411
28 2.3776
29 2.335
"[DEBUG]index 22 centroid... "
0 3.00097
1 2.54276
2 2.40237
3 2.44389
4 2.78838
5 2.9021
6 2.70758
7 1.55212
8 21.293
9 3.12254
10 1.53265
11 6.07058
12 6.75783
13 1.78989
14 3.11996
15 24.6361
16 3.07907
17 1.96062
18 1.30231
19 1.16213
20 1.82883
21 5.96245
22 1.55621
23 2.85659
24 2.62453
25 2.4709
26 2.24841
27 2.17579
28 2.08951
29 2.09069
"[DEBUG]index 23 centroid... "
0 2.44685
1 2.42167
2 2.29166
3 2.23086
4 2.56086
5 2.83948
6 2.35496
7 1.40079
8 19.2492
9 3.2304
10 2.19614
11 2.44833
12 6.14351
13 2.83267
14 22.6795
15 3.19716
16 2.1536
17 1.16699
18 1.72275
19 5.28554
20 1.60522
21 1.74078
22 0.934884
23 2.51912
24 2.22666
25 2.02144
26 2.04118
27 2.07771
28 1.95099
29 1.93114
"[DEBUG]index 24 centroid... "
0 3.07223
1 3.03523
2 2.81657
3 2.58616
4 2.92334
5 3.31434
6 2.91364
7 1.81058
8 33.632
9 3.69989
10 2.09318
11 10.3843
12 2.31921
13 6.16748
14 1.98911
15 11.5977
16 1.77953
17 1.93721
18 8.97719
19 2.13008
20 0.906308
21 2.30428
22 2.1344
23 2.57094
24 2.55449
25 2.57613
26 2.64313
27 2.62342
28 2.51088
29 2.30185
"[DEBUG]index 25 centroid... "
0 3.35206
1 3.09726
2 2.95867
3 2.28719
4 2.90441
5 3.16794
6 2.5702
7 1.70656
8 33.4557
9 3.62128
10 13.4199
11 2.02776
12 1.1574
13 1.01873
14 2.24639
15 2.0722
16 0.876465
17 2.45611
18 2.73678
19 0.774163
20 2.12994
21 2.17806
22 0.788534
23 2.55314
24 2.48007
25 2.46692
26 2.35165
27 2.36977
28 2.43795
29 2.43727
"[DEBUG]index 26 centroid... "
0 3.16686
1 3.51575
2 3.38156
3 2.84247
4 3.64411
5 3.18786
6 2.4189
7 1.7818
8 17.8845
9 5.49358
10 2.23571
11 1.24504
12 2.75146
13 10.9347
14 1.77596
15 0.72112
16 0.590432
17 1.15519
18 3.05834
19 1.58226
20 10.5834
21 1.87748
22 9.71995
23 2.8028
24 3.31038
25 3.05601
26 2.73979
27 2.92999
28 3.42824
29 2.72462
"[DEBUG]index 27 centroid... "
0 1.96302
1 1.85031
2 1.84444
3 1.66628
4 1.43117
5 1.80628
6 1.70267
7 1.66686
8 10.56
9 2.64954
10 8.56765
11 9.11124
12 2.81978
13 1.35251
14 4.26592
15 1.61021
16 3.06281
17 5.04315
18 22.1244
19 5.92574
20 3.64338
21 1.68124
22 4.62518
23 1.54065
24 1.48635
25 1.68124
26 1.91899
27 1.71148
28 1.83769
29 1.63927
"[DEBUG]index 28 centroid... "
0 2.23624
1 2.22777
2 2.14878
3 1.89955
4 2.15827
5 2.34764
6 1.83793
7 1.44576
8 17.5255
9 3.41787
10 6.00467
11 5.28471
12 4.17127
13 22.2507
14 3.1555
15 1.29785
16 5.76318
17 1.55278
18 5.10264
19 1.62578
20 6.71719
21 1.42269
22 6.42108
23 1.98204
24 2.09388
25 1.98321
26 2.02993
27 1.85648
28 1.95707
29 1.87151
"[DEBUG]index 29 centroid... "
0 2.57425
1 2.50304
2 2.28219
3 1.9379
4 2.20433
5 2.73167
6 2.48956
7 2.03019
8 17.6692
9 2.41322
10 18.8608
11 3.34675
12 2.15989
13 2.42765
14 4.56419
15 2.61546
16 19.041
17 3.66901
18 1.83669
19 4.92062
20 5.60767
21 1.63312
22 0.98063
23 2.38435
24 2.13711
25 2.0809
26 2.01576
27 2.19654
28 2.09457
29 1.82131
"[DEBUG]index 30 centroid... "
0 2.40012
1 2.54749
2 2.1692
3 2.00512
4 2.43956
5 2.75267
6 2.36745
7 1.52521
8 21.0029
9 4.35571
10 2.08069
11 0.973656
12 2.59431
13 0.781123
14 2.02394
15 0.669276
16 2.1978
17 8.93753
18 1.57489
19 7.8174
20 7.31462
21 1.47343
22 9.08325
23 2.2818
24 2.28857
25 2.61358
26 2.62863
27 2.45461
28 2.5347
29 2.5067
"[DEBUG]index 31 centroid... "
0 3.76288
1 3.40241
2 3.15774
3 2.83724
4 3.45325
5 3.37348
6 3.0066
7 1.69519
8 37.1718
9 4.44984
10 3.08092
11 2.61415
12 15.5109
13 1.55745
14 0.988531
15 2.71446
16 2.53606
17 1.10642
18 2.51293
19 1.20976
20 2.67537
21 2.22842
22 1.1234
23 2.97591
24 2.83934
25 2.64029
26 2.60038
27 2.69899
28 2.62204
29 2.57477
"[DEBUG]index 32 centroid... "
0 1.95604
1 1.88953
2 1.73048
3 1.75072
4 1.7808
5 2.36553
6 2.43667
7 1.42741
8 13.192
9 2.34066
10 1.50839
11 0.786582
12 0.856564
13 1.38751
14 2.6015
15 13.1943
16 10.491
17 3.37305
18 5.09196
19 1.51475
20 4.75477
21 3.97224
22 1.2834
23 1.91267
24 2.16194
25 2.08329
26 2.06189
27 1.81203
28 1.67438
29 1.72817
"[DEBUG]index 33 centroid... "
0 2.751
1 2.60978
2 2.62242
3 2.08509
4 2.19082
5 2.44845
6 2.29297
7 1.54075
8 21.3084
9 2.625
10 23.7968
11 3.57329
12 2.02185
13 2.53243
14 2.13084
15 0.80576
16 0.998052
17 0.858203
18 2.23642
19 5.44313
20 1.57182
21 5.85304
22 1.93945
23 2.29118
24 2.09778
25 2.08851
26 1.94561
27 2.04507
28 2.0664
29 1.99131
"[DEBUG]index 34 centroid... "
0 2.53598
1 2.46446
2 2.36703
3 2.3543
4 2.69553
5 3.08193
6 2.75421
7 1.73295
8 20.1646
9 3.21291
10 2.2314
11 1.43136
12 2.26074
13 3.96701
14 24.1864
15 3.56887
16 1.94221
17 7.3822
18 2.28632
19 0.919066
20 2.33614
21 1.74823
22 5.95948
23 2.44497
24 2.61016
25 2.63264
26 2.53144
27 2.41785
28 2.29052
29 2.21269
"[DEBUG]index 35 centroid... "
0 2.2515
1 2.25938
2 2.10679
3 1.88983
4 1.94557
5 2.0548
6 1.93806
7 1.23423
8 16.7601
9 3.51464
10 5.13026
11 3.57789
12 19.8341
13 2.96509
14 1.48517
15 4.56738
16 1.57714
17 5.67436
18 1.62425
19 5.54598
20 3.48367
21 17.0163
22 4.24343
23 2.21284
24 2.36017
25 2.14339
26 1.84703
27 2.01389
28 2.02365
29 1.97185
"[DEBUG]index 36 centroid... "
0 2.76932
1 2.46498
2 2.39569
3 2.09796
4 2.0906
5 2.76558
6 2.47832
7 1.67049
8 13.9986
9 16.3842
10 4.47071
11 1.72458
12 8.043
13 1.60331
14 0.689556
15 0.813684
16 1.69716
17 1.74315
18 0.805957
19 2.20401
20 0.864656
21 1.55384
22 5.31605
23 1.70414
24 2.00324
25 1.90965
26 2.05459
27 1.83038
28 1.76545
29 1.84771
"[DEBUG]index 37 centroid... "
0 2.53579
1 2.63346
2 2.33275
3 2.10111
4 2.40918
5 2.7573
6 2.58699
7 1.63686
8 20.7642
9 3.66997
10 2.12695
11 2.10282
12 2.08903
13 2.06622
14 6.35416
15 1.96595
16 3.89267
17 22.7333
18 3.79628
19 1.94714
20 1.25002
21 2.21202
22 0.840497
23 2.19891
24 2.1601
25 2.27764
26 2.23938
27 2.227
28 2.19027
29 2.0795
"[DEBUG]index 38 centroid... "
0 3.16147
1 2.89268
2 2.64211
3 2.54911
4 3.15584
5 3.36033
6 3.2407
7 1.82887
8 28.2376
9 3.88907
10 2.20609
11 1.3622
12 3.04796
13 0.874123
14 2.06068
15 12.9161
16 2.12838
17 2.08758
18 10.6833
19 2.64259
20 1.00278
21 2.1623
22 10.0131
23 2.32446
24 3.16981
25 3.20984
26 3.30173
27 2.81449
28 2.81539
29 2.59901
"[DEBUG]index 39 centroid... "
0 2.46322
1 2.54018
2 2.30347
3 2.02778
4 2.33828
5 2.53755
6 2.21823
7 1.52802
8 21.8763
9 3.56927
10 2.16917
11 6.20982
12 1.96191
13 5.16828
14 1.43634
15 6.29214
16 6.18509
17 2.16136
18 3.76037
19 25.5328
20 3.52861
21 1.94313
22 2.42579
23 2.52009
24 2.13561
25 2.09287
26 2.2413
27 2.45446
28 2.28916
29 2.04804
"[DEBUG]index 40 centroid... "
0 5.3125
1 4.77411
2 4.39464
3 4.775
4 4.25714
5 4.28839
6 4.03304
7 2.63393
8 16.333
9 5.69107
10 1.98929
11 10.6545
12 2.49018
13 2.28482
14 2.79018
15 1.02143
16 0.359821
17 0.845536
18 0.816964
19 2.5
20 0.65625
21 0.359821
22 0.869643
23 2.77232
24 2.37232
25 2.34375
26 2.46429
27 2.58304
28 2.50268
29 2.63214
"[DEBUG]index 41 centroid... "
0 1.81297
1 2.24611
2 2.12807
3 1.80708
4 1.6454
5 2.01521
6 2.02972
7 1.56509
8 6.69163
9 16.7419
10 3.40283
11 17.8145
12 5.59564
13 3.13502
14 3.16958
15 2.88679
16 1.24788
17 0.919222
18 1.32995
19 1.46356
20 2.42382
21 1.42948
22 0.685259
23 1.44646
24 1.32795
25 1.27642
26 1.43667
27 1.52689
28 1.33986
29 1.17441
"[DEBUG]index 42 centroid... "
0 2.54452
1 2.40793
2 2.0894
3 2.06249
4 1.92203
5 2.50544
6 2.43797
7 1.55797
8 13.7183
9 16.2182
10 4.19023
11 1.73088
12 6.96424
13 1.3659
14 1.76498
15 0.84977
16 1.65825
17 6.25032
18 5.22286
19 1.36276
20 6.64866
21 1.77235
22 0.733641
23 2.05438
24 2.0094
25 1.71668
26 1.96627
27 2.08258
28 1.91631
29 1.69161
"[DEBUG]index 43 centroid... "
0 3.21739
1 3.09038
2 2.97589
3 2.67958
4 3.57273
5 3.68827
6 3.37312
7 1.91858
8 25.9146
9 3.48762
10 2.44572
11 3.15349
12 1.10711
13 2.22978
14 11.895
15 1.94203
16 1.12095
17 1.18485
18 1.09315
19 3.09091
20 0.849012
21 1.98406
22 9.8141
23 2.68287
24 3.07286
25 3.18854
26 3.17852
27 2.6166
28 2.65389
29 2.78946
"[DEBUG]index 44 centroid... "
0 2.64023
1 2.66115
2 2.38102
3 1.98377
4 2.39855
5 2.55791
6 2.30939
7 1.51965
8 26.9252
9 3.58444
10 9.12455
11 2.19149
12 1.0728
13 2.49039
14 0.930652
15 1.93906
16 1.55322
17 10.749
18 1.72183
19 8.78916
20 1.66193
21 8.79222
22 1.76432
23 2.54435
24 2.37737
25 2.61207
26 2.32165
27 2.4941
28 2.45819
29 2.52636
"[DEBUG]index 45 centroid... "
0 2.58952
1 2.47776
2 2.33203
3 1.97285
4 2.46214
5 2.6686
6 2.08462
7 1.4339
8 26.631
9 3.20438
10 9.63401
11 2.03241
12 2.06328
13 7.95297
14 1.35101
15 7.19294
16 1.95143
17 2.11985
18 0.935991
19 1.99537
20 8.46078
21 1.46141
22 8.79217
23 2.45751
24 2.81932
25 2.43644
26 2.42446
27 2.2061
28 2.3688
29 2.27538
"[DEBUG]index 46 centroid... "
0 2.95123
1 2.89587
2 2.66574
3 2.44894
4 3.07993
5 3.08193
6 2.68428
7 1.46283
8 33.3241
9 4.08788
10 2.73601
11 2.70574
12 10.3625
13 1.36421
14 10.0221
15 2.0916
16 1.06168
17 2.55733
18 9.50518
19 1.92525
20 2.06925
21 8.92283
22 2.26542
23 2.90086
24 2.86646
25 2.84348
26 2.68845
27 2.76342
28 2.63964
29 2.71677
"[DEBUG]index 47 centroid... "
0 2.84101
1 2.76612
2 2.57647
3 2.3314
4 2.6981
5 2.95735
6 2.53449
7 1.80887
8 29.1829
9 3.77673
10 2.07495
11 8.51942
12 2.4938
13 0.922963
14 2.37439
15 1.95319
16 9.35142
17 1.90934
18 11.094
19 1.80063
20 9.24418
21 1.8252
22 2.26171
23 2.54817
24 2.68457
25 2.35154
26 2.64591
27 2.6973
28 2.69152
29 2.42907
"[DEBUG]index 48 centroid... "
0 2.49172
1 2.42492
2 2.16056
3 1.96458
4 2.79817
5 2.78455
6 2.57795
7 1.523
8 43.9406
9 2.90903
10 2.4304
11 2.31165
12 2.35823
13 5.77092
14 1.86566
15 1.68101
16 6.94073
17 2.20084
18 2.16976
19 2.21506
20 1.7957
21 6.11903
22 1.7893
23 2.33027
24 2.38927
25 2.3902
26 2.14766
27 2.15895
28 2.1615
29 2.13561
"[DEBUG]index 49 centroid... "
0 3.99352
1 3.78151
2 4.09187
3 3.68905
4 4.39458
5 3.91991
6 4.28799
7 2.31625
8 25.2797
9 3.52709
10 2.13133
11 1.21143
12 3.09305
13 1.76325
14 12.785
15 1.53475
16 3.49588
17 1.15371
18 0.491755
19 0.838045
20 2.67197
21 2.29976
22 0.647232
23 3.72026
24 3.49352
25 2.79093
26 2.83922
27 3.11249
28 2.80094
29 3.19906
"[DEBUG]index 50 centroid... "
0 2.99044
1 2.90632
2 2.68556
3 2.49098
4 2.81744
5 3.03923
6 2.64869
7 1.64239
8 30.8473
9 4.09867
10 2.04106
11 8.58266
12 10.11
13 1.54229
14 8.37743
15 2.19246
16 1.77753
17 9.10078
18 1.97692
19 2.44431
20 1.14024
21 2.04461
22 8.83256
23 2.35985
24 2.6023
25 2.79981
26 2.97074
27 2.65086
28 2.3997
29 2.3788
"[DEBUG]index 51 centroid... "
0 2.61788
1 2.57324
2 2.47239
3 2.02068
4 2.6294
5 2.74356
6 2.53826
7 1.59219
8 27.9827
9 3.01232
10 10.1595
11 2.14667
12 1.12636
13 2.05987
14 8.58525
15 1.43524
16 2.26746
17 1.93648
18 10.5043
19 1.69713
20 8.13974
21 1.62649
22 9.30009
23 2.19255
24 2.66735
25 2.41989
26 2.64407
27 2.33909
28 2.45511
29 2.42329
"[DEBUG]index 52 centroid... "
0 3.85287
1 3.68339
2 3.18506
3 2.94181
4 3.53381
5 3.66404
6 3.37397
7 2.29307
8 26.8521
9 4.56246
10 1.99818
11 11.6726
12 2.75486
13 0.89877
14 3.09641
15 2.51376
16 10.0901
17 2.26121
18 1.00168
19 3.20532
20 0.871315
21 2.40289
22 0.897094
23 3.32073
24 3.04946
25 2.94614
26 2.85588
27 2.87083
28 2.90625
29 2.65558
"[DEBUG]index 53 centroid... "
0 3.09002
1 2.72603
2 2.59491
3 2.18982
4 2.53033
5 2.8865
6 2.66536
7 1.43836
8 13.0489
9 3.83562
10 1.96086
11 1.11155
12 0.407045
13 0.367906
14 0.555773
15 2.70646
16 0.643836
17 1.0137
18 2.42857
19 3.99022
20 12.9354
21 4.82583
22 2.03131
23 3.15851
24 3.02153
25 2.54012
26 2.56164
27 2.58121
28 2.75342
29 2.88258
"[DEBUG]index 54 centroid... "
0 5.93137
1 4.29412
2 3.93627
3 4.52451
4 4.21569
5 5.10784
6 3.61765
7 2.73529
8 13.8971
9 4.7598
10 1.82843
11 9.36275
12 2.89706
13 1.13725
14 1.21569
15 4.83824
16 0.720588
17 1.0098
18 0.539216
19 0.392157
20 0.553922
21 1.05392
22 3.5098
23 3.2451
24 3.64706
25 3.60784
26 3.44118
27 2.90196
28 3.41176
29 2.79902
"[DEBUG]index 55 centroid... "
0 2.87652
1 2.65821
2 2.50496
3 2.48401
4 2.36494
5 2.67806
6 2.42007
7 1.21279
8 14.043
9 4.55017
10 1.48401
11 6.67585
12 6.62734
13 1.47519
14 0.859978
15 2.11356
16 0.820287
17 0.417861
18 0.980154
19 2.05513
20 4.59096
21 15.0066
22 4.23815
23 2.86659
24 2.89526
25 2.70562
26 2.38037
27 2.42558
28 2.43219
29 2.94708
"[DEBUG]index 56 centroid... "
0 3.27204
1 3.24976
2 2.96804
3 2.66764
4 2.84516
5 3.38079
6 2.59125
7 1.98492
8 24.6369
9 4.26761
10 2.2445
11 9.92957
12 1.96956
13 9.74319
14 2.216
15 1.83382
16 7.64743
17 10.9575
18 1.61644
19 1.06974
20 2.49038
21 0.772105
22 2.13325
23 2.53535
24 2.43282
25 2.71676
26 2.53577
27 2.66196
28 2.45607
29 2.48609
"[DEBUG]index 57 centroid... "
0 1.68561
1 1.86486
2 1.74526
3 1.33362
4 1.35765
5 1.79389
6 1.96183
7 1.4894
8 6.67289
9 17.8174
10 5.43511
11 2.97455
12 1.68928
13 0.842239
14 1.14136
15 2.25163
16 10.5954
17 2.19819
18 4.02827
19 1.5598
20 0.752615
21 1.31948
22 3.23862
23 1.26067
24 1.56884
25 1.60956
26 1.71049
27 1.59966
28 1.40628
29 1.30874
"[DEBUG]index 58 centroid... "
0 3.16166
1 2.92848
2 2.50485
3 2.42363
4 2.86432
5 3.18701
6 2.94507
7 1.72097
8 23.5901
9 3.64085
10 2.45164
11 0.806729
12 2.50266
13 7.16463
14 1.70908
15 8.68232
16 9.74147
17 1.5784
18 11.2983
19 1.72676
20 2.19358
21 0.886385
22 2.20329
23 2.40156
24 2.92254
25 2.59452
26 2.80689
27 2.71753
28 2.56401
29 2.20986
"[DEBUG]index 59 centroid... "
0 2.5305
1 2.49472
2 2.21459
3 2.09492
4 2.43949
5 2.56824
6 2.33735
7 1.14029
8 21.9744
9 3.63465
10 2.31441
11 2.32287
12 8.55736
13 1.73426
14 5.26012
15 1.66043
16 7.42083
17 2.33607
18 2.3834
19 3.57917
20 24.4119
21 3.96602
22 2.27332
23 2.97376
24 2.98582
25 2.18128
26 2.28672
27 2.30626
28 2.52467
29 2.14024
"[DEBUG]index 60 centroid... "
0 2.06667
1 1.99655
2 2.1408
3 1.92184
4 2.20115
5 2.18908
6 2.08218
7 1.64368
8 11.4063
9 2.4954
10 12.6971
11 3.05
12 3.24655
13 13.0684
14 2.67931
15 12.7977
16 2.85747
17 3.93391
18 1.64023
19 0.941379
20 0.685632
21 1.4569
22 3.46609
23 1.68448
24 1.54425
25 1.83103
26 1.8046
27 1.58391
28 1.54713
29 1.54885
"[DEBUG]index 61 centroid... "
0 2.37836
1 2.19047
2 1.92049
3 1.90487
4 2.29786
5 2.34474
6 2.36234
7 1.46005
8 15.0307
9 4.04509
10 2.28936
11 1.26978
12 2.32021
13 5.571
14 1.71163
15 1.01187
16 2.56566
17 1.82753
18 3.69324
19 18.6895
20 2.60146
21 17.1466
22 4.58089
23 2.29015
24 2.65783
25 2.32931
26 2.17642
27 2.47844
28 2.30637
29 2.6246
"[DEBUG]index 62 centroid... "
0 3.27381
1 3.04378
2 2.84933
3 2.63284
4 3.19563
5 3.31272
6 2.97761
7 1.8106
8 25.7234
9 3.97301
10 2.12991
11 1.31326
12 3.17279
13 0.790286
14 1.79805
15 11.9049
16 1.97346
17 9.43938
18 1.80807
19 10.6775
20 1.72754
21 1.02501
22 1.09578
23 3.21134
24 2.55548
25 3.10833
26 2.92001
27 3.2247
28 2.87921
29 2.75833
"[DEBUG]index 63 centroid... "
0 1.43345
1 1.35814
2 1.21541
3 1.19702
4 1.22329
5 1.77846
6 1.51576
7 1.00438
8 6.34238
9 2.68739
10 1.54378
11 1.25657
12 2.94133
13 2.57005
14 1.23643
15 2.16813
16 5.30473
17 12.7399
18 8.62609
19 9.27933
20 12.3319
21 4.51401
22 2.60858
23 1.68739
24 1.6366
25 1.51313
26 1.68389
27 1.71804
28 1.87478
29 1.45096
"[DEBUG]index 64 centroid... "
0 2.54465
1 2.46605
2 2.43255
3 2.07654
4 2.46031
5 2.47874
6 2.09954
7 1.44788
8 30.199
9 3.3191
10 8.72504
11 1.9444
12 11.2793
13 1.66853
14 1.66531
15 6.87985
16 1.69263
17 7.41361
18 7.43789
19 1.81214
20 8.53878
21 1.74726
22 8.07886
23 2.29777
24 2.60823
25 2.48203
26 2.52648
27 2.47313
28 2.43061
29 2.26414
"[DEBUG]index 65 centroid... "
0 2.32677
1 2.27657
2 2.20719
3 1.89444
4 1.99926
5 2.28199
6 2.17052
7 1.43996
8 15.9286
9 2.24803
10 17.5792
11 3.09523
12 1.98179
13 1.05979
14 1.60974
15 6.33145
16 1.58071
17 0.807825
18 1.09203
19 0.986713
20 1.62131
21 4.73868
22 5.5091
23 1.79552
24 2.21678
25 2.27264
26 2.08317
27 1.77657
28 1.82923
29 1.93455
"[DEBUG]index 66 centroid... "
0 2.62358
1 2.41322
2 2.30506
3 2.00659
4 2.4421
5 2.48958
6 2.29583
7 1.49486
8 28.0634
9 3.11686
10 9.8929
11 1.83527
12 10.4161
13 1.55104
14 7.7502
15 1.42983
16 8.12398
17 1.50356
18 8.18504
19 8.24967
20 1.64864
21 6.36771
22 8.89172
23 2.03033
24 2.57518
25 2.57425
26 2.51134
27 2.445
28 2.36903
29 2.43194
"[DEBUG]index 67 centroid... "
0 3.31897
1 2.91711
2 2.8561
3 2.65915
4 2.46817
5 2.81565
6 2.66711
7 2.02454
8 15.1618
9 5.1187
10 1.87798
11 9.10743
12 2.05637
13 0.665783
14 0.46817
15 0.914456
16 2.24204
17 2.22347
18 3.94496
19 16.4987
20 5.03581
21 2.51658
22 1.07692
23 3.47281
24 2.45358
25 2.42971
26 2.61074
27 3.35212
28 2.81366
29 2.72215
"[DEBUG]index 68 centroid... "
0 2.8396
1 2.76472
2 2.61315
3 2.45266
4 2.61641
5 2.45433
6 2.21747
7 1.40396
8 23.4619
9 4.21272
10 2.43833
11 4.30909
12 27.1491
13 2.96731
14 1.92136
15 2.2696
16 5.92429
17 5.19287
18 1.56999
19 5.77849
20 2.15324
21 2.17026
22 1.16319
23 2.52632
24 2.22533
25 2.13036
26 2.23398
27 2.36852
28 2.33202
29 2.09734
"[DEBUG]index 69 centroid... "
0 2.0483
1 1.8161
2 1.84149
3 1.54737
4 1.66997
5 2.24087
6 2.07678
7 1.89969
8 12.4223
9 2.22477
10 13.0533
11 3.13189
12 1.67307
13 3.83839
14 2.94118
15 12.6687
16 2.86378
17 3.0743
18 14.1059
19 3.52012
20 2.86935
21 13.3709
22 3.65882
23 1.86254
24 2.21424
25 2.15542
26 1.95542
27 1.9678
28 1.98762
29 1.99752
"[DEBUG]index 70 centroid... "
0 2.22449
1 2.11081
2 1.89176
3 1.71573
4 1.76238
5 2.32729
6 2.12832
7 1.48656
8 13.4775
9 16.2719
10 4.32216
11 1.79393
12 1.66667
13 5.68946
14 1.07699
15 1.60326
16 0.704559
17 1.59375
18 4.8593
19 4.63738
20 1.42301
21 0.717693
22 1.69173
23 1.75196
24 1.46618
25 1.4843
26 1.63361
27 1.70894
28 1.59601
29 1.50272
"[DEBUG]index 71 centroid... "
0 2.79351
1 2.76257
2 2.43456
3 2.18346
4 2.95121
5 2.93114
6 2.83503
7 1.54981
8 32.1951
9 3.43691
10 2.25914
11 2.51166
12 3.08414
13 0.83336
14 2.40169
15 0.800907
16 2.32874
17 0.876813
18 2.66929
19 1.01254
20 2.24396
21 1.54299
22 11.3785
23 1.91046
24 2.70692
25 2.63555
26 2.84738
27 2.31077
28 2.34798
29 2.3749
"[DEBUG]index 72 centroid... "
0 3.3688
1 2.92774
2 2.9553
3 2.48062
4 3.00145
5 2.85759
6 2.68143
7 1.73576
8 25.5393
9 3.12882
10 10.6497
11 1.93855
12 11.4736
13 1.67814
14 8.33558
15 7.50554
16 2.18143
17 0.882516
18 2.15546
19 0.862737
20 2.00883
21 0.734441
22 2.0538
23 2.62065
24 2.4015
25 2.25752
26 2.45003
27 2.3539
28 2.1722
29 2.10113
"[DEBUG]index 73 centroid... "
0 2.39581
1 2.1814
2 2.32694
3 1.95492
4 2.10579
5 2.32978
6 2.11182
7 1.59638
8 13.9826
9 2.13064
10 15.2417
11 4.21512
12 2.19205
13 3.43663
14 16.2212
15 2.48633
16 1.76677
17 1.32091
18 2.02698
19 2.96983
20 12.9414
21 3.36457
22 1.89776
23 2.4629
24 2.44622
25 2.06603
26 1.82464
27 2.08165
28 2.09762
29 2.09088
"[DEBUG]index 74 centroid... "
0 2.0542
1 2.07236
2 2.12073
3 1.79872
4 1.8006
5 1.94307
6 1.4466
7 1.57166
8 11.9062
9 2.50174
10 5.77425
11 21.2157
12 6.06182
13 2.76541
14 1.84445
15 0.987297
16 0.787805
17 1.2711
18 3.37376
19 1.4816
20 0.910793
21 1.50842
22 3.32879
23 1.35222
24 1.44829
25 1.46881
26 1.51783
27 1.49976
28 1.52517
29 1.41555
"[DEBUG]index 75 centroid... "
0 3.68463
1 3.7781
2 3.23165
3 2.83142
4 3.41915
5 3.61583
6 3.17259
7 1.75631
8 20.0659
9 5.55161
10 2.04014
11 1.22764
12 3.8406
13 0.895069
14 0.541284
15 0.943807
16 1.82454
17 11.1284
18 2.15138
19 0.990826
20 2.75172
21 10.6353
22 1.87213
23 3.05046
24 3.36353
25 3.65596
26 3.39106
27 3.07454
28 3.28096
29 3.61755
"[DEBUG]index 76 centroid... "
0 2.24453
1 2.27418
2 2.19526
3 2.17701
4 2.45894
5 2.39416
6 2.18796
7 1.6688
8 9.62363
9 3.23312
10 1.41697
11 3.66469
12 11.3987
13 2.67792
14 6.48449
15 19.0497
16 6.58622
17 3.58531
18 1.84535
19 1.81934
20 0.871807
21 0.456661
22 0.76688
23 1.90192
24 1.84763
25 1.59124
26 1.86998
27 1.78376
28 1.90283
29 1.75411
"[DEBUG]index 77 centroid... "
0 2.49354
1 2.50243
2 2.38186
3 2.21913
4 2.53477
5 2.91456
6 2.53208
7 1.82292
8 28.0957
9 3.77363
10 1.69108
11 9.80205
12 2.20384
13 1.46709
14 7.26201
15 7.44767
16 1.64769
17 8.99235
18 1.79595
19 8.71113
20 6.71536
21 1.58539
22 8.58508
23 2.55564
24 2.30272
25 2.51379
26 2.40851
27 2.43817
28 2.4922
29 2.29745
"[DEBUG]index 78 centroid... "
0 1.66244
1 1.69376
2 1.72174
3 1.67331
4 1.82754
5 1.78296
6 1.49043
7 1.15723
8 9.13689
9 2.99519
10 1.66895
11 3.67682
12 5.81366
13 23.015
14 4.71319
15 2.78143
16 1.47542
17 3.65734
18 1.05273
19 1.28449
20 1.11379
21 3.12245
22 1.2841
23 1.52379
24 1.50102
25 1.42478
26 1.3255
27 1.36747
28 1.38123
29 1.29922
"[DEBUG]index 79 centroid... "
0 3.598
1 3.60175
2 3.17408
3 2.94427
4 3.39073
5 2.95429
6 3.16719
7 1.70069
8 21.6725
9 4.92924
10 2.52348
11 2.51847
12 0.672511
13 2.47339
14 0.699436
15 0.388228
16 0.76268
17 1.99937
18 11.3419
19 1.65999
20 2.52912
21 2.35692
22 2.1747
23 2.91296
24 2.75454
25 3.0119
26 3.15466
27 3.16093
28 2.87915
29 2.76644
"[DEBUG]index 80 centroid... "
0 4.06879
1 3.88771
2 3.36664
3 3.12883
4 3.81123
5 3.97207
6 3.50618
7 1.91583
8 25.819
9 4.95135
10 3.0542
11 1.14168
12 2.56086
13 11.7093
14 2.31206
15 2.36119
16 0.801304
17 3.17709
18 2.39973
19 0.7798
20 0.830885
21 2.14197
22 0.833998
23 3.13934
24 2.79284
25 2.88927
26 2.81172
27 2.82952
28 2.76822
29 2.72424
"[DEBUG]index 81 centroid... "
0 2.63235
1 2.92029
2 2.46974
3 2.46185
4 2.65431
5 2.63107
6 2.31969
7 1.565
8 15.8012
9 4.50682
10 2.54007
11 2.15516
12 3.76449
13 17.4842
14 4.18755
15 2.06266
16 2.63768
17 4.24915
18 19.1888
19 3.55413
20 1.94309
21 2.47528
22 1.1283
23 2.41624
24 2.40068
25 2.05264
26 2.31969
27 2.28644
28 2.10145
29 2.06714
"[DEBUG]index 82 centroid... "
0 2.83971
1 2.64687
2 2.53214
3 1.9981
4 2.55655
5 2.89748
6 2.39002
7 1.59669
8 24.7358
9 2.84052
10 9.75943
11 1.9227
12 0.967182
13 1.64443
14 8.31055
15 7.52997
16 1.88717
17 2.14375
18 8.79034
19 7.89449
20 1.39165
21 2.18036
22 0.796583
23 2.6645
24 2.1942
25 2.29997
26 2.55872
27 2.70898
28 2.41443
29 2.23515
"[DEBUG]index 83 centroid... "
0 3.98885
1 3.76053
2 3.13042
3 2.98451
4 3.81691
5 3.6739
6 3.60998
7 1.87536
8 25.5397
9 4.34624
10 3.02571
11 1.13951
12 3.52644
13 1.21365
14 1.0127
15 2.23492
16 13.6068
17 2.87206
18 1.2848
19 2.75568
20 11.85
21 1.77633
22 1.08282
23 4.12195
24 3.91088
25 3.3577
26 3.30029
27 3.55494
28 3.46974
29 3.2975
"[DEBUG]index 84 centroid... "
0 4.73122
1 4.07746
2 3.82825
3 3.51135
4 3.68662
5 3.97222
6 3.66588
7 2.57629
8 18.6827
9 3.98239
10 10.9699
11 2.28208
12 1.09937
13 3.72144
14 0.910407
15 0.785211
16 3.52778
17 0.732394
18 2.76291
19 0.831768
20 0.411189
21 0.89241
22 0.915102
23 2.80438
24 2.35055
25 2.69718
26 2.61424
27 2.61541
28 2.5716
29 2.75626
"[DEBUG]index 85 centroid... "
0 1.69587
1 1.72308
2 1.44458
3 1.46623
4 1.20342
5 1.7642
6 1.86154
7 1.37882
8 6.72149
9 16.1506
10 5.51708
11 3.51629
12 1.45153
13 0.700834
14 1.34029
15 0.540524
16 1.07211
17 3.5441
18 1.57668
19 1.32817
20 2.8824
21 8.51371
22 2.64243
23 1.48172
24 1.6625
25 1.6027
26 1.39015
27 1.42352
28 1.48331
29 1.46802
"[DEBUG]index 86 centroid... "
0 3.53439
1 3.38678
2 2.96084
3 2.82046
4 3.76766
5 3.52556
6 3.29206
7 1.948
8 34.4731
9 4.01203
10 2.03055
11 1.09361
12 0.896754
13 1.70022
14 0.678983
15 2.47982
16 0.670097
17 2.60177
18 0.702408
19 2.1267
20 1.80933
21 0.60353
22 2.00739
23 2.4085
24 2.37071
25 2.3854
26 2.48455
27 2.4464
28 2.48497
29 2.48826
"[DEBUG]index 87 centroid... "
0 2.76151
1 2.82489
2 2.56208
3 2.28596
4 2.56411
5 2.50217
6 1.89638
7 1.20347
8 21.0677
9 4.04776
10 1.74211
11 8.67323
12 8.89059
13 7.21679
14 1.54703
15 0.726194
16 2.04978
17 2.03329
18 2.10101
19 0.747612
20 2.0932
21 7.67873
22 8.07988
23 2.14472
24 2.62779
25 2.66281
26 2.49522
27 2.20405
28 2.31288
29 2.31201
"[DEBUG]index 88 centroid... "
0 3.03942
1 2.83721
2 2.74457
3 2.18509
4 2.45847
5 2.62924
6 2.62191
7 1.8981
8 22.1234
9 2.97389
10 24.8664
11 3.29262
12 1.99783
13 1.47331
14 2.60783
15 0.972838
16 2.33762
17 7.69524
18 1.92514
19 6.06811
20 2.38144
21 0.955532
22 2.34466
23 2.32201
24 2.05362
25 2.29825
26 2.45371
27 2.32735
28 2.3893
29 2.24915
"[DEBUG]index 89 centroid... "
0 2.24041
1 1.99396
2 1.83328
3 1.6797
4 1.7315
5 2.30368
6 2.30353
7 1.68001
8 12.6972
9 15.1175
10 3.03337
11 1.60012
12 0.842646
13 1.34778
14 4.79342
15 0.981275
16 5.03368
17 1.45877
18 0.609182
19 1.48596
20 1.47554
21 0.421021
22 1.20764
23 1.6643
24 1.55089
25 1.52688
26 1.67336
27 1.50831
28 1.54636
29 1.41483
"[DEBUG]index 90 centroid... "
0 2.90703
1 2.68969
2 2.57893
3 2.04725
4 2.61687
5 2.7343
6 2.50125
7 1.50959
8 27.2173
9 3.06087
10 10.4161
11 1.66315
12 10.766
13 1.7386
14 8.7739
15 1.46373
16 6.9062
17 8.14341
18 1.88688
19 0.889522
20 2.14633
21 7.82643
22 1.61103
23 2.58699
24 2.91745
25 2.98485
26 2.47888
27 2.45998
28 2.48263
29 2.49222
"[DEBUG]index 91 centroid... "
0 2.49464
1 2.49185
2 2.02747
3 2.0985
4 2.75343
5 2.84464
6 2.59528
7 1.61373
8 23.3077
9 3.62682
10 2.07382
11 1.01588
12 2.20172
13 8.07704
14 1.55665
15 9.30601
16 1.58927
17 10.9114
18 1.64356
19 9.59871
20 1.41867
21 7.66931
22 7.29614
23 2.45043
24 2.6176
25 2.91395
26 2.44378
27 2.41545
28 2.49249
29 2.46953
"[DEBUG]index 92 centroid... "
0 2.29955
1 2.368
2 2.02632
3 1.97093
4 2.26026
5 2.57857
6 2.53133
7 1.86849
8 16.0711
9 2.96268
10 1.91465
11 4.69387
12 1.90169
13 3.15184
14 19.9455
15 2.63337
16 18.494
17 3.35406
18 5.29778
19 2.11275
20 1.95138
21 1.50668
22 4.41799
23 1.88401
24 2.25162
25 2.18238
26 2.19947
27 2.01846
28 1.99961
29 1.9945
"[DEBUG]index 93 centroid... "
0 2.42733
1 2.42046
2 2.31884
3 2.08663
4 2.27192
5 2.52689
6 2.21389
7 1.90948
8 16.3606
9 3.26528
10 3.22808
11 19.3104
12 5.08835
13 1.70771
14 3.82479
15 19.2057
16 2.69249
17 1.75097
18 5.23289
19 1.91039
20 5.22648
21 1.67647
22 5.66617
23 2.23106
24 2.35134
25 2.1751
26 2.1973
27 2.16091
28 2.05917
29 1.95491
"[DEBUG]index 94 centroid... "
0 2.99106
1 2.78408
2 2.8594
3 2.36834
4 2.68482
5 2.88494
6 2.26222
7 1.65908
8 25.4096
9 3.17975
10 9.33635
11 8.25745
12 1.82949
13 7.14994
14 9.07582
15 1.33774
16 0.820747
17 2.18959
18 1.78955
19 0.698828
20 1.66176
21 1.75556
22 1.6099
23 2.15133
24 1.99543
25 2.03359
26 1.92001
27 1.8594
28 1.84708
29 1.78478
"[DEBUG]index 95 centroid... "
0 3.15157
1 3.00103
2 2.67106
3 2.3455
4 2.79507
5 2.91176
6 2.5944
7 1.78452
8 25.2617
9 3.42553
10 11.4733
11 1.83187
12 1.11624
13 2.34697
14 0.862797
15 1.93609
16 10.6695
17 1.73131
18 9.16696
19 8.20668
20 2.08692
21 1.02976
22 2.6117
23 2.71006
24 2.67312
25 2.77558
26 2.91058
27 2.81999
28 2.79288
29 2.61243
"[DEBUG]index 96 centroid... "
0 2.96201
1 2.83322
2 2.58904
3 2.42071
4 2.9329
5 3.0304
6 2.4761
7 1.55559
8 31.1515
9 3.84541
10 2.56568
11 2.60949
12 11.2206
13 5.54381
14 1.48856
15 9.73395
16 2.29354
17 0.928088
18 2.17707
19 10.3471
20 1.85645
21 1.89085
22 10.073
23 2.90669
24 2.79185
25 2.77844
26 2.84433
27 2.65784
28 2.60787
29 2.61979
"[DEBUG]index 97 centroid... "
0 2.61697
1 2.67261
2 2.55483
3 2.15337
4 2.50807
5 2.77059
6 2.2091
7 1.58769
8 25.6782
9 4.12059
10 2.16916
11 10.7643
12 2.0006
13 7.73099
14 1.86063
15 1.97644
16 0.949731
17 2.27097
18 1.90219
19 10.4744
20 1.62192
21 7.46565
22 8.56243
23 2.61372
24 2.70334
25 2.72493
26 2.5486
27 2.38722
28 2.51242
29 2.49176
"[DEBUG]index 98 centroid... "
0 2.36327
1 2.42231
2 2.01376
3 2.18073
4 2.14777
5 2.63274
6 2.2557
7 1.83919
8 14.6686
9 3.57878
10 1.42412
11 5.2854
12 5.18327
13 1.24919
14 3.54183
15 18.3665
16 2.85331
17 13.4998
18 13.0775
19 3.48859
20 4.69214
21 2.12858
22 0.994567
23 2.26585
24 2.22492
25 2.02898
26 2.42593
27 2.32488
28 2.2126
29 2.01847
"[DEBUG]index 99 centroid... "
0 2.65478
1 2.55653
2 2.30132
3 2.1463
4 2.33309
5 2.44377
6 2.2123
7 1.50015
8 20.8379
9 4.17267
10 2.51513
11 2.2521
12 7.17824
13 1.67097
14 0.977984
15 2.5861
16 2.3422
17 3.82499
18 23.8375
19 3.91172
20 2.14431
21 6.74004
22 2.26916
23 2.12394
24 2.30576
25 2.34807
26 2.38998
27 2.48431
28 2.43928
29 2.42828
