"[DEBUG]index 0 centroid... "
0 0.266848
1 0.470196
2 0.245696
3 0.19325
4 0.322881
5 -0.0310761
6 0.205989
7 0.0190109
8 -0.0514565
9 0.0899782
10 0.0621957
11 0.114304
12 -0.0807065
13 -0.087337
14 -0.383054
15 -0.149837
16 -0.0730217
17 -0.0154783
18 -0.101772
19 -0.139696
20 0.0519565
21 0.0943043
22 0.0309674
23 0.0833478
24 0.109261
25 0.154674
26 0.231663
27 0.115989
28 0.288141
29 0.113489
"[DEBUG]index 1 centroid... "
0 0.154496
1 0.0539026
2 0.360646
3 0.235664
4 0.214142
5 0.289097
6 0.173487
7 0.198283
8 -0.0169026
9 0.13169
10 0.208071
11 0.248062
12 0.134699
13 0.0914159
14 0.154549
15 0.331106
16 0.263708
17 0.236575
18 0.364876
19 0.345619
20 0.337434
21 0.309274
22 0.245611
23 0.208301
24 0.318496
25 0.135381
26 0.0463363
27 0.306
28 0.28277
29 0.110089
"[DEBUG]index 2 centroid... "
0 0.173886
1 0.233898
2 0.156873
3 0.180466
4 0.166658
5 0.155521
6 0.120104
7 0.179157
8 0.119918
9 0.192147
10 0.157247
11 0.191748
12 0.156084
13 0.18007
14 0.136452
15 0.163671
16 0.11655
17 0.164497
18 0.0216008
19 0.156734
20 0.171521
21 0.113041
22 0.187229
23 0.0840411
24 0.0424736
25 0.168612
26 0.0677397
27 0.111793
28 0.103658
29 0.0956164
"[DEBUG]index 3 centroid... "
0 -0.079875
1 0.293625
2 0.031875
3 0.060575
4 0.149925
5 -0.162075
6 0.130725
7 0.00447501
8 0.04145
9 0.349475
10 0.2881
11 0.17875
12 0.27375
13 0.17615
14 0.2824
15 -0.015375
16 0.012025
17 0.13785
18 0.195175
19 -0.068125
20 0.160125
21 0.076475
22 -0.00215001
23 -0.012725
24 -0.175975
25 0.10895
26 0.29825
27 -0.13205
28 0.2093
29 0.09695
"[DEBUG]index 4 centroid... "
0 0.127518
1 0.111621
2 0.132895
3 0.139889
4 0.135449
5 0.10512
6 0.168047
7 0.163573
8 0.0195106
9 0.126245
10 0.17182
11 0.124385
12 0.160036
13 0.170027
14 0.113678
15 0.123143
16 0.148282
17 0.137271
18 0.130884
19 0.203526
20 0.139808
21 0.0318162
22 0.139077
23 0.147328
24 0.137355
25 0.165539
26 0.128587
27 0.16041
28 0.102722
29 0.131287
"[DEBUG]index 5 centroid... "
0 0.10701
1 0.101777
2 0.0794007
3 0.113721
4 0.134122
5 0.113236
6 0.137638
7 0.167718
8 0.051359
9 0.0713872
10 0.147146
11 0.064618
12 0.0355691
13 0.137036
14 0.128655
15 0.108677
16 0.0888392
17 0.150369
18 0.0883142
19 0.0302673
20 0.125569
21 0.148711
22 0.111317
23 0.102863
24 0.119237
25 0.10147
26 0.0859315
27 0.104014
28 0.125652
29 0.111114
"[DEBUG]index 6 centroid... "
0 0.125058
1 0.115749
2 0.0908252
3 0.119019
4 0.141436
5 0.10083
6 0.1501
7 0.128658
8 0.0146051
9 0.16197
10 0.0677358
11 0.00607883
12 0.109465
13 0.126151
14 0.0946899
15 0.102639
16 0.0823645
17 0.112711
18 0.115285
19 0.169945
20 0.134753
21 0.0670231
22 0.127077
23 0.169033
24 0.139132
25 0.174982
26 0.172551
27 0.154641
28 0.156654
29 0.136839
"[DEBUG]index 7 centroid... "
0 0.321665
1 0.237043
2 0.338296
3 0.0583522
4 0.0336696
5 0.256996
6 0.312422
7 0.224504
8 0.235974
9 0.146661
10 0.329065
11 0.179478
12 0.0731391
13 0.191135
14 0.288213
15 0.232326
16 0.231622
17 0.0235217
18 0.10833
19 0.24637
20 0.392613
21 0.264161
22 0.261274
23 0.265557
24 0.283939
25 0.363926
26 0.1952
27 0.308304
28 0.358644
29 0.332813
"[DEBUG]index 8 centroid... "
0 0.138178
1 0.138154
2 0.134309
3 0.147519
4 0.15267
5 0.14186
6 0.175746
7 0.129214
8 0.0373059
9 0.130799
10 0.155151
11 0.160823
12 0.140768
13 0.123031
14 0.103314
15 0.0858358
16 0.106467
17 0.114212
18 0.159787
19 0.180829
20 0.110223
21 0.149037
22 0.171872
23 0.138206
24 0.150595
25 0.146152
26 0.152682
27 0.145207
28 0.144022
29 0.172564
"[DEBUG]index 9 centroid... "
0 0.1613
1 0.136668
2 0.160228
3 0.165607
4 0.168417
5 0.149148
6 0.186339
7 0.158599
8 0.0364549
9 0.149328
10 0.174747
11 0.132995
12 0.180799
13 0.234497
14 0.158942
15 0.107385
16 0.163428
17 0.227498
18 0.142971
19 0.0951751
20 0.193163
21 0.206127
22 0.137139
23 0.172344
24 0.216036
25 0.195736
26 0.175016
27 0.176114
28 0.181892
29 0.198232
"[DEBUG]index 10 centroid... "
0 0.167277
1 0.14479
2 0.138112
3 0.128498
4 0.110388
5 0.107658
6 0.162701
7 0.145523
8 0.0345986
9 0.116013
10 0.155991
11 0.168584
12 0.148156
13 0.0897909
14 0.136119
15 0.200886
16 0.165486
17 0.116987
18 0.113922
19 0.14908
20 0.166749
21 0.135544
22 0.0776406
23 0.149769
24 0.141357
25 0.115418
26 0.128238
27 0.146921
28 0.149504
29 0.143029
"[DEBUG]index 11 centroid... "
0 0.104742
1 0.113468
2 0.0746759
3 0.0982794
4 0.105521
5 0.139864
6 0.144532
7 0.136715
8 0.0769382
9 0.0529861
10 0.0417406
11 0.122047
12 0.10993
13 0.0616135
14 0.134351
15 0.144159
16 0.0845482
17 0.08631
18 0.0972995
19 0.0715738
20 0.0955981
21 0.1373
22 0.133992
23 0.0958031
24 0.105875
25 0.11093
26 0.122095
27 0.103734
28 0.168254
29 0.15087
"[DEBUG]index 12 centroid... "
0 0.147127
1 0.131686
2 0.130504
3 0.151398
4 0.146709
5 0.10754
6 0.158794
7 0.158134
8 0.0339556
9 0.0971638
10 0.180719
11 0.148337
12 0.11944
13 0.150102
14 0.168082
15 0.101653
16 0.0350102
17 0.16342
18 0.170193
19 0.116141
20 0.162021
21 0.148898
22 0.0937893
23 0.130252
24 0.142691
25 0.141227
26 0.147575
27 0.138168
28 0.166694
29 0.136634
"[DEBUG]index 13 centroid... "
0 0.114177
1 0.0655362
2 0.0923996
3 0.142962
4 0.0888495
5 0.120146
6 0.196934
7 0.136994
8 0.100668
9 0.0744516
10 0.00476952
11 0.0409024
12 0.0954758
13 0.0367751
14 0.129201
15 0.0886672
16 0.159735
17 0.129838
18 0.12319
19 0.163401
20 0.174517
21 0.159611
22 0.174538
23 0.197801
24 0.189311
25 0.225673
26 0.214947
27 0.224214
28 0.20841
29 0.214464
"[DEBUG]index 14 centroid... "
0 0.0856217
1 0.101096
2 0.0715163
3 0.0856465
4 0.0887395
5 0.130617
6 0.192056
7 0.100736
8 -0.0207256
9 0.086755
10 0.161201
11 0.0867704
12 0.0884589
13 0.100978
14 0.105022
15 0.128547
16 0.011031
17 0.0712279
18 0.0931922
19 0.0504077
20 0.183919
21 0.18
22 0.020417
23 0.0397628
24 0.0916869
25 0.0694109
26 0.0948434
27 0.168426
28 0.112536
29 0.0564015
"[DEBUG]index 15 centroid... "
0 0.154132
1 0.143096
2 0.139087
3 0.0849763
4 0.188147
5 0.132374
6 0.150909
7 0.188669
8 0.0752153
9 0.0397371
10 0.131871
11 0.121914
12 0.135988
13 0.0919134
14 0.0495905
15 0.145335
16 0.149164
17 0.0955065
18 0.106566
19 0.119323
20 0.17318
21 0.143538
22 0.192415
23 0.175282
24 0.158163
25 0.191969
26 0.189346
27 0.164104
28 0.209531
29 0.200218
"[DEBUG]index 16 centroid... "
0 0.115995
1 0.121647
2 0.136907
3 0.145575
4 0.136685
5 0.0982096
6 0.129405
7 0.100965
8 0.0126651
9 0.0753028
10 0.149447
11 0.11735
12 0.113339
13 0.0944333
14 0.138616
15 0.152209
16 0.140518
17 0.165011
18 0.126377
19 0.0587728
20 0.140385
21 0.147623
22 0.136819
23 0.163765
24 0.150202
25 0.125882
26 0.112622
27 0.117898
28 0.113276
29 0.114593
"[DEBUG]index 17 centroid... "
0 0.188921
1 0.143686
2 0.165143
3 0.170951
4 0.14077
5 0.138706
6 0.19949
7 0.166205
8 0.0863637
9 0.211854
10 0.245079
11 0.128841
12 0.199673
13 0.198872
14 0.150599
15 0.155158
16 0.21221
17 0.194539
18 0.110714
19 0.187348
20 0.236174
21 0.0507259
22 0.120664
23 0.210856
24 0.150799
25 0.153319
26 0.182462
27 0.146011
28 0.160268
29 0.17897
"[DEBUG]index 18 centroid... "
0 0.167875
1 0.142431
2 0.158846
3 0.167965
4 0.152157
5 0.146484
6 0.205399
7 0.176474
8 0.0601532
9 0.201896
10 0.171644
11 0.129317
12 0.171663
13 0.148671
14 0.115849
15 0.221513
16 0.180306
17 0.0660293
18 0.146543
19 0.22209
20 0.126631
21 0.0750825
22 0.189649
23 0.191861
24 0.136964
25 0.169174
26 0.13158
27 0.133112
28 0.141698
29 0.167809
"[DEBUG]index 19 centroid... "
0 0.16397
1 0.140135
2 0.110363
3 0.0666052
4 0.103924
5 0.0830885
6 0.13961
7 0.148919
8 0.0329213
9 0.112171
10 0.152772
11 0.118573
12 0.202161
13 0.131877
14 0.079764
15 0.138937
16 0.138422
17 0.155817
18 0.0608525
19 0.028177
20 0.136449
21 0.0876952
22 0.118997
23 0.111295
24 0.0830356
25 0.104576
26 0.15983
27 0.0940257
28 0.100816
29 0.142128
"[DEBUG]index 20 centroid... "
0 0.104579
1 0.0991104
2 0.138335
3 0.15402
4 0.113969
5 0.0937365
6 0.166349
7 0.128876
8 -0.0206171
9 0.121299
10 0.153601
11 0.104619
12 0.063678
13 0.155709
14 0.196709
15 0.22448
16 0.132728
17 0.0788424
18 0.236266
19 0.217727
20 0.191477
21 0.167259
22 0.215511
23 0.0930518
24 0.149529
25 0.183912
26 0.13536
27 0.071313
28 0.110252
29 0.10093
"[DEBUG]index 21 centroid... "
0 0.157042
1 0.170478
2 0.175601
3 0.166704
4 0.171322
5 0.145304
6 0.169125
7 0.160189
8 0.060189
9 0.15654
10 0.211017
11 0.122146
12 0.169699
13 0.18479
14 0.159484
15 0.182077
16 0.160517
17 0.159506
18 0.216301
19 0.179403
20 0.162133
21 0.208307
22 0.203211
23 0.186961
24 0.182492
25 0.172746
26 0.181658
27 0.164695
28 0.178197
29 0.182449
"[DEBUG]index 22 centroid... "
0 0.162223
1 0.176523
2 0.158038
3 0.159468
4 0.150171
5 0.139053
6 0.208169
7 0.162061
8 0.0848187
9 0.158316
10 0.223608
11 0.138253
12 0.117176
13 0.198016
14 0.146369
15 0.0644364
16 0.168632
17 0.163581
18 0.141764
19 0.183797
20 0.153419
21 0.140267
22 0.203911
23 0.184071
24 0.173446
25 0.165107
26 0.154419
27 0.187152
28 0.152504
29 0.157384
"[DEBUG]index 23 centroid... "
0 0.124702
1 0.14417
2 0.114005
3 0.143312
4 0.136329
5 0.130958
6 0.151447
7 0.143817
8 0.0566458
9 0.114738
10 0.152539
11 0.113356
12 0.109129
13 0.0967437
14 0.0281251
15 0.11475
16 0.126814
17 0.11376
18 0.117812
19 0.106224
20 0.131409
21 0.150716
22 0.13104
23 0.156459
24 0.13746
25 0.17639
26 0.176234
27 0.164567
28 0.179098
29 0.188978
"[DEBUG]index 24 centroid... "
0 0.144694
1 0.126119
2 0.139966
3 0.146635
4 0.15358
5 0.129998
6 0.183701
7 0.162327
8 0.0404638
9 0.165207
10 0.193505
11 0.124023
12 0.133921
13 0.128179
14 0.134223
15 0.104779
16 0.175816
17 0.174541
18 0.0893553
19 0.15133
20 0.185705
21 0.140198
22 0.145031
23 0.155219
24 0.168163
25 0.160024
26 0.166457
27 0.163025
28 0.167565
29 0.169175
"[DEBUG]index 25 centroid... "
0 0.10874
1 0.117761
2 0.130391
3 0.138276
4 0.129797
5 0.126997
6 0.154596
7 0.125382
8 0.0255634
9 0.0431973
10 0.0766315
11 0.121517
12 0.161599
13 0.1374
14 0.139079
15 0.153137
16 0.203509
17 0.173991
18 0.181788
19 0.217325
20 0.183959
21 0.186473
22 0.22498
23 0.215141
24 0.201218
25 0.219292
26 0.202592
27 0.170258
28 0.179863
29 0.173273
"[DEBUG]index 26 centroid... "
0 0.148993
1 0.0929532
2 0.115029
3 0.146587
4 0.166314
5 0.122337
6 0.0984667
7 0.158265
8 0.0986703
9 0.0572523
10 0.150861
11 0.187245
12 0.154887
13 0.110694
14 0.0936162
15 0.143769
16 0.102438
17 0.080445
18 0.12678
19 0.126883
20 0.0568054
21 0.0854973
22 0.065373
23 0.0544252
24 0.178856
25 0.181279
26 0.20696
27 0.12036
28 0.170168
29 0.186189
"[DEBUG]index 27 centroid... "
0 0.155947
1 0.15715
2 0.12868
3 0.120745
4 0.13114
5 0.14102
6 0.149258
7 0.118294
8 0.0767535
9 0.122998
10 0.0333231
11 0.12431
12 0.127901
13 0.0832869
14 0.10356
15 0.100719
16 0.103059
17 0.0828045
18 0.0316744
19 0.0684286
20 0.125104
21 0.0964724
22 0.0942429
23 0.142974
24 0.146468
25 0.137993
26 0.14901
27 0.129975
28 0.130249
29 0.0876492
"[DEBUG]index 28 centroid... "
0 0.170064
1 0.142974
2 0.142087
3 0.148922
4 0.139533
5 0.144229
6 0.166181
7 0.162725
8 0.056659
9 0.12545
10 0.104508
11 0.145616
12 0.104251
13 0.00739234
14 0.15125
15 0.155236
16 0.110386
17 0.143025
18 0.135151
19 0.116409
20 0.110163
21 0.136653
22 0.136327
23 0.154146
24 0.139103
25 0.164442
26 0.160669
27 0.153916
28 0.153484
29 0.16577
"[DEBUG]index 29 centroid... "
0 0.172423
1 0.14876
2 0.126942
3 0.162356
4 0.168288
5 0.15503
6 0.195189
7 0.132898
8 0.0700689
9 0.0912679
10 0.0808292
11 0.11493
12 0.151509
13 0.112448
14 0.140751
15 0.117157
16 0.0511707
17 0.127954
18 0.181639
19 0.105724
20 0.11093
21 0.149412
22 0.178027
23 0.14262
24 0.15338
25 0.186005
26 0.153309
27 0.140748
28 0.173624
29 0.15137
"[DEBUG]index 30 centroid... "
0 0.0982986
1 0.126386
2 0.122198
3 0.119901
4 0.129719
5 0.108823
6 0.175414
7 0.168013
8 0.0204555
9 0.0789725
10 0.146264
11 0.137343
12 0.101416
13 0.0940851
14 0.116475
15 0.148596
16 0.117036
17 0.0797613
18 0.178737
19 0.0903844
20 0.128642
21 0.126261
22 0.0677373
23 0.142207
24 0.124619
25 0.156099
26 0.114591
27 0.144022
28 0.126583
29 0.125413
"[DEBUG]index 31 centroid... "
0 0.141164
1 0.128295
2 0.128465
3 0.144264
4 0.151465
5 0.125804
6 0.169676
7 0.163135
8 0.0563173
9 0.100066
10 0.171208
11 0.12911
12 0.103725
13 0.176326
14 0.191618
15 0.12647
16 0.135245
17 0.165603
18 0.156684
19 0.164451
20 0.176416
21 0.185163
22 0.206355
23 0.187168
24 0.193731
25 0.196091
26 0.190101
27 0.174329
28 0.178167
29 0.182728
"[DEBUG]index 32 centroid... "
0 0.164618
1 0.149189
2 0.110855
3 0.102734
4 0.0978745
5 0.0294079
6 0.0663023
7 0.0721146
8 0.0275442
9 0.0865171
10 0.0849441
11 0.0712445
12 0.0822636
13 0.133375
14 0.108128
15 0.0253646
16 0.0910161
17 0.14512
18 0.132915
19 0.122717
20 0.118711
21 0.1291
22 0.148766
23 0.106946
24 0.0887617
25 0.0715452
26 0.0763737
27 0.151673
28 0.104166
29 0.125359
"[DEBUG]index 33 centroid... "
0 0.132355
1 0.137975
2 0.12569
3 0.131464
4 0.138874
5 0.124283
6 0.156072
7 0.114799
8 0.0180174
9 0.0431251
10 0.0342154
11 0.104412
12 0.14624
13 0.120521
14 0.125145
15 0.132596
16 0.161087
17 0.180903
18 0.150613
19 0.144988
20 0.1713
21 0.138109
22 0.16639
23 0.197025
24 0.169981
25 0.179893
26 0.16926
27 0.147785
28 0.168463
29 0.138156
"[DEBUG]index 34 centroid... "
0 0.137451
1 0.10121
2 0.135873
3 0.17137
4 0.138461
5 0.103695
6 0.125658
7 0.126008
8 0.0539645
9 0.10269
10 0.158352
11 0.138666
12 0.173691
13 0.109018
14 0.0608398
15 0.155054
16 0.178606
17 0.121007
18 0.147919
19 0.162183
20 0.144116
21 0.138251
22 0.125435
23 0.117281
24 0.143723
25 0.12608
26 0.140304
27 0.140121
28 0.160798
29 0.167805
"[DEBUG]index 35 centroid... "
0 0.14511
1 0.150116
2 0.136484
3 0.148063
4 0.131563
5 0.10538
6 0.164982
7 0.13421
8 0.0484586
9 0.117768
10 0.140355
11 0.107267
12 0.0659099
13 0.169983
14 0.176872
15 0.104983
16 0.119347
17 0.136567
18 0.114153
19 0.129179
20 0.088245
21 0.0371573
22 0.133646
23 0.177112
24 0.129662
25 0.149996
26 0.126777
27 0.123369
28 0.1452
29 0.164374
"[DEBUG]index 36 centroid... "
0 0.127007
1 0.125511
2 0.140196
3 0.164382
4 0.111051
5 0.0921991
6 0.129098
7 0.1728
8 0.02892
9 0.0231248
10 0.173813
11 0.159537
12 0.100972
13 0.152623
14 0.169093
15 0.163883
16 0.13555
17 0.170652
18 0.183752
19 0.189156
20 0.253285
21 0.217628
22 0.179366
23 0.250068
24 0.243498
25 0.197485
26 0.223218
27 0.194293
28 0.16643
29 0.171307
"[DEBUG]index 37 centroid... "
0 0.123751
1 0.118779
2 0.13022
3 0.140961
4 0.135318
5 0.114567
6 0.149614
7 0.117116
8 0.0231031
9 0.10237
10 0.128375
11 0.113901
12 0.143369
13 0.111103
14 0.111576
15 0.152605
16 0.109854
17 0.0461207
18 0.125825
19 0.159604
20 0.115722
21 0.129034
22 0.136459
23 0.132977
24 0.122717
25 0.14089
26 0.163855
27 0.154626
28 0.152783
29 0.155012
"[DEBUG]index 38 centroid... "
0 0.150942
1 0.121052
2 0.11306
3 0.155116
4 0.140785
5 0.105232
6 0.152242
7 0.129481
8 0.0142725
9 0.0855723
10 0.160264
11 0.114599
12 0.129584
13 0.165781
14 0.141873
15 0.0728414
16 0.167502
17 0.186159
18 0.082936
19 0.127699
20 0.178055
21 0.114435
22 0.0627555
23 0.153555
24 0.151737
25 0.102217
26 0.104394
27 0.1365
28 0.111847
29 0.119314
"[DEBUG]index 39 centroid... "
0 0.153829
1 0.120742
2 0.111195
3 0.160153
4 0.133577
5 0.124311
6 0.179228
7 0.139705
8 0.0455641
9 0.139095
10 0.151245
11 0.110267
12 0.121228
13 0.0986607
14 0.165166
15 0.0940507
16 0.102195
17 0.173817
18 0.0970384
19 0.0184386
20 0.131471
21 0.162805
22 0.13115
23 0.140344
24 0.130873
25 0.130292
26 0.113845
27 0.135495
28 0.159275
29 0.147242
"[DEBUG]index 40 centroid... "
0 0.156003
1 0.188258
2 0.156182
3 0.159985
4 0.145863
5 0.142473
6 0.185449
7 0.222883
8 0.0376103
9 0.135666
10 0.21421
11 0.0960236
12 0.202759
13 0.241744
14 0.117759
15 0.228721
16 0.23878
17 0.247575
18 0.178661
19 0.202917
20 0.277975
21 0.246927
22 0.219208
23 0.20866
24 0.172681
25 0.219537
26 0.262788
27 0.198505
28 0.254911
29 0.174162
"[DEBUG]index 41 centroid... "
0 0.181038
1 0.174286
2 0.144476
3 0.123993
4 0.0960408
5 0.124065
6 0.143553
7 0.187114
8 0.0928394
9 0.0810656
10 0.165051
11 0.0639687
12 0.106095
13 0.144903
14 0.112538
15 0.105454
16 0.16027
17 0.188129
18 0.222488
19 0.238411
20 0.234121
21 0.256516
22 0.252076
23 0.24188
24 0.27962
25 0.25924
26 0.256625
27 0.290047
28 0.261024
29 0.272973
"[DEBUG]index 42 centroid... "
0 0.145473
1 0.146384
2 0.143137
3 0.165192
4 0.18924
5 0.141341
6 0.140409
7 0.165154
8 0.0623233
9 0.0218884
10 0.178246
11 0.15471
12 0.0834307
13 0.0835527
14 0.109677
15 0.144877
16 0.183191
17 0.0961677
18 0.170009
19 0.202047
20 0.12562
21 0.150713
22 0.180094
23 0.165196
24 0.196182
25 0.203233
26 0.159758
27 0.185184
28 0.178229
29 0.19147
"[DEBUG]index 43 centroid... "
0 0.107163
1 0.109096
2 0.137562
3 0.125793
4 0.125464
5 0.0994261
6 0.14191
7 0.111625
8 0.0105888
9 0.122872
10 0.167282
11 0.124325
12 0.180117
13 0.104332
14 0.0520008
15 0.110391
16 0.16473
17 0.157365
18 0.12613
19 0.100883
20 0.168441
21 0.113123
22 0.0527485
23 0.0969247
24 0.117309
25 0.0883641
26 0.107909
27 0.115713
28 0.121637
29 0.135843
"[DEBUG]index 44 centroid... "
0 0.107957
1 0.12217
2 0.123455
3 0.126956
4 0.127801
5 0.110608
6 0.133743
7 0.107364
8 0.0253025
9 0.0668405
10 0.0724439
11 0.149777
12 0.12972
13 0.114889
14 0.138376
15 0.134915
16 0.109779
17 0.106189
18 0.0693923
19 0.07715
20 0.0951348
21 0.0809887
22 0.145626
23 0.118863
24 0.112993
25 0.125637
26 0.0964357
27 0.0749397
28 0.118998
29 0.103249
"[DEBUG]index 45 centroid... "
0 0.131353
1 0.117919
2 0.110943
3 0.136924
4 0.128097
5 0.0963618
6 0.136934
7 0.115969
8 -0.000295051
9 0.0374796
10 0.0882344
11 0.150052
12 0.128914
13 0.103253
14 0.114437
15 0.0960459
16 0.108853
17 0.124658
18 0.169668
19 0.132269
20 0.105307
21 0.140966
22 0.11166
23 0.149153
24 0.140277
25 0.14239
26 0.132141
27 0.124453
28 0.154432
29 0.142753
"[DEBUG]index 46 centroid... "
0 0.152186
1 0.153117
2 0.159241
3 0.162747
4 0.163952
5 0.148676
6 0.201471
7 0.18007
8 0.0724224
9 0.118479
10 0.189188
11 0.132308
12 0.145169
13 0.186155
14 0.125806
15 0.148122
16 0.20742
17 0.159294
18 0.11732
19 0.199796
20 0.184578
21 0.126876
22 0.158838
23 0.176838
24 0.163478
25 0.161526
26 0.174761
27 0.165799
28 0.164585
29 0.174478
"[DEBUG]index 47 centroid... "
0 0.136211
1 0.122773
2 0.138499
3 0.152523
4 0.141072
5 0.132912
6 0.175761
7 0.132792
8 0.0520011
9 0.151389
10 0.185175
11 0.115518
12 0.152828
13 0.171608
14 0.15782
15 0.121979
16 0.10107
17 0.0941602
18 0.0596563
19 0.0955238
20 0.107125
21 0.135495
22 0.142971
23 0.133891
24 0.127123
25 0.130875
26 0.127097
27 0.135891
28 0.137453
29 0.155325
"[DEBUG]index 48 centroid... "
0 0.134452
1 0.134091
2 0.132958
3 0.133663
4 0.126854
5 0.0932226
6 0.124478
7 0.0922669
8 -0.00659414
9 0.0773853
10 0.116324
11 0.11069
12 0.122577
13 0.0942885
14 0.147908
15 0.146896
16 0.105271
17 0.140976
18 0.142215
19 0.144779
20 0.150869
21 0.115322
22 0.146429
23 0.158588
24 0.149887
25 0.147969
26 0.14325
27 0.134252
28 0.138144
29 0.137848
"[DEBUG]index 49 centroid... "
0 0.127439
1 0.103886
2 0.131089
3 0.197472
4 0.160833
5 0.124743
6 0.162601
7 0.138429
8 0.066322
9 0.115322
10 0.177482
11 0.136749
12 0.114093
13 0.0598297
14 0.112814
15 0.147399
16 0.158178
17 0.167638
18 0.21855
19 0.143963
20 0.175592
21 0.136499
22 0.227456
23 0.141417
24 0.175394
25 0.159345
26 0.138184
27 0.155546
28 0.0898816
29 0.182241
"[DEBUG]index 50 centroid... "
0 0.164039
1 0.158028
2 0.161301
3 0.154242
4 0.154426
5 0.151038
6 0.195814
7 0.174088
8 0.0544737
9 0.133057
10 0.218122
11 0.102373
12 0.142423
13 0.203612
14 0.12328
15 0.15505
16 0.163753
17 0.0850975
18 0.1305
19 0.139967
20 0.17209
21 0.143746
22 0.10315
23 0.162237
24 0.181937
25 0.153969
26 0.170366
27 0.16522
28 0.16896
29 0.18114
"[DEBUG]index 51 centroid... "
0 0.129178
1 0.11968
2 0.137279
3 0.146766
4 0.142981
5 0.116964
6 0.158675
7 0.105302
8 0.0269345
9 0.0656174
10 0.107714
11 0.130511
12 0.164173
13 0.111143
14 0.117046
15 0.13737
16 0.137211
17 0.111385
18 0.101583
19 0.103033
20 0.109846
21 0.0970926
22 0.0964406
23 0.127843
24 0.136001
25 0.118343
26 0.138991
27 0.116721
28 0.121101
29 0.128315
"[DEBUG]index 52 centroid... "
0 0.115663
1 0.118017
2 0.13137
3 0.146777
4 0.152337
5 0.123774
6 0.151037
7 0.143881
8 0.0342129
9 0.144839
10 0.223082
11 0.111812
12 0.137826
13 0.174716
14 0.14345
15 0.11635
16 0.0739355
17 0.15225
18 0.163678
19 0.128089
20 0.159337
21 0.143664
22 0.157179
23 0.140756
24 0.159483
25 0.175101
26 0.161553
27 0.15161
28 0.150409
29 0.15779
"[DEBUG]index 53 centroid... "
0 -0.0152446
1 0.209195
2 0.137455
3 0.0967895
4 0.063644
5 0.0967833
6 0.207167
7 0.133793
8 0.139545
9 0.108282
10 0.120192
11 0.110449
12 0.107427
13 0.0883034
14 0.205876
15 0.0868761
16 0.0821765
17 0.0869287
18 0.0742229
19 0.0868855
20 0.0479226
21 0.0443715
22 0.0835975
23 0.186526
24 0.18039
25 0.0720712
26 0.137622
27 0.163508
28 0.149387
29 0.0792446
"[DEBUG]index 54 centroid... "
0 0.208421
1 0.253787
2 0.307658
3 0.308827
4 0.233312
5 0.123995
6 0.0994406
7 0.380525
8 0.101842
9 0.176673
10 0.198698
11 -0.0550891
12 0.180812
13 0.227639
14 0.119851
15 0.11147
16 0.270762
17 0.172812
18 0.242233
19 0.253144
20 0.244985
21 0.278411
22 0.176267
23 0.214149
24 0.129104
25 0.213703
26 0.224233
27 0.306129
28 0.117297
29 0.183104
"[DEBUG]index 55 centroid... "
0 0.156975
1 0.0211436
2 0.15878
3 0.145206
4 0.189754
5 0.14275
6 0.199091
7 0.163643
8 0.0712554
9 0.226878
10 0.254631
11 0.182337
12 0.157729
13 0.153927
14 0.130885
15 0.080679
16 0.251684
17 0.239078
18 0.200073
19 0.194709
20 0.2365
21 0.0831667
22 0.111422
23 0.219544
24 0.0945745
25 0.199601
26 0.177202
27 0.150113
28 0.10475
29 0.21289
"[DEBUG]index 56 centroid... "
0 0.153442
1 0.161082
2 0.176309
3 0.172636
4 0.156733
5 0.115723
6 0.172156
7 0.161545
8 0.0805722
9 0.176685
10 0.172823
11 0.122511
12 0.142815
13 0.105716
14 0.17185
15 0.197705
16 0.084604
17 0.083988
18 0.19822
19 0.18179
20 0.160614
21 0.167557
22 0.157404
23 0.169558
24 0.18314
25 0.202327
26 0.187906
27 0.205199
28 0.192873
29 0.197
"[DEBUG]index 57 centroid... "
0 0.140444
1 0.161687
2 0.130969
3 0.13767
4 0.137223
5 0.107611
6 0.134675
7 0.157159
8 0.0389678
9 -0.0280282
10 0.11868
11 0.151104
12 0.143364
13 0.167982
14 0.146202
15 0.0611415
16 0.068633
17 0.0639884
18 0.0893732
19 0.0900869
20 0.155909
21 0.120946
22 0.0749879
23 0.143075
24 0.18492
25 0.144014
26 0.124892
27 0.115633
28 0.151767
29 0.148834
"[DEBUG]index 58 centroid... "
0 0.125804
1 0.123128
2 0.124275
3 0.164381
4 0.170143
5 0.0857718
6 0.139032
7 0.133545
8 0.0281794
9 0.0677598
10 0.130406
11 0.140139
12 0.112942
13 0.0927205
14 0.18815
15 0.100243
16 0.0896461
17 0.158469
18 0.0757592
19 0.0963134
20 0.121787
21 0.146272
22 0.123459
23 0.0936708
24 0.111647
25 0.130598
26 0.13911
27 0.143002
28 0.131264
29 0.145214
"[DEBUG]index 59 centroid... "
0 0.121316
1 0.126751
2 0.151595
3 0.136507
4 0.138628
5 0.121116
6 0.18024
7 0.165281
8 0.0755327
9 0.118924
10 0.172325
11 0.138872
12 0.119858
13 0.131522
14 0.119185
15 0.133528
16 0.120038
17 0.129898
18 0.157311
19 0.10074
20 0.0647373
21 0.169048
22 0.171041
23 0.139746
24 0.133516
25 0.138477
26 0.158277
27 0.134171
28 0.143674
29 0.171071
"[DEBUG]index 60 centroid... "
0 0.132017
1 0.135183
2 0.101355
3 0.132029
4 0.110914
5 0.121036
6 0.146796
7 0.0699467
8 0.00841879
9 0.0810729
10 0.0492248
11 0.129111
12 0.0991444
13 0.0959759
14 0.0659512
15 0.00774663
16 0.0315745
17 0.041655
18 0.0517113
19 0.0907563
20 0.102568
21 0.15002
22 0.137091
23 0.192258
24 0.152456
25 0.16583
26 0.198647
27 0.202639
28 0.181078
29 0.17773
"[DEBUG]index 61 centroid... "
0 0.155545
1 0.154183
2 0.136362
3 0.150209
4 0.148034
5 0.147598
6 0.182779
7 0.1737
8 0.0482318
9 0.112166
10 0.177519
11 0.203635
12 0.136782
13 0.109313
14 0.159826
15 0.13626
16 0.133282
17 0.163411
18 0.0747807
19 0.0550643
20 0.0248302
21 0.0433884
22 0.119895
23 0.15847
24 0.163305
25 0.137819
26 0.110718
27 0.102663
28 0.137643
29 0.0954449
"[DEBUG]index 62 centroid... "
0 0.110903
1 0.105478
2 0.12828
3 0.121579
4 0.130738
5 0.10873
6 0.150415
7 0.104993
8 0.0386257
9 0.0692027
10 0.143065
11 0.138234
12 0.110922
13 0.152052
14 0.117554
15 0.105422
16 0.0950763
17 0.0817211
18 0.0882305
19 0.0911397
20 0.106075
21 0.155915
22 0.146279
23 0.117724
24 0.113605
25 0.144905
26 0.124553
27 0.132114
28 0.129477
29 0.116014
"[DEBUG]index 63 centroid... "
0 0.261683
1 0.261578
2 0.237686
3 0.214769
4 0.220081
5 0.237572
6 0.211376
7 0.258947
8 0.151108
9 0.257701
10 0.167686
11 0.197479
12 0.10093
13 0.0725837
14 0.118453
15 0.11283
16 0.133724
17 0.103461
18 0.0997081
19 0.0658874
20 0.0658178
21 0.120871
22 0.158004
23 0.09076
24 0.103761
25 0.0373941
26 0.19653
27 0.218287
28 0.222338
29 0.125141
"[DEBUG]index 64 centroid... "
0 0.126265
1 0.135871
2 0.113311
3 0.145582
4 0.139833
5 0.117388
6 0.159352
7 0.126926
8 0.0374587
9 0.0617177
10 0.0866911
11 0.12033
12 0.107549
13 0.149251
14 0.141499
15 0.0936996
16 0.150959
17 0.0840744
18 0.125318
19 0.119884
20 0.0932961
21 0.106919
22 0.0842319
23 0.124887
24 0.139553
25 0.116647
26 0.121689
27 0.137897
28 0.136173
29 0.146857
"[DEBUG]index 65 centroid... "
0 0.129741
1 0.135495
2 0.103963
3 0.116045
4 0.103165
5 0.115019
6 0.169698
7 0.15554
8 0.0198573
9 0.0964923
10 0.0955032
11 0.144318
12 0.128387
13 0.132486
14 0.145839
15 0.114272
16 0.135885
17 0.176784
18 0.149271
19 0.203698
20 0.163182
21 0.112446
22 0.143661
23 0.167187
24 0.110689
25 0.139778
26 0.131909
27 0.134862
28 0.105659
29 0.121756
"[DEBUG]index 66 centroid... "
0 0.142875
1 0.120126
2 0.135878
3 0.131877
4 0.142872
5 0.0992369
6 0.173842
7 0.154346
8 0.0561949
9 0.0573912
10 0.0954814
11 0.0877255
12 0.0943464
13 0.0780206
14 0.110633
15 0.0973147
16 0.1018
17 0.160779
18 0.111999
19 0.14306
20 0.180447
21 0.0842167
22 0.0952902
23 0.143283
24 0.13238
25 0.111209
26 0.136859
27 0.131274
28 0.105234
29 0.146936
"[DEBUG]index 67 centroid... "
0 0.106254
1 0.105231
2 0.100831
3 0.113196
4 0.176346
5 0.0540425
6 0.0803983
7 0.205581
8 0.101366
9 0.156627
10 0.151601
11 0.0800677
12 0.0883904
13 0.0810344
14 0.0970182
15 0.100211
16 0.129347
17 0.200816
18 0.0889058
19 0.079426
20 0.150504
21 0.11721
22 0.125919
23 0.0891228
24 0.121959
25 0.125805
26 0.0745534
27 0.0848208
28 0.145131
29 0.0501458
"[DEBUG]index 68 centroid... "
0 0.132077
1 0.145633
2 0.127779
3 0.146944
4 0.137037
5 0.124747
6 0.181528
7 0.190526
8 0.0921335
9 0.114868
10 0.196889
11 0.132054
12 0.101761
13 0.17843
14 0.197721
15 0.129148
16 0.115196
17 0.139736
18 0.156865
19 0.134863
20 0.149238
21 0.160312
22 0.176079
23 0.169263
24 0.165791
25 0.191246
26 0.177104
27 0.195279
28 0.201939
29 0.182332
"[DEBUG]index 69 centroid... "
0 0.222483
1 0.119147
2 0.146103
3 0.19344
4 0.181194
5 0.184308
6 0.212768
7 0.114959
8 0.102355
9 0.119905
10 0.136812
11 0.169541
12 0.149804
13 0.192928
14 0.108231
15 0.0814103
16 0.184248
17 0.0816064
18 0.0574257
19 0.179601
20 0.0893622
21 0.0629903
22 0.0947622
23 0.194019
24 0.163665
25 0.146027
26 0.142776
27 0.169764
28 0.239105
29 0.130244
"[DEBUG]index 70 centroid... "
0 0.131765
1 0.106093
2 0.101104
3 0.102966
4 0.134423
5 0.10196
6 0.122674
7 0.163893
8 0.025102
9 0.00653742
10 0.15509
11 0.125464
12 0.113662
13 0.0828153
14 0.122872
15 0.136424
16 0.122574
17 0.128011
18 0.0721102
19 0.0768635
20 0.159155
21 0.140467
22 0.160942
23 0.16146
24 0.137358
25 0.155659
26 0.145531
27 0.161758
28 0.176388
29 0.169583
"[DEBUG]index 71 centroid... "
0 0.121619
1 0.116689
2 0.1209
3 0.124958
4 0.14047
5 0.106766
6 0.138145
7 0.128104
8 0.0280283
9 0.0949459
10 0.169137
11 0.115916
12 0.1389
13 0.142164
14 0.117368
15 0.109638
16 0.128273
17 0.141211
18 0.141332
19 0.118592
20 0.150143
21 0.121288
22 0.0729896
23 0.137216
24 0.135499
25 0.114553
26 0.136411
27 0.136373
28 0.119756
29 0.108504
"[DEBUG]index 72 centroid... "
0 0.148792
1 0.135636
2 0.120444
3 0.137292
4 0.130934
5 0.0993039
6 0.158656
7 0.144332
8 0.0437554
9 0.0280989
10 0.108398
11 0.0844547
12 0.121832
13 0.155582
14 0.123789
15 0.0870494
16 0.151725
17 0.137004
18 0.128917
19 0.13736
20 0.152329
21 0.159745
22 0.191058
23 0.197754
24 0.196981
25 0.183924
26 0.197358
27 0.169175
28 0.193657
29 0.187789
"[DEBUG]index 73 centroid... "
0 0.167851
1 0.152643
2 0.135407
3 0.159146
4 0.148715
5 0.116937
6 0.188537
7 0.111206
8 0.0878992
9 0.144365
10 0.0873266
11 0.128027
12 0.217204
13 0.123075
14 0.111655
15 0.210463
16 0.157814
17 0.108681
18 0.172112
19 0.0986241
20 0.0760504
21 0.175576
22 0.209206
23 0.173719
24 0.15318
25 0.205833
26 0.190463
27 0.1566
28 0.161187
29 0.180618
"[DEBUG]index 74 centroid... "
0 0.137129
1 0.113635
2 0.110309
3 0.117753
4 0.0998082
5 0.0985381
6 0.131238
7 0.101971
8 0.0409651
9 0.140088
10 0.101559
11 -0.017925
12 0.0650846
13 0.0790153
14 0.0724422
15 0.0840038
16 0.114399
17 0.146166
18 0.146244
19 0.215642
20 0.223125
21 0.198138
22 0.203864
23 0.248284
24 0.235016
25 0.215632
26 0.263541
27 0.237556
28 0.208029
29 0.199161
"[DEBUG]index 75 centroid... "
0 0.117707
1 0.156087
2 0.14017
3 0.194143
4 0.193807
5 0.130502
6 0.20898
7 0.197082
8 0.0773432
9 0.0769397
10 0.192887
11 0.131604
12 0.137074
13 0.091439
14 0.172261
15 0.137249
16 0.111253
17 0.11579
18 0.189904
19 0.224089
20 0.162069
21 0.125808
22 0.179225
23 0.163141
24 0.110779
25 0.150652
26 0.188121
27 0.162997
28 0.142121
29 0.207625
"[DEBUG]index 76 centroid... "
0 0.16667
1 0.18711
2 0.158637
3 0.178636
4 0.165158
5 0.133303
6 0.15713
7 0.176281
8 0.10768
9 0.171397
10 0.192553
11 0.179512
12 0.0732058
13 0.203806
14 0.156151
15 0.10831
16 0.11568
17 0.138859
18 0.194091
19 0.113496
20 0.124643
21 0.184768
22 0.204518
23 0.157649
24 0.227512
25 0.205964
26 0.254777
27 0.274827
28 0.25686
29 0.219575
"[DEBUG]index 77 centroid... "
0 0.160478
1 0.158462
2 0.171302
3 0.136993
4 0.177961
5 0.162804
6 0.213154
7 0.154987
8 0.0462416
9 0.175039
10 0.196385
11 0.13411
12 0.175371
13 0.208024
14 0.100065
15 0.144939
16 0.15966
17 0.136804
18 0.166771
19 0.0950766
20 0.16274
21 0.172385
22 0.100813
23 0.163948
24 0.166749
25 0.163649
26 0.148692
27 0.152773
28 0.177895
29 0.172005
"[DEBUG]index 78 centroid... "
0 0.129554
1 0.118417
2 0.0957294
3 0.113022
4 0.130662
5 0.101605
6 0.13214
7 0.118861
8 0.0610453
9 0.0975214
10 0.101886
11 0.0975872
12 0.0538853
13 -0.00137227
14 0.0650703
15 0.0975164
16 0.0769655
17 0.0731187
18 0.10942
19 0.149146
20 0.16628
21 0.164611
22 0.173684
23 0.185121
24 0.192445
25 0.219862
26 0.218823
27 0.185122
28 0.231795
29 0.236863
"[DEBUG]index 79 centroid... "
0 0.166655
1 0.129595
2 0.130396
3 0.178997
4 0.198383
5 0.116358
6 0.155797
7 0.148796
8 0.0367901
9 0.134974
10 0.17446
11 0.16204
12 0.153575
13 0.100483
14 0.155386
15 0.117088
16 0.198124
17 0.128902
18 0.128851
19 0.167191
20 0.231936
21 0.132026
22 0.157197
23 0.156095
24 0.144838
25 0.166957
26 0.180339
27 0.156746
28 0.175695
29 0.153694
"[DEBUG]index 80 centroid... "
0 0.118461
1 0.0939973
2 0.108917
3 0.131182
4 0.128336
5 0.0852594
6 0.132503
7 0.118001
8 0.0114272
9 0.0911522
10 0.125919
11 0.147445
12 0.122045
13 0.0773946
14 0.116114
15 0.125489
16 0.142911
17 0.107093
18 0.107613
19 0.140604
20 0.158245
21 0.147251
22 0.17099
23 0.143373
24 0.146072
25 0.154238
26 0.137211
27 0.145855
28 0.156709
29 0.158076
"[DEBUG]index 81 centroid... "
0 0.138438
1 0.139802
2 0.103364
3 0.133977
4 0.11375
5 0.128459
6 0.135816
7 0.109895
8 0.0381156
9 0.105836
10 0.148382
11 0.170107
12 0.101189
13 0.0580543
14 0.147486
15 0.118469
16 0.163805
17 0.0565802
18 0.0525419
19 0.128782
20 0.139324
21 0.120701
22 0.113357
23 0.114994
24 0.11766
25 0.139882
26 0.155927
27 0.104893
28 0.119357
29 0.0999622
"[DEBUG]index 82 centroid... "
0 0.0967485
1 0.101454
2 0.131071
3 0.155566
4 0.126192
5 0.114223
6 0.149851
7 0.12167
8 0.00902442
9 0.0839076
10 0.108093
11 0.130076
12 0.151725
13 0.141409
14 0.0671201
15 0.08295
16 0.170443
17 0.178445
18 0.0322435
19 0.0815032
20 0.0847341
21 0.139614
22 0.127602
23 0.109518
24 0.13575
25 0.17119
26 0.160171
27 0.150849
28 0.167226
29 0.161891
"[DEBUG]index 83 centroid... "
0 0.114675
1 0.157329
2 0.1499
3 0.138309
4 0.160048
5 0.116921
6 0.15929
7 0.17227
8 0.0369583
9 0.0962385
10 0.183825
11 0.142566
12 0.110289
13 0.134228
14 0.174294
15 0.104882
16 0.0856614
17 0.146377
18 0.220851
19 0.156104
20 0.101255
21 0.174742
22 0.188335
23 0.102934
24 0.134648
25 0.141845
26 0.15958
27 0.141882
28 0.155672
29 0.136017
"[DEBUG]index 84 centroid... "
0 0.102276
1 0.0795082
2 0.109
3 0.17489
4 0.130454
5 0.101924
6 0.12217
7 0.112793
8 0.0566501
9 0.0506564
10 0.0671852
11 0.173862
12 0.187068
13 0.0892214
14 0.14025
15 0.129297
16 0.131166
17 0.158274
18 0.0804196
19 0.137619
20 0.173303
21 0.187858
22 0.185691
23 0.188738
24 0.156671
25 0.169021
26 0.171768
27 0.147303
28 0.188046
29 0.178424
"[DEBUG]index 85 centroid... "
0 0.154396
1 0.127879
2 0.118008
3 0.16381
4 0.154436
5 0.154649
6 0.160728
7 0.172951
8 0.082172
9 0.0395234
10 0.0960446
11 0.141166
12 0.151635
13 0.118556
14 0.0934662
15 0.138038
16 0.163804
17 0.132158
18 0.171106
19 0.20842
20 0.20242
21 0.135667
22 0.15775
23 0.172745
24 0.182383
25 0.174649
26 0.157972
27 0.11673
28 0.160768
29 0.107026
"[DEBUG]index 86 centroid... "
0 0.117722
1 0.112498
2 0.129687
3 0.130772
4 0.121639
5 0.0958931
6 0.119867
7 0.094299
8 0.00154271
9 0.0782446
10 0.133601
11 0.123218
12 0.117708
13 0.129421
14 0.164383
15 0.191602
16 0.201302
17 0.212586
18 0.214661
19 0.191118
20 0.210451
21 0.241283
22 0.189812
23 0.196732
24 0.213225
25 0.169859
26 0.153857
27 0.151296
28 0.145476
29 0.149045
"[DEBUG]index 87 centroid... "
0 0.117091
1 0.101857
2 0.102806
3 0.0968027
4 0.124709
5 0.0912222
6 0.165257
7 0.161817
8 0.0178183
9 0.131171
10 0.197187
11 0.0941657
12 0.0587762
13 0.109517
14 0.143714
15 0.125081
16 0.094036
17 0.0800917
18 0.120973
19 0.134443
20 0.14673
21 0.0328514
22 0.0749677
23 0.196009
24 0.152674
25 0.124152
26 0.134332
27 0.110402
28 0.114066
29 0.0978377
"[DEBUG]index 88 centroid... "
0 0.164649
1 0.155794
2 0.166128
3 0.148021
4 0.155955
5 0.134355
6 0.182357
7 0.143107
8 0.0713049
9 0.0481124
10 0.0739317
11 0.15592
12 0.180993
13 0.142636
14 0.155117
15 0.171382
16 0.142497
17 0.125646
18 0.154976
19 0.118467
20 0.144976
21 0.186625
22 0.160983
23 0.156546
24 0.170353
25 0.179478
26 0.176828
27 0.157009
28 0.143954
29 0.162721
"[DEBUG]index 89 centroid... "
0 0.104868
1 0.0931511
2 0.0913659
3 0.104569
4 0.104463
5 0.0686997
6 0.115137
7 0.140443
8 -0.000105953
9 -0.00951245
10 0.116691
11 0.117625
12 0.109645
13 0.0661342
14 0.0624406
15 0.129162
16 0.149261
17 0.163981
18 0.185394
19 0.139957
20 0.155848
21 0.202076
22 0.179595
23 0.18413
24 0.189102
25 0.182293
26 0.16577
27 0.152711
28 0.157392
29 0.155793
"[DEBUG]index 90 centroid... "
0 0.121081
1 0.147073
2 0.126777
3 0.142709
4 0.151872
5 0.128444
6 0.179047
7 0.133482
8 0.0655182
9 0.0606672
10 0.0880316
11 0.0712721
12 0.0949679
13 0.12519
14 0.0814854
15 0.175821
16 0.120373
17 0.099324
18 0.151273
19 0.171446
20 0.116481
21 0.105778
22 0.166747
23 0.131365
24 0.156532
25 0.190406
26 0.193248
27 0.17906
28 0.168379
29 0.183826
"[DEBUG]index 91 centroid... "
0 0.133879
1 0.11415
2 0.0933406
3 0.10576
4 0.13564
5 0.101667
6 0.137999
7 0.0878844
8 0.0131951
9 0.105799
10 0.126259
11 0.119461
12 0.112258
13 0.0819121
14 0.0825251
15 0.0356512
16 0.0300981
17 0.0617181
18 0.0412493
19 0.0643811
20 0.115541
21 0.0767982
22 0.0777537
23 0.100796
24 0.109425
25 0.0733502
26 0.0963929
27 0.119325
28 0.13634
29 0.152548
"[DEBUG]index 92 centroid... "
0 0.168672
1 0.140605
2 0.13715
3 0.163133
4 0.144199
5 0.123419
6 0.162478
7 0.14104
8 0.0432938
9 0.127914
10 0.180536
11 0.119443
12 0.169017
13 0.122985
14 0.0466054
15 0.0691121
16 0.00065295
17 0.125527
18 0.131737
19 0.139905
20 0.160013
21 0.111438
22 0.110841
23 0.157943
24 0.154161
25 0.139203
26 0.156267
27 0.162766
28 0.16271
29 0.15634
"[DEBUG]index 93 centroid... "
0 0.174883
1 0.144587
2 0.152572
3 0.202076
4 0.147161
5 0.143132
6 0.194844
7 0.183704
8 0.0909052
9 0.218637
10 0.205535
11 0.110967
12 0.164166
13 0.226693
14 0.1294
15 0.098936
16 0.208865
17 0.214919
18 0.150905
19 0.161062
20 0.151227
21 0.172411
22 0.148029
23 0.19797
24 0.181071
25 0.157138
26 0.172669
27 0.173791
28 0.221035
29 0.22289
"[DEBUG]index 94 centroid... "
0 0.153607
1 0.131571
2 0.152851
3 0.156703
4 0.155178
5 0.142227
6 0.174081
7 0.13089
8 0.0162444
9 0.113539
10 0.111478
11 0.119163
12 0.218059
13 0.102927
14 0.0757992
15 0.166438
16 0.178828
17 0.123653
18 0.138811
19 0.208535
20 0.230663
21 0.206358
22 0.23278
23 0.246489
24 0.239073
25 0.241233
26 0.241592
27 0.226909
28 0.249224
29 0.23428
"[DEBUG]index 95 centroid... "
0 0.0932364
1 0.123346
2 0.107481
3 0.0972896
4 0.142163
5 0.113878
6 0.112789
7 0.0921188
8 0.0215907
9 0.0626932
10 0.0839431
11 0.148752
12 0.162779
13 0.0964988
14 0.135854
15 0.0677242
16 0.0731275
17 0.125874
18 0.0831082
19 0.0739569
20 0.128502
21 0.130923
22 0.10773
23 0.101528
24 0.127189
25 0.114166
26 0.0777866
27 0.0763123
28 0.119923
29 0.11205
"[DEBUG]index 96 centroid... "
0 0.163555
1 0.125368
2 0.136229
3 0.167087
4 0.165849
5 0.139119
6 0.189198
7 0.203187
8 0.0533969
9 0.131091
10 0.176418
11 0.17827
12 0.104013
13 0.165393
14 0.201096
15 0.0982281
16 0.133203
17 0.196225
18 0.112295
19 0.0728972
20 0.183324
21 0.150937
22 0.0995635
23 0.136529
24 0.164932
25 0.146485
26 0.143934
27 0.15228
28 0.172405
29 0.154674
"[DEBUG]index 97 centroid... "
0 0.145493
1 0.131728
2 0.124467
3 0.146229
4 0.151503
5 0.11576
6 0.17042
7 0.14263
8 0.0487386
9 0.149849
10 0.158975
11 0.105698
12 0.119749
13 0.0996897
14 0.0986991
15 0.119586
16 0.0999433
17 0.147519
18 0.0845059
19 0.0708687
20 0.156618
21 0.120669
22 0.0982195
23 0.158699
24 0.145549
25 0.0996809
26 0.103087
27 0.112859
28 0.141078
29 0.155985
"[DEBUG]index 98 centroid... "
0 0.219392
1 0.181386
2 0.207294
3 0.182716
4 0.188966
5 0.153331
6 0.200259
7 0.182144
8 0.0622333
9 0.177444
10 0.22993
11 0.10243
12 0.122917
13 0.217605
14 0.110386
15 0.108243
16 0.187432
17 0.0846665
18 0.115581
19 0.200019
20 0.180697
21 0.155611
22 0.197576
23 0.130263
24 0.177903
25 0.267487
26 0.179396
27 0.245317
28 0.252196
29 0.258982
"[DEBUG]index 99 centroid... "
0 0.144116
1 0.123124
2 0.126036
3 0.14579
4 0.113314
5 0.121162
6 0.164296
7 0.14613
8 0.0479766
9 0.108477
10 0.178216
11 0.13145
12 0.115927
13 0.172349
14 0.168213
15 0.128935
16 0.160598
17 0.11838
18 0.0227438
19 0.144993
20 0.171937
21 0.1149
22 0.147271
23 0.157281
24 0.127174
25 0.128564
26 0.128713
27 0.142735
28 0.114406
29 0.134988
