correlation level (red against blue): 
-0.739264
-0.405153
-0.447632
-0.083554
-0.812758
-0.736765
-0.814624
-0.167785
-0.782074
-0.813116
-0.845457
-0.307674
-0.84909
-0.458133
-0.584992
-0.720746
-0.772044
-0.669967
-0.782842
-0.59957
-0.750426
-0.833012
-0.803419
-0.774593
-0.827943
-0.631481
-0.32485
-0.686318
-0.907105
-0.755179
-0.748644
-0.703388
-0.43266
-0.738278
-0.744131
-0.77286
-0.755843
-0.852917
-0.795188
-0.847371
-0.827688
-0.625104
-0.778626
-0.785345
-0.676424
-0.757209
-0.772094
-0.688332
-0.820866
-0.476319
-0.774867
-0.687383
-0.789306
-0.106285
-0.50068
-0.431145
-0.765752
-0.785006
-0.734658
-0.742882
-0.562417
-0.670127
-0.688495
-0.529254
-0.724284
-0.628674
-0.504743
-0.20669
-0.614285
-0.57037
-0.838581
-0.795308
-0.563641
-0.617804
-0.621577
-0.483276
-0.577751
-0.811795
-0.617343
-0.605937
-0.836399
-0.721292
-0.735664
-0.739484
-0.602307
-0.614745
-0.638155
-0.689656
-0.675118
-0.758806
-0.572402
-0.605858
-0.849061
-0.716889
-0.72496
-0.676991
-0.756135
-0.63832
-0.749304
-0.857638
