"[DEBUG]index 0 centroid... "
0 1.88043
1 3.17391
2 2.52174
3 3.16304
4 2.31522
5 3.55435
6 3.54348
7 2.81522
8 6.15217
9 6.03261
10 13.7826
11 12.0217
12 38.1739
13 25.75
14 46.7174
15 41.0978
16 30.0435
17 28.8152
18 24.9565
19 7.8587
20 8.79348
21 5.55435
22 5.02174
23 3.07609
24 3.57609
25 4.13043
26 3.3587
27 3.19565
28 3.56522
29 2.30435
"[DEBUG]index 1 centroid... "
0 9.75221
1 8.56637
2 8.86726
3 8.26549
4 8.44248
5 8.46903
6 7.44248
7 3.85841
8 13.8142
9 7.02655
10 4.56637
11 3.36283
12 2.72566
13 1.48673
14 1.30088
15 0.725664
16 0.876106
17 1.16814
18 1.44248
19 2.34513
20 3.60177
21 3.65487
22 3.99115
23 4.99115
24 5.20354
25 4.70796
26 6.61062
27 7.0708
28 5.49558
29 7.9823
"[DEBUG]index 2 centroid... "
0 2.79061
1 2.57926
2 2.53816
3 2.23679
4 2.409
5 2.13894
6 2.40705
7 1.87671
8 9.03914
9 3.591
10 2.08219
11 1.08611
12 0.767123
13 0.62818
14 1.09002
15 2.34638
16 4.80626
17 7.19569
18 16.4716
19 6.84932
20 4.48728
21 2.20157
22 1.21918
23 2.818
24 2.40509
25 2.58904
26 2.61252
27 3.182
28 2.79061
29 2.82387
"[DEBUG]index 3 centroid... "
0 6.15
1 6.725
2 6.075
3 7.05
4 6.8
5 8.075
6 8.05
7 5.075
8 19.75
9 5.5
10 5.1
11 2.65
12 1.9
13 5.4
14 9.4
15 9.15
16 11.55
17 5.25
18 1.875
19 1.2
20 0.775
21 1.175
22 1.325
23 6.175
24 3.975
25 5.225
26 6.625
27 5.825
28 5.85
29 3.125
"[DEBUG]index 4 centroid... "
0 3.68999
1 3.51544
2 3.30927
3 2.90361
4 3.60216
5 4.1645
6 3.60774
7 1.94827
8 25.0056
9 5.07778
10 3.41757
11 2.262
12 4.33085
13 2.60402
14 8.1604
15 10.2601
16 2.88835
17 1.75214
18 4.69073
19 3.26498
20 5.05434
21 28.9952
22 6.63007
23 3.87644
24 4.97134
25 4.41049
26 3.93115
27 3.98065
28 4.23483
29 3.86453
"[DEBUG]index 5 centroid... "
0 4.04328
1 3.94538
2 4.34228
3 3.704
4 3.72321
5 3.84286
6 3.38949
7 1.97686
8 22.5159
9 6.21453
10 3.54802
11 6.30363
12 26.334
13 4.2025
14 2.89262
15 2.37028
16 2.2754
17 2.98149
18 4.19371
19 25.3506
20 5.42004
21 3.54478
22 4.27447
23 4.10368
24 3.2629
25 3.08702
26 3.0685
27 3.4772
28 3.10507
29 3.17288
"[DEBUG]index 6 centroid... "
0 3.53181
1 3.88475
2 3.68747
3 3.29372
4 3.62745
5 3.62865
6 3.07923
7 2.95718
8 22.9332
9 3.61865
10 18.106
11 21.2101
12 5.35654
13 3.77391
14 2.03521
15 2.95038
16 6.9932
17 6.55182
18 3.06923
19 1.36895
20 3.02521
21 6.41417
22 2.5122
23 2.82673
24 2.93157
25 2.7467
26 2.70308
27 2.86154
28 2.57823
29 2.48699
"[DEBUG]index 7 centroid... "
0 4.02609
1 4.73913
2 5.06957
3 4.32609
4 5.24783
5 3.76957
6 3.54783
7 2.28261
8 17.9913
9 3.68696
10 9.83043
11 5.16957
12 17.1739
13 15.2174
14 4.09565
15 3.2
16 1.4
17 1.04348
18 0.852174
19 1.80435
20 1.37391
21 2.35652
22 6.63478
23 2.47826
24 4.21739
25 3.08696
26 2.62609
27 3.48696
28 2.95217
29 2.52609
"[DEBUG]index 8 centroid... "
0 4.69714
1 4.83937
2 4.57055
3 4.44293
4 5.16734
5 5.72856
6 4.6299
7 2.84045
8 44.9862
9 6.35544
10 4.1676
11 4.98632
12 4.41782
13 12.7816
14 3.06248
15 14.3733
16 3.08385
17 17.2889
18 3.83394
19 3.25857
20 14.1399
21 4.03567
22 1.83184
23 5.46502
24 4.78258
25 4.02855
26 4.38383
27 4.23418
28 4.25862
29 4.09482
"[DEBUG]index 9 centroid... "
0 6.74716
1 6.1253
2 6.09184
3 5.55996
4 5.79717
5 6.25209
6 5.11656
7 3.61071
8 42.8327
9 6.24298
10 11.8035
11 16.3034
12 5.41049
13 2.06767
14 3.59639
15 17.7349
16 3.96895
17 2.01246
18 4.22272
19 16.8135
20 3.71761
21 2.08701
22 4.96524
23 5.93214
24 4.60141
25 4.77784
26 5.10281
27 5.08217
28 4.87247
29 4.81632
"[DEBUG]index 10 centroid... "
0 4.85962
1 5.57348
2 5.03652
3 4.79437
4 5.61688
5 5.80724
6 4.95061
7 3.0428
8 35.3658
9 7.52679
10 5.09578
11 2.55193
12 3.81952
13 17.0257
14 3.9138
15 2.01377
16 3.77282
17 15.5073
18 12.8456
19 4.18917
20 2.46363
21 3.82011
22 17.2547
23 4.12152
24 4.23017
25 5.64681
26 5.68692
27 4.76414
28 4.78779
29 4.67525
"[DEBUG]index 11 centroid... "
0 2.48651
1 2.71942
2 2.35926
3 2.07689
4 2.31969
5 2.43885
6 2.65737
7 2.21853
8 11.9276
9 3.26978
10 12.6938
11 4.50764
12 2.33183
13 2.92851
14 1.30261
15 2.25674
16 5.97167
17 2.36826
18 5.45998
19 7.95279
20 27.0782
21 7.52068
22 5.38984
23 3.00719
24 2.95099
25 2.87725
26 2.72032
27 2.64164
28 2.73246
29 2.66862
"[DEBUG]index 12 centroid... "
0 4.9129
1 4.52379
2 4.59609
3 4.42554
4 5.53764
5 5.15271
6 4.86344
7 3.25933
8 32.3375
9 6.60661
10 3.74019
11 4.2798
12 13.059
13 4.03985
14 3.78672
15 6.46174
16 37.8365
17 6.43511
18 3.82181
19 12.5979
20 4.62118
21 3.31696
22 10.6457
23 4.06422
24 4.35354
25 4.74644
26 4.59075
27 4.12502
28 4.08224
29 3.85075
"[DEBUG]index 13 centroid... "
0 4.66264
1 4.15985
2 4.16729
3 4.58364
4 4.22862
5 4.72026
6 4.61617
7 2.83086
8 24.2816
9 3.69331
10 24.0204
11 3.50093
12 26.9006
13 4.57249
14 8.20446
15 3.2974
16 2.81784
17 6.76766
18 6.94424
19 2.86617
20 1.72862
21 1.21468
22 1.75836
23 2.74907
24 2.45818
25 2.69796
26 2.71004
27 2.59665
28 3.11245
29 2.37361
"[DEBUG]index 14 centroid... "
0 4.11628
1 3.87442
2 3.3845
3 3.53333
4 3.48217
5 4.21395
6 4.14574
7 2.35969
8 18.6279
9 4.96899
10 2.7969
11 1.64961
12 0.75814
13 2.06512
14 1.28372
15 2.15349
16 12.7101
17 3.14574
18 1.53333
19 1.71628
20 3.6031
21 1.87132
22 11.5705
23 2.77674
24 4.24496
25 4.54264
26 4.12713
27 3.82016
28 4.02015
29 3.76434
"[DEBUG]index 15 centroid... "
0 2.79618
1 2.87366
2 3.27519
3 2.92405
4 2.70725
5 3.68969
6 3.9729
7 2.23893
8 11.05
9 28.3153
10 8.84427
11 6.77405
12 3.15076
13 6.02786
14 16.4607
15 4.34084
16 2.48092
17 6.2813
18 2.58397
19 5.54313
20 2.24008
21 5.26374
22 4.76527
23 2.47824
24 2.78779
25 2.70878
26 2.55305
27 2.45573
28 2.45382
29 2.34084
"[DEBUG]index 16 centroid... "
0 4.80143
1 4.82016
2 4.16876
3 4.10277
4 4.93852
5 4.93263
6 4.27152
7 2.48068
8 36.4005
9 6.12267
10 3.60237
11 2.21426
12 1.97921
13 3.51736
14 3.90969
15 1.42008
16 4.13414
17 1.6667
18 3.08923
19 15.3427
20 2.29133
21 3.4494
22 1.64209
23 4.65719
24 3.69494
25 3.63954
26 3.76525
27 3.74397
28 4.03344
29 4.1513
"[DEBUG]index 17 centroid... "
0 4.67927
1 4.86399
2 4.78663
3 4.53314
4 4.52875
5 5.39713
6 4.46418
7 2.95568
8 31.9039
9 7.60115
10 3.22483
11 16.0827
12 4.29207
13 1.66227
14 2.53811
15 5.24241
16 1.66113
17 3.26075
18 15.114
19 3.84432
20 3.03095
21 13.2926
22 12.4248
23 3.24183
24 5.04947
25 5.10315
26 4.7299
27 4.44967
28 4.50468
29 4.52531
"[DEBUG]index 18 centroid... "
0 4.17332
1 4.35869
2 4.24293
3 3.85774
4 4.07126
5 5.12324
6 4.51756
7 3.02599
8 26.3691
9 7.32674
10 3.56866
11 11.0787
12 4.29454
13 4.49398
14 10.7303
15 3.33333
16 5.43591
17 33.3204
18 8.41803
19 4.01154
20 8.22759
21 30.5935
22 6.14809
23 4.13338
24 5.59389
25 5.18905
26 4.69786
27 4.87891
28 4.49918
29 4.54051
"[DEBUG]index 19 centroid... "
0 4.09758
1 3.44781
2 3.1528
3 3.3003
4 3.9947
5 4.34266
6 3.96293
7 2.57791
8 20.056
9 5.57186
10 3.81165
11 2.84039
12 3.41679
13 4.80257
14 25.5976
15 5.45159
16 3.59153
17 7.7239
18 20.2579
19 20.8381
20 5.19138
21 3.30635
22 10.9501
23 3.93268
24 4.02723
25 4.47655
26 4.25794
27 4.13691
28 4.16339
29 3.8941
"[DEBUG]index 20 centroid... "
0 5.57658
1 5.47072
2 5.23198
3 4.36712
4 4.92568
5 5.42793
6 4.33108
7 2.28829
8 20.3468
9 6.23423
10 2.58559
11 3.7545
12 4.82883
13 1.31306
14 0.806306
15 1.32432
16 2.46171
17 12.2432
18 2.30631
19 2.94369
20 1.50225
21 0.905405
22 1.36712
23 4.64189
24 3.0045
25 3.46171
26 3.77928
27 4.04955
28 3.4482
29 4.43243
"[DEBUG]index 21 centroid... "
0 5.04503
1 5.23891
2 5.10532
3 4.56073
4 5.1393
5 5.76776
6 4.46639
7 2.97057
8 52.0987
9 6.66631
10 3.65744
11 17.5891
12 4.43558
13 3.5658
14 4.61641
15 1.92073
16 3.89459
17 4.98211
18 1.79397
19 3.68803
20 12.7791
21 3.07049
22 3.56255
23 4.80873
24 4.35489
25 3.85116
26 4.11776
27 3.98053
28 4.13035
29 4.12297
"[DEBUG]index 22 centroid... "
0 5.27513
1 4.62154
2 4.94216
3 4.87244
4 5.18133
5 5.66469
6 5.01829
7 2.71627
8 31.06
9 6.28123
10 2.7144
11 10.9608
12 11.6328
13 2.91981
14 5.9753
15 35.6559
16 5.41426
17 3.84336
18 2.88839
19 2.34813
20 3.45084
21 9.47788
22 2.67625
23 4.30968
24 4.51634
25 4.04111
26 3.86322
27 3.77802
28 3.60294
29 3.45693
"[DEBUG]index 23 centroid... "
0 4.41363
1 4.43845
2 4.41746
3 4.21539
4 4.97701
5 5.17525
6 4.2064
7 2.51774
8 29.5447
9 5.88972
10 3.75646
11 5.18891
12 9.9312
13 4.82276
14 34.3252
15 5.58954
16 3.8699
17 2.53023
18 3.20856
19 8.68532
20 2.99317
21 3.02649
22 1.87606
23 4.45794
24 3.62969
25 3.34266
26 3.26453
27 3.41246
28 3.30651
29 3.43445
"[DEBUG]index 24 centroid... "
0 5.51087
1 5.7786
2 5.66119
3 5.2587
4 5.81537
5 6.53847
6 5.37771
7 3.47955
8 48.2831
9 7.30513
10 4.02914
11 17.1215
12 4.25566
13 11.1403
14 3.71928
15 17.8353
16 3.54346
17 3.58467
18 14.5919
19 4.13947
20 2.02746
21 4.68298
22 4.28675
23 4.44647
24 4.56275
25 4.44461
26 4.29084
27 4.30649
28 4.32597
29 4.07493
"[DEBUG]index 25 centroid... "
0 5.63301
1 5.32874
2 5.04965
3 4.55158
4 5.1489
5 5.55521
6 4.7104
7 2.98361
8 44.8997
9 5.18471
10 18.2721
11 3.74313
12 2.21126
13 1.94007
14 4.22462
15 3.75429
16 1.4676
17 4.22498
18 4.1505
19 1.41676
20 3.59928
21 3.66443
22 1.40482
23 3.96359
24 3.90824
25 3.49742
26 3.75138
27 3.7986
28 3.63242
29 3.89149
"[DEBUG]index 26 centroid... "
0 4.53153
1 4.33513
2 4.25405
3 4.23423
4 5.0973
5 5.62523
6 4.61441
7 2.94955
8 23.2468
9 7.42342
10 3.39279
11 1.84685
12 4.31892
13 13.5387
14 2.5982
15 1.54775
16 1.38378
17 1.94414
18 4.32973
19 2.62342
20 14.6198
21 2.54595
22 12.809
23 3.56577
24 4.76577
25 4.86126
26 4.80901
27 4.15676
28 4.75856
29 4.13874
"[DEBUG]index 27 centroid... "
0 3.37651
1 3.48589
2 3.687
3 3.60534
4 3.12903
5 3.71119
6 3.22984
7 3.33669
8 17.9859
9 4.08468
10 14.2253
11 15.6865
12 5.43851
13 2.91532
14 8.90625
15 3.32762
16 5.63206
17 9.1381
18 36.3921
19 9.96169
20 6.38105
21 3.41079
22 8.3745
23 3.44153
24 3.08569
25 3.23639
26 3.27319
27 3.29133
28 3.17238
29 3.00151
"[DEBUG]index 28 centroid... "
0 4.36674
1 4.76398
2 5.13653
3 4.64306
4 5.47131
5 5.2923
6 4.29448
7 3.06899
8 31.7952
9 6.81264
10 11.9858
11 11.3188
12 7.86075
13 39.0519
14 7.57062
15 3.00454
16 12.1289
17 3.87999
18 9.8809
19 3.72694
20 12.7643
21 2.81826
22 11.3912
23 4.02977
24 4.3593
25 4.17774
26 4.14615
27 4.13617
28 3.80592
29 3.91612
"[DEBUG]index 29 centroid... "
0 4.10501
1 4.42784
2 4.13591
3 3.9559
4 4.19142
5 5.14011
6 4.69397
7 4.17852
8 26.456
9 3.56196
10 27.3912
11 6.79538
12 3.9646
13 5.37924
14 8.24452
15 4.39454
16 27.4482
17 6.39544
18 3.0012
19 8.28773
20 9.31143
21 2.83258
22 2.0174
23 4.0309
24 3.65227
25 3.48725
26 3.70627
27 3.51815
28 3.54035
29 3.33093
"[DEBUG]index 30 centroid... "
0 3.91937
1 4.13571
2 3.81384
3 3.45384
4 4.38445
5 4.56312
6 3.69399
7 2.13527
8 29.1725
9 6.34677
10 3.33223
11 1.81846
12 4.86781
13 1.80701
14 3.83278
15 1.24851
16 3.94889
17 13.3333
18 2.45098
19 11.6169
20 10.6614
21 2.21921
22 12.9617
23 3.9881
24 3.73474
25 4.64287
26 4.45935
27 4.28046
28 4.29522
29 4.35206
"[DEBUG]index 31 centroid... "
0 6.42363
1 5.98952
2 5.83431
3 5.48933
4 6.35568
5 6.23391
6 5.30389
7 2.78409
8 52.5681
9 7.79831
10 4.84104
11 4.69203
12 23.0017
13 2.98163
14 1.99533
15 5.10173
16 4.40952
17 2.17453
18 4.48538
19 2.16418
20 4.5141
21 4.00115
22 2.07543
23 4.73388
24 4.70596
25 3.98467
26 4.16874
27 4.46492
28 4.29019
29 4.25654
"[DEBUG]index 32 centroid... "
0 2.58845
1 2.56227
2 2.88087
3 2.59928
4 2.83935
5 3.18682
6 3.19946
7 2.06047
8 17.6588
9 3.89079
10 2.33574
11 1.47022
12 1.55866
13 2.47744
14 3.24097
15 18.0018
16 13.3755
17 4.61372
18 7.27527
19 2.03069
20 7.12726
21 6.33935
22 2.12906
23 2.75181
24 3.69765
25 2.80866
26 3.00542
27 3.18773
28 2.66877
29 2.78971
"[DEBUG]index 33 centroid... "
0 3.954
1 4.0187
2 3.91068
3 3.8309
4 3.70974
5 4.0298
6 3.92725
7 2.64245
8 28.3057
9 3.56877
10 31.1057
11 5.4528
12 2.97242
13 4.06988
14 3.68456
15 1.68706
16 1.89745
17 1.57358
18 3.62273
19 7.37282
20 2.05498
21 7.98547
22 2.80118
23 3.32858
24 3.21622
25 3.06424
26 2.9875
27 3.02684
28 3.17531
29 3.10163
"[DEBUG]index 34 centroid... "
0 3.99915
1 3.86173
2 3.80471
3 3.74479
4 4.47064
5 4.86412
6 4.13998
7 2.55207
8 26.4022
9 5.39741
10 3.54763
11 2.6958
12 3.46108
13 5.47713
14 32.4298
15 5.08979
16 2.76801
17 11.07
18 3.77689
19 1.56555
20 3.98617
21 2.97013
22 8.3042
23 3.61045
24 3.95835
25 3.96466
26 3.73933
27 3.68197
28 3.32485
29 3.46449
"[DEBUG]index 35 centroid... "
0 3.89415
1 3.82675
2 3.71982
3 3.37358
4 3.74228
5 3.92826
6 3.5915
7 2.15566
8 24.7972
9 5.76421
10 8.12128
11 5.7079
12 28.8151
13 4.74499
14 2.77504
15 8.19275
16 3.13833
17 9.76313
18 2.86735
19 9.16216
20 5.23633
21 24.6846
22 6.22821
23 3.42501
24 4.24147
25 4.05631
26 3.25014
27 3.67948
28 3.42853
29 3.35463
"[DEBUG]index 36 centroid... "
0 5.36186
1 4.78855
2 4.85263
3 4.25176
4 4.37783
5 5.31641
6 4.7414
7 2.70907
8 22.2162
9 27.0057
10 6.23236
11 3.24263
12 13.2206
13 2.92128
14 1.69386
15 1.82202
16 3.47785
17 3.12816
18 1.62597
19 4.17418
20 1.56284
21 2.8089
22 8.19795
23 2.80453
24 3.09603
25 3.69063
26 3.48393
27 3.0791
28 3.12702
29 3.70945
"[DEBUG]index 37 centroid... "
0 4.3388
1 4.53144
2 4.15178
3 3.86404
4 4.43907
5 5.01034
6 4.50979
7 2.65374
8 32.7589
9 6.60445
10 3.38402
11 4.38979
12 3.95611
13 3.94325
14 10.8302
15 3.2655
16 5.99416
17 34.7341
18 5.91938
19 3.46191
20 2.62573
21 4.06207
22 1.78556
23 3.85953
24 3.60024
25 3.67383
26 3.75445
27 3.69674
28 3.52782
29 3.37501
"[DEBUG]index 38 centroid... "
0 4.98218
1 5.07326
2 4.61382
3 4.43508
4 5.33831
5 5.75008
6 4.94011
7 2.8768
8 38.9333
9 6.27634
10 3.87732
11 2.7821
12 5.83494
13 1.80002
14 3.73692
15 18.0255
16 3.54025
17 3.30847
18 16.1449
19 4.52461
20 1.80603
21 4.03119
22 14.9013
23 3.91441
24 4.66325
25 5.57849
26 5.25562
27 4.57714
28 4.81971
29 4.51487
"[DEBUG]index 39 centroid... "
0 4.20011
1 4.6276
2 4.57588
3 4.32717
4 4.91727
5 5.28852
6 4.65328
7 3.04034
8 34.6705
9 6.74693
10 4.06069
11 11.8773
12 3.95095
13 9.97965
14 3.05998
15 11.5577
16 11.8656
17 3.91479
18 6.64626
19 39.6903
20 6.20615
21 3.62795
22 4.7943
23 5.66856
24 4.23121
25 4.09694
26 3.93975
27 4.35907
28 4.37738
29 3.91301
"[DEBUG]index 40 centroid... "
0 7.83958
1 7.8483
2 7.57977
3 6.98344
4 7.57716
5 7.72711
6 6.89451
7 4.08806
8 25.4246
9 9.56757
10 3.14037
11 16.4333
12 4.23104
13 4.37576
14 5.39407
15 2.4333
16 1.14647
17 1.99738
18 2.1116
19 4.45161
20 1.68003
21 1.12816
22 1.84568
23 5.22145
24 4.67044
25 4.5667
26 4.83958
27 4.89538
28 5.01656
29 5.25022
"[DEBUG]index 41 centroid... "
0 3.62946
1 4.292
2 4.13972
3 3.781
4 3.68324
5 4.64812
6 4.4149
7 2.67751
8 12.8082
9 27.8089
10 5.30678
11 29.3587
12 10.9266
13 4.59767
14 6.06468
15 5.63537
16 2.66568
17 2.01774
18 2.91961
19 2.47403
20 4.34153
21 2.51007
22 1.52412
23 2.66494
24 2.6448
25 2.3321
26 2.28534
27 2.45093
28 2.3491
29 2.49566
"[DEBUG]index 42 centroid... "
0 4.82265
1 5.13424
2 4.20737
3 4.11842
4 4.2884
5 4.63684
6 4.73479
7 2.57708
8 21.9288
9 26.7959
10 5.12688
11 3.48677
12 11.9757
13 2.82156
14 3.59782
15 1.997
16 3.06876
17 11.0349
18 9.48131
19 2.2442
20 10.6022
21 3.60246
22 1.42292
23 4.07558
24 3.80764
25 2.87967
26 3.25757
27 3.73997
28 3.17244
29 3.07967
"[DEBUG]index 43 centroid... "
0 5.12912
1 5.11554
2 5.14904
3 4.61011
4 5.61318
5 5.84426
6 5.21695
7 3.16317
8 35.9095
9 5.46903
10 3.66443
11 5.46342
12 1.87559
13 3.50833
14 16.6125
15 3.22474
16 1.85422
17 2.27798
18 2.09526
19 5.07787
20 1.52264
21 3.08367
22 13.0161
23 3.85675
24 4.30406
25 4.85531
26 4.58801
27 4.25426
28 4.28975
29 4.21206
"[DEBUG]index 44 centroid... "
0 3.51665
1 3.77399
2 3.38023
3 3.08798
4 3.58393
5 3.64462
6 3.26948
7 1.98763
8 32.2659
9 4.27168
10 11.3462
11 3.21908
12 1.7296
13 4.00428
14 1.61318
15 3.11815
16 2.35202
17 13.1699
18 2.24451
19 11.5654
20 2.14601
21 11.3065
22 2.43607
23 3.54682
24 3.38069
25 3.50879
26 3.28289
27 3.37145
28 3.51931
29 3.48763
"[DEBUG]index 45 centroid... "
0 4.22356
1 4.25899
2 3.97114
3 3.90121
4 4.24744
5 4.69417
6 3.95854
7 2.51141
8 37.479
9 4.8179
10 14.8769
11 3.77014
12 3.8604
13 12.8073
14 2.29572
15 10.8752
16 3.69155
17 4.19391
18 1.79244
19 3.90186
20 12.7691
21 2.2519
22 12.2108
23 4.15731
24 4.0757
25 4.24928
26 4.172
27 3.82826
28 3.75912
29 3.57505
"[DEBUG]index 46 centroid... "
0 5.20026
1 5.18027
2 5.13779
3 4.81548
4 5.75266
5 5.92222
6 4.93233
7 2.44249
8 48.4059
9 8.24151
10 4.61058
11 5.41508
12 17.0739
13 2.48624
14 15.9381
15 4.51452
16 2.10701
17 5.11669
18 14.7597
19 3.38414
20 3.63581
21 14.2919
22 3.80113
23 5.00944
24 5.3651
25 4.95728
26 4.55378
27 4.83349
28 4.5704
29 4.50186
"[DEBUG]index 47 centroid... "
0 4.42694
1 4.69839
2 4.53894
3 4.03272
4 4.80658
5 5.18766
6 4.21127
7 2.87954
8 40.1335
9 6.03722
10 3.3222
11 13.8598
12 4.50497
13 1.97142
14 4.58649
15 3.66052
16 13.8115
17 3.12199
18 15.7061
19 2.84552
20 13.9617
21 3.38647
22 3.89283
23 4.62617
24 4.4723
25 3.86467
26 4.32052
27 4.29891
28 4.14453
29 3.94363
"[DEBUG]index 48 centroid... "
0 4.11592
1 4.2677
2 3.94899
3 3.73606
4 4.96947
5 4.9641
6 4.16156
7 2.61201
8 62.4659
9 5.2178
10 4.01071
11 4.2452
12 4.16251
13 10.0772
14 3.1801
15 2.95084
16 10.8837
17 3.70915
18 3.71581
19 3.87103
20 3.07702
21 9.05179
22 3.01557
23 3.73432
24 3.93027
25 3.76876
26 3.55174
27 3.5293
28 3.47886
29 3.3888
"[DEBUG]index 49 centroid... "
0 5.64471
1 5.60812
2 5.47039
3 5.04192
4 5.64604
5 5.84032
6 5.69594
7 2.72522
8 29.8789
9 5.88955
10 3.10446
11 2.16035
12 4.49102
13 2.334
14 15.658
15 2.35396
16 4.19428
17 1.9022
18 0.873586
19 1.42781
20 4.20758
21 2.85096
22 1.10912
23 4.37725
24 4.31005
25 3.99069
26 3.94212
27 3.83433
28 3.69261
29 4.1477
"[DEBUG]index 50 centroid... "
0 5.37952
1 5.39993
2 5.6491
3 5.08091
4 5.68939
5 6.51353
6 5.47074
7 3.12486
8 47.1772
9 8.3294
10 3.39057
11 15.6658
12 17.1883
13 2.71563
14 14.9685
15 4.46558
16 3.50715
17 14.8666
18 4.10715
19 4.90078
20 2.60814
21 4.11509
22 13.1362
23 4.2767
24 4.34344
25 5.03717
26 5.13876
27 4.61058
28 4.45534
29 4.40814
"[DEBUG]index 51 centroid... "
0 3.95424
1 4.16652
2 4.19728
3 3.58464
4 4.44887
5 4.63562
6 4.12959
7 2.63648
8 36.3067
9 4.36647
10 14.3069
11 3.84886
12 1.96402
13 3.56537
14 13.3836
15 2.57334
16 3.76104
17 3.35394
18 15.2168
19 2.55103
20 11.6362
21 2.49891
22 12.6083
23 3.58549
24 4.18817
25 4.03968
26 4.22786
27 3.9494
28 3.89936
29 3.66648
"[DEBUG]index 52 centroid... "
0 6.6106
1 6.92876
2 6.09391
3 5.98047
4 6.75133
5 7.20455
6 6.10768
7 4.10847
8 40.8472
9 8.05545
10 3.59003
11 19.8923
12 5.37205
13 2.09591
14 5.78795
15 4.28337
16 15.2539
17 4.2696
18 2.00985
19 5.92946
20 1.98561
21 4.74871
22 1.98439
23 5.36481
24 4.76354
25 4.67286
26 4.78403
27 4.63493
28 4.55742
29 4.71384
"[DEBUG]index 53 centroid... "
0 3.27864
1 3.58514
2 3.41486
3 3.38081
4 3.07121
5 3.52322
6 3.18576
7 1.93498
8 14.1889
9 4.37461
10 2.86378
11 1.47368
12 0.783282
13 0.891641
14 1
15 3.64087
16 1.09907
17 1.36842
18 3.12694
19 4.02167
20 15.3127
21 5.58204
22 2.1517
23 4.39629
24 3.71517
25 2.84211
26 3.78638
27 3.58204
28 3.25077
29 3.8483
"[DEBUG]index 54 centroid... "
0 9.03465
1 8.12871
2 8.41089
3 9.44554
4 7.57921
5 9.4802
6 7.67327
7 4.63366
8 22.9158
9 8.58416
10 3.02475
11 16.6832
12 5.11881
13 1.90594
14 2.9505
15 7.59406
16 1.56436
17 3.0297
18 1.55941
19 1.13861
20 1.46535
21 2.60891
22 5.54455
23 5.0198
24 4.73762
25 5.20792
26 5.89109
27 4.60396
28 7.47525
29 6.48515
"[DEBUG]index 55 centroid... "
0 4.29965
1 4.84043
2 3.94149
3 3.74113
4 3.78901
5 5.28191
6 3.77305
7 1.96454
8 19.8174
9 6.88121
10 2.46099
11 9.9078
12 9.87766
13 2.21631
14 1.39716
15 4.2039
16 2.57092
17 0.881206
18 2.05851
19 3.47518
20 5.89184
21 19.9982
22 6.8617
23 3.34043
24 4.90957
25 6.05496
26 3.20567
27 4.9344
28 4.7234
29 4.04078
"[DEBUG]index 56 centroid... "
0 6.5637
1 6.16523
2 6.14767
3 5.85217
4 6.19301
5 7.33589
6 5.61367
7 3.91076
8 38.9599
9 8.34642
10 4.5554
11 17.6497
12 3.62213
13 16.958
14 4.84754
15 3.52602
16 13.2672
17 17.6419
18 3.13873
19 2.49968
20 5.76852
21 1.90038
22 4.51133
23 4.86079
24 4.38713
25 4.4711
26 4.63649
27 4.70993
28 4.26373
29 4.38123
"[DEBUG]index 57 centroid... "
0 2.4718
1 2.77392
2 2.71198
3 2.59366
4 2.16062
5 2.88117
6 3.24874
7 2.19486
8 8.95217
9 23.5347
10 6.48087
11 4.83635
12 2.70342
13 1.46777
14 1.85398
15 3.82125
16 13.7593
17 3.22306
18 5.12236
19 2.3429
20 1.19386
21 2.11128
22 4.59013
23 1.78046
24 2.18983
25 2.23011
26 2.18832
27 2.38268
28 1.94461
29 1.75478
"[DEBUG]index 58 centroid... "
0 4.76506
1 4.97919
2 4.61205
3 4.69464
4 5.1364
5 5.94597
6 4.88397
7 2.8647
8 33.9302
9 6.75376
10 4.18224
11 1.79052
12 4.99491
13 11.9661
14 2.56532
15 13.7759
16 14.3769
17 2.56776
18 16.6375
19 3.43003
20 4.21656
21 1.79008
22 4.07573
23 4.89615
24 4.35385
25 4.25332
26 4.25554
27 4.3791
28 4.26683
29 3.92759
"[DEBUG]index 59 centroid... "
0 4.19612
1 4.25594
2 3.87496
3 3.7482
4 4.30013
5 4.56553
6 4.03746
7 2.01501
8 32.6076
9 6.43244
10 3.94331
11 4.51415
12 14.0267
13 3.10971
14 9.08313
15 3.07601
16 12.0829
17 4.47584
18 4.13622
19 5.95332
20 35.3434
21 6.54692
22 3.68877
23 5.25297
24 5.19323
25 3.93658
26 4.13685
27 3.98749
28 4.40765
29 3.56483
"[DEBUG]index 60 centroid... "
0 4.20602
1 4.26466
2 4.15263
3 4.17368
4 4.36316
5 4.16917
6 4.23459
7 3.11654
8 19.0586
9 4.58496
10 20.4985
11 5.61955
12 6.24436
13 21.9654
14 4.50451
15 19.9135
16 5.26842
17 7.86541
18 3.50226
19 2.4015
20 1.72331
21 3.33459
22 5.91203
23 2.85263
24 3.24211
25 3.30902
26 4.34812
27 2.95113
28 2.79699
29 3.06316
"[DEBUG]index 61 centroid... "
0 3.18652
1 3.35398
2 3.1712
3 3.10551
4 3.3482
5 3.91014
6 3.85943
7 2.05378
8 19.6161
9 6.10551
10 3.62185
11 2.2209
12 3.71239
13 8.11028
14 3.37032
15 1.88836
16 4.67461
17 3.43227
18 6.05071
19 25.2083
20 3.67529
21 23.9115
22 7.15487
23 3.80837
24 4.46664
25 4.20558
26 3.92682
27 3.87168
28 4.04016
29 4.17529
"[DEBUG]index 62 centroid... "
0 5.21701
1 4.76697
2 4.49942
3 4.48544
4 5.19036
5 5.41174
6 4.55855
7 2.91203
8 34.7796
9 6.6187
10 3.35625
11 2.66691
12 6.2125
13 1.67099
14 3.45427
15 17.0127
16 2.89528
17 13.1424
18 2.72269
19 15.1815
20 3.09569
21 1.9617
22 2.00364
23 5.49359
24 3.88086
25 4.35916
26 4.55185
27 4.71191
28 4.14331
29 4.24512
"[DEBUG]index 63 centroid... "
0 2.04593
1 2.55407
2 2.1837
3 2.1763
4 2.23852
5 2.74222
6 2.65778
7 1.87852
8 9.64
9 4.66667
10 2.46815
11 2.59259
12 5.49778
13 4.87704
14 2.25037
15 4.25333
16 8.45185
17 20.8756
18 12.6578
19 14.7807
20 19.7719
21 7.21037
22 5.62074
23 2.83111
24 3.44
25 3.55407
26 3.3037
27 3.33037
28 3.57926
29 3.30963
"[DEBUG]index 64 centroid... "
0 4.40261
1 4.49409
2 4.45643
3 4.11347
4 4.77601
5 4.78512
6 4.06096
7 2.86273
8 45.731
9 5.47563
10 13.4263
11 3.53462
12 18.2366
13 3.38513
14 3.61716
15 12.8155
16 3.05243
17 11.5233
18 12.439
19 3.17624
20 14.1207
21 3.16319
22 12.599
23 4.0923
24 4.67624
25 4.72325
26 4.7774
27 4.14112
28 4.33295
29 3.99992
"[DEBUG]index 65 centroid... "
0 3.73666
1 3.71887
2 3.53558
3 3.40758
4 3.63109
5 3.94432
6 3.86388
7 2.65391
8 22.3774
9 3.11678
10 24.6605
11 5.09242
12 3.40139
13 1.90139
14 2.5379
15 9.32676
16 2.89753
17 1.59165
18 2.12877
19 1.87394
20 2.42034
21 6.49343
22 7.46713
23 2.66319
24 3.36466
25 3.60596
26 3.17131
27 2.76257
28 2.96442
29 3.14076
"[DEBUG]index 66 centroid... "
0 4.48933
1 4.47236
2 4.58246
3 3.92992
4 5.18097
5 4.8237
6 4.33531
7 2.55428
8 43.1596
9 5.43342
10 15.3336
11 3.47718
12 16.9335
13 3.19763
14 12.8932
15 2.99112
16 13.5153
17 2.75487
18 13.1889
19 13.5357
20 2.78586
21 10.39
22 13.3621
23 3.6214
24 4.65566
25 4.80766
26 4.29045
27 4.51347
28 4.99315
29 3.96278
"[DEBUG]index 67 centroid... "
0 3.91619
1 4.2147
2 4.32721
3 3.61079
4 3.89093
5 4.05855
6 3.73364
7 2.3008
8 17.5626
9 6.52468
10 2.25947
11 10.9323
12 3.06889
13 1.00115
14 0.832377
15 1.48909
16 3.18025
17 2.90471
18 4.99082
19 20.2365
20 5.40299
21 3.20551
22 1.62342
23 4.9116
24 3.04478
25 3.39495
26 4.15385
27 3.52813
28 3.2698
29 3.68542
"[DEBUG]index 68 centroid... "
0 5.17667
1 5.14635
2 4.96639
3 4.94245
4 5.19441
5 5.13227
6 4.51767
7 2.63525
8 36.2383
9 7.9995
10 4.36568
11 7.78048
12 42.0727
13 5.23155
14 3.79511
15 4.25915
16 10.074
17 9.48456
18 2.82786
19 9.62818
20 4.11671
21 4.08954
22 2.41424
23 4.56722
24 3.82327
25 3.7016
26 3.94562
27 3.99318
28 3.86612
29 3.68647
"[DEBUG]index 69 centroid... "
0 3.69574
1 4.23168
2 4.57153
3 3.49546
4 4.16748
5 4.59805
6 4.71668
7 3.7753
8 21.2924
9 4.13189
10 20.7104
11 7.38939
12 4.30356
13 8.28262
14 5.68597
15 22.1752
16 5.84299
17 5.73552
18 24.4801
19 6.39637
20 5.36427
21 24.2582
22 6.53733
23 3.73552
24 5.14166
25 4.73133
26 4.50244
27 4.26448
28 4.18493
29 3.75436
"[DEBUG]index 70 centroid... "
0 4.29701
1 4.1264
2 3.72784
3 4.1092
4 3.62294
5 4.76559
6 4.15579
7 2.49032
8 21.0808
9 26.3331
10 6.75842
11 3.41314
12 3.36057
13 9.59498
14 2.47981
15 3.20119
16 1.8129
17 3.00765
18 8.36057
19 8.04898
20 2.36416
21 1.4454
22 3.32879
23 3.07312
24 2.70633
25 2.7233
26 2.85257
27 2.90323
28 2.87168
29 3.08363
"[DEBUG]index 71 centroid... "
0 4.63893
1 4.83283
2 4.61159
3 4.18185
4 5.18107
5 5.22875
6 4.6707
7 2.43078
8 42.5797
9 5.70447
10 3.34758
11 4.25161
12 5.02353
13 1.57849
14 4.04356
15 1.55409
16 3.90527
17 1.52706
18 4.3534
19 1.76924
20 3.5373
21 2.48623
22 14.9247
23 3.07069
24 4.06961
25 4.30546
26 4.59141
27 3.79293
28 4.0693
29 3.90254
"[DEBUG]index 72 centroid... "
0 7.78172
1 6.53355
2 6.09357
3 5.82936
4 6.39888
5 6.09373
6 5.40931
7 3.55924
8 41.9861
9 5.68099
10 17.9035
11 3.56749
12 19.9939
13 2.97089
14 14.2977
15 16.1728
16 4.08361
17 2.13312
18 5.1834
19 1.89724
20 3.89647
21 1.63397
22 3.818
23 3.75946
24 4.11926
25 3.77518
26 4.15445
27 3.7523
28 3.82314
29 3.46302
"[DEBUG]index 73 centroid... "
0 3.77634
1 3.7349
2 3.74888
3 3.43884
4 3.56365
5 4.16076
6 3.70344
7 2.44883
8 19.8562
9 3.08837
10 22.1038
11 6.67399
12 3.38592
13 5.89865
14 22.0429
15 4.45182
16 3.2022
17 2.7349
18 3.45232
19 5.62506
20 17.7279
21 5.55716
22 3.05042
23 3.90864
24 4.37144
25 3.37544
26 3.34199
27 3.6011
28 3.43734
29 3.26111
"[DEBUG]index 74 centroid... "
0 3.62411
1 3.76168
2 3.599
3 3.39294
4 3.43829
5 3.55212
6 3.04063
7 2.70826
8 19.0458
9 4.16071
10 8.62228
11 32.5874
12 9.81601
13 4.23802
14 3.50205
15 1.83945
16 1.59839
17 2.29661
18 4.95678
19 2.42094
20 1.50221
21 2.64145
22 4.86075
23 2.18384
24 2.31304
25 2.47923
26 2.41394
27 2.38503
28 2.59839
29 2.32369
"[DEBUG]index 75 centroid... "
0 5.34003
1 5.0626
2 4.81453
3 4.23493
4 4.73416
5 5.71252
6 4.51314
7 2.37249
8 25.2117
9 7.42736
10 2.82689
11 1.83771
12 5.83076
13 1.92736
14 1.22643
15 1.67697
16 2.6507
17 14.8879
18 3.43045
19 1.58964
20 3.9745
21 13.7651
22 2.52241
23 4.98841
24 5.36476
25 4.97295
26 4.7558
27 4.8323
28 4.74575
29 5.22798
"[DEBUG]index 76 centroid... "
0 4.93635
1 4.2553
2 3.79915
3 4.58487
4 4.18317
5 4.77864
6 4.82885
7 2.6471
8 16.0064
9 7.37129
10 2.61103
11 6.40099
12 19.3946
13 4.56153
14 11.239
15 30.6782
16 10.3253
17 6.40311
18 3.529
19 4.76733
20 2.04385
21 1.33098
22 2.09547
23 3.40099
24 3.04314
25 3.03041
26 4.64569
27 3.11952
28 3.49576
29 4.54385
"[DEBUG]index 77 centroid... "
0 4.63866
1 4.66574
2 4.70856
3 4.43426
4 4.78403
5 5.96042
6 4.67998
7 3.339
8 43.0348
9 6.77095
10 3.38993
11 16.8639
12 4.69271
13 3.2397
14 13.4023
15 13.4676
16 3.38889
17 15.4286
18 3.45451
19 14.4495
20 12.4391
21 2.95995
22 13.6395
23 5.18264
24 4.51887
25 5.07037
26 4.87211
27 4.59016
28 4.4088
29 4.32882
"[DEBUG]index 78 centroid... "
0 3.10282
1 3.28089
2 3.38191
3 3.33315
4 3.51338
5 3.62305
6 3.12841
7 2.24106
8 15.9709
9 5.37127
10 3.22357
11 6.35893
12 9.52185
13 37.2562
14 8.35685
15 5.01171
16 2.93088
17 7.02433
18 2.21456
19 2.49707
20 2.30918
21 5.41254
22 2.36821
23 2.69316
24 2.76768
25 2.68451
26 2.49112
27 2.55339
28 2.52546
29 2.40452
"[DEBUG]index 79 centroid... "
0 5.21913
1 5.28598
2 4.45125
3 4.83937
4 5.01671
5 4.98422
6 5.04828
7 2.44104
8 27
9 7.23955
10 2.94708
11 4.03621
12 1.43918
13 4.02971
14 1.48561
15 0.817084
16 1.30269
17 3.23677
18 14.4373
19 2.31848
20 3.93965
21 3.66574
22 2.98979
23 4.37233
24 4.36954
25 4.4624
26 4.12628
27 4.49768
28 4.43547
29 4.22098
"[DEBUG]index 80 centroid... "
0 6.91953
1 6.89176
2 6.42964
3 5.78128
4 7.00744
5 7.38473
6 5.75411
7 3.31006
8 37.6476
9 8.15586
10 5.13636
11 2.45457
12 4.44547
13 17.646
14 3.71736
15 3.97885
16 1.53421
17 5.28678
18 4.34243
19 1.70117
20 1.76758
21 4.12927
22 1.77183
23 5.11308
24 4.19721
25 4.20406
26 4.35283
27 4.53125
28 4.28808
29 4.44677
"[DEBUG]index 81 centroid... "
0 4.30705
1 4.80705
2 4.4431
3 4.4171
4 4.73859
5 4.76921
6 4.62276
7 2.77325
8 23.1072
9 7.70393
10 4.6167
11 3.99509
12 5.85182
13 26.4451
14 6.68111
15 3.91883
16 4.28712
17 6.99971
18 28.9281
19 6.1658
20 3.32438
21 4.60947
22 2.12594
23 4.13085
24 3.71664
25 3.32322
26 3.56095
27 3.79665
28 3.8937
29 3.48382
"[DEBUG]index 82 centroid... "
0 4.58021
1 4.49796
2 4.10749
3 4.09487
4 4.31555
5 4.99064
6 4.23941
7 2.6307
8 34.0668
9 4.44748
10 14.7814
11 3.6991
12 1.82166
13 3.3864
14 12.7296
15 11.0493
16 3.34935
17 3.58469
18 12.6999
19 11.752
20 2.25977
21 4.18241
22 1.44951
23 4.85261
24 3.90024
25 3.84283
26 3.45236
27 4.02769
28 3.75366
29 3.63966
"[DEBUG]index 83 centroid... "
0 5.66553
1 5.80155
2 5.17578
3 5.00404
4 6.46553
5 6.11957
6 5.65575
7 3.00435
8 33.9335
9 6.79425
10 4.4354
11 2.25419
12 6.1632
13 2.32888
14 1.83121
15 3.47453
16 18.3736
17 4.70807
18 2.04379
19 4.37205
20 16.3343
21 2.96553
22 1.92065
23 6.23059
24 5.55171
25 4.99752
26 5.07329
27 5.10186
28 5.05683
29 5.12686
"[DEBUG]index 84 centroid... "
0 8.27623
1 7.51925
2 6.53369
3 6.53657
4 6.51251
5 6.99808
6 5.8436
7 4.02454
8 28.5399
9 5.50096
10 16.2445
11 4.05871
12 2.25168
13 6.7589
14 1.89798
15 1.74783
16 5.423
17 1.51107
18 4.28441
19 2.05534
20 1.02069
21 1.97546
22 1.88787
23 4.11453
24 3.99904
25 3.9206
26 4.6025
27 4.27141
28 4.07459
29 4.77526
"[DEBUG]index 85 centroid... "
0 2.11083
1 2.2875
2 2.23083
3 2.01708
4 1.88708
5 2.46792
6 2.56417
7 1.70917
8 8.80833
9 20.1779
10 5.74167
11 4.62375
12 2.24792
13 1.0475
14 2.08708
15 0.902917
16 1.77083
17 4.62208
18 2.01167
19 1.87083
20 3.65917
21 10.4746
22 3.0625
23 2.03542
24 2.45792
25 2.23167
26 2.21375
27 2.02417
28 2.135
29 1.98458
"[DEBUG]index 86 centroid... "
0 6.45031
1 5.81369
2 5.61617
3 5.46011
4 6.6803
5 6.72593
6 5.84664
7 3.36104
8 51.7713
9 6.95339
10 3.43878
11 2.19699
12 1.90523
13 3.42312
14 1.46995
15 3.74815
16 1.37496
17 4.10187
18 1.34361
19 3.74872
20 3.04413
21 1.18577
22 3.41155
23 3.77493
24 3.37208
25 3.92825
26 4.00727
27 4.07375
28 4.06568
29 4.42232
"[DEBUG]index 87 centroid... "
0 4.21652
1 4.0213
2 4.46478
3 4.32
4 4.51261
5 4.47348
6 3.87043
7 2.08696
8 30.6874
9 6.45478
10 2.76087
11 12.4335
12 12.9883
13 10.6743
14 2.81522
15 1.49304
16 3.96174
17 3.82217
18 3.91435
19 1.47696
20 3.56783
21 11.2326
22 11.9813
23 2.89
24 4.54565
25 4.50348
26 3.8
27 3.87
28 3.88565
29 3.68913
"[DEBUG]index 88 centroid... "
0 4.53765
1 4.64275
2 4.50352
3 4.0323
4 4.31675
5 4.54363
6 4.63282
7 3.06711
8 29.9499
9 4.09854
10 32.3255
11 5.68103
12 3.43843
13 2.70909
14 4.75055
15 1.76897
16 3.71623
17 10.8742
18 2.68277
19 8.73059
20 3.73956
21 1.71237
22 3.78613
23 3.65828
24 3.10905
25 3.50477
26 3.52001
27 3.4287
28 3.66271
29 3.41414
"[DEBUG]index 89 centroid... "
0 4.32958
1 4.22189
2 4.04095
3 4.00888
4 3.81473
5 5.31571
6 5.31354
7 2.7883
8 23.8804
9 26.4765
10 6.0273
11 3.50748
12 2.18202
13 3.0273
14 8.89859
15 2.09989
16 9.1766
17 3.04572
18 1.65417
19 3.22752
20 3.11809
21 1.161
22 2.66804
23 2.90791
24 3.03749
25 2.73023
26 3.31896
27 2.71268
28 3.2598
29 2.8455
"[DEBUG]index 90 centroid... "
0 4.93164
1 4.57682
2 4.66244
3 4.2643
4 5.03519
5 4.87039
6 4.29543
7 2.6423
8 39.0409
9 4.71269
10 15.5858
11 3.08274
12 16.7841
13 2.94975
14 13.5501
15 2.62538
16 10.6489
17 12.6327
18 3.45533
19 1.98528
20 4.10778
21 11.5677
22 2.83959
23 4.32876
24 4.78629
25 4.58646
26 3.97513
27 4.11201
28 4.07174
29 3.68511
"[DEBUG]index 91 centroid... "
0 3.83115
1 4.25898
2 3.71078
3 3.55277
4 4.13634
5 4.92014
6 3.99173
7 2.67228
8 31.253
9 5.88905
10 3.61979
11 2.08129
12 3.87079
13 12.3657
14 2.4401
15 13.1358
16 2.52025
17 16.1303
18 2.57245
19 13.9544
20 2.29778
21 10.6378
22 10.9749
23 3.5154
24 4.32259
25 4.92527
26 4.08756
27 4.26697
28 3.9478
29 3.99373
"[DEBUG]index 92 centroid... "
0 4.13914
1 4.30888
2 4.25943
3 3.86383
4 4.53475
5 4.99168
6 4.55361
7 3.27933
8 24.5919
9 5.76166
10 3.62801
11 10.1478
12 3.83338
13 6.53831
14 29.7676
15 3.87615
16 28.1757
17 6.16899
18 9.29923
19 4.34333
20 3.94728
21 3.25334
22 7.50564
23 3.45307
24 4.06133
25 3.96228
26 3.9302
27 3.77428
28 3.7232
29 3.62311
"[DEBUG]index 93 centroid... "
0 4.40884
1 4.7268
2 4.65746
3 4.42652
4 4.57293
5 5.47776
6 4.60525
7 3.38135
8 27.2706
9 6.19461
10 5.34434
11 32.0231
12 9.75331
13 3.24517
14 7.69461
15 30.3069
16 5.20953
17 3.58232
18 10.2432
19 3.64517
20 9.83135
21 3.29641
22 9.44641
23 4.33591
24 4.41561
25 4.41091
26 4.44282
27 4.1395
28 3.88646
29 3.61768
"[DEBUG]index 94 centroid... "
0 5.6061
1 5.43156
2 5.75615
3 5.14217
4 5.75886
5 6.17689
6 4.72696
7 3.34436
8 41.3322
9 5.49323
10 14.8842
11 15.5494
12 3.0878
13 12.4756
14 16.0295
15 2.70954
16 2.01459
17 5.10792
18 4.07379
19 1.80146
20 3.62116
21 3.76945
22 3.14358
23 4.00483
24 3.85524
25 3.60633
26 3.69425
27 3.54007
28 3.44863
29 3.51253
"[DEBUG]index 95 centroid... "
0 4.86581
1 4.56983
2 4.24702
3 4.02734
4 4.32729
5 4.72813
6 4.13345
7 2.77187
8 32.2296
9 4.29498
10 15.2935
11 3.27609
12 2.0159
13 4.32952
14 1.70253
15 3.04846
16 14.3966
17 2.24105
18 11.458
19 11.2706
20 3.13643
21 1.73509
22 4.23385
23 4.31138
24 3.57008
25 3.9672
26 3.86332
27 3.84766
28 3.89463
29 3.51814
"[DEBUG]index 96 centroid... "
0 5.40931
1 5.31356
2 5.2329
3 4.93434
4 5.5732
5 6.11881
6 4.6885
7 2.72107
8 46.2044
9 7.42028
10 4.85805
11 4.83662
12 18.2898
13 9.90417
14 2.69655
15 15.855
16 4.80602
17 2.16904
18 4.55709
19 16.9444
20 3.47223
21 3.56635
22 15.2462
23 4.92508
24 4.7161
25 5.25733
26 4.9898
27 4.78253
28 4.69218
29 4.66012
"[DEBUG]index 97 centroid... "
0 4.41617
1 4.76593
2 4.80616
3 4.36355
4 4.84253
5 5.57648
6 4.0788
7 2.77199
8 38.3594
9 6.80565
10 3.72014
11 17.3774
12 3.09917
13 11.806
14 3.89154
15 3.87606
16 2.19538
17 4.71073
18 3.52902
19 16.3505
20 2.58886
21 11.3544
22 13.9825
23 3.86704
24 4.55275
25 5.03147
26 4.33841
27 4.09337
28 4.40547
29 3.88084
"[DEBUG]index 98 centroid... "
0 5.17647
1 4.82732
2 5.28273
3 5.05835
4 5.05882
5 6.56926
6 5.25901
7 3.75
8 25.6788
9 7.6371
10 3.46774
11 11.5474
12 12.3705
13 2.71205
14 10.0536
15 31.5337
16 4.12049
17 25.9526
18 23.9459
19 5.56404
20 10.5489
21 5.75427
22 2.46347
23 5.47723
24 4.84203
25 4.63947
26 5.01518
27 4.42695
28 4.73672
29 4.1518
"[DEBUG]index 99 centroid... "
0 4.25103
1 4.59367
2 4.02566
3 4.11144
4 4.14122
5 4.53618
6 4.19375
7 2.2769
8 29.8318
9 7.44108
10 3.90839
11 3.92011
12 11.8856
13 3.25977
14 1.98209
15 5.11898
16 4.01542
17 6.57313
18 34.96
19 6.66119
20 3.48088
21 11.3033
22 3.98806
23 3.88017
24 4.37761
25 4.21549
26 4.04343
27 4.3204
28 4.0705
29 4.00227
