"[DEBUG]index 0 centroid... "
0 0.138387
1 0.1919
2 0.14934
3 0.27486
4 0.181307
5 -0.00929999
6 0.1795
7 0.0103267
8 0.236213
9 0.176647
10 0.11772
11 0.11972
12 0.0402467
13 0.0914601
14 -0.0292934
15 -0.0577
16 0.0276533
17 0.0496
18 0.0423733
19 0.187287
20 0.153373
21 0.124213
22 0.0482267
23 0.0888533
24 0.0205067
25 0.09476
26 0.17346
27 0.0843733
28 0.0282667
29 0.0599533
"[DEBUG]index 1 centroid... "
0 0.10699
1 0.233557
2 0.26735
3 0.333134
4 0.157794
5 0.0603299
6 0.194598
7 0.340206
8 0.282639
9 0.130567
10 0.255907
11 0.264196
12 0.240711
13 0.223856
14 0.184144
15 0.248732
16 0.370876
17 0.218722
18 0.407753
19 0.339062
20 0.26601
21 0.251887
22 0.281247
23 0.432588
24 0.274701
25 0.181443
26 0.274505
27 0.293351
28 0.234474
29 0.226072
"[DEBUG]index 2 centroid... "
0 0.134347
1 0.18311
2 0.139731
3 0.173441
4 0.187706
5 0.165781
6 0.205383
7 0.165973
8 0.0821904
9 0.146642
10 0.184075
11 0.175056
12 0.211676
13 0.188568
14 0.203923
15 0.144133
16 0.173584
17 0.127945
18 0.115618
19 0.15816
20 0.190193
21 0.23317
22 0.10764
23 0.142773
24 0.197039
25 0.173341
26 0.135821
27 0.156478
28 0.198102
29 0.208979
"[DEBUG]index 3 centroid... "
0 0.24293
1 0.278012
2 0.203419
3 0.280023
4 0.25157
5 0.185244
6 0.293616
7 0.286663
8 0.181581
9 0.147233
10 0.0802558
11 -0.0449535
12 0.491454
13 0.320977
14 0.209791
15 0.272244
16 0.0936395
17 0.167919
18 0.192605
19 0.138849
20 0.13207
21 0.306942
22 0.31986
23 0.204779
24 0.327046
25 0.213407
26 0.226267
27 0.136535
28 0.205488
29 0.15236
"[DEBUG]index 4 centroid... "
0 0.10598
1 0.109136
2 0.12966
3 0.148288
4 0.153246
5 0.123066
6 0.155023
7 0.128725
8 0.0421598
9 0.121136
10 0.147519
11 0.120322
12 0.123406
13 0.162133
14 0.10509
15 0.0926654
16 0.145209
17 0.170531
18 0.142352
19 0.170133
20 0.128752
21 0.0199716
22 0.10853
23 0.145263
24 0.128113
25 0.161088
26 0.155716
27 0.146357
28 0.146958
29 0.133557
"[DEBUG]index 5 centroid... "
0 0.128753
1 0.137665
2 0.120946
3 0.177087
4 0.174168
5 0.151494
6 0.16342
7 0.159561
8 0.0990517
9 0.112752
10 0.134228
11 0.084775
12 0.114937
13 0.193452
14 0.180563
15 0.143022
16 0.166429
17 0.166754
18 0.130784
19 0.059817
20 0.127615
21 0.155113
22 0.152323
23 0.145697
24 0.150024
25 0.147122
26 0.143801
27 0.152933
28 0.133364
29 0.145721
"[DEBUG]index 6 centroid... "
0 0.164101
1 0.155933
2 0.144447
3 0.170103
4 0.148278
5 0.147625
6 0.188112
7 0.139892
8 0.0803117
9 0.130108
10 0.0729644
11 0.089507
12 0.162139
13 0.141428
14 0.130544
15 0.136823
16 0.132363
17 0.122438
18 0.167816
19 0.175279
20 0.156843
21 0.160895
22 0.191718
23 0.179251
24 0.170683
25 0.191618
26 0.164849
27 0.196403
28 0.177352
29 0.160417
"[DEBUG]index 7 centroid... "
0 0.0650677
1 0.108621
2 0.117555
3 0.098316
4 0.0553183
5 0.0566524
6 0.0671219
7 0.154605
8 0.169682
9 0.117176
10 0.119203
11 0.176147
12 0.0742619
13 0.10521
14 0.21012
15 0.13326
16 0.165998
17 0.184616
18 0.143948
19 0.137424
20 0.218648
21 0.144447
22 0.102266
23 0.204056
24 0.219795
25 0.1896
26 0.195027
27 0.208203
28 0.217743
29 0.115411
"[DEBUG]index 8 centroid... "
0 0.143748
1 0.146324
2 0.15154
3 0.163766
4 0.16295
5 0.132153
6 0.164719
7 0.135935
8 0.0510351
9 0.122648
10 0.170515
11 0.174934
12 0.157971
13 0.140055
14 0.123103
15 0.0930624
16 0.107166
17 0.0960774
18 0.154688
19 0.171241
20 0.114821
21 0.150878
22 0.165475
23 0.139289
24 0.146851
25 0.147569
26 0.134922
27 0.135225
28 0.151559
29 0.155398
"[DEBUG]index 9 centroid... "
0 0.155835
1 0.142038
2 0.165464
3 0.17687
4 0.188683
5 0.156066
6 0.170289
7 0.155887
8 0.0506682
9 0.124629
10 0.149424
11 0.154318
12 0.201306
13 0.210104
14 0.17727
15 0.13719
16 0.151317
17 0.18589
18 0.159899
19 0.135968
20 0.19059
21 0.186719
22 0.17184
23 0.175508
24 0.188117
25 0.167617
26 0.133892
27 0.170147
28 0.180873
29 0.161265
"[DEBUG]index 10 centroid... "
0 0.168659
1 0.187399
2 0.17618
3 0.179213
4 0.181423
5 0.185966
6 0.199662
7 0.188137
8 0.0902617
9 0.138761
10 0.200187
11 0.209938
12 0.198297
13 0.150482
14 0.180206
15 0.191486
16 0.174337
17 0.150894
18 0.161713
19 0.197141
20 0.204558
21 0.190477
22 0.123938
23 0.163548
24 0.176483
25 0.169144
26 0.180129
27 0.163813
28 0.177284
29 0.166579
"[DEBUG]index 11 centroid... "
0 0.140848
1 0.167375
2 0.138175
3 0.154996
4 0.175946
5 0.144842
6 0.189394
7 0.157692
8 0.0892448
9 0.094923
10 0.115142
11 0.200892
12 0.14737
13 0.144625
14 0.21523
15 0.153539
16 0.158955
17 0.168748
18 0.162745
19 0.0939706
20 0.0847974
21 0.178718
22 0.187208
23 0.176195
24 0.168169
25 0.174488
26 0.149398
27 0.142447
28 0.15144
29 0.144721
"[DEBUG]index 12 centroid... "
0 0.162299
1 0.170379
2 0.155042
3 0.182026
4 0.184707
5 0.149829
6 0.167292
7 0.163686
8 0.0753637
9 0.110794
10 0.177546
11 0.165214
12 0.16704
13 0.164123
14 0.175663
15 0.12352
16 0.0674705
17 0.161077
18 0.169842
19 0.143025
20 0.179065
21 0.172844
22 0.146233
23 0.16025
24 0.169676
25 0.160871
26 0.158096
27 0.169093
28 0.164893
29 0.162082
"[DEBUG]index 13 centroid... "
0 0.119896
1 0.125274
2 0.143129
3 0.129315
4 0.104515
5 0.147258
6 0.211697
7 0.144562
8 0.116507
9 0.0558008
10 -0.0054752
11 0.0554664
12 0.110311
13 0.149574
14 0.210064
15 0.178075
16 0.114547
17 0.135585
18 0.127778
19 0.144474
20 0.151594
21 0.144051
22 0.171177
23 0.137318
24 0.144706
25 0.186006
26 0.22868
27 0.226626
28 0.254558
29 0.219125
"[DEBUG]index 14 centroid... "
0 0.127087
1 0.196873
2 0.152758
3 0.169812
4 0.150109
5 0.186852
6 0.126883
7 0.151852
8 0.0776594
9 0.111552
10 0.164052
11 0.121912
12 0.154529
13 0.135376
14 0.162347
15 0.140818
16 0.0439597
17 0.121944
18 0.114015
19 0.130608
20 0.22186
21 0.143313
22 0.0949249
23 0.148211
24 0.141296
25 0.140969
26 0.127802
27 0.124513
28 0.141372
29 0.166277
"[DEBUG]index 15 centroid... "
0 0.15488
1 0.156246
2 0.155324
3 0.146523
4 0.173437
5 0.180268
6 0.15617
7 0.186309
8 0.132385
9 0.0730193
10 0.142674
11 0.148993
12 0.147398
13 0.133066
14 0.0994625
15 0.161757
16 0.163398
17 0.127977
18 0.131762
19 0.122569
20 0.148762
21 0.131709
22 0.130467
23 0.160424
24 0.157543
25 0.170455
26 0.156565
27 0.173186
28 0.186656
29 0.162908
"[DEBUG]index 16 centroid... "
0 0.113303
1 0.131416
2 0.151454
3 0.161584
4 0.158292
5 0.111552
6 0.120823
7 0.115328
8 0.0304851
9 0.0845695
10 0.157146
11 0.139328
12 0.137094
13 0.129637
14 0.157209
15 0.181025
16 0.151899
17 0.191389
18 0.147317
19 0.0911966
20 0.150682
21 0.178406
22 0.164777
23 0.174981
24 0.169109
25 0.154938
26 0.137976
27 0.120787
28 0.134877
29 0.135347
"[DEBUG]index 17 centroid... "
0 0.153751
1 0.161084
2 0.144865
3 0.182872
4 0.174756
5 0.148053
6 0.205776
7 0.185455
8 0.0734158
9 0.174146
10 0.188204
11 0.147716
12 0.193193
13 0.227323
14 0.180327
15 0.161268
16 0.223861
17 0.196652
18 0.112852
19 0.182299
20 0.215484
21 0.117052
22 0.146043
23 0.206595
24 0.166792
25 0.165693
26 0.168625
27 0.15268
28 0.144351
29 0.133855
"[DEBUG]index 18 centroid... "
0 0.162187
1 0.150899
2 0.170954
3 0.175938
4 0.184455
5 0.149426
6 0.196658
7 0.16876
8 0.0695216
9 0.151613
10 0.157051
11 0.134084
12 0.183603
13 0.183362
14 0.143835
15 0.212039
16 0.177369
17 0.0845872
18 0.142211
19 0.199414
20 0.14372
21 0.0990776
22 0.17354
23 0.185572
24 0.144887
25 0.180201
26 0.143285
27 0.155608
28 0.181696
29 0.182514
"[DEBUG]index 19 centroid... "
0 0.167535
1 0.203142
2 0.175066
3 0.193186
4 0.164146
5 0.148473
6 0.188446
7 0.125037
8 0.103432
9 0.164164
10 0.203432
11 0.128968
12 0.184258
13 0.115889
14 0.128787
15 0.135599
16 0.207067
17 0.165954
18 0.133511
19 0.132543
20 0.217323
21 0.154578
22 0.134251
23 0.234678
24 0.207098
25 0.180425
26 0.143653
27 0.172745
28 0.177001
29 0.175665
"[DEBUG]index 20 centroid... "
0 0.178465
1 0.187649
2 0.209703
3 0.195564
4 0.143361
5 0.204626
6 0.194343
7 0.236461
8 0.128169
9 0.156124
10 0.174451
11 0.173692
12 0.166024
13 0.201691
14 0.143049
15 0.157511
16 0.149929
17 0.081392
18 0.122936
19 0.167419
20 0.139532
21 0.162481
22 0.128217
23 0.189626
24 0.208905
25 0.176796
26 0.226896
27 0.268762
28 0.218833
29 0.241309
"[DEBUG]index 21 centroid... "
0 0.153471
1 0.148825
2 0.165962
3 0.17406
4 0.165504
5 0.145352
6 0.169282
7 0.141939
8 0.0514613
9 0.12288
10 0.168785
11 0.114089
12 0.165493
13 0.178526
14 0.156294
15 0.175244
16 0.160461
17 0.153615
18 0.176998
19 0.157923
20 0.134786
21 0.160603
22 0.164076
23 0.168331
24 0.166061
25 0.164223
26 0.161476
27 0.152297
28 0.150645
29 0.153929
"[DEBUG]index 22 centroid... "
0 0.140842
1 0.133973
2 0.137782
3 0.169782
4 0.165296
5 0.122548
6 0.177826
7 0.155969
8 0.0704869
9 0.150905
10 0.192893
11 0.117023
12 0.134764
13 0.191017
14 0.119719
15 0.064605
16 0.133812
17 0.184299
18 0.140824
19 0.169139
20 0.149972
21 0.111848
22 0.166682
23 0.170084
24 0.165194
25 0.197403
26 0.180044
27 0.168547
28 0.169018
29 0.182362
"[DEBUG]index 23 centroid... "
0 0.161758
1 0.137215
2 0.124554
3 0.141903
4 0.142114
5 0.123335
6 0.155796
7 0.136441
8 0.0705231
9 0.12003
10 0.151625
11 0.113093
12 0.144013
13 0.104734
14 0.0331943
15 0.126795
16 0.145741
17 0.150298
18 0.133979
19 0.110322
20 0.134545
21 0.143725
22 0.153635
23 0.124521
24 0.136548
25 0.16963
26 0.149097
27 0.165363
28 0.167006
29 0.159679
"[DEBUG]index 24 centroid... "
0 0.153807
1 0.147405
2 0.146684
3 0.181267
4 0.165646
5 0.134067
6 0.175646
7 0.13824
8 0.0493376
9 0.157889
10 0.179993
11 0.120605
12 0.137302
13 0.128843
14 0.130183
15 0.103515
16 0.177714
17 0.159122
18 0.104975
19 0.154441
20 0.177236
21 0.148617
22 0.149179
23 0.157279
24 0.161648
25 0.150037
26 0.160338
27 0.165245
28 0.180402
29 0.167626
"[DEBUG]index 25 centroid... "
0 0.121946
1 0.134741
2 0.138372
3 0.142651
4 0.156786
5 0.130981
6 0.159451
7 0.135176
8 0.0365443
9 0.0358822
10 0.0880178
11 0.150539
12 0.174647
13 0.162411
14 0.146174
15 0.155877
16 0.171556
17 0.151447
18 0.154337
19 0.193011
20 0.184334
21 0.164662
22 0.203962
23 0.188189
24 0.16551
25 0.182617
26 0.177605
27 0.160097
28 0.159332
29 0.15167
"[DEBUG]index 26 centroid... "
0 0.139038
1 0.078368
2 0.120773
3 0.164778
4 0.137147
5 0.172328
6 0.1257
7 0.133913
8 0.0937248
9 0.0905275
10 0.177573
11 0.198172
12 0.131637
13 0.0662138
14 0.15323
15 0.184923
16 0.143195
17 0.107285
18 0.153814
19 0.141423
20 0.0603349
21 0.0587945
22 0.0741706
23 0.1618
24 0.130936
25 0.0660798
26 0.10423
27 0.171824
28 0.0777478
29 0.153027
"[DEBUG]index 27 centroid... "
0 0.153815
1 0.139955
2 0.115908
3 0.151218
4 0.142144
5 0.133535
6 0.179215
7 0.162463
8 0.131654
9 0.106989
10 0.120824
11 0.0908058
12 0.155287
13 0.141886
14 0.15032
15 0.12316
16 0.153335
17 0.13019
18 0.060021
19 0.0919956
20 0.138051
21 0.130684
22 0.131715
23 0.144288
24 0.126824
25 0.120555
26 0.135565
27 0.165581
28 0.143642
29 0.141749
"[DEBUG]index 28 centroid... "
0 0.178795
1 0.156481
2 0.171748
3 0.189961
4 0.184421
5 0.176709
6 0.18816
7 0.169481
8 0.101595
9 0.14702
10 0.142269
11 0.17983
12 0.130768
13 0.0811394
14 0.19563
15 0.183828
16 0.144996
17 0.182274
18 0.151967
19 0.144756
20 0.135993
21 0.175423
22 0.178436
23 0.195379
24 0.212459
25 0.195812
26 0.212457
27 0.193614
28 0.201064
29 0.207889
"[DEBUG]index 29 centroid... "
0 0.127326
1 0.140803
2 0.171731
3 0.164903
4 0.164207
5 0.166618
6 0.187697
7 0.149783
8 0.104916
9 0.0748956
10 0.0712616
11 0.146045
12 0.156251
13 0.128554
14 0.180268
15 0.140931
16 0.0734992
17 0.130514
18 0.163393
19 0.118833
20 0.135339
21 0.152602
22 0.164513
23 0.147087
24 0.15546
25 0.14967
26 0.157235
27 0.157067
28 0.139552
29 0.152963
"[DEBUG]index 30 centroid... "
0 0.129526
1 0.131975
2 0.154469
3 0.182724
4 0.175294
5 0.135577
6 0.183461
7 0.172915
8 0.0608217
9 0.0899753
10 0.164736
11 0.168465
12 0.159915
13 0.161163
14 0.143103
15 0.170758
16 0.146081
17 0.139036
18 0.192307
19 0.0980252
20 0.150563
21 0.172328
22 0.104529
23 0.172598
24 0.165617
25 0.136457
26 0.152912
27 0.147887
28 0.15052
29 0.13835
"[DEBUG]index 31 centroid... "
0 0.14672
1 0.137251
2 0.146099
3 0.164756
4 0.172811
5 0.13881
6 0.166363
7 0.168517
8 0.0801385
9 0.0946869
10 0.154976
11 0.134438
12 0.124013
13 0.179724
14 0.183005
15 0.131122
16 0.152115
17 0.162734
18 0.146283
19 0.171036
20 0.167378
21 0.166891
22 0.186051
23 0.174861
24 0.172567
25 0.177398
26 0.171022
27 0.174662
28 0.168915
29 0.170245
"[DEBUG]index 32 centroid... "
0 0.127684
1 0.138488
2 0.123511
3 0.153785
4 0.126061
5 0.126639
6 0.12346
7 0.126821
8 0.0608724
9 0.121743
10 0.16511
11 0.112076
12 0.142203
13 0.180501
14 0.168962
15 0.071501
16 0.0952974
17 0.160071
18 0.12076
19 0.12335
20 0.128463
21 0.146329
22 0.119457
23 0.168071
24 0.137491
25 0.160186
26 0.133763
27 0.128437
28 0.129161
29 0.131876
"[DEBUG]index 33 centroid... "
0 0.151438
1 0.141166
2 0.138228
3 0.160173
4 0.165093
5 0.152007
6 0.175272
7 0.150267
8 0.0610092
9 0.0461629
10 0.0559595
11 0.137801
12 0.171913
13 0.152631
14 0.159493
15 0.163354
16 0.164761
17 0.194951
18 0.153615
19 0.152249
20 0.165585
21 0.128467
22 0.165559
23 0.191422
24 0.16817
25 0.183819
26 0.187468
27 0.150641
28 0.14952
29 0.153518
"[DEBUG]index 34 centroid... "
0 0.13369
1 0.138918
2 0.152292
3 0.162596
4 0.15582
5 0.130562
6 0.149166
7 0.137666
8 0.04923
9 0.1181
10 0.162339
11 0.144172
12 0.169925
13 0.114455
14 0.0491287
15 0.137757
16 0.149725
17 0.127472
18 0.180514
19 0.180166
20 0.144128
21 0.129735
22 0.134519
23 0.132677
24 0.134732
25 0.120202
26 0.13366
27 0.139453
28 0.129032
29 0.137192
"[DEBUG]index 35 centroid... "
0 0.175873
1 0.174499
2 0.158988
3 0.19838
4 0.178414
5 0.150853
6 0.208895
7 0.205916
8 0.110894
9 0.103952
10 0.145065
11 0.119073
12 0.125241
13 0.213644
14 0.199866
15 0.174005
16 0.167909
17 0.159398
18 0.139055
19 0.133801
20 0.0900155
21 0.115171
22 0.179591
23 0.186066
24 0.177374
25 0.18361
26 0.181909
27 0.147006
28 0.168441
29 0.160201
"[DEBUG]index 36 centroid... "
0 0.13303
1 0.138344
2 0.122107
3 0.145972
4 0.151049
5 0.112489
6 0.129948
7 0.193125
8 0.0770673
9 0.0353563
10 0.166268
11 0.149805
12 0.0948149
13 0.153431
14 0.176654
15 0.117519
16 0.125194
17 0.13154
18 0.153963
19 0.146058
20 0.173648
21 0.1648
22 0.113843
23 0.154061
24 0.183465
25 0.177039
26 0.168013
27 0.145736
28 0.157056
29 0.152259
"[DEBUG]index 37 centroid... "
0 0.139708
1 0.139659
2 0.158018
3 0.163055
4 0.152357
5 0.128432
6 0.161435
7 0.134292
8 0.0523745
9 0.116844
10 0.153118
11 0.145999
12 0.175294
13 0.169531
14 0.138411
15 0.176621
16 0.121568
17 0.0540574
18 0.140165
19 0.178522
20 0.159035
21 0.148654
22 0.161389
23 0.149708
24 0.138031
25 0.143026
26 0.161865
27 0.155989
28 0.153714
29 0.16054
"[DEBUG]index 38 centroid... "
0 0.130798
1 0.134772
2 0.14487
3 0.172017
4 0.171145
5 0.125865
6 0.160042
7 0.132475
8 0.0262137
9 0.119871
10 0.179133
11 0.163293
12 0.167616
13 0.200148
14 0.159145
15 0.0959314
16 0.175073
17 0.174599
18 0.113286
19 0.162741
20 0.17714
21 0.13661
22 0.104083
23 0.152111
24 0.139752
25 0.140567
26 0.133793
27 0.150316
28 0.135846
29 0.148018
"[DEBUG]index 39 centroid... "
0 0.153018
1 0.149155
2 0.165094
3 0.184947
4 0.176617
5 0.133392
6 0.158682
7 0.15463
8 0.0747453
9 0.150978
10 0.169693
11 0.135456
12 0.145499
13 0.141676
14 0.178109
15 0.124871
16 0.118462
17 0.173817
18 0.10043
19 0.0492646
20 0.158574
21 0.19361
22 0.153754
23 0.162215
24 0.166572
25 0.152868
26 0.151474
27 0.166547
28 0.168642
29 0.155394
"[DEBUG]index 40 centroid... "
0 0.102676
1 0.122225
2 0.129563
3 0.133684
4 0.146824
5 0.142109
6 0.131478
7 0.14515
8 0.084268
9 0.107486
10 0.109458
11 0.0598884
12 0.0933585
13 0.135487
14 0.117738
15 0.161049
16 0.16809
17 0.203241
18 0.217518
19 0.231163
20 0.246453
21 0.219008
22 0.226222
23 0.226589
24 0.22316
25 0.214967
26 0.163734
27 0.214057
28 0.196022
29 0.1853
"[DEBUG]index 41 centroid... "
0 0.167197
1 0.16013
2 0.13111
3 0.150625
4 0.158832
5 0.160591
6 0.169887
7 0.177872
8 0.126988
9 0.0764013
10 0.109775
11 0.0602709
12 0.111735
13 0.161336
14 0.120938
15 0.120037
16 0.14246
17 0.152008
18 0.17643
19 0.171977
20 0.188085
21 0.198564
22 0.211229
23 0.219631
24 0.217055
25 0.235316
26 0.227891
27 0.2183
28 0.2201
29 0.211771
"[DEBUG]index 42 centroid... "
0 0.14839
1 0.142481
2 0.159398
3 0.151649
4 0.17014
5 0.163197
6 0.166023
7 0.212396
8 0.0625406
9 0.0369566
10 0.155999
11 0.187973
12 0.132027
13 0.166948
14 0.1552
15 0.177375
16 0.189691
17 0.104394
18 0.143335
19 0.167803
20 0.138266
21 0.173626
22 0.183777
23 0.165753
24 0.1581
25 0.182917
26 0.157098
27 0.15083
28 0.163265
29 0.18061
"[DEBUG]index 43 centroid... "
0 0.13251
1 0.142847
2 0.142598
3 0.167959
4 0.153002
5 0.127064
6 0.127853
7 0.125078
8 0.0386937
9 0.113099
10 0.172882
11 0.157464
12 0.191019
13 0.146795
14 0.0643817
15 0.123395
16 0.173582
17 0.164685
18 0.143369
19 0.150068
20 0.170853
21 0.134145
22 0.0943764
23 0.128263
24 0.146848
25 0.144615
26 0.151179
27 0.144329
28 0.135851
29 0.146763
"[DEBUG]index 44 centroid... "
0 0.119882
1 0.148095
2 0.154371
3 0.16595
4 0.170476
5 0.142431
6 0.165287
7 0.147246
8 0.0408413
9 0.07326
10 0.121768
11 0.186633
12 0.196994
13 0.175324
14 0.159247
15 0.161293
16 0.144621
17 0.110267
18 0.0921218
19 0.0879259
20 0.107641
21 0.112639
22 0.149929
23 0.155412
24 0.145464
25 0.140974
26 0.131584
27 0.130242
28 0.135777
29 0.142276
"[DEBUG]index 45 centroid... "
0 0.120283
1 0.115435
2 0.122739
3 0.161283
4 0.163282
5 0.141147
6 0.14702
7 0.141324
8 0.0566639
9 0.0561765
10 0.105501
11 0.152748
12 0.162127
13 0.124344
14 0.140738
15 0.126083
16 0.133688
17 0.147786
18 0.13988
19 0.142644
20 0.100037
21 0.107586
22 0.090914
23 0.128648
24 0.150002
25 0.144883
26 0.154109
27 0.130022
28 0.122469
29 0.131155
"[DEBUG]index 46 centroid... "
0 0.164219
1 0.149182
2 0.157567
3 0.169706
4 0.167517
5 0.146263
6 0.178509
7 0.167993
8 0.0624364
9 0.108843
10 0.16149
11 0.116623
12 0.140267
13 0.160705
14 0.128245
15 0.147728
16 0.181211
17 0.161147
18 0.128169
19 0.186461
20 0.171516
21 0.111526
22 0.14942
23 0.155772
24 0.157015
25 0.152245
26 0.154327
27 0.159538
28 0.152111
29 0.169009
"[DEBUG]index 47 centroid... "
0 0.148746
1 0.147823
2 0.159166
3 0.171213
4 0.167052
5 0.145467
6 0.18329
7 0.151379
8 0.0591457
9 0.132785
10 0.154463
11 0.129888
12 0.185308
13 0.186969
14 0.163876
15 0.142528
16 0.115283
17 0.102937
18 0.063907
19 0.101006
20 0.120025
21 0.140441
22 0.161965
23 0.137802
24 0.148747
25 0.138982
26 0.14153
27 0.132755
28 0.146945
29 0.149615
"[DEBUG]index 48 centroid... "
0 0.137797
1 0.141055
2 0.147266
3 0.154883
4 0.157416
5 0.112757
6 0.131539
7 0.102812
8 0.0213234
9 0.0822043
10 0.127371
11 0.135296
12 0.145159
13 0.122919
14 0.154667
15 0.144044
16 0.116051
17 0.150134
18 0.149692
19 0.148358
20 0.155241
21 0.126141
22 0.143422
23 0.160287
24 0.149186
25 0.151125
26 0.151683
27 0.141138
28 0.142274
29 0.142805
"[DEBUG]index 49 centroid... "
0 0.163335
1 0.122018
2 0.142153
3 0.137626
4 0.150053
5 0.112524
6 0.157325
7 0.118636
8 0.0642583
9 0.0866979
10 0.19221
11 0.13482
12 0.129764
13 0.120384
14 0.091067
15 0.159254
16 0.164645
17 0.148078
18 0.169972
19 0.207033
20 0.158573
21 0.166348
22 0.211779
23 0.177556
24 0.188955
25 0.152903
26 0.182595
27 0.173416
28 0.100322
29 0.152926
"[DEBUG]index 50 centroid... "
0 0.16244
1 0.146361
2 0.164714
3 0.176801
4 0.169906
5 0.160925
6 0.205221
7 0.179898
8 0.070275
9 0.136304
10 0.195093
11 0.114546
12 0.154741
13 0.206072
14 0.141744
15 0.162158
16 0.178307
17 0.127577
18 0.162199
19 0.172086
20 0.191016
21 0.156208
22 0.12354
23 0.16143
24 0.176976
25 0.167426
26 0.187171
27 0.175437
28 0.184314
29 0.194471
"[DEBUG]index 51 centroid... "
0 0.140336
1 0.138651
2 0.164005
3 0.176076
4 0.180645
5 0.163958
6 0.169261
7 0.14924
8 0.0680296
9 0.0807508
10 0.13343
11 0.182335
12 0.192539
13 0.170195
14 0.152221
15 0.162811
16 0.150705
17 0.149208
18 0.120343
19 0.12595
20 0.105671
21 0.121398
22 0.126735
23 0.151239
24 0.171281
25 0.145231
26 0.16913
27 0.161208
28 0.154058
29 0.145562
"[DEBUG]index 52 centroid... "
0 0.150811
1 0.134962
2 0.152828
3 0.161658
4 0.173099
5 0.160088
6 0.179645
7 0.165329
8 0.0563582
9 0.153302
10 0.195218
11 0.133731
12 0.195167
13 0.201565
14 0.145745
15 0.132334
16 0.103487
17 0.165474
18 0.171273
19 0.148381
20 0.164999
21 0.146989
22 0.163632
23 0.162977
24 0.151044
25 0.169747
26 0.173974
27 0.16141
28 0.16148
29 0.17574
"[DEBUG]index 53 centroid... "
0 0.134025
1 0.137692
2 0.148768
3 0.156774
4 0.19512
5 0.13349
6 0.168416
7 0.177646
8 0.0825394
9 0.171652
10 0.207092
11 0.137571
12 0.165863
13 0.218131
14 0.182247
15 0.140107
16 0.161709
17 0.189382
18 0.185532
19 0.154673
20 0.0505215
21 0.10829
22 0.244419
23 0.161801
24 0.170786
25 0.175877
26 0.20058
27 0.154001
28 0.155111
29 0.176043
"[DEBUG]index 54 centroid... "
0 0.21052
1 0.191826
2 0.195742
3 0.177864
4 0.16334
5 0.101768
6 0.127055
7 0.2151
8 -0.0241181
9 0.102015
10 0.268926
11 0.0145166
12 0.123284
13 0.167406
14 0.179015
15 0.26069
16 0.217218
17 0.216111
18 0.222989
19 0.246184
20 0.233041
21 0.228428
22 0.157181
23 0.110801
24 0.232764
25 0.156642
26 0.167937
27 0.183912
28 0.228974
29 0.305428
"[DEBUG]index 55 centroid... "
0 0.183269
1 0.192219
2 0.169671
3 0.161607
4 0.211746
5 0.155828
6 0.220292
7 0.247758
8 0.1188
9 0.156819
10 0.221007
11 0.173733
12 0.167732
13 0.231483
14 0.231832
15 0.168626
16 0.125871
17 0.22433
18 0.216616
19 0.254208
20 0.189221
21 0.0480892
22 0.200792
23 0.194039
24 0.199533
25 0.231073
26 0.181786
27 0.193277
28 0.16119
29 0.220815
"[DEBUG]index 56 centroid... "
0 0.131482
1 0.141165
2 0.167354
3 0.141057
4 0.160032
5 0.139507
6 0.168806
7 0.165757
8 0.0530483
9 0.14394
10 0.143074
11 0.116382
12 0.157451
13 0.127649
14 0.165157
15 0.156334
16 0.0961001
17 0.100716
18 0.18807
19 0.180755
20 0.147992
21 0.156553
22 0.146235
23 0.156822
24 0.159906
25 0.145453
26 0.157263
27 0.18423
28 0.183875
29 0.178852
"[DEBUG]index 57 centroid... "
0 0.119088
1 0.115711
2 0.142706
3 0.127423
4 0.139473
5 0.110351
6 0.145186
7 0.174428
8 0.0850127
9 0.0137965
10 0.136581
11 0.154576
12 0.147494
13 0.132999
14 0.1388
15 0.0654645
16 0.0642373
17 0.101328
18 0.119846
19 0.0903064
20 0.131788
21 0.151037
22 0.100456
23 0.136402
24 0.12984
25 0.150031
26 0.147014
27 0.134159
28 0.125835
29 0.102501
"[DEBUG]index 58 centroid... "
0 0.125503
1 0.147384
2 0.148952
3 0.123065
4 0.143819
5 0.136979
6 0.134239
7 0.0895848
8 0.0145691
9 0.086276
10 0.122193
11 0.180327
12 0.157343
13 0.125967
14 0.163041
15 0.0682181
16 0.0894462
17 0.159694
18 0.103067
19 0.146018
20 0.149518
21 0.147551
22 0.11944
23 0.107366
24 0.154425
25 0.13943
26 0.130682
27 0.137869
28 0.149961
29 0.153499
"[DEBUG]index 59 centroid... "
0 0.134917
1 0.143798
2 0.151225
3 0.170957
4 0.17901
5 0.158392
6 0.19276
7 0.177895
8 0.108844
9 0.137542
10 0.180487
11 0.156579
12 0.155337
13 0.149315
14 0.139146
15 0.169479
16 0.145567
17 0.152393
18 0.168404
19 0.132845
20 0.098988
21 0.165732
22 0.174975
23 0.181871
24 0.180587
25 0.176494
26 0.16556
27 0.154135
28 0.166218
29 0.177892
"[DEBUG]index 60 centroid... "
0 0.138361
1 0.138434
2 0.112831
3 0.108719
4 0.124726
5 0.159741
6 0.15927
7 0.126099
8 0.0716059
9 0.0681005
10 0.0804218
11 0.107736
12 0.102219
13 0.0783215
14 0.108774
15 0.0764854
16 0.101931
17 0.094529
18 0.121686
19 0.146118
20 0.118426
21 0.143112
22 0.129225
23 0.134514
24 0.155849
25 0.122162
26 0.158326
27 0.178564
28 0.199207
29 0.169281
"[DEBUG]index 61 centroid... "
0 0.139723
1 0.130658
2 0.148563
3 0.181695
4 0.192568
5 0.164463
6 0.184328
7 0.187874
8 0.0799136
9 0.140929
10 0.1516
11 0.145659
12 0.149322
13 0.125438
14 0.161318
15 0.142921
16 0.137949
17 0.219883
18 0.114417
19 0.0838926
20 0.0824175
21 0.0670133
22 0.173675
23 0.197465
24 0.161407
25 0.165105
26 0.159928
27 0.15626
28 0.136407
29 0.150728
"[DEBUG]index 62 centroid... "
0 0.147136
1 0.127613
2 0.155353
3 0.159115
4 0.177456
5 0.139107
6 0.14833
7 0.143921
8 0.0405865
9 0.103708
10 0.176691
11 0.14986
12 0.151493
13 0.193062
14 0.180094
15 0.108091
16 0.0871457
17 0.0941953
18 0.118634
19 0.107489
20 0.1689
21 0.187872
22 0.163209
23 0.149239
24 0.150945
25 0.127939
26 0.152627
27 0.136495
28 0.131168
29 0.15262
"[DEBUG]index 63 centroid... "
0 0.215665
1 0.246656
2 0.269109
3 0.206835
4 0.274245
5 0.268514
6 0.206521
7 0.234828
8 0.149591
9 0.168808
10 0.19155
11 0.168743
12 0.166021
13 0.13802
14 0.147692
15 0.159917
16 0.174044
17 0.0760718
18 0.129285
19 0.16417
20 0.156845
21 0.174378
22 0.212783
23 0.170016
24 0.103013
25 0.141584
26 0.148713
27 0.11606
28 0.134053
29 0.120014
"[DEBUG]index 64 centroid... "
0 0.129231
1 0.126688
2 0.128457
3 0.154146
4 0.153819
5 0.13568
6 0.177273
7 0.150455
8 0.06395
9 0.0584858
10 0.086102
11 0.128117
12 0.115006
13 0.169828
14 0.158765
15 0.131708
16 0.163788
17 0.110187
18 0.118019
19 0.127219
20 0.111334
21 0.0950118
22 0.114204
23 0.13874
24 0.159656
25 0.142933
26 0.156436
27 0.129512
28 0.137072
29 0.135981
"[DEBUG]index 65 centroid... "
0 0.110606
1 0.119106
2 0.108708
3 0.154932
4 0.153286
5 0.147802
6 0.163657
7 0.147417
8 0.0632264
9 0.064382
10 0.0703119
11 0.124052
12 0.157189
13 0.133791
14 0.162456
15 0.103101
16 0.143871
17 0.159714
18 0.150367
19 0.132845
20 0.147403
21 0.0936138
22 0.130783
23 0.176705
24 0.149231
25 0.154903
26 0.173117
27 0.153566
28 0.131015
29 0.135157
"[DEBUG]index 66 centroid... "
0 0.170574
1 0.149334
2 0.147694
3 0.159513
4 0.165047
5 0.125949
6 0.199873
7 0.155002
8 0.0628751
9 0.066355
10 0.0934106
11 0.121847
12 0.105513
13 0.0983275
14 0.100569
15 0.0924463
16 0.104182
17 0.170103
18 0.123348
19 0.12585
20 0.195784
21 0.11385
22 0.100555
23 0.167496
24 0.150564
25 0.145755
26 0.148927
27 0.136092
28 0.135833
29 0.144954
"[DEBUG]index 67 centroid... "
0 0.116687
1 0.153284
2 0.142693
3 0.192622
4 0.195973
5 0.165446
6 0.216098
7 0.195178
8 0.102996
9 0.174734
10 0.213372
11 0.149725
12 0.191244
13 0.169201
14 0.148164
15 0.197559
16 0.167196
17 0.198405
18 0.105229
19 0.0159713
20 0.114723
21 0.189619
22 0.195679
23 0.176021
24 0.154403
25 0.129017
26 0.154387
27 0.132478
28 0.145844
29 0.142737
"[DEBUG]index 68 centroid... "
0 0.156809
1 0.162735
2 0.149614
3 0.160116
4 0.163247
5 0.145777
6 0.175001
7 0.198207
8 0.118938
9 0.127084
10 0.182376
11 0.136823
12 0.105691
13 0.189774
14 0.190113
15 0.156149
16 0.136401
17 0.150214
18 0.158142
19 0.138607
20 0.161632
21 0.164448
22 0.162086
23 0.163279
24 0.183947
25 0.187966
26 0.17707
27 0.186695
28 0.193485
29 0.182477
"[DEBUG]index 69 centroid... "
0 0.185522
1 0.149733
2 0.170424
3 0.18924
4 0.199006
5 0.163696
6 0.197278
7 0.159182
8 0.15208
9 0.100201
10 0.0768153
11 0.15597
12 0.181432
13 0.20931
14 0.158417
15 0.114167
16 0.174513
17 0.135635
18 0.0912636
19 0.168624
20 0.140175
21 0.113693
22 0.182777
23 0.161966
24 0.160654
25 0.151631
26 0.177029
27 0.1271
28 0.0918664
29 0.1766
"[DEBUG]index 70 centroid... "
0 0.15165
1 0.138958
2 0.137877
3 0.15581
4 0.163815
5 0.139903
6 0.166963
7 0.204641
8 0.07
9 0.0493917
10 0.143707
11 0.161534
12 0.122266
13 0.138359
14 0.17993
15 0.161245
16 0.172263
17 0.148769
18 0.109061
19 0.102321
20 0.159498
21 0.178032
22 0.143514
23 0.163762
24 0.161743
25 0.166133
26 0.169091
27 0.153411
28 0.174006
29 0.145005
"[DEBUG]index 71 centroid... "
0 0.120464
1 0.131057
2 0.138283
3 0.145677
4 0.153262
5 0.131717
6 0.151488
7 0.131177
8 0.0420287
9 0.105637
10 0.1573
11 0.14279
12 0.150835
13 0.166572
14 0.131837
15 0.119391
16 0.135952
17 0.147093
18 0.141213
19 0.141211
20 0.14582
21 0.124403
22 0.0903301
23 0.136459
24 0.142854
25 0.135464
26 0.142244
27 0.141029
28 0.118646
29 0.118539
"[DEBUG]index 72 centroid... "
0 0.131948
1 0.141248
2 0.144481
3 0.162597
4 0.161279
5 0.138154
6 0.175498
7 0.176834
8 0.103023
9 0.0502824
10 0.0947533
11 0.106172
12 0.116432
13 0.159513
14 0.125874
15 0.129445
16 0.191056
17 0.16747
18 0.135235
19 0.153427
20 0.148413
21 0.179992
22 0.175573
23 0.195747
24 0.19488
25 0.196845
26 0.182066
27 0.186413
28 0.198722
29 0.194256
"[DEBUG]index 73 centroid... "
0 0.131883
1 0.108149
2 0.136669
3 0.165598
4 0.164582
5 0.150242
6 0.18506
7 0.145619
8 0.0847601
9 0.0896836
10 0.0375668
11 0.138423
12 0.160165
13 0.122906
14 0.101541
15 0.145556
16 0.164766
17 0.132662
18 0.160332
19 0.13754
20 0.102936
21 0.159157
22 0.168521
23 0.144296
24 0.135073
25 0.174492
26 0.130061
27 0.159063
28 0.118261
29 0.158621
"[DEBUG]index 74 centroid... "
0 0.128041
1 0.127502
2 0.14084
3 0.139861
4 0.136233
5 0.146206
6 0.183048
7 0.159577
8 0.111612
9 0.140481
10 0.109421
11 0.0177733
12 0.107434
13 0.155267
14 0.12678
15 0.133312
16 0.151785
17 0.157769
18 0.141303
19 0.205167
20 0.200058
21 0.174518
22 0.169703
23 0.200085
24 0.204538
25 0.199281
26 0.224623
27 0.226886
28 0.19597
29 0.17194
"[DEBUG]index 75 centroid... "
0 0.171603
1 0.184477
2 0.183489
3 0.221911
4 0.198127
5 0.146056
6 0.189802
7 0.237137
8 0.0900713
9 0.124297
10 0.201695
11 0.198213
12 0.188135
13 0.205008
14 0.208319
15 0.182654
16 0.138422
17 0.149235
18 0.159456
19 0.167238
20 0.156344
21 0.17364
22 0.203018
23 0.187277
24 0.159292
25 0.169377
26 0.165162
27 0.161627
28 0.155509
29 0.180114
"[DEBUG]index 76 centroid... "
0 0.156413
1 0.172508
2 0.122477
3 0.156469
4 0.164412
5 0.140431
6 0.198197
7 0.19163
8 0.0909116
9 0.171936
10 0.192347
11 0.150676
12 0.10528
13 0.181198
14 0.151793
15 0.0283724
16 0.147236
17 0.170228
18 0.169006
19 0.154153
20 0.171232
21 0.158644
22 0.173557
23 0.161332
24 0.182857
25 0.148555
26 0.145831
27 0.197615
28 0.197333
29 0.209654
"[DEBUG]index 77 centroid... "
0 0.144135
1 0.140518
2 0.14496
3 0.163645
4 0.180926
5 0.160408
6 0.175237
7 0.156641
8 0.0423851
9 0.152639
10 0.179774
11 0.125978
12 0.178756
13 0.198151
14 0.089389
15 0.128323
16 0.149053
17 0.111842
18 0.157668
19 0.0909744
20 0.138433
21 0.159434
22 0.121307
23 0.144653
24 0.151763
25 0.135375
26 0.148966
27 0.138908
28 0.139321
29 0.149496
"[DEBUG]index 78 centroid... "
0 0.137594
1 0.133689
2 0.135967
3 0.141908
4 0.153641
5 0.122548
6 0.152077
7 0.157246
8 0.115679
9 0.143569
10 0.159779
11 0.145338
12 0.0946647
13 0.0419643
14 0.112015
15 0.148325
16 0.124415
17 0.127933
18 0.147337
19 0.155018
20 0.1482
21 0.143364
22 0.172694
23 0.168259
24 0.163961
25 0.184973
26 0.181964
27 0.183989
28 0.210928
29 0.204533
"[DEBUG]index 79 centroid... "
0 0.122349
1 0.14938
2 0.188861
3 0.157402
4 0.182839
5 0.168189
6 0.1876
7 0.200357
8 0.0385159
9 0.11902
10 0.186659
11 0.147406
12 0.177434
13 0.177275
14 0.147971
15 0.122031
16 0.16721
17 0.147751
18 0.103639
19 0.131185
20 0.167347
21 0.182558
22 0.163555
23 0.155764
24 0.126713
25 0.148413
26 0.109215
27 0.134049
28 0.139264
29 0.122372
"[DEBUG]index 80 centroid... "
0 0.146406
1 0.136542
2 0.156823
3 0.172688
4 0.152529
5 0.132715
6 0.150356
7 0.161616
8 0.0535563
9 0.133671
10 0.161562
11 0.164077
12 0.162263
13 0.115028
14 0.134259
15 0.147005
16 0.133497
17 0.143089
18 0.14728
19 0.183182
20 0.170912
21 0.161599
22 0.187702
23 0.169516
24 0.159318
25 0.173486
26 0.160347
27 0.164455
28 0.170136
29 0.159606
"[DEBUG]index 81 centroid... "
0 0.1348
1 0.105022
2 0.142582
3 0.143111
4 0.137284
5 0.116714
6 0.152442
7 0.145159
8 0.0923277
9 0.149017
10 0.1421
11 0.158817
12 0.124193
13 0.0822732
14 0.158015
15 0.158909
16 0.157512
17 0.0921847
18 0.0564369
19 0.142768
20 0.138142
21 0.12137
22 0.157425
23 0.157351
24 0.122264
25 0.156267
26 0.156218
27 0.13862
28 0.148783
29 0.156675
"[DEBUG]index 82 centroid... "
0 0.149602
1 0.130369
2 0.151648
3 0.152655
4 0.180135
5 0.126377
6 0.163457
7 0.136224
8 0.0335283
9 0.0551312
10 0.111303
11 0.136212
12 0.189051
13 0.166002
14 0.116707
15 0.104197
16 0.197125
17 0.167514
18 0.0787922
19 0.135064
20 0.173366
21 0.125962
22 0.139142
23 0.167986
24 0.141426
25 0.143265
26 0.146681
27 0.151675
28 0.147312
29 0.159806
"[DEBUG]index 83 centroid... "
0 0.151364
1 0.152687
2 0.164882
3 0.183723
4 0.186503
5 0.157928
6 0.192111
7 0.156141
8 0.0813128
9 0.111575
10 0.181546
11 0.156469
12 0.167058
13 0.178746
14 0.19635
15 0.175786
16 0.120169
17 0.189051
18 0.215761
19 0.178599
20 0.150663
21 0.219844
22 0.187433
23 0.161987
24 0.179336
25 0.180431
26 0.15279
27 0.164471
28 0.138132
29 0.157271
"[DEBUG]index 84 centroid... "
0 0.120792
1 0.131631
2 0.126941
3 0.160047
4 0.14483
5 0.111119
6 0.131984
7 0.128725
8 0.0432205
9 0.0390439
10 0.11053
11 0.128894
12 0.171341
13 0.123125
14 0.13961
15 0.125954
16 0.0954659
17 0.139631
18 0.163668
19 0.165242
20 0.230359
21 0.216183
22 0.216678
23 0.207595
24 0.179913
25 0.187313
26 0.162935
27 0.184115
28 0.189235
29 0.138424
"[DEBUG]index 85 centroid... "
0 0.161203
1 0.143306
2 0.138559
3 0.166226
4 0.162203
5 0.165641
6 0.19598
7 0.203974
8 0.140899
9 0.0340676
10 0.14384
11 0.204321
12 0.20264
13 0.189615
14 0.129918
15 0.157668
16 0.151002
17 0.156117
18 0.14629
19 0.180739
20 0.134348
21 0.130045
22 0.163868
23 0.16548
24 0.172252
25 0.177982
26 0.201517
27 0.179672
28 0.156725
29 0.155857
"[DEBUG]index 86 centroid... "
0 0.129094
1 0.131087
2 0.135125
3 0.14772
4 0.149663
5 0.112812
6 0.128204
7 0.109856
8 0.0288835
9 0.0910732
10 0.15503
11 0.141693
12 0.144722
13 0.14502
14 0.15943
15 0.163706
16 0.173446
17 0.192615
18 0.201184
19 0.172122
20 0.193242
21 0.218639
22 0.174443
23 0.177204
24 0.186207
25 0.172165
26 0.158521
27 0.145742
28 0.148692
29 0.143464
"[DEBUG]index 87 centroid... "
0 0.145304
1 0.145563
2 0.151044
3 0.119412
4 0.124872
5 0.125987
6 0.177153
7 0.1836
8 0.0530636
9 0.152755
10 0.173973
11 0.134504
12 0.0964131
13 0.155197
14 0.151846
15 0.155955
16 0.149768
17 0.159738
18 0.129719
19 0.186341
20 0.187204
21 0.0728239
22 0.117774
23 0.191735
24 0.132287
25 0.148863
26 0.124485
27 0.155198
28 0.156862
29 0.162859
"[DEBUG]index 88 centroid... "
0 0.128625
1 0.143522
2 0.149051
3 0.156472
4 0.163851
5 0.155175
6 0.18454
7 0.149745
8 0.0633516
9 0.0443008
10 0.0661975
11 0.149287
12 0.190066
13 0.165158
14 0.158202
15 0.178928
16 0.146024
17 0.0983591
18 0.128673
19 0.132286
20 0.143145
21 0.17797
22 0.15652
23 0.154397
24 0.1587
25 0.161131
26 0.154398
27 0.134974
28 0.140983
29 0.152606
"[DEBUG]index 89 centroid... "
0 0.116128
1 0.150631
2 0.130908
3 0.137901
4 0.141294
5 0.127027
6 0.135308
7 0.154777
8 0.0517663
9 0.0279716
10 0.145393
11 0.134071
12 0.136807
13 0.112175
14 0.116718
15 0.134122
16 0.138352
17 0.134874
18 0.185697
19 0.168098
20 0.177356
21 0.192301
22 0.177761
23 0.183537
24 0.17759
25 0.174655
26 0.160169
27 0.166162
28 0.166305
29 0.162961
"[DEBUG]index 90 centroid... "
0 0.137307
1 0.163806
2 0.14614
3 0.15607
4 0.186688
5 0.149652
6 0.214343
7 0.183934
8 0.0900743
9 0.0751512
10 0.0820941
11 0.113826
12 0.139606
13 0.11814
14 0.121279
15 0.156123
16 0.139161
17 0.115295
18 0.156061
19 0.172325
20 0.14164
21 0.1369
22 0.176767
23 0.160574
24 0.159326
25 0.175598
26 0.163779
27 0.167318
28 0.177871
29 0.180099
"[DEBUG]index 91 centroid... "
0 0.168219
1 0.149063
2 0.16128
3 0.183363
4 0.175654
5 0.146713
6 0.169454
7 0.144509
8 0.0903485
9 0.141218
10 0.162438
11 0.178696
12 0.17189
13 0.154681
14 0.135306
15 0.0825706
16 0.0840347
17 0.0973841
18 0.0832992
19 0.113012
20 0.153079
21 0.145911
22 0.147041
23 0.174088
24 0.156356
25 0.16484
26 0.152679
27 0.147923
28 0.132209
29 0.144356
"[DEBUG]index 92 centroid... "
0 0.155786
1 0.142731
2 0.14292
3 0.141641
4 0.147518
5 0.106308
6 0.140004
7 0.132392
8 0.0447565
9 0.117068
10 0.156691
11 0.123333
12 0.180021
13 0.128028
14 0.0624547
15 0.0397216
16 0.0280294
17 0.101704
18 0.139613
19 0.141952
20 0.162669
21 0.141489
22 0.119711
23 0.124909
24 0.1275
25 0.131585
26 0.157214
27 0.165368
28 0.148251
29 0.142813
"[DEBUG]index 93 centroid... "
0 0.1789
1 0.156044
2 0.174397
3 0.178411
4 0.160374
5 0.145179
6 0.192283
7 0.153922
8 0.0799898
9 0.185325
10 0.176828
11 0.111126
12 0.137986
13 0.17795
14 0.122632
15 0.0904599
16 0.183625
17 0.186145
18 0.141854
19 0.147277
20 0.123144
21 0.148986
22 0.137186
23 0.165421
24 0.18631
25 0.168395
26 0.169573
27 0.173953
28 0.161835
29 0.163303
"[DEBUG]index 94 centroid... "
0 0.124478
1 0.141031
2 0.155475
3 0.176607
4 0.181906
5 0.131088
6 0.159148
7 0.158757
8 0.0348019
9 0.122587
10 0.115006
11 0.110447
12 0.192774
13 0.113367
14 0.10137
15 0.185194
16 0.15862
17 0.145775
18 0.161545
19 0.184134
20 0.181396
21 0.186877
22 0.216369
23 0.209501
24 0.202496
25 0.189201
26 0.214749
27 0.224544
28 0.206745
29 0.211056
"[DEBUG]index 95 centroid... "
0 0.109031
1 0.132066
2 0.134007
3 0.162161
4 0.152361
5 0.119241
6 0.187957
7 0.136005
8 0.0128141
9 0.0472457
10 0.0879204
11 0.177335
12 0.209173
13 0.158282
14 0.194964
15 0.135309
16 0.103883
17 0.132861
18 0.0829398
19 0.0982716
20 0.184782
21 0.162881
22 0.141029
23 0.133744
24 0.146678
25 0.14197
26 0.125439
27 0.119913
28 0.124116
29 0.116055
"[DEBUG]index 96 centroid... "
0 0.174739
1 0.166279
2 0.166302
3 0.177833
4 0.184946
5 0.152674
6 0.176946
7 0.172829
8 0.0747882
9 0.120567
10 0.18686
11 0.163228
12 0.125844
13 0.166338
14 0.19265
15 0.135794
16 0.157043
17 0.203376
18 0.170986
19 0.121123
20 0.187957
21 0.152252
22 0.109795
23 0.173175
24 0.179347
25 0.152929
26 0.171849
27 0.167587
28 0.167029
29 0.165301
"[DEBUG]index 97 centroid... "
0 0.149761
1 0.145981
2 0.16003
3 0.156725
4 0.178832
5 0.141089
6 0.171468
7 0.148895
8 0.0577003
9 0.151534
10 0.160878
11 0.10407
12 0.151145
13 0.144326
14 0.155662
15 0.15413
16 0.138759
17 0.159625
18 0.118615
19 0.0961797
20 0.155001
21 0.109271
22 0.121979
23 0.173082
24 0.151308
25 0.144126
26 0.13531
27 0.127598
28 0.125215
29 0.148445
"[DEBUG]index 98 centroid... "
0 0.156573
1 0.173253
2 0.162165
3 0.173911
4 0.167015
5 0.141095
6 0.154136
7 0.113435
8 0.0667694
9 0.134684
10 0.158197
11 0.129733
12 0.140575
13 0.206565
14 0.112199
15 0.104087
16 0.16099
17 0.0659609
18 0.0986622
19 0.192645
20 0.152767
21 0.165501
22 0.176698
23 0.16313
24 0.13809
25 0.146837
26 0.1653
27 0.133207
28 0.188433
29 0.188215
"[DEBUG]index 99 centroid... "
0 0.157365
1 0.136002
2 0.167301
3 0.174205
4 0.178131
5 0.148711
6 0.188804
7 0.157049
8 0.0733048
9 0.113143
10 0.165876
11 0.155674
12 0.161622
13 0.192443
14 0.183029
15 0.153777
16 0.177962
17 0.146306
18 0.0644077
19 0.149091
20 0.171105
21 0.135576
22 0.172184
23 0.172282
24 0.149673
25 0.146623
26 0.152281
27 0.147437
28 0.154708
29 0.159419
