correlation level (red against blue): 
-0.49619
-0.337528
-0.530626
-0.0673646
-0.878545
-0.668704
-0.802317
-0.239178
-0.794529
-0.826091
-0.865768
-0.597683
-0.871105
-0.449805
-0.595399
-0.800974
-0.751621
-0.764425
-0.8476
-0.523714
-0.282731
-0.904713
-0.79392
-0.842491
-0.840599
-0.706533
-0.518732
-0.70458
-0.799591
-0.706936
-0.766625
-0.709743
-0.703579
-0.742254
-0.856007
-0.547996
-0.805117
-0.8974
-0.870033
-0.864673
-0.613884
-0.732481
-0.926971
-0.847186
-0.695111
-0.67046
-0.809797
-0.706442
-0.8171
-0.621499
-0.827867
-0.658947
-0.825308
-0.744697
-0.718148
-0.712127
-0.865546
-0.744231
-0.819837
-0.745485
-0.650752
-0.709015
-0.760206
-0.419615
-0.612161
-0.696889
-0.600705
-0.710604
-0.693249
-0.579546
-0.855875
-0.832605
-0.509864
-0.723935
-0.747539
-0.637986
-0.836761
-0.839773
-0.762763
-0.698801
-0.861574
-0.79112
-0.738303
-0.710221
-0.612305
-0.747989
-0.720241
-0.741811
-0.714156
-0.837339
-0.568305
-0.523275
-0.765446
-0.804537
-0.787056
-0.752171
-0.838412
-0.815114
-0.772817
-0.860969
