"[DEBUG]index 0 centroid... "
0 0.8
1 1
2 1.10667
3 0.686667
4 0.52
5 1.07333
6 1.26
7 0.973333
8 1.86667
9 2.10667
10 3.82
11 4.55333
12 6.06
13 7.22
14 7.57333
15 9.46667
16 6.68
17 6.03333
18 5.04667
19 3.83333
20 2.54
21 2.35333
22 2.12667
23 1.44
24 1.10667
25 1.22667
26 1.21333
27 1.53333
28 1.08
29 1.18667
"[DEBUG]index 1 centroid... "
0 4.95876
1 4.48454
2 4.36082
3 3.95876
4 4.14433
5 3.87629
6 3.73196
7 2.56701
8 6.53608
9 3.23711
10 2.14433
11 1.38144
12 0.938144
13 0.484536
14 0.360825
15 0.371134
16 0.298969
17 0.628866
18 0.381443
19 0.85567
20 1.47423
21 1.12371
22 2.25773
23 1.95876
24 2.14433
25 2.8866
26 2.64948
27 3.20619
28 2.60825
29 3.21649
"[DEBUG]index 2 centroid... "
0 1.92546
1 2.10037
2 1.64059
3 1.68339
4 1.80074
5 2.08635
6 1.74096
7 1.32103
8 7.92399
9 3.23469
10 1.5786
11 0.912915
12 0.412546
13 0.460517
14 0.900369
15 1.68044
16 3.79631
17 6.22509
18 12.7365
19 5.72989
20 3.54613
21 1.62657
22 0.769004
23 1.91661
24 1.79188
25 2.07897
26 2.02435
27 2.4059
28 2.03985
29 2.04502
"[DEBUG]index 3 centroid... "
0 2.90698
1 3.63953
2 2.86047
3 3.02326
4 3.17442
5 3.05814
6 3.44186
7 2.11628
8 10.2326
9 2.55814
10 1.82558
11 0.918605
12 1.09302
13 1.88372
14 5.5814
15 4.89535
16 6.47674
17 2.01163
18 0.953488
19 0.406977
20 0.232558
21 0.348837
22 0.534884
23 2.45349
24 2.67442
25 2.7093
26 1.84884
27 2.37209
28 2.84884
29 2.33721
"[DEBUG]index 4 centroid... "
0 2.13014
1 2.16608
2 1.80612
3 1.7131
4 1.97071
5 2.44916
6 2.14611
7 1.19454
8 15.3064
9 3.57597
10 1.98802
11 1.05825
12 2.20702
13 1.39158
14 5.17191
15 5.8018
16 1.56931
17 0.891496
18 2.5763
19 1.66117
20 3.49093
21 16.9666
22 4.59461
23 2.3092
24 2.65518
25 2.5793
26 2.01548
27 2.14528
28 2.04527
29 2.14944
"[DEBUG]index 5 centroid... "
0 2.35616
1 2.39096
2 2.34914
3 2.1469
4 2.18583
5 2.23268
6 1.92091
7 1.31255
8 13.9295
9 4.08054
10 2.05644
11 4.058
12 16.1082
13 2.34936
14 1.58048
15 1.17892
16 1.15192
17 1.57736
18 3.01695
19 14.3668
20 3.95973
21 1.89325
22 2.38427
23 2.38717
24 1.9324
25 1.94189
26 1.97267
27 2.15616
28 2.14534
29 2.05666
"[DEBUG]index 6 centroid... "
0 1.96983
1 2.12524
2 2.06208
3 1.72325
4 1.8066
5 2.00629
6 1.44237
7 1.51009
8 13.17
9 2.38962
10 10.448
11 12.1098
12 3.43325
13 1.8333
14 0.868678
15 1.53636
16 3.98763
17 4.17669
18 1.67875
19 0.731061
20 1.77621
21 3.98806
22 1.30996
23 1.63881
24 1.64033
25 1.74908
26 1.55112
27 1.61059
28 1.55763
29 1.53896
"[DEBUG]index 7 centroid... "
0 2.19639
1 2.50113
2 2.54176
3 2.32731
4 2.25959
5 2.27314
6 2.18284
7 1.27088
8 9.85327
9 2.78781
10 4.91422
11 3.17833
12 9.80361
13 8.99323
14 3.92099
15 1.1693
16 0.889391
17 0.309255
18 0.498871
19 0.853273
20 0.783296
21 1.4605
22 5.23928
23 1.75395
24 2.09707
25 2.28668
26 2.3544
27 2.06998
28 1.8465
29 1.86907
"[DEBUG]index 8 centroid... "
0 2.66687
1 2.56222
2 2.31784
3 2.06562
4 2.89952
5 2.79038
6 2.33523
7 1.64723
8 25.4802
9 3.94015
10 2.09029
11 2.16967
12 2.1512
13 6.43814
14 1.63675
15 8.44438
16 1.78578
17 9.42748
18 1.87136
19 1.81907
20 7.33459
21 2.01622
22 0.809161
23 2.61511
24 2.38952
25 2.09271
26 2.2298
27 2.24067
28 2.14632
29 2.13017
"[DEBUG]index 9 centroid... "
0 3.19519
1 3.04839
2 2.93527
3 2.6125
4 2.60501
5 2.90621
6 2.36954
7 1.9016
8 22.5645
9 3.98591
10 6.50037
11 8.04328
12 2.53904
13 0.80444
14 1.76478
15 9.27401
16 2.03492
17 0.886006
18 2.00362
19 9.05812
20 1.85857
21 0.877276
22 2.33724
23 2.98354
24 2.30556
25 2.41407
26 2.65216
27 2.53592
28 2.41694
29 2.41943
"[DEBUG]index 10 centroid... "
0 2.57653
1 2.80267
2 2.57061
3 2.25363
4 2.6021
5 2.85038
6 2.35286
7 1.67481
8 20.0134
9 4.86011
10 2.61336
11 1.12462
12 2.15496
13 8.71508
14 2.10897
15 0.81145
16 2.07519
17 8.54847
18 7.34466
19 2.16889
20 1.0626
21 1.99008
22 9.49313
23 2.36088
24 2.4
25 2.75878
26 2.87844
27 2.42386
28 2.36412
29 2.50573
"[DEBUG]index 11 centroid... "
0 1.65501
1 1.60092
2 1.49334
3 1.49792
4 1.38743
5 1.76051
6 1.59738
7 1.31814
8 8.35248
9 2.35081
10 8.51831
11 2.9511
12 1.46608
13 1.66583
14 0.741573
15 1.33375
16 3.66417
17 1.53288
18 3.35643
19 5.58156
20 16.6036
21 5.45714
22 3.21099
23 1.79151
24 1.92572
25 1.51998
26 1.69247
27 1.72097
28 1.84041
29 1.70391
"[DEBUG]index 12 centroid... "
0 2.3632
1 2.37228
2 2.13204
3 1.99247
4 2.27604
5 2.42953
6 2.29427
7 1.8031
8 17.2843
9 3.67392
10 1.97616
11 1.90252
12 6.13424
13 1.8166
14 1.78159
15 3.76562
16 19.9672
17 3.91297
18 1.85781
19 5.77937
20 2.12341
21 1.52923
22 5.24799
23 2.10372
24 2.22984
25 2.29831
26 2.2734
27 2.06478
28 2.01152
29 1.98452
"[DEBUG]index 13 centroid... "
0 2.50714
1 2.39905
2 2.42964
3 2.13052
4 2.24269
5 2.2828
6 2.40517
7 1.46023
8 12.7947
9 2.49558
10 13.1006
11 2.18287
12 14.155
13 2.88579
14 4.71652
15 1.53161
16 1.68117
17 4.06458
18 4.21074
19 1.62678
20 0.92998
21 0.544528
22 0.771584
23 1.60163
24 1.63698
25 1.53501
26 1.70768
27 1.71992
28 1.66145
29 1.53705
"[DEBUG]index 14 centroid... "
0 2.96852
1 2.94027
2 2.31154
3 2.4544
4 2.74011
5 3.01614
6 2.87732
7 2.26634
8 14.1009
9 4.01049
10 2.17353
11 0.958031
12 0.38983
13 1.12994
14 0.916061
15 1.86279
16 9.20016
17 2.2954
18 0.970137
19 1.00161
20 2.34786
21 1.48991
22 8.06941
23 2.23406
24 2.98789
25 2.80549
26 3.00565
27 2.52623
28 2.69814
29 2.41243
"[DEBUG]index 15 centroid... "
0 1.46664
1 1.511
2 1.51968
3 1.32804
4 1.32693
5 1.79597
6 1.79579
7 1.1946
8 6.2044
9 15.3362
10 5.93291
11 3.26502
12 1.42931
13 2.95195
14 8.70856
15 2.40602
16 1.02162
17 2.91794
18 1.30142
19 2.9538
20 1.06598
21 2.9501
22 2.7202
23 1.23951
24 1.3881
25 1.40214
26 1.27185
27 1.2469
28 1.20902
29 1.19331
"[DEBUG]index 16 centroid... "
0 2.47126
1 2.41793
2 2.20707
3 2.0519
4 2.48925
5 2.56345
6 2.23983
7 1.45437
8 21.5902
9 3.89391
10 1.91057
11 0.978103
12 0.93908
13 1.72362
14 2.07667
15 0.685
16 2.18155
17 0.820115
18 1.78126
19 8.9508
20 1.50103
21 1.79586
22 0.789943
23 2.43299
24 2.0092
25 2.01954
26 2.1908
27 2.23632
28 2.21149
29 2.18339
"[DEBUG]index 17 centroid... "
0 2.65165
1 2.69031
2 2.60078
3 2.33042
4 2.23619
5 2.88997
6 2.3023
7 1.79148
8 18.9881
9 4.46364
10 1.9377
11 9.48874
12 2.21871
13 0.718095
14 1.07317
15 2.56941
16 0.815014
17 1.9256
18 8.8651
19 2.19563
20 1.88863
21 7.67574
22 7.20325
23 2.1219
24 2.533
25 2.787
26 2.54118
27 2.39193
28 2.50342
29 2.54924
"[DEBUG]index 18 centroid... "
0 2.12828
1 2.12276
2 2.05144
3 1.84389
4 2.07213
5 2.41542
6 2.50385
7 1.64276
8 15.4411
9 4.11538
10 1.8817
11 5.62085
12 1.96154
13 2.01331
14 4.84519
15 1.53193
16 3.38864
17 17.9877
18 4.46296
19 1.89558
20 4.43059
21 17.2787
22 4.28682
23 2.08884
24 2.83083
25 2.45185
26 2.8056
27 2.37314
28 2.31651
29 2.28381
"[DEBUG]index 19 centroid... "
0 2.13193
1 2.05466
2 1.90539
3 1.73652
4 2.18809
5 2.1372
6 2.27026
7 2.21749
8 15.7799
9 3.80249
10 3.36939
11 1.7516
12 1.75613
13 3.30381
14 20.5925
15 4.24576
16 1.99246
17 6.30494
18 14.9212
19 12.5458
20 3.38899
21 1.74934
22 6.0441
23 2.10818
24 1.95364
25 2.15907
26 2.26348
27 2.3219
28 2.16283
29 2.03129
"[DEBUG]index 20 centroid... "
0 3.71746
1 3.64349
2 3.20414
3 2.88609
4 3.19675
5 3.14497
6 2.65976
7 1.82692
8 13.9882
9 5.27219
10 1.76183
11 2.38757
12 2.9216
13 0.732249
14 0.457101
15 0.918639
16 2.10503
17 8.32396
18 1.88018
19 1.95562
20 0.860947
21 0.368343
22 0.718935
23 2.64349
24 2.39201
25 2.8432
26 2.64349
27 2.86243
28 2.58136
29 2.51331
"[DEBUG]index 21 centroid... "
0 2.5536
1 2.58502
2 2.47704
3 2.1343
4 2.45568
5 2.64178
6 2.13416
7 1.74276
8 27.5897
9 3.85328
10 1.96358
11 8.96856
12 2.26015
13 1.59622
14 2.17466
15 0.803885
16 1.73359
17 2.38594
18 0.80606
19 2.01207
20 7.05723
21 1.68431
22 1.84784
23 2.37753
24 2.18292
25 1.93374
26 2.10391
27 2.05467
28 2.05728
29 2.11162
"[DEBUG]index 22 centroid... "
0 2.65951
1 2.3873
2 2.36509
3 2.23553
4 2.41301
5 2.6631
6 2.52083
7 1.55234
8 17.2974
9 3.36334
10 1.39292
11 5.1772
12 5.75728
13 1.53575
14 3.32095
15 19.8423
16 3.38343
17 1.86039
18 1.21756
19 1.1185
20 1.71941
21 5.33386
22 1.53972
23 2.48682
24 2.39209
25 2.1608
26 2.04073
27 2.04119
28 1.95227
29 1.92361
"[DEBUG]index 23 centroid... "
0 2.26988
1 2.2427
2 2.17244
3 2.04953
4 2.32968
5 2.57439
6 2.13902
7 1.52356
8 15.8383
9 3.49507
10 1.84941
11 2.2571
12 5.31558
13 3.04751
14 18.3074
15 3.43336
16 1.85837
17 1.02285
18 1.60429
19 4.72247
20 1.62976
21 1.62513
22 0.841353
23 2.14657
24 1.99839
25 1.76898
26 1.81337
27 1.88856
28 1.76535
29 1.7873
"[DEBUG]index 24 centroid... "
0 2.66667
1 2.64758
2 2.42464
3 2.21598
4 2.48023
5 2.90061
6 2.29384
7 1.88636
8 26.3272
9 3.88487
10 1.85496
11 8.22024
12 1.93318
13 5.21234
14 1.80763
15 9.41276
16 1.66066
17 1.70722
18 7.39141
19 1.97938
20 0.858127
21 2.15699
22 2.10835
23 2.48752
24 2.21842
25 2.55605
26 2.12981
27 2.10712
28 2.57606
29 2.14577
"[DEBUG]index 25 centroid... "
0 2.91244
1 2.72362
2 2.5758
3 2.08497
4 2.52109
5 2.57856
6 2.1783
7 1.58384
8 24.7224
9 3.49572
10 10.0308
11 1.77217
12 0.921249
13 0.838897
14 1.9949
15 1.88885
16 0.706071
17 2.18823
18 2.24922
19 0.629312
20 1.80849
21 1.83337
22 0.630116
23 2.06802
24 1.99916
25 1.98892
26 1.98556
27 2.02454
28 1.96382
29 1.9935
"[DEBUG]index 26 centroid... "
0 2.77798
1 2.71009
2 2.55872
3 2.34679
4 2.61651
5 2.83945
6 2.12569
7 1.64312
8 13.8817
9 4.82661
10 1.83028
11 0.944954
12 2.43578
13 8.5789
14 1.62661
15 0.657798
16 0.457798
17 0.969725
18 2.21009
19 1.5211
20 8.89266
21 1.80183
22 8.01376
23 2.41376
24 2.52385
25 2.50367
26 2.59083
27 2.50183
28 2.52018
29 2.74862
"[DEBUG]index 27 centroid... "
0 1.6209
1 1.75249
2 1.64822
3 1.3601
4 1.34133
5 1.62993
6 1.53515
7 1.46366
8 8.56247
9 2.34703
10 7.13112
11 7.84394
12 2.49002
13 1.219
14 3.65439
15 1.50831
16 2.71686
17 4.94751
18 17.4083
19 5.61781
20 2.98907
21 1.60784
22 3.97292
23 1.3601
24 1.40641
25 1.50831
26 1.70594
27 1.65606
28 1.66912
29 1.42328
"[DEBUG]index 28 centroid... "
0 2.07331
1 2.19841
2 2.17703
3 1.86394
4 2.15251
5 2.22033
6 1.71485
7 1.44958
8 15.3489
9 3.39038
10 5.53576
11 4.7761
12 4.14812
13 18.9422
14 3.44875
15 1.24335
16 5.10523
17 1.52247
18 4.51055
19 1.75637
20 5.85201
21 1.359
22 5.41354
23 1.87298
24 1.93642
25 1.93341
26 1.84955
27 1.74418
28 1.90449
29 1.65127
"[DEBUG]index 29 centroid... "
0 2.21963
1 2.10641
2 1.93674
3 1.75231
4 1.96902
5 3.03715
6 2.00925
7 2.00519
8 14.6819
9 2.34469
10 15.2856
11 3.66002
12 2.04866
13 2.08613
14 4.12766
15 2.62368
16 15.5053
17 3.65612
18 1.60535
19 3.87672
20 4.72733
21 1.34031
22 0.857259
23 1.9528
24 1.73317
25 1.66294
26 1.697
27 1.80616
28 1.74566
29 1.67851
"[DEBUG]index 30 centroid... "
0 2.16261
1 2.17747
2 2.03242
3 1.7764
4 2.05869
5 2.38967
6 2.0032
7 1.49193
8 17.1408
9 4.38967
10 1.93952
11 0.84226
12 2.25525
13 0.738467
14 1.96604
15 0.604562
16 1.97091
17 7.64557
18 1.40185
19 6.78498
20 6.12173
21 1.39839
22 7.48629
23 2.18708
24 1.97091
25 2.25038
26 2.24065
27 2.17478
28 2.31702
29 2.25756
"[DEBUG]index 31 centroid... "
0 3.28229
1 3.03952
2 2.92385
3 2.56814
4 2.98607
5 2.95621
6 2.48336
7 1.64441
8 28.2593
9 4.58546
10 2.61499
11 2.38422
12 12.267
13 1.53781
14 0.900279
15 2.42378
16 2.21278
17 0.953619
18 2.2944
19 1.04433
20 2.27724
21 2.00491
22 0.968512
23 2.47465
24 2.37637
25 2.21025
26 2.30911
27 2.28293
28 2.30648
29 2.30422
"[DEBUG]index 32 centroid... "
0 1.89215
1 1.82236
2 1.71848
3 1.51745
4 1.74425
5 2.00278
6 2.02617
7 1.49167
8 11.7974
9 2.56582
10 1.48612
11 0.807296
12 0.816812
13 1.37946
14 2.6935
15 11.7157
16 9.86201
17 3.27082
18 4.36598
19 1.36241
20 4.6019
21 3.77557
22 1.41316
23 1.92189
24 2.33505
25 1.8525
26 1.83743
27 1.99048
28 1.77161
29 1.69865
"[DEBUG]index 33 centroid... "
0 2.20182
1 2.13013
2 2.09042
3 1.72328
4 1.8708
5 2.02242
6 1.77643
7 1.25912
8 15.3521
9 2.45684
10 17.008
11 2.85653
12 1.56839
13 2.06068
14 1.65824
15 0.708954
16 0.867999
17 0.704438
18 1.83914
19 4.40613
20 1.30683
21 4.49359
22 1.5864
23 1.75692
24 1.73558
25 1.6463
26 1.54482
27 1.66924
28 1.70823
29 1.64692
"[DEBUG]index 34 centroid... "
0 2.28508
1 2.23652
2 2.19321
3 2.10237
4 2.30815
5 2.6971
6 2.35971
7 1.70976
8 16.2277
9 3.37068
10 2.05953
11 1.22649
12 1.95191
13 3.76544
14 19.1173
15 3.62407
16 1.70423
17 6.16396
18 2.057
19 0.850567
20 2.09975
21 1.68979
22 5.14418
23 2.28527
24 2.32924
25 2.34218
26 2.27712
27 2.11259
28 1.93672
29 2.00272
"[DEBUG]index 35 centroid... "
0 2.07194
1 2.05948
2 1.93305
3 1.74996
4 1.81675
5 1.90214
6 1.74747
7 1.09919
8 14.5589
9 3.50739
10 4.60193
11 3.53431
12 16.1409
13 2.97774
14 1.34674
15 4.10583
16 1.60575
17 4.86526
18 1.52235
19 5.07559
20 3.49244
21 14.4024
22 4.01512
23 1.88752
24 2.16647
25 2.15518
26 1.65758
27 1.89517
28 1.87589
29 1.91311
"[DEBUG]index 36 centroid... "
0 2.62034
1 2.44034
2 2.35016
3 2.14713
4 1.99419
5 2.50347
6 2.20566
7 1.52491
8 12.2024
9 14.2176
10 4.15209
11 1.53868
12 7.04692
13 1.69891
14 0.707998
15 0.867016
16 1.82281
17 1.65555
18 0.794812
19 2.22317
20 0.804083
21 1.50937
22 4.93173
23 1.67175
24 1.7566
25 1.95842
26 1.83714
27 1.75773
28 1.80652
29 1.82703
"[DEBUG]index 37 centroid... "
0 2.43273
1 2.35849
2 2.21955
3 2.00159
4 2.21025
5 2.53527
6 2.25619
7 1.64989
8 17.2978
9 3.89003
10 1.94976
11 1.99988
12 1.84396
13 1.88184
14 5.58352
15 1.81503
16 3.80116
17 18.5849
18 3.86284
19 1.72676
20 1.16434
21 2.04125
22 0.864075
23 2.03096
24 2.05874
25 2.06661
26 2.11259
27 2.05075
28 1.92779
29 1.88645
"[DEBUG]index 38 centroid... "
0 2.73678
1 2.65151
2 2.44301
3 2.23321
4 2.70446
5 2.87753
6 2.61908
7 1.7833
8 22.1404
9 4.05401
10 1.92906
11 1.15054
12 2.57946
13 0.770564
14 1.95572
15 10.5069
16 1.98243
17 1.87446
18 8.62303
19 2.31128
20 0.834011
21 2.09411
22 8.01114
23 2.22932
24 2.6863
25 2.89062
26 2.72717
27 2.46382
28 2.52055
29 2.42214
"[DEBUG]index 39 centroid... "
0 2.20556
1 2.24004
2 2.05817
3 1.93846
4 2.13259
5 2.40009
6 2.01119
7 1.55991
8 17.8097
9 3.72075
10 1.97722
11 5.32769
12 1.83275
13 4.5809
14 1.39716
15 5.63912
16 5.61881
17 1.94549
18 3.75979
19 20.7718
20 3.62922
21 1.67782
22 2.18345
23 2.38378
24 1.89115
25 2.07533
26 2.07769
27 2.16483
28 1.98082
29 1.90948
"[DEBUG]index 40 centroid... "
0 4.28075
1 4.24906
2 4.2717
3 3.76679
4 3.94491
5 4.10038
6 3.3034
7 2.48981
8 14.7615
9 5.5034
10 1.82113
11 9.46943
12 2.46943
13 2.0634
14 2.94642
15 1.01358
16 0.424906
17 0.956226
18 0.960755
19 2.66113
20 0.796226
21 0.433962
22 0.938868
23 2.79547
24 2.38717
25 2.71774
26 2.91623
27 2.84755
28 2.81509
29 2.68377
"[DEBUG]index 41 centroid... "
0 1.69495
1 1.97212
2 1.86619
3 1.73787
4 1.55071
5 1.75379
6 1.87519
7 1.36301
8 6.26509
9 13.9333
10 3.1337
11 14.8379
12 5.29155
13 2.26037
14 2.88628
15 2.66103
16 1.22195
17 0.854775
18 1.24951
19 1.23469
20 2.31416
21 1.2483
22 0.642591
23 1.31504
24 1.29155
25 1.09682
26 1.18507
27 1.24841
28 1.15346
29 1.16861
"[DEBUG]index 42 centroid... "
0 2.48032
1 2.60337
2 2.24205
3 1.99057
4 2.10067
5 2.36267
6 2.32561
7 1.4845
8 13.1484
9 15.1546
10 3.95984
11 1.71523
12 6.16604
13 1.44515
14 1.76954
15 0.849191
16 1.60836
17 6.19636
18 5.00674
19 1.37668
20 6.05256
21 1.74447
22 0.730323
23 2.0659
24 1.82668
25 1.73113
26 1.84043
27 1.8938
28 1.84151
29 1.76119
"[DEBUG]index 43 centroid... "
0 2.81055
1 2.85018
2 2.73537
3 2.5268
4 3.01901
5 3.12168
6 2.94039
7 1.97852
8 20.8797
9 3.76243
10 2.02438
11 2.78316
12 0.907099
13 2.06605
14 9.78327
15 1.97476
16 0.967136
17 1.04844
18 1.00558
19 2.60284
20 0.763506
21 1.92224
22 8.12716
23 2.44539
24 2.64622
25 2.79036
26 2.60251
27 2.35625
28 2.39008
29 2.35485
"[DEBUG]index 44 centroid... "
0 2.10244
1 2.2012
2 1.95375
3 1.68008
4 1.87583
5 2.08141
6 1.71194
7 1.21729
8 19.6242
9 3.32176
10 7.14457
11 1.76934
12 0.840862
13 1.99214
14 0.754704
15 1.75179
16 1.40919
17 8.20488
18 1.52993
19 6.77947
20 1.43643
21 6.70339
22 1.52968
23 2.0536
24 1.95502
25 2.11733
26 1.97624
27 2.03719
28 2.023
29 2.09287
"[DEBUG]index 45 centroid... "
0 2.23372
1 2.17645
2 2.08175
3 1.77756
4 1.99232
5 2.23908
6 1.7646
7 1.30019
8 20.7627
9 3.23188
10 7.76516
11 1.62166
12 1.78443
13 6.41993
14 1.22428
15 5.86322
16 1.85426
17 1.77036
18 0.771877
19 1.75916
20 6.65166
21 1.37282
22 7.24228
23 2.07631
24 2.10814
25 2.09966
26 2.02496
27 1.8909
28 1.94105
29 1.91593
"[DEBUG]index 46 centroid... "
0 2.69701
1 2.5154
2 2.44373
3 2.15878
4 2.59717
5 2.68175
6 2.24649
7 1.41258
8 25.529
9 4.43091
10 2.32378
11 2.40942
12 8.36789
13 1.27365
14 8.05587
15 2.03095
16 0.869156
17 2.28205
18 7.67768
19 1.73782
20 1.89245
21 7.37082
22 1.93802
23 2.42993
24 2.55358
25 2.35745
26 2.19856
27 2.41186
28 2.24717
29 2.26771
"[DEBUG]index 47 centroid... "
0 2.37938
1 2.43062
2 2.24923
3 1.972
4 2.21681
5 2.48067
6 2.07957
7 1.61168
8 22.39
9 3.65568
10 1.81688
11 7.13832
12 2.13474
13 0.782174
14 2.0277
15 1.73957
16 7.47956
17 1.79388
18 8.76204
19 1.61949
20 7.32877
21 1.66307
22 1.90515
23 2.22438
24 2.26841
25 2.02115
26 2.26278
27 2.17725
28 2.21294
29 2.07078
"[DEBUG]index 48 centroid... "
0 2.18847
1 2.1813
2 1.98916
3 1.76736
4 2.30182
5 2.40515
6 2.12686
7 1.51845
8 35.1056
9 3.28361
10 2.14347
11 1.93755
12 2.05743
13 5.05846
14 1.67869
15 1.5854
16 5.98427
17 1.92726
18 1.87686
19 1.94481
20 1.62784
21 5.13284
22 1.64533
23 1.95644
24 2.06648
25 1.97392
26 1.86399
27 1.87991
28 1.85465
29 1.84173
"[DEBUG]index 49 centroid... "
0 3.65702
1 3.50165
2 3.36777
3 3.11074
4 3.70744
5 3.47727
6 3.39959
7 2.19793
8 20.3826
9 4.16736
10 1.9062
11 1.13058
12 2.70248
13 1.56157
14 10.5471
15 1.6405
16 2.60124
17 1.0843
18 0.440496
19 0.760331
20 2.53223
21 1.89215
22 0.573967
23 3.03678
24 2.77314
25 2.66818
26 2.43884
27 2.50207
28 2.51364
29 2.62934
"[DEBUG]index 50 centroid... "
0 2.55622
1 2.64205
2 2.5583
3 2.21625
4 2.5385
5 2.74324
6 2.19687
7 1.60935
8 24.0412
9 4.32488
10 1.76374
11 7.84107
12 8.29095
13 1.30465
14 7.09702
15 1.95414
16 1.68754
17 7.23669
18 1.86327
19 2.12372
20 1.02333
21 1.92396
22 6.96265
23 2.17996
24 2.24445
25 2.45122
26 2.41965
27 2.15315
28 2.15658
29 2.06561
"[DEBUG]index 51 centroid... "
0 2.19483
1 2.19442
2 2.1639
3 1.71981
4 2.08958
5 2.28195
6 1.93214
7 1.38462
8 21.1727
9 2.94693
10 8.15797
11 1.857
12 0.898738
13 1.80511
14 6.9818
15 1.39114
16 1.88565
17 1.77875
18 8.33343
19 1.55415
20 6.43645
21 1.44573
22 7.18362
23 1.93648
24 2.12762
25 2.08324
26 2.16783
27 2.03252
28 2.09263
29 1.99513
"[DEBUG]index 52 centroid... "
0 3.51588
1 3.47562
2 3.0204
3 2.74434
4 3.1689
5 3.26926
6 2.92144
7 2.18693
8 22.7885
9 4.45966
10 1.87949
11 9.9167
12 2.76443
13 0.766559
14 3.02793
15 2.32651
16 8.79807
17 2.1618
18 0.896545
19 2.7271
20 0.768259
21 2.07777
22 0.87991
23 2.76225
24 2.60227
25 2.50798
26 2.47981
27 2.41005
28 2.31983
29 2.35851
"[DEBUG]index 53 centroid... "
0 2.27786
1 2.25409
2 2.45914
3 2.1055
4 2.1055
5 2.58841
6 2.40565
7 1.28232
8 10.4502
9 3.63744
10 1.84398
11 0.849926
12 0.421991
13 0.356612
14 0.622585
15 2.52155
16 0.729569
17 0.879643
18 2.06389
19 3.57801
20 11.0446
21 4.12184
22 1.7266
23 2.474
24 2.48886
25 2.16345
26 2.43685
27 2.33581
28 2.71174
29 2.43239
"[DEBUG]index 54 centroid... "
0 4.54613
1 4.23985
2 3.92251
3 3.64207
4 3.74539
5 3.90775
6 3.19188
7 2.369
8 10.9225
9 4.65314
10 1.7048
11 7.66052
12 2.43173
13 0.98893
14 1.04059
15 3.90775
16 0.896679
17 1.04428
18 0.638376
19 0.217712
20 0.501845
21 0.97048
22 2.71587
23 2.53875
24 2.21033
25 2.78967
26 2.87823
27 2.90775
28 2.43542
29 3.08118
"[DEBUG]index 55 centroid... "
0 2.35763
1 2.40823
2 2.08748
3 2.06175
4 2.00515
5 2.41938
6 1.89108
7 1.07461
8 11.8473
9 3.69811
10 1.35849
11 5.64494
12 5.9331
13 1.27873
14 0.771012
15 1.88937
16 0.801029
17 0.331904
18 0.915952
19 1.75643
20 4.3036
21 12.2573
22 4.3542
23 2.23328
24 2.72213
25 2.37221
26 1.87307
27 2.15094
28 2.2024
29 2.22127
"[DEBUG]index 56 centroid... "
0 3.02933
1 3.12999
2 2.86042
3 2.56095
4 2.66366
5 3.13935
6 2.41052
7 2.03584
8 20.5482
9 4.49087
10 2.21776
11 8.36864
12 1.84068
13 8.42992
14 2.01837
15 1.6535
16 7.17644
17 9.66092
18 1.67074
19 0.965761
20 2.57179
21 0.787377
22 2.09838
23 2.45754
24 2.31899
25 2.37811
26 2.48927
27 2.31317
28 2.17108
29 2.13912
"[DEBUG]index 57 centroid... "
0 1.66978
1 1.75552
2 1.71474
3 1.44838
4 1.36821
5 1.72508
6 1.92998
7 1.40859
8 6.31669
9 15.4746
10 5.49115
11 2.54088
12 1.63457
13 0.804058
14 1.05351
15 2.41814
16 9.33599
17 2.24528
18 3.62522
19 1.41178
20 0.706783
21 1.25303
22 2.94032
23 1.17605
24 1.41436
25 1.56037
26 1.49672
27 1.43227
28 1.3155
29 1.25681
"[DEBUG]index 58 centroid... "
0 2.65821
1 2.61442
2 2.25367
3 2.27223
4 2.5462
5 2.71802
6 2.54192
7 1.67236
8 19.3117
9 3.82363
10 2.10748
11 0.738184
12 2.23712
13 6.01589
14 1.52069
15 7.97196
16 8.25955
17 1.43244
18 8.78959
19 1.7243
20 1.92417
21 0.757543
22 1.95714
23 2.26729
24 2.54326
25 2.32924
26 2.42096
27 2.24232
28 2.21762
29 2.1502
"[DEBUG]index 59 centroid... "
0 2.19468
1 2.21703
2 2.00742
3 1.85024
4 2.06909
5 2.28775
6 2.00303
7 1.17028
8 17.9978
9 3.7679
10 2.1763
11 2.1059
12 7.1839
13 1.64427
14 4.85346
15 1.61721
16 6.16174
17 2.17164
18 2.02225
19 3.70217
20 19.2834
21 4.06415
22 1.89554
23 2.49177
24 2.54103
25 1.93044
26 2.05323
27 2.10184
28 2.19067
29 1.92438
"[DEBUG]index 60 centroid... "
0 1.93149
1 1.80457
2 1.86511
3 1.69411
4 1.84865
5 1.93627
6 1.88954
7 1.44079
8 9.63781
9 2.30696
10 10.4923
11 2.40627
12 2.83643
13 10.2087
14 2.53266
15 10.0786
16 2.76421
17 3.46256
18 1.41211
19 0.773765
20 0.635157
21 1.30696
22 3.48008
23 1.4684
24 1.56081
25 1.5709
26 1.56293
27 1.44291
28 1.35794
29 1.40839
"[DEBUG]index 61 centroid... "
0 2.03519
1 1.94311
2 1.76167
3 1.71517
4 1.81473
5 2.2077
6 1.97082
7 1.376
8 12.0221
9 3.88147
10 1.97137
11 1.06072
12 2.06802
13 4.98177
14 1.50182
15 0.877097
16 2.10576
17 1.55744
18 3.48778
19 14.7768
20 2.67214
21 13.5452
22 3.907
23 1.93198
24 2.30233
25 2.08005
26 1.96991
27 2.26988
28 2.09737
29 2.12436
"[DEBUG]index 62 centroid... "
0 2.73432
1 2.56827
2 2.44209
3 2.22861
4 2.75799
5 2.84028
6 2.40978
7 1.7506
8 20.3473
9 4.01184
10 1.82063
11 1.13416
12 2.77443
13 0.680888
14 1.73465
15 9.54624
16 1.8628
17 7.71402
18 1.68631
19 8.50875
20 1.64242
21 0.865845
22 0.931278
23 2.74007
24 2.35939
25 2.48656
26 2.58208
27 2.69108
28 2.34007
29 2.26091
"[DEBUG]index 63 centroid... "
0 1.10481
1 1.26005
2 1.04413
3 1.01261
4 1.06698
5 1.43026
6 1.47754
7 1.08038
8 5.89677
9 2.4279
10 1.29787
11 1.35855
12 2.64066
13 2.5398
14 1.12845
15 2.03783
16 5.03231
17 11.1379
18 7.79984
19 7.95114
20 11.2482
21 4.35697
22 2.42553
23 1.58786
24 1.39953
25 1.41529
26 1.5658
27 1.63436
28 1.61229
29 1.59417
"[DEBUG]index 64 centroid... "
0 2.13639
1 2.39506
2 2.20633
3 1.80684
4 2.08854
5 2.19485
6 1.79431
7 1.32348
8 24.5321
9 3.35402
10 6.84222
11 1.85452
12 9.61526
13 1.4956
14 1.52416
15 6.68771
16 1.75001
17 6.22481
18 6.2508
19 1.51443
20 7.51466
21 1.51122
22 6.60937
23 2.28752
24 2.01096
25 2.15743
26 2.09489
27 2.04296
28 2.13837
29 2.08061
"[DEBUG]index 65 centroid... "
0 2.35357
1 2.10443
2 2.09067
3 1.88383
4 1.84639
5 2.10383
6 1.83303
7 1.48614
8 13.4817
9 2.36045
10 14.6999
11 3.01174
12 1.68488
13 0.923902
14 1.5258
15 5.52317
16 1.57114
17 0.712406
18 1.00769
19 0.848411
20 1.37907
21 4.0767
22 4.68792
23 1.60413
24 1.97612
25 1.93989
26 1.78486
27 1.72232
28 1.66242
29 1.80733
"[DEBUG]index 66 centroid... "
0 2.21221
1 2.32791
2 2.05198
3 1.80698
4 2.14337
5 2.12174
6 1.91291
7 1.22233
8 24.1593
9 3.35384
10 8.16395
11 1.63221
12 8.54407
13 1.4936
14 6.07105
15 1.49628
16 6.88849
17 1.29663
18 7.05907
19 6.95488
20 1.46535
21 5.4064
22 7.73523
23 1.74209
24 2.19035
25 2.2186
26 2.06523
27 2.01337
28 2.18047
29 1.97047
"[DEBUG]index 67 centroid... "
0 2.37213
1 2.8142
2 2.49426
3 2.26148
4 2.21712
5 2.65292
6 2.39248
7 1.58925
8 12.761
9 3.96712
10 1.68633
11 7.28236
12 1.91232
13 0.576722
14 0.422234
15 0.872651
16 1.93163
17 1.93372
18 3.75418
19 13.6018
20 4.22182
21 2.08455
22 0.89666
23 2.6143
24 2.1096
25 2.23747
26 2.4619
27 2.6357
28 2.31106
29 2.44415
"[DEBUG]index 68 centroid... "
0 2.59362
1 2.46188
2 2.38336
3 2.2335
4 2.33529
5 2.22924
6 1.95228
7 1.40127
8 19.0024
9 4.14596
10 2.24204
11 4.23066
12 21.622
13 3.14385
14 1.65839
15 1.9979
16 5.25428
17 4.54439
18 1.52335
19 4.81646
20 2.03909
21 1.88192
22 1.02947
23 2.24346
24 1.99729
25 1.89506
26 1.95352
27 2.05996
28 1.92569
29 1.8607
"[DEBUG]index 69 centroid... "
0 1.84349
1 1.82886
2 1.75817
3 1.54559
4 1.4861
5 1.9332
6 1.80449
7 1.46124
8 10.5563
9 2.26962
10 10.7231
11 3.29303
12 1.56509
13 3.68698
14 2.94052
15 10.5212
16 2.64895
17 3.04632
18 12.0951
19 3.18138
20 2.42126
21 11.4354
22 3.28913
23 1.46173
24 1.98586
25 1.83033
26 1.70697
27 1.85227
28 1.80546
29 1.68211
"[DEBUG]index 70 centroid... "
0 2.40646
1 2.29918
2 2.15727
3 2.48403
4 2.67851
5 2.58715
6 2.10683
7 1.58289
8 16.4293
9 16.2329
10 4.61944
11 2.32889
12 1.84318
13 7.18137
14 1.30994
15 1.69577
16 0.842843
17 1.99664
18 6.06714
19 5.75518
20 1.79834
21 1.11131
22 2.14785
23 1.80989
24 1.50017
25 1.56653
26 1.53223
27 2.69409
28 2.9314
29 1.62291
"[DEBUG]index 71 centroid... "
0 2.47228
1 2.46406
2 2.28304
3 1.99061
4 2.49618
5 2.50653
6 2.28867
7 1.51964
8 24.2012
9 3.62465
10 1.87993
11 2.18538
12 2.55545
13 0.698816
14 2.06694
15 0.727241
16 2.03107
17 0.7726
18 2.22597
19 0.864782
20 1.84603
21 1.47635
22 8.74729
23 1.82744
24 2.1929
25 2.30338
26 2.33648
27 1.93506
28 2.08687
29 2.08209
"[DEBUG]index 72 centroid... "
0 2.92526
1 2.72573
2 2.53921
3 2.29029
4 2.62618
5 2.47814
6 2.35825
7 1.52764
8 20.359
9 3.59059
10 8.03481
11 1.6343
12 9.01046
13 1.37816
14 6.94205
15 6.61506
16 1.98877
17 0.810032
18 2.02725
19 0.776332
20 1.84585
21 0.668113
22 1.89945
23 2.24458
24 2.13625
25 2.01268
26 2.08509
27 1.92537
28 1.98743
29 1.81626
"[DEBUG]index 73 centroid... "
0 1.92635
1 2.04747
2 2.16657
3 1.74856
4 1.813
5 2.19735
6 1.91743
7 1.49684
8 11.628
9 2.13176
10 12.5883
11 3.71519
12 1.96433
13 3.65852
14 12.9859
15 2.45253
16 1.666
17 1.17319
18 1.87112
19 3.1496
20 11.204
21 3.15852
22 1.66743
23 2.16024
24 2.13349
25 1.70771
26 1.86249
27 1.94591
28 1.96778
29 1.82307
"[DEBUG]index 74 centroid... "
0 1.9005
1 2.07797
2 2.02477
3 1.74746
4 1.70848
5 1.83549
6 1.47041
7 1.48545
8 10.4505
9 2.3921
10 5.5049
11 17.7781
12 6.12427
13 2.38811
14 1.79751
15 0.892519
16 0.751704
17 1.22178
18 3.15087
19 1.42244
20 0.796924
21 1.41463
22 2.97598
23 1.31596
24 1.35345
25 1.37282
26 1.4133
27 1.37315
28 1.42677
29 1.36725
"[DEBUG]index 75 centroid... "
0 3.26809
1 3.26566
2 2.94366
3 2.61486
4 2.75085
5 3.36523
6 2.69014
7 1.76882
8 16.9806
9 5.50899
10 1.92472
11 1.06022
12 3.18747
13 0.84847
14 0.533269
15 0.91695
16 1.66149
17 9.65469
18 2.14619
19 0.863526
20 2.4711
21 9.10539
22 1.8237
23 2.82127
24 3.26906
25 3.13939
26 2.82516
27 3.06362
28 3.01797
29 2.94318
"[DEBUG]index 76 centroid... "
0 2.00409
1 1.9063
2 2.0225
3 1.8752
4 2.04419
5 2.06997
6 1.96358
7 1.34738
8 7.82447
9 2.85802
10 1.26473
11 2.97627
12 9.4509
13 2.31588
14 5.39157
15 15.0945
16 5.99345
17 2.6252
18 1.64198
19 1.80483
20 0.806465
21 0.469313
22 0.817921
23 1.71604
24 1.79624
25 1.58388
26 1.64403
27 1.62684
28 1.52782
29 1.48568
"[DEBUG]index 77 centroid... "
0 2.30515
1 2.26558
2 2.14899
3 2.071
4 2.24903
5 2.7114
6 2.1466
7 1.75496
8 23.1821
9 3.86916
10 1.63713
11 8.08534
12 2.10632
13 1.38792
14 6.8125
15 6.89297
16 1.60366
17 7.50186
18 1.64209
19 7.48362
20 6.33773
21 1.57658
22 7.17095
23 2.47415
24 2.13527
25 2.36305
26 2.32118
27 2.21184
28 2.15758
29 2.19502
"[DEBUG]index 78 centroid... "
0 1.55195
1 1.73324
2 1.66873
3 1.63353
4 1.73111
5 1.79162
6 1.45134
7 1.21349
8 8.24443
9 3.11956
10 1.5198
11 3.36545
12 5.75547
13 19.7166
14 4.92202
15 2.41432
16 1.40622
17 3.3491
18 1.04608
19 1.23957
20 1.27522
21 2.90622
22 1.25273
23 1.4646
24 1.41685
25 1.36267
26 1.27051
27 1.32859
28 1.30206
29 1.24028
"[DEBUG]index 79 centroid... "
0 3.01113
1 3.14922
2 2.80121
3 2.45928
4 2.68892
5 3.05867
6 2.64846
7 1.54679
8 17.6813
9 4.49671
10 1.87557
11 2.40819
12 0.567021
13 2.09813
14 0.697016
15 0.304502
16 0.666667
17 1.90339
18 9.14112
19 1.57916
20 2.08852
21 2.02529
22 1.89833
23 2.52908
24 2.56196
25 2.66464
26 2.54932
27 2.50885
28 2.41224
29 2.62671
"[DEBUG]index 80 centroid... "
0 3.56066
1 3.40185
2 3.08847
3 2.83412
4 3.36388
5 3.47227
6 2.92852
7 1.8812
8 21.1902
9 5.09254
10 2.54163
11 0.987234
12 2.4221
13 9.69337
14 2.25289
15 2.11416
16 0.719792
17 2.79444
18 2.34371
19 0.779395
20 0.811839
21 1.9743
22 0.763457
23 2.60172
24 2.60725
25 2.42243
26 2.44015
27 2.5492
28 2.4443
29 2.40836
"[DEBUG]index 81 centroid... "
0 2.41172
1 2.55614
2 2.22475
3 2.09657
4 2.43556
5 2.45056
6 2.22987
7 1.59569
8 13.346
9 4.34463
10 2.2274
11 2.0512
12 3.96204
13 14.6942
14 3.93326
15 1.85205
16 2.2447
17 4.09958
18 15.5844
19 3.56638
20 1.79643
21 2.22617
22 0.976518
23 2.10876
24 2.13577
25 2.02931
26 2.09446
27 2.15007
28 1.89654
29 1.88895
"[DEBUG]index 82 centroid... "
0 2.71013
1 2.42651
2 2.22306
3 1.87414
4 2.37414
5 2.51875
6 2.14138
7 1.55539
8 20.839
9 3.12371
10 8.12759
11 1.90302
12 0.905819
13 1.70819
14 7.27392
15 7.16767
16 1.77888
17 1.81078
18 7.93621
19 6.66509
20 1.47091
21 2.04332
22 0.740086
23 2.45819
24 2.13728
25 2.21207
26 2.20819
27 2.36638
28 2.15711
29 2.05841
"[DEBUG]index 83 centroid... "
0 3.59178
1 3.297
2 3.14983
3 2.53963
4 4.22386
5 5.22456
6 3.10449
7 2.25299
8 27.4389
9 4.92075
10 2.69362
11 1.03896
12 4.20473
13 1.60267
14 0.977685
15 2.19959
16 13.2996
17 2.66183
18 1.4818
19 2.56035
20 12.9667
21 2.64978
22 1.14876
23 3.39086
24 3.46693
25 3.41442
26 2.96901
27 5.40565
28 3.46055
29 3.85053
"[DEBUG]index 84 centroid... "
0 4.19091
1 3.77175
2 3.41656
3 3.26364
4 3.38084
5 3.59578
6 2.98734
7 2.17792
8 16.1107
9 3.94188
10 9.71006
11 2.1474
12 1.06169
13 3.25617
14 0.845455
15 0.900649
16 3.05162
17 0.703571
18 2.3974
19 0.923377
20 0.407143
21 0.883766
22 0.899351
23 2.49448
24 2.43442
25 2.36818
26 2.35422
27 2.35065
28 2.46916
29 2.37597
"[DEBUG]index 85 centroid... "
0 1.51256
1 1.72714
2 1.50241
3 1.42128
4 1.19269
5 1.64713
6 1.6869
7 1.25982
8 6.40357
9 13.5895
10 5.23471
11 2.96748
12 1.43625
13 0.660657
14 1.37122
15 0.538635
16 1.10963
17 3.30699
18 1.48197
19 1.22827
20 2.7207
21 7.57437
22 2.48149
23 1.31616
24 1.5718
25 1.51513
26 1.3329
27 1.44285
28 1.38522
29 1.36156
"[DEBUG]index 86 centroid... "
0 3.4157
1 3.80343
2 2.924
3 2.6753
4 3.24798
5 3.53651
6 2.88956
7 2.20341
8 29.972
9 4.26872
10 1.77945
11 1.12943
12 0.832884
13 1.62954
14 0.695079
15 2.10548
16 0.658847
17 2.21447
18 0.638978
19 1.91088
20 1.64518
21 0.522403
22 1.79332
23 2.17424
24 1.87607
25 2.03678
26 2.27581
27 2.21971
28 2.19776
29 2.22947
"[DEBUG]index 87 centroid... "
0 2.41963
1 2.33769
2 2.30144
3 1.91153
4 2.18505
5 2.25754
6 1.7303
7 1.28861
8 17.5826
9 3.67312
10 1.59545
11 7.06529
12 7.85457
13 6.40297
14 1.46308
15 0.680099
16 1.8593
17 1.81135
18 1.85952
19 0.675146
20 1.84129
21 6.61909
22 7
23 1.87506
24 2.41625
25 2.34466
26 2.13305
27 1.90275
28 1.98041
29 2.0045
"[DEBUG]index 88 centroid... "
0 2.51376
1 2.48277
2 2.45307
3 1.99741
4 2.0862
5 2.32126
6 2.13388
7 1.60561
8 16.755
9 2.88291
10 18.3602
11 2.96646
12 1.65604
13 1.19162
14 2.15591
15 0.857409
16 2.08599
17 6.51734
18 1.66708
19 4.98435
20 1.96045
21 0.783808
22 1.97771
23 1.94521
24 1.70388
25 1.89981
26 1.98683
27 1.93257
28 1.92132
29 1.8684
"[DEBUG]index 89 centroid... "
0 2.31392
1 2.21022
2 2.03204
3 1.89879
4 1.89099
5 2.41719
6 2.32583
7 1.63055
8 12.6053
9 14.3641
10 3.61951
11 1.60662
12 0.891751
13 1.51093
14 4.8898
15 1.15231
16 5.26272
17 1.61507
18 0.68478
19 1.61929
20 1.62968
21 0.557263
22 1.37595
23 1.68922
24 1.66595
25 1.62286
26 1.61344
27 1.57383
28 1.61095
29 1.52425
"[DEBUG]index 90 centroid... "
0 2.5406
1 2.40063
2 2.25469
3 1.95196
4 2.29603
5 2.23007
6 1.94562
7 1.30383
8 20.9555
9 3.1802
10 8.32041
11 1.44465
12 8.18349
13 1.54121
14 7.03828
15 1.32163
16 5.69239
17 6.81261
18 1.65374
19 0.773226
20 1.94465
21 6.09242
22 1.43246
23 2.21007
24 2.37674
25 2.25738
26 1.97171
27 2.13862
28 1.98439
29 1.99573
"[DEBUG]index 91 centroid... "
0 2.22832
1 2.33595
2 1.99115
3 1.86924
4 2.15912
5 2.42426
6 1.99437
7 1.50956
8 18.5759
9 3.72943
10 1.88453
11 0.906256
12 1.93281
13 6.56307
14 1.42205
15 7.83283
16 1.47717
17 8.70972
18 1.51881
19 7.61839
20 1.31483
21 6.29873
22 6.44699
23 2.04164
24 2.14987
25 2.51881
26 2.11265
27 2.17642
28 2.15852
29 2.15892
"[DEBUG]index 92 centroid... "
0 1.96344
1 1.975
2 1.97105
3 1.71971
4 1.99784
5 2.21478
6 2.03478
7 1.7292
8 13.2329
9 2.99295
10 1.74838
11 4.31704
12 1.72159
13 3.36357
14 16.1572
15 2.50879
16 15.2553
17 3.08901
18 4.31563
19 2.37118
20 1.77874
21 1.56424
22 3.75853
23 1.81718
24 2.03628
25 1.91926
26 1.9655
27 1.78494
28 1.80797
29 1.75703
"[DEBUG]index 93 centroid... "
0 2.07707
1 2.22584
2 2.15145
3 2.0001
4 1.94972
5 2.32207
6 1.85669
7 1.70843
8 13.6239
9 3.14002
10 3.06285
11 15.7156
12 4.50896
13 1.51782
14 3.69843
15 15.1918
16 2.88286
17 1.48455
18 4.66577
19 1.71729
20 4.3539
21 1.57274
22 4.85112
23 2.03039
24 1.97218
25 2.01051
26 1.94746
27 1.81012
28 1.92221
29 1.7824
"[DEBUG]index 94 centroid... "
0 2.65652
1 2.68586
2 2.61425
3 2.222
4 2.44146
5 2.63598
6 1.93034
7 1.6512
8 21.1364
9 3.12021
10 7.93964
11 7.12977
12 1.55203
13 6.34339
14 8.0771
15 1.26088
16 0.801251
17 2.13704
18 1.83955
19 0.695325
20 1.69592
21 1.74427
22 1.53622
23 1.9956
24 1.9109
25 1.92586
26 1.83701
27 1.78468
28 1.80235
29 1.80235
"[DEBUG]index 95 centroid... "
0 2.64527
1 2.56556
2 2.25056
3 2.05365
4 2.33129
5 2.38205
6 2.14239
7 1.60554
8 19.6898
9 3.41364
10 9.0356
11 1.63174
12 0.982953
13 2.2181
14 0.721985
15 1.7018
16 8.50201
17 1.61532
18 7.35523
19 6.95086
20 1.73853
21 0.852971
22 2.37328
23 2.24919
24 2.13249
25 2.47405
26 2.45575
27 2.27563
28 2.34307
29 2.13312
"[DEBUG]index 96 centroid... "
0 2.67511
1 2.57454
2 2.47065
3 2.14454
4 2.52517
5 2.71497
6 2.13358
7 1.54886
8 24.2047
9 4.04216
10 2.23893
11 2.2024
12 9.49912
13 5.28333
14 1.43545
15 7.94778
16 2.13649
17 0.822318
18 2.1291
19 8.61943
20 1.6802
21 1.70334
22 8.10226
23 2.53365
24 2.29266
25 2.58181
26 2.45623
27 2.32077
28 2.38147
29 2.29394
"[DEBUG]index 97 centroid... "
0 2.24637
1 2.32561
2 2.21702
3 1.89938
4 2.13218
5 2.39959
6 1.80182
7 1.6318
8 19.5557
9 3.90447
10 1.81827
11 8.27369
12 1.71647
13 6.17859
14 1.67227
15 1.63248
16 0.88131
17 1.94155
18 1.68397
19 8.40748
20 1.50445
21 6.20735
22 7.19649
23 2.13184
24 2.16349
25 2.33885
26 2.11038
27 2.0744
28 2.06982
29 2.09986
"[DEBUG]index 98 centroid... "
0 2.07794
1 2.1832
2 1.93385
3 2.05407
4 1.96204
5 2.29652
6 2.12655
7 1.6937
8 12.4268
9 3.49439
10 1.31608
11 4.51855
12 4.84613
13 0.988208
14 3.48519
15 15.258
16 2.35548
17 11.9508
18 11.0733
19 3.11102
20 4.28444
21 1.87633
22 0.878056
23 2.13776
24 2.0765
25 1.93615
26 2.10526
27 2.13431
28 1.96951
29 1.7239
"[DEBUG]index 99 centroid... "
0 2.28904
1 2.26598
2 2.14105
3 1.89836
4 1.98416
5 2.17772
6 1.92708
7 1.38455
8 16.7659
9 4.15876
10 2.12236
11 2.02041
12 6.09372
13 1.56598
14 0.868162
15 2.29731
16 2.00819
17 3.85377
18 18.7725
19 3.83106
20 1.77721
21 5.67468
22 2.00121
23 1.90503
24 2.17117
25 2.13991
26 2.07401
27 2.27043
28 2.17538
29 2.12107
