"[DEBUG]index 0 centroid... "
0 0.336563
1 0.26175
2 0.10035
3 0.371838
4 0.297762
5 0.4156
6 0.339025
7 0.394387
8 0.325325
9 0.0384125
10 0.249725
11 0.108775
12 0.1533
13 -0.0353125
14 0.0200375
15 0.138475
16 0.031225
17 0.0176375
18 0.230763
19 0.223338
20 0.317862
21 0.49995
22 0.499412
23 0.298912
24 0.205638
25 0.368825
26 0.334238
27 0.203888
28 0.428525
29 0.1817
"[DEBUG]index 1 centroid... "
0 0.370812
1 0.123594
2 0.254333
3 0.324203
4 0.19687
5 0.44187
6 0.42929
7 0.181797
8 0.180391
9 0.29871
10 0.227014
11 0.279855
12 0.292261
13 0.174087
14 0.277754
15 0.475029
16 0.493536
17 0.346203
18 0.578246
19 0.496391
20 0.318058
21 0.383333
22 0.335261
23 0.230015
24 0.253899
25 0.255174
26 0.269783
27 0.273362
28 0.211754
29 0.155797
"[DEBUG]index 2 centroid... "
0 0.18358
1 0.23788
2 0.222816
3 0.2844
4 0.253629
5 0.207991
6 0.189822
7 0.236363
8 0.160882
9 0.176003
10 0.217044
11 0.214876
12 0.271075
13 0.242667
14 0.257333
15 0.261807
16 0.242533
17 0.173695
18 0.123248
19 0.174917
20 0.26864
21 0.269062
22 0.237241
23 0.182842
24 0.141195
25 0.186248
26 0.186811
27 0.104165
28 0.213974
29 0.171055
"[DEBUG]index 3 centroid... "
0 0.208642
1 0.0443773
2 0.207491
3 0.103792
4 0.138868
5 0.279019
6 0.148491
7 0.166472
8 0.00433961
9 0.147604
10 0.443623
11 0.173245
12 0.357509
13 0.414792
14 0.163434
15 0.222736
16 0.0476793
17 0.201962
18 0.25
19 0.294774
20 -0.0706792
21 0.0195849
22 0.314679
23 0.160302
24 0.100453
25 0.251113
26 0.151887
27 0.252302
28 0.291717
29 0.111189
"[DEBUG]index 4 centroid... "
0 0.173133
1 0.173675
2 0.190685
3 0.199416
4 0.207286
5 0.1982
6 0.206684
7 0.192878
8 0.112488
9 0.177753
10 0.200576
11 0.189237
12 0.201129
13 0.200865
14 0.129489
15 0.140593
16 0.215538
17 0.204441
18 0.211356
19 0.271214
20 0.186377
21 0.123692
22 0.169789
23 0.192012
24 0.216305
25 0.195165
26 0.207431
27 0.192993
28 0.199626
29 0.185835
"[DEBUG]index 5 centroid... "
0 0.210448
1 0.228294
2 0.222616
3 0.226989
4 0.225037
5 0.227571
6 0.251734
7 0.282795
8 0.175448
9 0.192828
10 0.216729
11 0.203388
12 0.188536
13 0.27864
14 0.257783
15 0.218877
16 0.223899
17 0.252905
18 0.190605
19 0.114594
20 0.228368
21 0.222211
22 0.226825
23 0.23427
24 0.232398
25 0.202385
26 0.2077
27 0.218493
28 0.214876
29 0.196625
"[DEBUG]index 6 centroid... "
0 0.188573
1 0.169988
2 0.172296
3 0.176974
4 0.186505
5 0.149326
6 0.221514
7 0.167861
8 0.149659
9 0.200558
10 0.131295
11 0.12181
12 0.192928
13 0.187332
14 0.182201
15 0.147814
16 0.16444
17 0.162603
18 0.213566
19 0.238115
20 0.223676
21 0.197845
22 0.24118
23 0.249066
24 0.237571
25 0.247492
26 0.25785
27 0.236149
28 0.216056
29 0.224099
"[DEBUG]index 7 centroid... "
0 0.0729298
1 0.255572
2 0.140672
3 0.159592
4 0.140247
5 0.0580435
6 0.156555
7 0.166495
8 0.143943
9 0.0153578
10 0.129826
11 0.227655
12 0.219789
13 0.100368
14 0.219789
15 0.240579
16 0.0980167
17 0.0464816
18 0.191438
19 0.172763
20 0.288321
21 0.187124
22 0.139207
23 0.138833
24 0.207642
25 0.204211
26 0.225328
27 0.272956
28 0.242595
29 0.26286
"[DEBUG]index 8 centroid... "
0 0.193701
1 0.192972
2 0.212406
3 0.214655
4 0.22548
5 0.190384
6 0.226381
7 0.205398
8 0.125304
9 0.185121
10 0.237625
11 0.225025
12 0.219552
13 0.183208
14 0.151634
15 0.134965
16 0.16809
17 0.158689
18 0.224113
19 0.232162
20 0.175241
21 0.219548
22 0.229067
23 0.194753
24 0.205353
25 0.203946
26 0.199693
27 0.204238
28 0.219261
29 0.225556
"[DEBUG]index 9 centroid... "
0 0.212385
1 0.222426
2 0.206046
3 0.221534
4 0.220294
5 0.221457
6 0.252533
7 0.200411
8 0.128015
9 0.180139
10 0.212806
11 0.200685
12 0.252503
13 0.255153
14 0.226203
15 0.177667
16 0.253887
17 0.256382
18 0.209106
19 0.183904
20 0.246723
21 0.264197
22 0.243884
23 0.231352
24 0.251512
25 0.238278
26 0.238479
27 0.247324
28 0.217767
29 0.237494
"[DEBUG]index 10 centroid... "
0 0.208119
1 0.208314
2 0.213224
3 0.231756
4 0.231435
5 0.184315
6 0.254353
7 0.205175
8 0.11607
9 0.160407
10 0.223075
11 0.253171
12 0.246985
13 0.173867
14 0.207238
15 0.219927
16 0.211899
17 0.184487
18 0.182632
19 0.246541
20 0.23149
21 0.210372
22 0.177088
23 0.238687
24 0.225607
25 0.224505
26 0.224992
27 0.222083
28 0.216043
29 0.205588
"[DEBUG]index 11 centroid... "
0 0.200402
1 0.240863
2 0.191536
3 0.201366
4 0.182462
5 0.198633
6 0.242911
7 0.18917
8 0.146588
9 0.151771
10 0.107055
11 0.225549
12 0.213339
13 0.18891
14 0.20287
15 0.212534
16 0.21033
17 0.16279
18 0.237599
19 0.181767
20 0.148813
21 0.165101
22 0.213189
23 0.218948
24 0.22566
25 0.213066
26 0.183711
27 0.209055
28 0.22825
29 0.211018
"[DEBUG]index 12 centroid... "
0 0.209515
1 0.206507
2 0.201572
3 0.218169
4 0.228851
5 0.194365
6 0.240117
7 0.226809
8 0.129344
9 0.155944
10 0.224837
11 0.222906
12 0.216978
13 0.217708
14 0.231348
15 0.175764
16 0.115993
17 0.216243
18 0.235765
19 0.177782
20 0.237843
21 0.216978
22 0.173778
23 0.192112
24 0.20409
25 0.202249
26 0.201028
27 0.207824
28 0.2242
29 0.220672
"[DEBUG]index 13 centroid... "
0 0.19469
1 0.187397
2 0.143422
3 0.200617
4 0.172195
5 0.195854
6 0.25035
7 0.212958
8 0.0890708
9 0.0483708
10 0.00325575
11 0.0260881
12 0.11286
13 0.106116
14 0.198752
15 0.194649
16 0.181417
17 0.126857
18 0.141083
19 0.226617
20 0.240258
21 0.22305
22 0.240658
23 0.20622
24 0.221747
25 0.244572
26 0.245023
27 0.230216
28 0.281664
29 0.274981
"[DEBUG]index 14 centroid... "
0 0.130967
1 0.132582
2 0.25101
3 0.230212
4 0.205152
5 0.259693
6 0.23122
7 0.245372
8 0.132557
9 0.145757
10 0.309335
11 0.25778
12 0.203346
13 0.185678
14 0.258291
15 0.225804
16 0.141784
17 0.194065
18 0.279554
19 0.239749
20 0.272045
21 0.263648
22 0.182783
23 0.170208
24 0.203471
25 0.225457
26 0.286413
27 0.227838
28 0.236096
29 0.217648
"[DEBUG]index 15 centroid... "
0 0.209772
1 0.200413
2 0.184495
3 0.197544
4 0.197559
5 0.204205
6 0.235026
7 0.236152
8 0.156748
9 0.0997114
10 0.204748
11 0.209841
12 0.21168
13 0.175874
14 0.124115
15 0.171864
16 0.209218
17 0.171883
18 0.185949
19 0.179619
20 0.208695
21 0.216894
22 0.227335
23 0.226637
24 0.232419
25 0.214121
26 0.246071
27 0.204504
28 0.234748
29 0.24418
"[DEBUG]index 16 centroid... "
0 0.173938
1 0.17714
2 0.196141
3 0.20469
4 0.220591
5 0.177902
6 0.198186
7 0.18477
8 0.103743
9 0.148422
10 0.211901
11 0.21224
12 0.222714
13 0.176851
14 0.201628
15 0.240487
16 0.22386
17 0.248307
18 0.217981
19 0.152336
20 0.211982
21 0.219274
22 0.219919
23 0.231555
24 0.191976
25 0.211134
26 0.185729
27 0.190346
28 0.198746
29 0.176481
"[DEBUG]index 17 centroid... "
0 0.207951
1 0.186719
2 0.181615
3 0.228082
4 0.21285
5 0.187432
6 0.244517
7 0.242137
8 0.160029
9 0.216727
10 0.271383
11 0.183566
12 0.238392
13 0.260727
14 0.206956
15 0.212579
16 0.254398
17 0.239462
18 0.181336
19 0.239505
20 0.250633
21 0.160411
22 0.179918
23 0.252681
24 0.203827
25 0.218204
26 0.213725
27 0.206522
28 0.181571
29 0.228645
"[DEBUG]index 18 centroid... "
0 0.227442
1 0.200599
2 0.221127
3 0.238983
4 0.236295
5 0.211165
6 0.263407
7 0.219183
8 0.157705
9 0.22838
10 0.250765
11 0.185867
12 0.257739
13 0.233176
14 0.191112
15 0.271164
16 0.228561
17 0.142599
18 0.231217
19 0.265817
20 0.206003
21 0.182815
22 0.246093
23 0.243445
24 0.215513
25 0.229129
26 0.217346
27 0.205747
28 0.218245
29 0.234392
"[DEBUG]index 19 centroid... "
0 0.216254
1 0.261529
2 0.184258
3 0.218148
4 0.211027
5 0.170377
6 0.242102
7 0.206212
8 0.154454
9 0.176319
10 0.25693
11 0.207599
12 0.244386
13 0.206478
14 0.134346
15 0.186267
16 0.229802
17 0.220922
18 0.185168
19 0.194369
20 0.243137
21 0.20199
22 0.186292
23 0.210229
24 0.231799
25 0.220698
26 0.206465
27 0.23356
28 0.193414
29 0.210271
"[DEBUG]index 20 centroid... "
0 0.302606
1 0.23641
2 0.329465
3 0.306728
4 0.252702
5 0.280802
6 0.307389
7 0.32059
8 0.275287
9 0.163747
10 0.32254
11 0.287635
12 0.305305
13 0.308626
14 0.28671
15 0.325314
16 0.229014
17 0.179572
18 0.295996
19 0.225212
20 0.322656
21 0.274437
22 0.282171
23 0.178763
24 0.291849
25 0.334109
26 0.288278
27 0.257062
28 0.270383
29 0.184656
"[DEBUG]index 21 centroid... "
0 0.201085
1 0.207097
2 0.21148
3 0.219224
4 0.220532
5 0.186171
6 0.216603
7 0.195797
8 0.106815
9 0.191327
10 0.224659
11 0.159975
12 0.214431
13 0.224567
14 0.202645
15 0.219918
16 0.207486
17 0.205796
18 0.246211
19 0.220313
20 0.192648
21 0.239011
22 0.243223
23 0.239105
24 0.223695
25 0.216524
26 0.213592
27 0.209649
28 0.201573
29 0.212286
"[DEBUG]index 22 centroid... "
0 0.240493
1 0.232163
2 0.229552
3 0.255047
4 0.240171
5 0.239713
6 0.248937
7 0.249193
8 0.13396
9 0.213982
10 0.268861
11 0.220146
12 0.211478
13 0.258461
14 0.228419
15 0.119755
16 0.214323
17 0.246723
18 0.236897
19 0.249475
20 0.217967
21 0.195094
22 0.248217
23 0.255994
24 0.235558
25 0.256599
26 0.244444
27 0.228541
28 0.248281
29 0.237929
"[DEBUG]index 23 centroid... "
0 0.178856
1 0.177924
2 0.169631
3 0.199928
4 0.185823
5 0.172921
6 0.221531
7 0.2043
8 0.112417
9 0.156839
10 0.197216
11 0.179153
12 0.175194
13 0.149637
14 0.0822572
15 0.172468
16 0.191751
17 0.19799
18 0.179352
19 0.165796
20 0.199443
21 0.199084
22 0.238318
23 0.227474
24 0.196434
25 0.217999
26 0.233158
27 0.210445
28 0.240037
29 0.251589
"[DEBUG]index 24 centroid... "
0 0.205268
1 0.200005
2 0.19281
3 0.211304
4 0.228685
5 0.190493
6 0.233213
7 0.194108
8 0.104357
9 0.209987
10 0.222312
11 0.170816
12 0.177966
13 0.168962
14 0.144495
15 0.1558
16 0.229387
17 0.213988
18 0.139274
19 0.210673
20 0.225854
21 0.197774
22 0.204145
23 0.20758
24 0.227704
25 0.229896
26 0.219279
27 0.219599
28 0.223351
29 0.230217
"[DEBUG]index 25 centroid... "
0 0.200785
1 0.185499
2 0.202423
3 0.210125
4 0.23208
5 0.194535
6 0.230554
7 0.20031
8 0.0850683
9 0.0904611
10 0.143742
11 0.211555
12 0.23396
13 0.218231
14 0.204316
15 0.21732
16 0.263512
17 0.238651
18 0.248613
19 0.284778
20 0.262384
21 0.255946
22 0.277801
23 0.251364
24 0.245088
25 0.256889
26 0.247155
27 0.245669
28 0.235481
29 0.236496
"[DEBUG]index 26 centroid... "
0 0.18604
1 0.203168
2 0.243525
3 0.238481
4 0.258765
5 0.205232
6 0.157281
7 0.237071
8 0.131156
9 0.23884
10 0.252838
11 0.240946
12 0.250677
13 0.114403
14 0.194534
15 0.180748
16 0.19286
17 0.172348
18 0.280749
19 0.172549
20 0.143619
21 0.121696
22 0.109164
23 0.174019
24 0.233183
25 0.211392
26 0.201031
27 0.178623
28 0.130759
29 0.184079
"[DEBUG]index 27 centroid... "
0 0.192269
1 0.191788
2 0.203056
3 0.208776
4 0.179509
5 0.211209
6 0.229387
7 0.212241
8 0.164321
9 0.152868
10 0.110781
11 0.119615
12 0.224556
13 0.21346
14 0.195648
15 0.160545
16 0.17845
17 0.177272
18 0.0877022
19 0.144681
20 0.19651
21 0.204818
22 0.192701
23 0.220172
24 0.216641
25 0.234195
26 0.226849
27 0.196857
28 0.220756
29 0.243423
"[DEBUG]index 28 centroid... "
0 0.247089
1 0.214697
2 0.196404
3 0.188915
4 0.188295
5 0.17674
6 0.202588
7 0.196327
8 0.10644
9 0.196646
10 0.189985
11 0.190603
12 0.195443
13 0.14135
14 0.199576
15 0.233412
16 0.182713
17 0.17358
18 0.171981
19 0.177735
20 0.162389
21 0.192439
22 0.186595
23 0.224177
24 0.248744
25 0.24516
26 0.241055
27 0.223793
28 0.232488
29 0.205777
"[DEBUG]index 29 centroid... "
0 0.232821
1 0.215364
2 0.199431
3 0.228614
4 0.266049
5 0.229622
6 0.250234
7 0.218063
8 0.157659
9 0.154581
10 0.11491
11 0.178191
12 0.225195
13 0.203195
14 0.242755
15 0.20866
16 0.153897
17 0.213659
18 0.237055
19 0.216704
20 0.217119
21 0.2492
22 0.253179
23 0.22524
24 0.223819
25 0.247993
26 0.224332
27 0.226725
28 0.224329
29 0.281207
"[DEBUG]index 30 centroid... "
0 0.209075
1 0.166297
2 0.158604
3 0.193743
4 0.23648
5 0.182011
6 0.230805
7 0.235683
8 0.0985306
9 0.146706
10 0.229103
11 0.210765
12 0.21338
13 0.210884
14 0.176422
15 0.224362
16 0.20291
17 0.149539
18 0.229301
19 0.16473
20 0.188667
21 0.231737
22 0.156943
23 0.188963
24 0.190777
25 0.182593
26 0.1903
27 0.189777
28 0.199163
29 0.202481
"[DEBUG]index 31 centroid... "
0 0.20912
1 0.198521
2 0.210977
3 0.220796
4 0.221283
5 0.202494
6 0.222427
7 0.239858
8 0.148293
9 0.175868
10 0.223208
11 0.20169
12 0.187615
13 0.250619
14 0.251595
15 0.188751
16 0.209674
17 0.223846
18 0.221513
19 0.242175
20 0.238014
21 0.245972
22 0.262792
23 0.241079
24 0.2433
25 0.248241
26 0.236956
27 0.231331
28 0.237585
29 0.244662
"[DEBUG]index 32 centroid... "
0 0.184989
1 0.155457
2 0.192015
3 0.186624
4 0.170544
5 0.176997
6 0.157903
7 0.243886
8 0.119509
9 0.184489
10 0.182325
11 0.210739
12 0.19278
13 0.269222
14 0.230197
15 0.118227
16 0.175677
17 0.198392
18 0.158184
19 0.164299
20 0.138238
21 0.185762
22 0.164858
23 0.203199
24 0.171152
25 0.180666
26 0.155789
27 0.176803
28 0.205831
29 0.219937
"[DEBUG]index 33 centroid... "
0 0.189518
1 0.190171
2 0.181563
3 0.205615
4 0.214025
5 0.200024
6 0.218387
7 0.186158
8 0.101426
9 0.0840093
10 0.0960618
11 0.181366
12 0.227624
13 0.186899
14 0.200888
15 0.189061
16 0.202939
17 0.217924
18 0.204565
19 0.215108
20 0.230539
21 0.193645
22 0.243165
23 0.242531
24 0.213852
25 0.215281
26 0.215947
27 0.209199
28 0.205039
29 0.206497
"[DEBUG]index 34 centroid... "
0 0.193723
1 0.19179
2 0.200242
3 0.212522
4 0.223962
5 0.199892
6 0.210137
7 0.205639
8 0.106133
9 0.183741
10 0.200836
11 0.191068
12 0.229871
13 0.150467
14 0.106844
15 0.20049
16 0.222909
17 0.167366
18 0.199187
19 0.22134
20 0.190885
21 0.173972
22 0.156684
23 0.204192
24 0.208574
25 0.204178
26 0.199549
27 0.175271
28 0.206909
29 0.206505
"[DEBUG]index 35 centroid... "
0 0.245601
1 0.230144
2 0.229995
3 0.221889
4 0.245757
5 0.252231
6 0.259424
7 0.248777
8 0.19003
9 0.168508
10 0.189837
11 0.181186
12 0.175465
13 0.258123
14 0.230255
15 0.207815
16 0.205706
17 0.198346
18 0.188909
19 0.188155
20 0.160309
21 0.157806
22 0.240345
23 0.261865
24 0.233286
25 0.254105
26 0.220256
27 0.234423
28 0.217566
29 0.241105
"[DEBUG]index 36 centroid... "
0 0.198272
1 0.189253
2 0.190143
3 0.203174
4 0.202499
5 0.179612
6 0.23289
7 0.262465
8 0.134417
9 0.0825794
10 0.234175
11 0.243019
12 0.175898
13 0.235207
14 0.230825
15 0.200636
16 0.194235
17 0.22956
18 0.245579
19 0.244584
20 0.278968
21 0.258566
22 0.208928
23 0.256417
24 0.260241
25 0.251006
26 0.244882
27 0.223286
28 0.226353
29 0.233225
"[DEBUG]index 37 centroid... "
0 0.207059
1 0.21095
2 0.205981
3 0.220766
4 0.226532
5 0.213036
6 0.232586
7 0.209688
8 0.127687
9 0.176523
10 0.212844
11 0.196538
12 0.23706
13 0.224574
14 0.188924
15 0.226706
16 0.182256
17 0.119626
18 0.201864
19 0.24917
20 0.226
21 0.206444
22 0.219645
23 0.203461
24 0.185832
25 0.217097
26 0.224493
27 0.224784
28 0.228356
29 0.217748
"[DEBUG]index 38 centroid... "
0 0.193538
1 0.17773
2 0.187745
3 0.221237
4 0.240333
5 0.193005
6 0.23953
7 0.202635
8 0.122741
9 0.189476
10 0.241418
11 0.22331
12 0.213764
13 0.249026
14 0.229048
15 0.169115
16 0.242687
17 0.246421
18 0.180865
19 0.215942
20 0.26393
21 0.200769
22 0.175608
23 0.216136
24 0.201922
25 0.189551
26 0.197593
27 0.19539
28 0.207187
29 0.206177
"[DEBUG]index 39 centroid... "
0 0.224854
1 0.211676
2 0.205483
3 0.212683
4 0.223345
5 0.200251
6 0.234561
7 0.224919
8 0.116511
9 0.20665
10 0.227162
11 0.188946
12 0.20194
13 0.178876
14 0.224174
15 0.171143
16 0.168128
17 0.2462
18 0.168891
19 0.10068
20 0.231813
21 0.244092
22 0.215531
23 0.212774
24 0.209048
25 0.20637
26 0.200538
27 0.21364
28 0.237834
29 0.218846
"[DEBUG]index 40 centroid... "
0 0.205459
1 0.268184
2 0.237935
3 0.230645
4 0.255715
5 0.247622
6 0.268568
7 0.214219
8 0.168024
9 0.204847
10 0.255658
11 0.204144
12 0.138773
13 0.252219
14 0.208256
15 0.305367
16 0.271231
17 0.33833
18 0.327181
19 0.305323
20 0.327346
21 0.375168
22 0.387106
23 0.340017
24 0.318533
25 0.319549
26 0.290397
27 0.256423
28 0.248753
29 0.27813
"[DEBUG]index 41 centroid... "
0 0.243612
1 0.221366
2 0.21182
3 0.189503
4 0.194463
5 0.216135
6 0.223336
7 0.277849
8 0.163155
9 0.154476
10 0.17588
11 0.119497
12 0.154558
13 0.210103
14 0.16227
15 0.168003
16 0.205758
17 0.236013
18 0.26169
19 0.280496
20 0.279529
21 0.295203
22 0.318771
23 0.335966
24 0.343775
25 0.316523
26 0.324587
27 0.31694
28 0.308543
29 0.296782
"[DEBUG]index 42 centroid... "
0 0.201475
1 0.208801
2 0.197043
3 0.191801
4 0.241851
5 0.207309
6 0.235173
7 0.278885
8 0.122564
9 0.131666
10 0.248071
11 0.214461
12 0.186332
13 0.177176
14 0.210761
15 0.204352
16 0.21105
17 0.164188
18 0.20678
19 0.240802
20 0.214388
21 0.232611
22 0.252012
23 0.21201
24 0.236311
25 0.230058
26 0.20263
27 0.226348
28 0.240247
29 0.271343
"[DEBUG]index 43 centroid... "
0 0.179013
1 0.192574
2 0.19053
3 0.203298
4 0.206477
5 0.162082
6 0.191724
7 0.178091
8 0.112185
9 0.170243
10 0.24611
11 0.192263
12 0.237174
13 0.186203
14 0.128937
15 0.176982
16 0.216053
17 0.2355
18 0.211308
19 0.192437
20 0.21001
21 0.191484
22 0.147549
23 0.204634
24 0.204741
25 0.209386
26 0.203045
27 0.212999
28 0.178282
29 0.176403
"[DEBUG]index 44 centroid... "
0 0.181693
1 0.189922
2 0.177329
3 0.200151
4 0.206975
5 0.197513
6 0.245479
7 0.199845
8 0.0909007
9 0.128189
10 0.16139
11 0.23018
12 0.250657
13 0.213492
14 0.203338
15 0.19769
16 0.181308
17 0.160036
18 0.132241
19 0.122582
20 0.156207
21 0.170938
22 0.186737
23 0.21378
24 0.201609
25 0.198545
26 0.201754
27 0.181174
28 0.193742
29 0.174801
"[DEBUG]index 45 centroid... "
0 0.197319
1 0.183462
2 0.183571
3 0.203516
4 0.218713
5 0.173844
6 0.21623
7 0.198748
8 0.0903857
9 0.123628
10 0.18196
11 0.218667
12 0.210849
13 0.173446
14 0.173272
15 0.143813
16 0.192035
17 0.202801
18 0.234496
19 0.185618
20 0.174752
21 0.179717
22 0.157538
23 0.182014
24 0.216179
25 0.199386
26 0.199446
27 0.184351
28 0.201185
29 0.18514
"[DEBUG]index 46 centroid... "
0 0.216542
1 0.208147
2 0.217951
3 0.219412
4 0.229332
5 0.204485
6 0.242368
7 0.239986
8 0.13579
9 0.170043
10 0.22175
11 0.180356
12 0.195475
13 0.222789
14 0.175545
15 0.202015
16 0.243382
17 0.215039
18 0.190332
19 0.248145
20 0.232978
21 0.180238
22 0.215863
23 0.234824
24 0.220775
25 0.215997
26 0.225879
27 0.218785
28 0.200412
29 0.227735
"[DEBUG]index 47 centroid... "
0 0.197234
1 0.205524
2 0.200687
3 0.21069
4 0.223452
5 0.196123
6 0.243466
7 0.213793
8 0.106948
9 0.19761
10 0.221373
11 0.185449
12 0.230375
13 0.217726
14 0.203879
15 0.180843
16 0.155347
17 0.156041
18 0.107188
19 0.14868
20 0.171137
21 0.205333
22 0.206995
23 0.196956
24 0.190862
25 0.193689
26 0.194522
27 0.196197
28 0.200503
29 0.215463
"[DEBUG]index 48 centroid... "
0 0.196828
1 0.194486
2 0.192991
3 0.201033
4 0.207812
5 0.171888
6 0.194485
7 0.173755
8 0.0834413
9 0.151915
10 0.195883
11 0.192088
12 0.198431
13 0.167228
14 0.200741
15 0.198291
16 0.164041
17 0.204954
18 0.208084
19 0.210534
20 0.21389
21 0.186873
22 0.213176
23 0.220375
24 0.215104
25 0.206111
26 0.206097
27 0.202178
28 0.200252
29 0.20737
"[DEBUG]index 49 centroid... "
0 0.181396
1 0.177367
2 0.230528
3 0.235208
4 0.220422
5 0.190092
6 0.233376
7 0.181352
8 0.16422
9 0.227248
10 0.248842
11 0.201154
12 0.228709
13 0.192449
14 0.131592
15 0.199302
16 0.239922
17 0.211219
18 0.25952
19 0.252573
20 0.248613
21 0.269664
22 0.232327
23 0.256232
24 0.238473
25 0.219068
26 0.216607
27 0.189279
28 0.203637
29 0.208493
"[DEBUG]index 50 centroid... "
0 0.226951
1 0.205398
2 0.212009
3 0.219129
4 0.224787
5 0.204893
6 0.255327
7 0.244264
8 0.137312
9 0.185784
10 0.24212
11 0.144938
12 0.201006
13 0.259988
14 0.193378
15 0.214852
16 0.21279
17 0.167812
18 0.210342
19 0.228203
20 0.251677
21 0.224774
22 0.186146
23 0.237014
24 0.245574
25 0.23298
26 0.232579
27 0.23282
28 0.229255
29 0.238431
"[DEBUG]index 51 centroid... "
0 0.200893
1 0.197709
2 0.20436
3 0.210296
4 0.231983
5 0.213713
6 0.237504
7 0.214314
8 0.116901
9 0.13888
10 0.1865
11 0.20558
12 0.217159
13 0.218246
14 0.195474
15 0.21442
16 0.221285
17 0.186351
18 0.180492
19 0.187602
20 0.170996
21 0.171574
22 0.165653
23 0.202957
24 0.204046
25 0.218419
26 0.213807
27 0.215028
28 0.206982
29 0.210806
"[DEBUG]index 52 centroid... "
0 0.205057
1 0.183115
2 0.223953
3 0.225935
4 0.218452
5 0.199037
6 0.242967
7 0.213115
8 0.118109
9 0.182997
10 0.248716
11 0.178527
12 0.221492
13 0.241876
14 0.214896
15 0.166192
16 0.15136
17 0.207753
18 0.230655
19 0.200696
20 0.214521
21 0.199849
22 0.212
23 0.230946
24 0.203824
25 0.2309
26 0.224407
27 0.19844
28 0.197367
29 0.222134
"[DEBUG]index 53 centroid... "
0 0.288164
1 0.238753
2 0.255952
3 0.247435
4 0.263767
5 0.198107
6 0.22086
7 0.1789
8 0.224869
9 0.197962
10 0.327774
11 0.268779
12 0.226656
13 0.219238
14 0.179587
15 0.259817
16 0.219263
17 0.21285
18 0.315988
19 0.288888
20 0.173237
21 0.227275
22 0.265568
23 0.23714
24 0.321147
25 0.251981
26 0.228845
27 0.224627
28 0.260266
29 0.294076
"[DEBUG]index 54 centroid... "
0 0.20811
1 0.34185
2 0.230179
3 0.232428
4 0.289098
5 0.264451
6 0.310763
7 0.299705
8 0.0647457
9 0.328543
10 0.230289
11 0.150405
12 0.17259
13 0.27078
14 0.356023
15 0.260416
16 0.159006
17 0.285353
18 0.223503
19 0.240376
20 0.390064
21 0.268012
22 0.479179
23 0.337277
24 0.378775
25 0.21811
26 0.179127
27 0.298711
28 0.246584
29 0.211948
"[DEBUG]index 55 centroid... "
0 0.201614
1 0.22706
2 0.169997
3 0.282568
4 0.256589
5 0.208918
6 0.278684
7 0.26793
8 0.260995
9 0.2481
10 0.296942
11 0.150457
12 0.234083
13 0.287025
14 0.23576
15 0.194318
16 0.188709
17 0.212405
18 0.215734
19 0.29045
20 0.160291
21 0.17059
22 0.213204
23 0.205896
24 0.197772
25 0.149318
26 0.168753
27 0.151494
28 0.217357
29 0.206553
"[DEBUG]index 56 centroid... "
0 0.236054
1 0.231399
2 0.2268
3 0.238585
4 0.222256
5 0.207177
6 0.280581
7 0.239422
8 0.119993
9 0.222519
10 0.214046
11 0.151156
12 0.237427
13 0.19067
14 0.210346
15 0.242451
16 0.164807
17 0.182062
18 0.262432
19 0.217633
20 0.213217
21 0.235933
22 0.211012
23 0.22914
24 0.238641
25 0.261737
26 0.261988
27 0.2332
28 0.256119
29 0.249845
"[DEBUG]index 57 centroid... "
0 0.186878
1 0.189007
2 0.177364
3 0.164132
4 0.169687
5 0.177136
6 0.208012
7 0.25096
8 0.153818
9 0.0858493
10 0.158673
11 0.235896
12 0.224034
13 0.215456
14 0.177714
15 0.161285
16 0.0853629
17 0.128484
18 0.162305
19 0.161781
20 0.21341
21 0.196608
22 0.167404
23 0.207379
24 0.209075
25 0.175741
26 0.187951
27 0.217374
28 0.197354
29 0.198489
"[DEBUG]index 58 centroid... "
0 0.173312
1 0.192182
2 0.207254
3 0.188055
4 0.185022
5 0.169923
6 0.189923
7 0.183406
8 0.0928375
9 0.170671
10 0.204614
11 0.219488
12 0.196464
13 0.181822
14 0.240762
15 0.136588
16 0.152499
17 0.176846
18 0.118946
19 0.146277
20 0.190047
21 0.194859
22 0.172306
23 0.195264
24 0.154994
25 0.167355
26 0.173687
27 0.202368
28 0.178696
29 0.195824
"[DEBUG]index 59 centroid... "
0 0.228146
1 0.206151
2 0.214545
3 0.225276
4 0.232973
5 0.218347
6 0.24942
7 0.255194
8 0.179662
9 0.224194
10 0.242695
11 0.203292
12 0.207939
13 0.200988
14 0.192892
15 0.203368
16 0.208545
17 0.204338
18 0.243934
19 0.191099
20 0.153559
21 0.238442
22 0.25459
23 0.231433
24 0.233325
25 0.229343
26 0.238155
27 0.20988
28 0.234474
29 0.231757
"[DEBUG]index 60 centroid... "
0 0.238089
1 0.180977
2 0.178503
3 0.143665
4 0.170637
5 0.144429
6 0.182976
7 0.15983
8 0.15124
9 0.129285
10 0.152936
11 0.139088
12 0.149025
13 0.0991634
14 0.0938579
15 0.107113
16 0.0907813
17 0.211773
18 0.125061
19 0.217802
20 0.212401
21 0.22108
22 0.222256
23 0.233362
24 0.240886
25 0.275334
26 0.259623
27 0.218657
28 0.259244
29 0.211665
"[DEBUG]index 61 centroid... "
0 0.193001
1 0.194118
2 0.182701
3 0.203243
4 0.209398
5 0.213461
6 0.235844
7 0.229003
8 0.12521
9 0.218027
10 0.241223
11 0.220608
12 0.199669
13 0.155895
14 0.208123
15 0.187742
16 0.183577
17 0.241917
18 0.178644
19 0.129172
20 0.142131
21 0.110406
22 0.19161
23 0.259475
24 0.205046
25 0.21658
26 0.18309
27 0.15342
28 0.19093
29 0.191216
"[DEBUG]index 62 centroid... "
0 0.185946
1 0.189404
2 0.213062
3 0.212471
4 0.219844
5 0.203997
6 0.211722
7 0.196747
8 0.116903
9 0.164678
10 0.216431
11 0.198297
12 0.192205
13 0.239846
14 0.227711
15 0.196702
16 0.154333
17 0.148331
18 0.163003
19 0.188812
20 0.210989
21 0.216171
22 0.206271
23 0.186298
24 0.202227
25 0.196536
26 0.192945
27 0.223585
28 0.202941
29 0.199446
"[DEBUG]index 63 centroid... "
0 0.235141
1 0.293713
2 0.272505
3 0.301413
4 0.277992
5 0.285805
6 0.335404
7 0.219726
8 0.205299
9 0.244177
10 0.178186
11 0.172423
12 0.177412
13 0.138106
14 0.217017
15 0.17194
16 0.0657705
17 0.0263218
18 0.115678
19 0.108958
20 0.148987
21 0.186463
22 0.226381
23 0.196597
24 0.155207
25 0.15389
26 0.200939
27 0.229628
28 0.224971
29 0.210021
"[DEBUG]index 64 centroid... "
0 0.18424
1 0.19207
2 0.182623
3 0.205731
4 0.207234
5 0.20545
6 0.237606
7 0.21144
8 0.149022
9 0.112691
10 0.114597
11 0.160782
12 0.178297
13 0.230017
14 0.208233
15 0.177647
16 0.202013
17 0.166256
18 0.190642
19 0.198481
20 0.16892
21 0.177529
22 0.172004
23 0.201726
24 0.216509
25 0.209853
26 0.220659
27 0.204761
28 0.211037
29 0.20599
"[DEBUG]index 65 centroid... "
0 0.180548
1 0.224515
2 0.211691
3 0.208706
4 0.207255
5 0.207886
6 0.219059
7 0.185159
8 0.0687983
9 0.0722706
10 0.0968834
11 0.21088
12 0.228674
13 0.212937
14 0.180025
15 0.150914
16 0.203526
17 0.214432
18 0.19953
19 0.238145
20 0.220792
21 0.1949
22 0.233297
23 0.266024
24 0.21736
25 0.236825
26 0.257915
27 0.185101
28 0.195186
29 0.184424
"[DEBUG]index 66 centroid... "
0 0.232879
1 0.223661
2 0.221597
3 0.214492
4 0.218251
5 0.184408
6 0.259286
7 0.214903
8 0.138957
9 0.123312
10 0.132507
11 0.170638
12 0.170246
13 0.162382
14 0.159757
15 0.141939
16 0.170943
17 0.226524
18 0.168452
19 0.204976
20 0.254433
21 0.17416
22 0.195422
23 0.238136
24 0.222782
25 0.231568
26 0.221433
27 0.225012
28 0.200962
29 0.24149
"[DEBUG]index 67 centroid... "
0 0.209885
1 0.19126
2 0.186168
3 0.208493
4 0.205114
5 0.214961
6 0.169215
7 0.14912
8 0.13665
9 0.229317
10 0.210399
11 0.166787
12 0.183951
13 0.194307
14 0.160497
15 0.177774
16 0.179714
17 0.241972
18 0.139043
19 0.0762996
20 0.237158
21 0.200106
22 0.222066
23 0.224939
24 0.194835
25 0.135767
26 0.164739
27 0.144049
28 0.189176
29 0.226434
"[DEBUG]index 68 centroid... "
0 0.218441
1 0.224261
2 0.213261
3 0.235406
4 0.221731
5 0.205007
6 0.250066
7 0.264232
8 0.182753
9 0.193046
10 0.248001
11 0.19416
12 0.18957
13 0.247437
14 0.263293
15 0.233692
16 0.200523
17 0.215456
18 0.217564
19 0.194938
20 0.214483
21 0.231623
22 0.240831
23 0.229046
24 0.238337
25 0.242166
26 0.244826
27 0.239377
28 0.259996
29 0.263
"[DEBUG]index 69 centroid... "
0 0.187597
1 0.258536
2 0.217669
3 0.222711
4 0.274548
5 0.21507
6 0.254878
7 0.145325
8 0.130455
9 0.207807
10 0.124915
11 0.228076
12 0.17589
13 0.20449
14 0.147937
15 0.135351
16 0.241472
17 0.163572
18 0.12986
19 0.250318
20 0.205817
21 0.14239
22 0.246508
23 0.208812
24 0.220784
25 0.21843
26 0.189147
27 0.196814
28 0.25289
29 0.233917
"[DEBUG]index 70 centroid... "
0 0.197715
1 0.193284
2 0.169701
3 0.181186
4 0.210579
5 0.198328
6 0.218638
7 0.242598
8 0.142972
9 0.102952
10 0.19924
11 0.220892
12 0.165366
13 0.170746
14 0.212663
15 0.228307
16 0.214191
17 0.198055
18 0.151558
19 0.192415
20 0.23067
21 0.25505
22 0.220458
23 0.232693
24 0.232409
25 0.222175
26 0.229088
27 0.217113
28 0.216908
29 0.225082
"[DEBUG]index 71 centroid... "
0 0.194557
1 0.180972
2 0.192122
3 0.195969
4 0.204027
5 0.181291
6 0.212595
7 0.200867
8 0.109114
9 0.165935
10 0.218185
11 0.20252
12 0.207594
13 0.204469
14 0.175628
15 0.173452
16 0.18364
17 0.203138
18 0.206683
19 0.197382
20 0.216631
21 0.184176
22 0.13406
23 0.188344
24 0.198431
25 0.184404
26 0.20696
27 0.185608
28 0.172179
29 0.172436
"[DEBUG]index 72 centroid... "
0 0.204971
1 0.178421
2 0.194787
3 0.209068
4 0.216789
5 0.173548
6 0.223832
7 0.198113
8 0.10581
9 0.0911675
10 0.116147
11 0.125379
12 0.157038
13 0.203182
14 0.188425
15 0.138403
16 0.224936
17 0.219462
18 0.191814
19 0.21287
20 0.198594
21 0.197351
22 0.245228
23 0.236644
24 0.267323
25 0.268615
26 0.249458
27 0.218359
28 0.25757
29 0.221897
"[DEBUG]index 73 centroid... "
0 0.210441
1 0.19888
2 0.205331
3 0.199741
4 0.201416
5 0.207614
6 0.244257
7 0.185319
8 0.111331
9 0.157085
10 0.166173
11 0.168529
12 0.244171
13 0.168959
14 0.173908
15 0.258983
16 0.21695
17 0.19748
18 0.190257
19 0.168097
20 0.126831
21 0.207728
22 0.230721
23 0.183065
24 0.214091
25 0.213752
26 0.190574
27 0.183975
28 0.2015
29 0.216888
"[DEBUG]index 74 centroid... "
0 0.197673
1 0.161139
2 0.169072
3 0.158741
4 0.177422
5 0.176065
6 0.21048
7 0.202171
8 0.14587
9 0.219014
10 0.148734
11 0.0480583
12 0.156625
13 0.211294
14 0.187972
15 0.188877
16 0.18774
17 0.230902
18 0.237381
19 0.237684
20 0.294487
21 0.260842
22 0.243732
23 0.277557
24 0.276545
25 0.24863
26 0.297793
27 0.275921
28 0.269293
29 0.248545
"[DEBUG]index 75 centroid... "
0 0.228541
1 0.246163
2 0.262866
3 0.257877
4 0.275919
5 0.250354
6 0.291636
7 0.255269
8 0.165236
9 0.228597
10 0.250536
11 0.222723
12 0.21579
13 0.187554
14 0.250506
15 0.268952
16 0.218265
17 0.251021
18 0.295441
19 0.298053
20 0.260804
21 0.207403
22 0.276792
23 0.241257
24 0.178406
25 0.19201
26 0.252698
27 0.285329
28 0.203164
29 0.26371
"[DEBUG]index 76 centroid... "
0 0.193658
1 0.263198
2 0.193871
3 0.207695
4 0.205341
5 0.181011
6 0.251955
7 0.239059
8 0.160081
9 0.225423
10 0.220279
11 0.183181
12 0.206155
13 0.254615
14 0.177882
15 0.103187
16 0.185043
17 0.224136
18 0.21958
19 0.18396
20 0.198498
21 0.207108
22 0.21822
23 0.226967
24 0.26396
25 0.30945
26 0.299642
27 0.305481
28 0.290927
29 0.24174
"[DEBUG]index 77 centroid... "
0 0.237623
1 0.217109
2 0.218205
3 0.218207
4 0.223098
5 0.209925
6 0.259913
7 0.235313
8 0.122428
9 0.229068
10 0.233255
11 0.197058
12 0.22629
13 0.238242
14 0.134132
15 0.175083
16 0.193952
17 0.175953
18 0.20115
19 0.167318
20 0.2134
21 0.227966
22 0.165157
23 0.200492
24 0.203694
25 0.174692
26 0.2076
27 0.188056
28 0.225369
29 0.22369
"[DEBUG]index 78 centroid... "
0 0.208291
1 0.209383
2 0.201521
3 0.213969
4 0.198577
5 0.195831
6 0.21907
7 0.233123
8 0.182613
9 0.203847
10 0.205979
11 0.216612
12 0.150982
13 0.0948935
14 0.156108
15 0.206248
16 0.186626
17 0.194602
18 0.198715
19 0.223024
20 0.205285
21 0.208099
22 0.240808
23 0.239991
24 0.24649
25 0.263489
26 0.265749
27 0.265673
28 0.282895
29 0.278845
"[DEBUG]index 79 centroid... "
0 0.151878
1 0.186398
2 0.280703
3 0.207982
4 0.231577
5 0.159787
6 0.238306
7 0.178106
8 0.0916445
9 0.212841
10 0.262439
11 0.247087
12 0.256207
13 0.203015
14 0.208452
15 0.197601
16 0.207083
17 0.144662
18 0.1821
19 0.230502
20 0.187312
21 0.227686
22 0.243142
23 0.20974
24 0.192328
25 0.225846
26 0.178218
27 0.169952
28 0.185733
29 0.2192
"[DEBUG]index 80 centroid... "
0 0.191634
1 0.195413
2 0.196191
3 0.197755
4 0.198562
5 0.174288
6 0.190238
7 0.191754
8 0.107335
9 0.170618
10 0.211684
11 0.218541
12 0.202659
13 0.151693
14 0.176082
15 0.213069
16 0.219308
17 0.21009
18 0.187817
19 0.257332
20 0.216197
21 0.238568
22 0.243498
23 0.237151
24 0.236861
25 0.23595
26 0.236268
27 0.241166
28 0.241787
29 0.240341
"[DEBUG]index 81 centroid... "
0 0.205912
1 0.195171
2 0.207486
3 0.205623
4 0.197202
5 0.2
6 0.205208
7 0.199601
8 0.154724
9 0.206338
10 0.208473
11 0.24538
12 0.216024
13 0.169927
14 0.233302
15 0.206416
16 0.218806
17 0.183243
18 0.145511
19 0.188873
20 0.219552
21 0.232348
22 0.227189
23 0.203528
24 0.20508
25 0.186498
26 0.245052
27 0.225692
28 0.221603
29 0.215271
"[DEBUG]index 82 centroid... "
0 0.194209
1 0.234222
2 0.231617
3 0.212969
4 0.218223
5 0.210428
6 0.217967
7 0.218043
8 0.110571
9 0.14629
10 0.199469
11 0.225785
12 0.216106
13 0.249176
14 0.190175
15 0.166719
16 0.246463
17 0.237822
18 0.13589
19 0.178977
20 0.254072
21 0.178231
22 0.239514
23 0.199597
24 0.214042
25 0.203516
26 0.202998
27 0.230067
28 0.235713
29 0.22507
"[DEBUG]index 83 centroid... "
0 0.198614
1 0.211808
2 0.224418
3 0.227355
4 0.245771
5 0.231188
6 0.261786
7 0.234003
8 0.148629
9 0.191958
10 0.261055
11 0.256105
12 0.236842
13 0.226523
14 0.259795
15 0.212081
16 0.18763
17 0.256979
18 0.280251
19 0.264242
20 0.220794
21 0.256089
22 0.269511
23 0.250675
24 0.238265
25 0.240215
26 0.236628
27 0.236163
28 0.231722
29 0.248907
"[DEBUG]index 84 centroid... "
0 0.184575
1 0.21423
2 0.186469
3 0.213642
4 0.220864
5 0.179613
6 0.19552
7 0.164021
8 0.084291
9 0.0869986
10 0.148284
11 0.203878
12 0.219828
13 0.181814
14 0.216006
15 0.196704
16 0.199413
17 0.211795
18 0.179823
19 0.213251
20 0.273101
21 0.276088
22 0.266979
23 0.256216
24 0.221387
25 0.243323
26 0.217888
27 0.213557
28 0.184432
29 0.16839
"[DEBUG]index 85 centroid... "
0 0.171499
1 0.199715
2 0.15462
3 0.18552
4 0.191753
5 0.19659
6 0.221764
7 0.242539
8 0.181952
9 0.067143
10 0.14972
11 0.221636
12 0.225667
13 0.202369
14 0.197756
15 0.197978
16 0.183838
17 0.206337
18 0.196683
19 0.221878
20 0.18261
21 0.188087
22 0.216193
23 0.217607
24 0.190093
25 0.194323
26 0.214646
27 0.18377
28 0.18359
29 0.192117
"[DEBUG]index 86 centroid... "
0 0.181232
1 0.177584
2 0.184187
3 0.189779
4 0.193849
5 0.158078
6 0.188288
7 0.158248
8 0.064288
9 0.132718
10 0.197049
11 0.190537
12 0.182648
13 0.191809
14 0.199782
15 0.230454
16 0.245945
17 0.2514
18 0.255374
19 0.236804
20 0.257536
21 0.278806
22 0.238158
23 0.236007
24 0.240029
25 0.212014
26 0.200383
27 0.196074
28 0.192879
29 0.200347
"[DEBUG]index 87 centroid... "
0 0.203666
1 0.179968
2 0.187239
3 0.215491
4 0.217742
5 0.214692
6 0.265113
7 0.24585
8 0.152029
9 0.188242
10 0.228564
11 0.179176
12 0.156984
13 0.183747
14 0.228415
15 0.217801
16 0.187377
17 0.19206
18 0.199756
19 0.223595
20 0.257556
21 0.160744
22 0.185527
23 0.272223
24 0.260251
25 0.224916
26 0.216865
27 0.231608
28 0.216635
29 0.226594
"[DEBUG]index 88 centroid... "
0 0.199177
1 0.19745
2 0.194808
3 0.199946
4 0.219392
5 0.19313
6 0.235492
7 0.207202
8 0.120998
9 0.103628
10 0.100368
11 0.201409
12 0.252613
13 0.224317
14 0.20491
15 0.230359
16 0.195352
17 0.154028
18 0.204508
19 0.184154
20 0.210439
21 0.231921
22 0.195181
23 0.206165
24 0.214545
25 0.216952
26 0.226171
27 0.207608
28 0.194667
29 0.209458
"[DEBUG]index 89 centroid... "
0 0.19348
1 0.190475
2 0.165432
3 0.204275
4 0.223484
5 0.205628
6 0.227629
7 0.239984
8 0.132452
9 0.103508
10 0.19977
11 0.215182
12 0.193452
13 0.159435
14 0.166857
15 0.186907
16 0.210662
17 0.223317
18 0.266862
19 0.206801
20 0.248111
21 0.25068
22 0.242422
23 0.262232
24 0.256418
25 0.269126
26 0.238309
27 0.218441
28 0.2405
29 0.249799
"[DEBUG]index 90 centroid... "
0 0.216998
1 0.21603
2 0.21297
3 0.232479
4 0.226765
5 0.223966
6 0.262853
7 0.230355
8 0.153337
9 0.0944465
10 0.133981
11 0.132542
12 0.174241
13 0.158345
14 0.165993
15 0.230408
16 0.19973
17 0.218924
18 0.239175
19 0.242559
20 0.232313
21 0.231927
22 0.249199
23 0.248958
24 0.215879
25 0.249184
26 0.269489
27 0.24356
28 0.244888
29 0.25073
"[DEBUG]index 91 centroid... "
0 0.213185
1 0.204849
2 0.196971
3 0.204368
4 0.203605
5 0.185569
6 0.222262
7 0.182579
8 0.112866
9 0.164832
10 0.17778
11 0.251669
12 0.202366
13 0.191503
14 0.161438
15 0.0845919
16 0.0850071
17 0.126078
18 0.105035
19 0.141939
20 0.211111
21 0.169519
22 0.178689
23 0.21084
24 0.220599
25 0.17265
26 0.179786
27 0.162344
28 0.176577
29 0.188614
"[DEBUG]index 92 centroid... "
0 0.178539
1 0.184862
2 0.200058
3 0.20654
4 0.213436
5 0.190822
6 0.194926
7 0.209407
8 0.136843
9 0.195807
10 0.218789
11 0.179252
12 0.217361
13 0.166925
14 0.096807
15 0.097184
16 0.0643047
17 0.170188
18 0.188859
19 0.194719
20 0.21718
21 0.199088
22 0.185191
23 0.187012
24 0.17187
25 0.190681
26 0.225036
27 0.214104
28 0.212083
29 0.20149
"[DEBUG]index 93 centroid... "
0 0.236026
1 0.216611
2 0.222345
3 0.223172
4 0.195079
5 0.219403
6 0.252611
7 0.22683
8 0.171272
9 0.254018
10 0.2553
11 0.170378
12 0.212222
13 0.248598
14 0.168231
15 0.15703
16 0.251837
17 0.231125
18 0.198057
19 0.199947
20 0.196191
21 0.220031
22 0.198692
23 0.235805
24 0.247956
25 0.214659
26 0.23713
27 0.246407
28 0.244602
29 0.237509
"[DEBUG]index 94 centroid... "
0 0.203336
1 0.198428
2 0.209751
3 0.194896
4 0.220876
5 0.202111
6 0.227543
7 0.170229
8 0.0760899
9 0.166337
10 0.14994
11 0.179847
12 0.237693
13 0.161732
14 0.151011
15 0.242435
16 0.243941
17 0.181697
18 0.204681
19 0.25562
20 0.262209
21 0.255695
22 0.286702
23 0.260819
24 0.244058
25 0.264479
26 0.25743
27 0.275004
28 0.26679
29 0.237594
"[DEBUG]index 95 centroid... "
0 0.200047
1 0.20265
2 0.203752
3 0.192011
4 0.229328
5 0.206003
6 0.221023
7 0.202995
8 0.104948
9 0.137729
10 0.13086
11 0.192604
12 0.24048
13 0.203632
14 0.251127
15 0.201496
16 0.149992
17 0.182835
18 0.1388
19 0.157224
20 0.247819
21 0.221883
22 0.210525
23 0.200977
24 0.197834
25 0.198026
26 0.204489
27 0.202787
28 0.207025
29 0.221414
"[DEBUG]index 96 centroid... "
0 0.197178
1 0.164031
2 0.18519
3 0.215851
4 0.212884
5 0.182464
6 0.231718
7 0.233774
8 0.128779
9 0.17337
10 0.242707
11 0.219808
12 0.181238
13 0.206357
14 0.254436
15 0.16355
16 0.204726
17 0.238731
18 0.188237
19 0.159088
20 0.22395
21 0.215926
22 0.168895
23 0.209584
24 0.2231
25 0.200937
26 0.204563
27 0.193818
28 0.217025
29 0.220813
"[DEBUG]index 97 centroid... "
0 0.198177
1 0.205717
2 0.197455
3 0.2221
4 0.204299
5 0.19933
6 0.241509
7 0.241657
8 0.129727
9 0.204786
10 0.225919
11 0.183136
12 0.205236
13 0.16836
14 0.182964
15 0.216125
16 0.21474
17 0.204369
18 0.194455
19 0.168984
20 0.216912
21 0.162595
22 0.168413
23 0.240015
24 0.227571
25 0.187993
26 0.197153
27 0.183631
28 0.179676
29 0.181705
"[DEBUG]index 98 centroid... "
0 0.249505
1 0.254552
2 0.236605
3 0.272463
4 0.26053
5 0.22827
6 0.290401
7 0.232759
8 0.146714
9 0.257787
10 0.267713
11 0.204076
12 0.234787
13 0.320973
14 0.206672
15 0.177274
16 0.220859
17 0.099341
18 0.163089
19 0.276092
20 0.243993
21 0.23836
22 0.25282
23 0.222181
24 0.281264
25 0.267437
26 0.297445
27 0.294468
28 0.277323
29 0.286582
"[DEBUG]index 99 centroid... "
0 0.21061
1 0.181507
2 0.200677
3 0.213978
4 0.223766
5 0.196173
6 0.235948
7 0.232309
8 0.142692
9 0.171682
10 0.215692
11 0.196835
12 0.199621
13 0.227561
14 0.229438
15 0.192145
16 0.240095
17 0.187354
18 0.119059
19 0.226327
20 0.239496
21 0.206693
22 0.230008
23 0.217039
24 0.19041
25 0.195837
26 0.200309
27 0.19318
28 0.222485
29 0.221277
