correlation level (red against blue): 
-0.652179
-0.397942
-0.52194
-0.331115
-0.744293
-0.675122
-0.606901
-0.096221
-0.686837
-0.811316
-0.821663
-0.583972
-0.808312
-0.603828
-0.547643
-0.796571
-0.742758
-0.650961
-0.769892
-0.638971
-0.329917
-0.849754
-0.930784
-0.779748
-0.754316
-0.693426
-0.462649
-0.788324
-0.70884
-0.742435
-0.773538
-0.684445
-0.566479
-0.70803
-0.85433
-0.56548
-0.823692
-0.86861
-0.748902
-0.882859
-0.601938
-0.623359
-0.741394
-0.762098
-0.663146
-0.745319
-0.765952
-0.708445
-0.847245
-0.531607
-0.770152
-0.71193
-0.764191
-0.192451
-0.441947
-0.162072
-0.805837
-0.7356
-0.773654
-0.690065
-0.461423
-0.721354
-0.64732
-0.680063
-0.485956
-0.679993
-0.515828
-0.545369
-0.59566
-0.689299
-0.80538
-0.767325
-0.580404
-0.623728
-0.689996
-0.437593
-0.609973
-0.732309
-0.717748
-0.552881
-0.753044
-0.751428
-0.754132
-0.748464
-0.670065
-0.732048
-0.685161
-0.659214
-0.760231
-0.727001
-0.427645
-0.482259
-0.783061
-0.719328
-0.781438
-0.803423
-0.72601
-0.728546
-0.815491
-0.791035
