"[DEBUG]index 0 centroid... "
0 1.4
1 1.6125
2 1.4625
3 1.5125
4 1.2375
5 2.05
6 1.8375
7 2.3125
8 3.175
9 3.525
10 3.55
11 7.8
12 7.175
13 8
14 13.0625
15 12.6625
16 8.3875
17 8.9625
18 6.0375
19 4.725
20 3.7375
21 2.5625
22 3.175
23 2.0625
24 1.9375
25 2.0125
26 2.9375
27 1.7
28 1.3
29 1.3125
"[DEBUG]index 1 centroid... "
0 6.28986
1 5.94203
2 5.13043
3 6.34783
4 5.2029
5 4.78261
6 3.85507
7 3.3913
8 7.84058
9 4.42029
10 2.27536
11 1.28986
12 1.28986
13 0.623188
14 0.275362
15 0.144928
16 0.463768
17 0.666667
18 0.536232
19 0.855072
20 1.56522
21 1.81159
22 2.34783
23 2.34783
24 2.71014
25 2.86957
26 2.68116
27 2.52174
28 2.72464
29 4.02899
"[DEBUG]index 2 centroid... "
0 3.01872
1 3.16079
2 2.63326
3 3.03414
4 2.75881
5 3.23128
6 2.42401
7 2.34251
8 10.8535
9 5.10573
10 2.44824
11 1.46916
12 0.70815
13 0.94163
14 1.34471
15 2.71476
16 4.90639
17 9.12775
18 20.0407
19 8.51652
20 4.57379
21 2.39537
22 1.27643
23 3.05617
24 3.13877
25 2.70595
26 3.24119
27 3.4152
28 3.22247
29 2.97577
"[DEBUG]index 3 centroid... "
0 6.45283
1 4.33962
2 5.37736
3 5.64151
4 6.01887
5 5.03774
6 5.62264
7 4.43396
8 20.3585
9 4.37736
10 2.24528
11 2.0566
12 1.56604
13 3.4717
14 10.6415
15 9.62264
16 11.4906
17 4.45283
18 1.45283
19 1.03774
20 0.849057
21 0.622642
22 1.79245
23 5.56604
24 4.92453
25 3.28302
26 4.84906
27 5.01887
28 5.18868
29 3.32075
"[DEBUG]index 4 centroid... "
0 3.48282
1 3.25363
2 3.01412
3 3.0355
4 3.52481
5 3.82691
6 3.30286
7 1.83588
8 23.8912
9 5.25496
10 3.07958
11 1.94962
12 3.7855
13 2.51412
14 7.96889
15 9.94466
16 2.42042
17 1.62958
18 4.27767
19 2.77576
20 5.25363
21 27.5015
22 6.76107
23 3.60897
24 4.24447
25 4.21737
26 3.30515
27 3.58912
28 3.41011
29 3.61756
"[DEBUG]index 5 centroid... "
0 3.83473
1 3.90533
2 3.92678
3 3.69228
4 3.83498
5 3.68704
6 2.93601
7 2.18461
8 22.2326
9 6.13821
10 2.91356
11 5.92029
12 25.4085
13 3.8119
14 2.42223
15 2.22552
16 2.09517
17 2.67507
18 4.72059
19 23.6115
20 6.12798
21 2.82587
22 3.83809
23 4.11476
24 3.29462
25 3.26756
26 3.28564
27 3.51965
28 3.40339
29 3.32169
"[DEBUG]index 6 centroid... "
0 3.21309
1 3.21923
2 3.11899
3 2.74702
4 3.0058
5 3.19298
6 2.18445
7 2.5404
8 19.6168
9 2.93761
10 15.0535
11 18.4306
12 4.86805
13 2.86396
14 1.45755
15 2.46949
16 6.13399
17 6.16434
18 2.56359
19 1.15854
20 2.89021
21 6.36618
22 1.99932
23 2.77088
24 2.4746
25 2.76952
26 2.63246
27 2.71019
28 2.65973
29 2.42618
"[DEBUG]index 7 centroid... "
0 3.71572
1 3.79264
2 3.94649
3 2.92308
4 4.17726
5 4.09699
6 2.67893
7 1.71237
8 15.0334
9 3.55518
10 6.19064
11 3.70569
12 14.7826
13 12.786
14 5.67559
15 1.89967
16 0.976589
17 0.762542
18 0.882943
19 1.07692
20 1.16722
21 2.12709
22 7.51839
23 2.57191
24 2.98662
25 3.14047
26 3.4515
27 3.01338
28 2.65217
29 2.81605
"[DEBUG]index 8 centroid... "
0 4.215
1 4.15694
2 3.95516
3 3.68503
4 4.41126
5 4.69919
6 3.50802
7 2.60142
8 39.9077
9 6.16793
10 3.08792
11 3.67869
12 3.68468
13 11.3102
14 2.72028
15 12.0999
16 2.89514
17 15.0214
18 2.94092
19 2.75022
20 12.5732
21 3.35785
22 1.42175
23 4.34784
24 4.32448
25 3.63792
26 3.78586
27 3.86044
28 3.80104
29 3.70045
"[DEBUG]index 9 centroid... "
0 5.39101
1 4.9811
2 4.78769
3 4.46214
4 4.75894
5 4.84762
6 3.81752
7 3.23552
8 36.399
9 5.79633
10 9.75881
11 13.492
12 4.4041
13 1.445
14 2.97314
15 16.0939
16 3.27602
17 1.47604
18 3.24173
19 15.1429
20 3.21919
21 1.52112
22 4.08193
23 5.26481
24 4.0054
25 4.23768
26 4.29073
27 4.3821
28 4.15049
29 3.9892
"[DEBUG]index 10 centroid... "
0 4.50733
1 4.75398
2 4.60702
3 4.11014
4 4.80125
5 5.17473
6 3.81529
7 2.94914
8 34.1217
9 8.01544
10 4.0663
11 1.98518
12 3.60827
13 15.6225
14 3.78846
15 1.4727
16 3.3156
17 14.6373
18 12.5725
19 3.55055
20 1.84025
21 3.44524
22 16.9064
23 3.93557
24 3.86443
25 4.89033
26 5.00421
27 4.34337
28 4.34103
29 4.29922
"[DEBUG]index 11 centroid... "
0 2.48085
1 2.67295
2 2.30318
3 2.25192
4 2.30024
5 2.5056
6 2.59252
7 2.00913
8 11.5857
9 3.25869
10 13.1108
11 4.19534
12 2.12669
13 2.56777
14 1.18238
15 2.09252
16 5.77666
17 2.40778
18 4.59959
19 8.09075
20 25.7664
21 8.29405
22 4.61196
23 2.80731
24 2.88598
25 2.23718
26 2.71538
27 2.56511
28 2.65999
29 2.55245
"[DEBUG]index 12 centroid... "
0 4.00598
1 3.82019
2 3.45036
3 3.32744
4 4.07266
5 4.0306
6 3.55971
7 2.88993
8 27.8379
9 5.80406
10 2.77397
11 3.28343
12 11.0143
13 3.11754
14 2.76922
15 5.7152
16 31.6359
17 5.77
18 2.85446
19 9.32457
20 3.56685
21 2.59016
22 8.66817
23 3.55006
24 3.59712
25 3.95566
26 3.9412
27 3.55798
28 3.49538
29 3.36458
"[DEBUG]index 13 centroid... "
0 3.77107
1 3.41284
2 3.73563
3 3.18008
4 3.31801
5 3.12261
6 3.50671
7 2.2864
8 18.3726
9 3.34291
10 18.6044
11 3.49138
12 20.3352
13 4.22222
14 7.86686
15 2.0728
16 2.46935
17 5.4272
18 6.1159
19 1.89751
20 1.3908
21 0.854406
22 1.13314
23 2.55268
24 2.15326
25 2.50766
26 2.47989
27 2.0795
28 2.40709
29 2.25958
"[DEBUG]index 14 centroid... "
0 4.42802
1 4.99514
2 3.97665
3 3.76556
4 4.26556
5 4.47665
6 4.08755
7 3.1751
8 22.1255
9 5.93969
10 2.9358
11 1.81128
12 0.77821
13 1.99514
14 1.49319
15 2.68969
16 14.6955
17 3.79572
18 1.5
19 1.66245
20 3.86868
21 2.18385
22 12.5652
23 4.12451
24 3.9572
25 4.30739
26 4.64689
27 4.48833
28 3.90467
29 3.79377
"[DEBUG]index 15 centroid... "
0 2.43205
1 2.40087
2 2.49306
3 2.39267
4 2.23811
5 3.0544
6 2.86274
7 1.83109
8 10.2438
9 24.491
10 8.93125
11 4.56795
12 2.33098
13 4.33872
14 14.5768
15 3.70271
16 1.6977
17 4.77828
18 2.23879
19 4.98611
20 1.90508
21 4.65923
22 4.33303
23 2.25063
24 2.45299
25 2.42977
26 2.22695
27 2.23651
28 2.11541
29 1.98224
"[DEBUG]index 16 centroid... "
0 4.22797
1 4.16061
2 3.7534
3 3.57629
4 4.38402
5 4.3609
6 3.45794
7 2.40117
8 34.945
9 6.3051
10 3.07443
11 1.84408
12 1.73536
13 3.19426
14 3.73247
15 1.3593
16 3.63589
17 1.40451
18 2.89899
19 15.2081
20 2.42923
21 2.81679
22 1.521
23 4.39288
24 3.6188
25 3.58149
26 3.58085
27 3.78712
28 3.80747
29 3.71898
"[DEBUG]index 17 centroid... "
0 4.34881
1 4.3714
2 4.16436
3 3.83592
4 3.93168
5 4.49182
6 3.37985
7 3.08384
8 30.3993
9 6.87417
10 2.79365
11 14.8108
12 3.92378
13 1.40299
14 1.96106
15 4.3628
16 1.40923
17 3.04781
18 14.7269
19 3.33495
20 2.80543
21 12.3847
22 12.0272
23 3.27453
24 3.81153
25 4.59257
26 4.37348
27 3.94083
28 4.09715
29 4.15396
"[DEBUG]index 18 centroid... "
0 3.56803
1 3.67744
2 3.53289
3 3.36028
4 3.6562
5 4.23605
6 3.55729
7 2.70949
8 24.1256
9 6.62973
10 2.80691
11 8.77028
12 3.44188
13 3.53988
14 8.16228
15 2.38285
16 4.87344
17 29.8614
18 6.94796
19 2.93314
20 6.63439
21 27.2664
22 5.86095
23 3.13672
24 4.20391
25 4.37344
26 3.89725
27 3.94546
28 3.82098
29 3.79059
"[DEBUG]index 19 centroid... "
0 3.7954
1 3.26417
2 3.45152
3 3.18283
4 3.38496
5 3.61093
6 3.35908
7 2.59162
8 19.7716
9 5.09039
10 3.24856
11 2.24076
12 2.56368
13 4.40016
14 24.1487
15 5.07272
16 2.7272
17 5.88455
18 19.2913
19 18.622
20 4.51274
21 2.5756
22 9.30526
23 3.43057
24 3.20255
25 3.51109
26 3.85374
27 3.77732
28 3.77075
29 3.47288
"[DEBUG]index 20 centroid... "
0 5.24599
1 4.84492
2 4.38503
3 4.40285
4 4.26025
5 4.66845
6 3.70232
7 2.4902
8 19.7701
9 7.60784
10 2.12834
11 3.5918
12 4.2852
13 1.18895
14 0.684492
15 1.08556
16 2.7148
17 12.5312
18 2.54902
19 3.04635
20 1.69697
21 0.69697
22 1.27986
23 4.61676
24 3.96435
25 3.84492
26 3.85205
27 3.93761
28 4.041
29 3.7148
"[DEBUG]index 21 centroid... "
0 4.20924
1 4.28157
2 4.16269
3 3.76961
4 4.35425
5 4.47838
6 3.36837
7 2.86464
8 44.8925
9 5.83816
10 2.88018
11 14.3691
12 3.99469
13 2.76513
14 3.66137
15 1.5312
16 3.12672
17 4.15144
18 1.40779
19 3.24132
20 12.1108
21 2.73674
22 2.99486
23 3.99548
24 3.88999
25 3.32709
26 3.45447
27 3.45969
28 3.46717
29 3.44361
"[DEBUG]index 22 centroid... "
0 5.13396
1 4.14305
2 4.22197
3 4.22023
4 4.41658
5 4.61902
6 4.009
7 2.7611
8 29.7906
9 5.52655
10 2.51997
11 9.03482
12 10.6654
13 2.34849
14 5.41242
15 33.763
16 5.44734
17 3.00832
18 2.43389
19 1.96141
20 3.21869
21 8.85453
22 2.53903
23 3.97969
24 3.97785
25 3.86798
26 3.61766
27 3.5842
28 3.2595
29 3.32469
"[DEBUG]index 23 centroid... "
0 3.80399
1 3.99537
2 3.92391
3 3.72007
4 4.28191
5 4.50039
6 3.27915
7 2.41769
8 26.5536
9 5.76611
10 2.96729
11 3.93987
12 8.19381
13 4.80322
14 30.7798
15 5.4483
16 3.04669
17 1.89362
18 2.92446
19 8.63903
20 2.82557
21 2.64035
22 1.59234
23 4.03204
24 3.66546
25 3.12884
26 3.24381
27 3.23665
28 3.17906
29 3.123
"[DEBUG]index 24 centroid... "
0 4.47817
1 4.43949
2 4.24141
3 3.9486
4 4.37643
5 4.83504
6 3.56578
7 3.03851
8 41.6211
9 5.85485
10 2.79401
11 13.2685
12 3.44151
13 8.11055
14 3.10396
15 14.9858
16 2.5666
17 2.75282
18 12.6597
19 3.31234
20 1.3871
21 3.60936
22 3.38203
23 3.8995
24 3.78252
25 3.60742
26 3.73309
27 3.53765
28 3.47595
29 3.35963
"[DEBUG]index 25 centroid... "
0 4.76151
1 4.56078
2 4.24718
3 3.65074
4 4.3811
5 4.60926
6 3.32279
7 2.4726
8 40.9494
9 5.79022
10 16.4818
11 3.04585
12 1.7259
13 1.56475
14 3.71522
15 3.20009
16 1.28305
17 3.7784
18 3.90184
19 1.23412
20 3.18673
21 3.35413
22 1.17247
23 3.68019
24 3.69276
25 3.49237
26 3.35458
27 3.46605
28 3.37484
29 3.42069
"[DEBUG]index 26 centroid... "
0 4.82431
1 4.27845
2 4.39227
3 3.91492
4 4.75359
5 4.84309
6 3.88619
7 2.46188
8 22.9116
9 8.41436
10 2.82983
11 1.67403
12 4.01657
13 14.1492
14 3.00221
15 1.36906
16 0.937017
17 1.76796
18 4.21989
19 2.56243
20 14.8751
21 2.54917
22 12.6398
23 3.78564
24 4.86188
25 3.70497
26 4.49503
27 3.7326
28 3.9326
29 4.25635
"[DEBUG]index 27 centroid... "
0 2.65275
1 2.63326
2 2.58733
3 2.32324
4 2.24043
5 2.75574
6 2.28914
7 2.35282
8 13.2317
9 3.3977
10 10.667
11 12.5619
12 3.508
13 2.06124
14 5.94885
15 2.26966
16 4.02679
17 7.19241
18 28.4161
19 8.86813
20 4.51392
21 2.4405
22 6.44816
23 2.2714
24 2.02575
25 2.34795
26 2.84795
27 2.5588
28 2.59395
29 2.31663
"[DEBUG]index 28 centroid... "
0 3.11718
1 3.3679
2 3.59594
3 3.17943
4 3.60583
5 3.63278
6 2.70152
7 2.23418
8 24.4568
9 5.22668
10 7.56234
11 6.81017
12 6.02183
13 30.167
14 5.1721
15 2.02166
16 8.20638
17 2.613
18 7.41105
19 2.61129
20 9.61129
21 2.23623
22 9.23913
23 2.9461
24 3.15606
25 3.07454
26 3.10148
27 3.04111
28 2.88317
29 2.85622
"[DEBUG]index 29 centroid... "
0 3.644
1 3.68432
2 3.60323
3 2.94927
4 3.59659
5 3.55848
6 3.25521
7 2.94063
8 22.2029
9 3.74391
10 23.6422
11 4.62029
12 2.83208
13 3.45902
14 6.09659
15 4.07621
16 23.926
17 5.14865
18 2.41094
19 6.87727
20 8.23217
21 2.33141
22 1.64621
23 3.41316
24 3.16615
25 2.76008
26 3.06159
27 3.03744
28 3.12938
29 2.88082
"[DEBUG]index 30 centroid... "
0 3.51401
1 3.6285
2 3.16863
3 3.13352
4 3.39381
5 3.89813
6 2.96973
7 2.13023
8 27.2337
9 6.63023
10 2.87669
11 1.61173
12 3.83691
13 1.44137
14 3.25822
15 1.03597
16 3.28779
17 12.1849
18 2.0678
19 10.6404
20 9.58319
21 1.94016
22 11.556
23 3.59737
24 3.13283
25 3.68713
26 3.75285
27 3.74507
28 3.77638
29 3.68367
"[DEBUG]index 31 centroid... "
0 5.3955
1 5.01961
2 4.71963
3 4.40624
4 5.17243
5 4.96113
6 3.86049
7 2.60839
8 46.4647
9 7.12931
10 3.66916
11 3.86943
12 20.4669
13 2.55283
14 1.513
15 4.08479
16 3.83948
17 1.7486
18 3.76544
19 1.84024
20 3.9662
21 3.38378
22 1.72906
23 4.24088
24 4.18862
25 3.66474
26 3.75256
27 3.91247
28 3.80982
29 3.74603
"[DEBUG]index 32 centroid... "
0 3.27463
1 2.97216
2 2.71895
3 2.91542
4 3.14561
5 3.36349
6 3.24625
7 2.16649
8 19.863
9 4.11831
10 2.42827
11 1.6242
12 1.71306
13 2.41006
14 4.10439
15 19.9047
16 15.4823
17 5.38009
18 6.79979
19 2.30139
20 8.0439
21 6.64507
22 2.0985
23 3.06424
24 3.79443
25 3.197
26 3.09261
27 3.22805
28 2.96681
29 2.95182
"[DEBUG]index 33 centroid... "
0 3.66071
1 3.46435
2 3.4918
3 2.94697
4 3.30794
5 3.37185
6 2.9408
7 2.12579
8 25.3637
9 4.04669
10 28.2689
11 4.47288
12 2.45038
13 3.44007
14 3.08722
15 1.32321
16 1.50983
17 1.22974
18 3.25394
19 7.19409
20 2.08015
21 7.28187
22 2.70814
23 2.88314
24 2.89354
25 2.77733
26 2.72129
27 2.8263
28 2.8937
29 2.70262
"[DEBUG]index 34 centroid... "
0 3.71182
1 3.82976
2 3.73783
3 3.5185
4 4.22961
5 4.6328
6 3.69882
7 2.56396
8 26.8527
9 5.25229
10 3.26822
11 2.2281
12 3.11854
13 6.10805
14 31.8401
15 5.06703
16 2.56547
17 10.2824
18 3.47667
19 1.47384
20 3.54742
21 2.96906
22 8.63028
23 3.68098
24 3.65296
25 3.84447
26 3.74065
27 3.60478
28 3.31509
29 3.42385
"[DEBUG]index 35 centroid... "
0 3.41654
1 3.31319
2 3.36378
3 2.94252
4 3.16181
5 3.35531
6 2.8189
7 1.98898
8 23.1199
9 5.40709
10 6.42244
11 5.24213
12 26.6555
13 4.65787
14 2.1624
15 6.38819
16 2.83858
17 8.4374
18 2.53189
19 7.30197
20 5.04744
21 23.7205
22 5.8498
23 2.81988
24 3.51732
25 3.59547
26 2.91535
27 3.22303
28 3.01831
29 3.07795
"[DEBUG]index 36 centroid... "
0 4.23171
1 4.12188
2 3.76829
3 3.67649
4 3.5456
5 4.25094
6 3.65822
7 2.49008
8 19.6285
9 24.0922
10 5.72385
11 2.50907
12 11.7958
13 2.79277
14 1.29173
15 1.52721
16 3.17691
17 2.93608
18 1.46853
19 3.54791
20 1.43443
21 2.53781
22 8.34689
23 2.68367
24 2.80811
25 3.36966
26 3.31864
27 2.90357
28 3.0246
29 3.01242
"[DEBUG]index 37 centroid... "
0 3.94214
1 4.03669
2 3.74279
3 3.38207
4 3.87707
5 4.21357
6 3.48581
7 2.5929
8 28.3184
9 6.10311
10 2.85195
11 3.29959
12 3.24627
13 3.28685
14 9.20209
15 2.70449
16 5.75777
17 30.8397
18 6.10723
19 2.69991
20 2.09607
21 3.45114
22 1.55465
23 3.5011
24 3.39969
25 3.46948
26 3.50913
27 3.4349
28 3.19137
29 3.09773
"[DEBUG]index 38 centroid... "
0 4.60889
1 4.46789
2 3.95267
3 3.90019
4 4.819
5 4.92976
6 4.00634
7 2.82401
8 36.1606
9 6.39791
10 3.181
11 2.23804
12 4.63073
13 1.50307
14 3.35573
15 17.3681
16 3.08357
17 2.91881
18 14.8563
19 4.10562
20 1.44128
21 3.54545
22 13.8997
23 3.73041
24 4.19592
25 4.7479
26 4.89498
27 4.30484
28 4.30431
29 4.07697
"[DEBUG]index 39 centroid... "
0 3.64563
1 3.79759
2 3.65691
3 3.38484
4 3.82842
5 4.01694
6 3.22662
7 2.57824
8 29.0935
9 5.8357
10 2.98956
11 8.52612
12 3.24821
13 7.54192
14 2.47191
15 9.69
16 9.30093
17 2.98849
18 5.71213
19 34.2926
20 5.82604
21 2.71082
22 3.79705
23 4.2497
24 3.49708
25 3.58135
26 3.58266
27 3.73402
28 3.53536
29 3.39343
"[DEBUG]index 40 centroid... "
0 6.71529
1 6.56942
2 6.14889
3 6.11569
4 6.67002
5 5.61569
6 4.7163
7 3.74648
8 21.7042
9 7.27163
10 2.38934
11 13.7304
12 3.7334
13 3.25151
14 4.75352
15 1.80181
16 0.702213
17 1.4829
18 1.52012
19 3.95775
20 1.26258
21 0.677062
22 1.30483
23 4.14889
24 3.5171
25 3.74447
26 3.51308
27 3.9497
28 3.70221
29 3.96982
"[DEBUG]index 41 centroid... "
0 2.55793
1 3.07326
2 2.98838
3 2.74486
4 2.40569
5 2.95403
6 2.83496
7 1.98922
8 9.19653
9 20.9234
10 4.18508
11 22.0409
12 8.13119
13 3.24352
14 4.39862
15 4.31273
16 1.92455
17 1.34843
18 1.8705
19 1.92775
20 3.64382
21 1.88262
22 1.05776
23 2.10845
24 2.0224
25 1.73459
26 1.83563
27 1.91647
28 1.81307
29 1.80128
"[DEBUG]index 42 centroid... "
0 3.92416
1 4.10551
2 3.5618
3 3.26984
4 3.13536
5 3.99789
6 3.63343
7 2.23034
8 19.9977
9 24.2045
10 4.86938
11 2.64343
12 10.2935
13 2.38343
14 2.77704
15 1.41415
16 2.58743
17 9.74596
18 7.67521
19 2.13483
20 9.69364
21 2.91222
22 1.24122
23 3.46875
24 3.35534
25 2.6961
26 2.8922
27 3.16643
28 2.98613
29 2.92152
"[DEBUG]index 43 centroid... "
0 4.66537
1 4.8657
2 4.54678
3 4.31207
4 5.46149
5 5.30841
6 4.48134
7 3.15911
8 34.6266
9 5.87184
10 3.22419
11 4.56804
12 1.59249
13 3.51689
14 16.5722
15 3.31089
16 1.66348
17 1.99362
18 1.89511
19 4.75691
20 1.4283
21 2.94047
22 13.2413
23 3.94342
24 4.09969
25 4.51772
26 4.67056
27 4.00602
28 3.95925
29 4.10194
"[DEBUG]index 44 centroid... "
0 3.64921
1 3.46286
2 3.23234
3 2.85718
4 3.26866
5 3.52281
6 2.75497
7 2.06123
8 30.9167
9 5.33628
10 10.7706
11 2.76629
12 1.53148
13 3.47408
14 1.4207
15 2.69931
16 2.25415
17 13.3059
18 2.39487
19 10.4019
20 2.24703
21 11.2346
22 2.37644
23 3.11571
24 3.19748
25 3.58095
26 3.08961
27 3.42754
28 3.33044
29 3.39578
"[DEBUG]index 45 centroid... "
0 3.6342
1 3.68737
2 3.51485
3 3.02497
4 3.70771
5 3.84051
6 2.85138
7 2.11892
8 33.1653
9 5.37053
10 12.1878
11 2.56769
12 2.98881
13 10.5836
14 2.07835
15 9.7288
16 3.04262
17 3.14087
18 1.40433
19 3.0085
20 11.4744
21 2.05628
22 11.2125
23 3.54994
24 3.62505
25 3.39636
26 3.50678
27 3.27647
28 3.31048
29 3.25764
"[DEBUG]index 46 centroid... "
0 4.43719
1 4.35428
2 4.26031
3 3.8965
4 4.68529
5 4.74014
6 3.57031
7 2.34961
8 43.2867
9 6.98813
10 3.67212
11 4.11633
12 14.1695
13 2.28348
14 14.0726
15 3.43204
16 1.61965
17 4.18008
18 13.5393
19 2.88993
20 3.09497
21 12.7225
22 3.45585
23 4.00552
24 4.63671
25 4.27637
26 3.91507
27 4.17284
28 4.04762
29 3.98143
"[DEBUG]index 47 centroid... "
0 3.97596
1 4.18514
2 3.87391
3 3.47947
4 4.02039
5 4.27661
6 3.24404
7 2.73735
8 36.3213
9 5.57869
10 2.69524
11 11.7004
12 3.84157
13 1.45671
14 3.53457
15 2.95281
16 12.5916
17 2.84091
18 13.8507
19 2.61622
20 12.3111
21 2.75046
22 3.17599
23 3.77236
24 4.02133
25 3.50766
26 3.8527
27 3.68249
28 3.72141
29 3.53119
"[DEBUG]index 48 centroid... "
0 3.77174
1 3.71872
2 3.50489
3 3.30784
4 4.35013
5 4.26458
6 3.35975
7 2.53322
8 54.4802
9 5.34678
10 3.32374
11 3.37297
12 3.75893
13 9.27062
14 2.85728
15 2.55579
16 10.2576
17 3.49853
18 3.19363
19 3.23989
20 2.91414
21 8.9192
22 2.89153
23 3.36685
24 3.58946
25 3.64715
26 3.31588
27 3.30377
28 3.22178
29 3.16914
"[DEBUG]index 49 centroid... "
0 5.7108
1 5.46511
2 5.13289
3 5.01195
4 6.13289
5 5.87667
6 5.04063
7 3.2065
8 32.2433
9 6.29828
10 2.90679
11 1.97945
12 4.15488
13 2.46176
14 17.3991
15 2.44885
16 4.26577
17 1.82839
18 0.770076
19 1.4522
20 4.50669
21 2.94216
22 1.03872
23 5.06692
24 4.65679
25 3.86568
26 4.07218
27 3.99904
28 4.08843
29 4.11233
"[DEBUG]index 50 centroid... "
0 4.36228
1 4.38844
2 4.43874
3 3.9181
4 4.50333
5 4.84623
6 3.63335
7 2.63806
8 40.4182
9 6.66405
10 2.66377
11 12.5596
12 14.2395
13 2.3136
14 11.0758
15 3.2178
16 2.74506
17 13.1093
18 3.36256
19 3.64988
20 1.8218
21 3.30077
22 12.3364
23 3.72097
24 3.59173
25 4.12604
26 4.41241
27 3.8804
28 3.73677
29 3.70147
"[DEBUG]index 51 centroid... "
0 3.73785
1 3.68258
2 3.87106
3 3.15508
4 3.84421
5 3.99943
6 3.26015
7 2.26065
8 34.2844
9 5.17973
10 12.8755
11 3.27276
12 1.64838
13 3.10158
14 12.7938
15 2.21385
16 3.07786
17 2.97934
18 14.325
19 2.54944
20 10.2137
21 2.36017
22 12.1767
23 3.25965
24 3.80945
25 3.67218
26 4.0572
27 3.46609
28 3.48711
29 3.42862
"[DEBUG]index 52 centroid... "
0 5.60921
1 5.54978
2 5.0442
3 4.6582
4 5.38428
5 5.3797
6 4.45952
7 3.49385
8 35.697
9 6.76112
10 2.68059
11 15.9716
12 4.59333
13 1.4086
14 4.44393
15 3.78
16 14.2776
17 3.46846
18 1.54527
19 4.59212
20 1.51888
21 3.70069
22 1.5462
23 4.87455
24 4.50057
25 4.1758
26 4.06122
27 4.2077
28 3.93871
29 3.97304
"[DEBUG]index 53 centroid... "
0 3.95164
1 3.76166
2 3.43005
3 3.01209
4 3.34542
5 3.77548
6 3.54231
7 1.90155
8 16.6598
9 5.52677
10 2.76857
11 1.59067
12 0.642487
13 0.566494
14 0.986183
15 3.32642
16 1.13299
17 1.50432
18 3.0449
19 5.53886
20 17.2003
21 6.25907
22 2.49741
23 3.82038
24 4.15889
25 3.62694
26 3.47668
27 3.98791
28 4.29188
29 3.74784
"[DEBUG]index 54 centroid... "
0 5.46821
1 6.6185
2 5.3815
3 7.30058
4 5.81503
5 6.24277
6 4.92486
7 4.01734
8 18.2717
9 5.78613
10 2.93064
11 11.8613
12 4.42775
13 1.6185
14 1.67052
15 6.60694
16 1.31792
17 2.01156
18 1.19653
19 0.485549
20 1.05202
21 1.59538
22 4.78613
23 4.07514
24 3.69364
25 4.3237
26 4.52601
27 4.63584
28 4.4104
29 4.54335
"[DEBUG]index 55 centroid... "
0 4.28302
1 3.92453
2 3.85115
3 3.69078
4 3.85954
5 3.9109
6 2.92872
7 2.18239
8 19.7117
9 6.47484
10 2.28197
11 8.77463
12 9.90147
13 2.03878
14 1.36059
15 3.51258
16 1.65723
17 0.848008
18 1.69497
19 2.9413
20 7.45283
21 21.0273
22 7.19811
23 3.7369
24 4.35115
25 4.30713
26 3.58386
27 3.89413
28 3.73795
29 4.02096
"[DEBUG]index 56 centroid... "
0 4.70401
1 4.91236
2 4.58082
3 4.29651
4 4.65967
5 5.13618
6 3.69798
7 3.17082
8 32.6719
9 6.6888
10 3.08554
11 12.3663
12 3.23301
13 13.3817
14 3.25872
15 2.38638
16 11.0189
17 15.7987
18 2.37641
19 1.64051
20 4.17017
21 1.40422
22 3.50013
23 4.12162
24 3.57413
25 3.96904
26 4.02375
27 3.69326
28 3.68302
29 3.38481
"[DEBUG]index 57 centroid... "
0 2.56969
1 2.57252
2 2.65467
3 2.32776
4 2.13938
5 2.97932
6 2.88499
7 2.06714
8 9.33853
9 24.3062
10 7.40028
11 3.80737
12 2.82861
13 1.33966
14 1.71133
15 3.51388
16 14.2703
17 3.06856
18 5.45864
19 2.33683
20 1.20113
21 1.98669
22 4.71076
23 1.85581
24 2.27082
25 2.47025
26 2.55666
27 2.20623
28 2.09065
29 2.03966
"[DEBUG]index 58 centroid... "
0 4.34572
1 4.21821
2 3.98159
3 3.84867
4 4.47306
5 4.84935
6 3.69819
7 2.63401
8 31.1934
9 6.42273
10 3.2807
11 1.3849
12 3.80426
13 10.2972
14 2.31295
15 12.1022
16 13.1483
17 2.38423
18 14.592
19 3.03344
20 3.31532
21 1.4376
22 3.43861
23 4.09863
24 4.23459
25 3.99358
26 4.08816
27 3.84969
28 4.00844
29 3.76355
"[DEBUG]index 59 centroid... "
0 3.79622
1 3.69163
2 3.4694
3 3.30409
4 3.83774
5 4.13338
6 3.23896
7 1.95454
8 29.7982
9 6.07734
10 3.20983
11 3.56706
12 12.2976
13 2.90721
14 7.73531
15 2.79278
16 10.7774
17 3.75347
18 3.13643
19 5.63864
20 32.2814
21 6.55594
22 3.05618
23 4.25189
24 4.51412
25 3.60145
26 3.67126
27 3.67357
28 3.82107
29 3.2332
"[DEBUG]index 60 centroid... "
0 2.9929
1 2.93291
2 2.73796
3 2.92581
4 3.03236
5 3.04657
6 2.73244
7 2.44515
8 14.7238
9 3.35359
10 16.5257
11 3.94554
12 4.55328
13 16.1208
14 4.23599
15 16.0624
16 4.31255
17 5.60379
18 2.41594
19 1.54223
20 1.07024
21 2.42068
22 5.6764
23 2.35991
24 2.25335
25 2.51302
26 2.76717
27 2.44436
28 2.32202
29 2.26835
"[DEBUG]index 61 centroid... "
0 3.27519
1 3.45688
2 2.98547
3 3.0952
4 3.33406
5 3.65165
6 3.12645
7 2.24661
8 19.3229
9 6.14244
10 3.12694
11 2.03367
12 3.29021
13 8.64874
14 2.92611
15 1.52568
16 3.77641
17 2.66836
18 5.44113
19 24.429
20 4.08745
21 22.2047
22 6.52689
23 3.22335
24 3.91013
25 3.85683
26 3.3016
27 3.54869
28 3.54336
29 4.03319
"[DEBUG]index 62 centroid... "
0 4.54614
1 4.0987
2 3.95696
3 3.71798
4 4.65208
5 4.56156
6 3.67567
7 2.78947
8 31.6873
9 6.11504
10 2.60894
11 2.03373
12 4.79981
13 1.24602
14 2.65177
15 15.2782
16 2.73112
17 11.237
18 2.55049
19 13.8633
20 2.63594
21 1.51272
22 1.5839
23 4.73484
24 3.76733
25 3.98738
26 4.06042
27 4.21943
28 3.84171
29 3.74767
"[DEBUG]index 63 centroid... "
0 2.13205
1 1.79487
2 2.00256
3 1.70641
4 1.8
5 2.13077
6 1.96667
7 1.96923
8 9.05769
9 3.78462
10 2.23718
11 2.24487
12 4.35641
13 4.25256
14 1.82564
15 3.39487
16 7.9641
17 18.0077
18 11.8256
19 13.0436
20 18.2
21 6.71795
22 3.8141
23 2.41154
24 2.38205
25 2.38462
26 3.21795
27 2.82949
28 2.95513
29 2.55
"[DEBUG]index 64 centroid... "
0 3.72573
1 3.5168
2 3.60884
3 3.16883
4 3.55016
5 3.58291
6 2.74323
7 2.09978
8 37.5951
9 5.1919
10 10.5135
11 2.84541
12 14.4693
13 2.51076
14 2.52957
15 9.69825
16 2.54885
17 9.81305
18 10.2473
19 2.44434
20 11.0295
21 2.53963
22 10.888
23 3.3554
24 3.37413
25 3.56309
26 3.74888
27 3.42584
28 3.53344
29 3.32513
"[DEBUG]index 65 centroid... "
0 3.80709
1 3.69436
2 3.54358
3 3.26612
4 3.45991
5 3.65427
6 3.01075
7 2.37478
8 21.8727
9 3.82568
10 24.02
11 4.39977
12 3.05375
13 1.62783
14 2.74201
15 9.46514
16 2.75305
17 1.36955
18 1.83469
19 1.69524
20 2.34515
21 6.85706
22 7.72807
23 2.75044
24 3.04852
25 3.41139
26 3.29431
27 2.85793
28 2.67606
29 2.90296
"[DEBUG]index 66 centroid... "
0 3.78168
1 3.71954
2 3.59496
3 3.1945
4 3.7226
5 3.64443
6 3.13206
7 2.09145
8 34.5334
9 5.13145
10 12.0885
11 2.75863
12 13.9315
13 2.50183
14 10.5415
15 2.31008
16 10.9827
17 2.11405
18 11.3921
19 10.926
20 2.31847
21 9.10901
22 12.3353
23 2.91679
24 3.69786
25 4.10641
26 3.72336
27 3.43649
28 3.77145
29 3.47634
"[DEBUG]index 67 centroid... "
0 3.92824
1 4.13364
2 3.42462
3 3.21001
4 3.64121
5 3.91573
6 3.29032
7 2.27584
8 18.4891
9 5.74457
10 2.36471
11 10.5971
12 3.02107
13 0.941409
14 0.824226
15 1.32061
16 2.90125
17 2.6366
18 5.60369
19 20.291
20 5.95853
21 3.10007
22 1.51942
23 4.27716
24 3.61093
25 3.30151
26 3.45556
27 3.87426
28 3.53588
29 3.40948
"[DEBUG]index 68 centroid... "
0 4.23812
1 4.15158
2 4.04723
3 3.91743
4 4.26944
5 3.93377
6 3.23655
7 2.30142
8 31.5701
9 6.63775
10 3.06758
11 6.53749
12 36.018
13 4.88846
14 2.70672
15 3.31027
16 8.99076
17 7.78262
18 2.35641
19 8.12
20 3.54991
21 3.29798
22 1.9095
23 3.88772
24 3.49118
25 3.26334
26 3.39179
27 3.47414
28 3.33284
29 3.18836
"[DEBUG]index 69 centroid... "
0 3.27995
1 3.47121
2 3.02184
3 2.81337
4 3.2687
5 3.67637
6 3.74123
7 2.91198
8 18.6426
9 4.07611
10 18.6552
11 5.30245
12 3.18068
13 5.95698
14 4.62608
15 20.2091
16 4.12376
17 4.95301
18 22.3011
19 5.70152
20 4.45533
21 21.131
22 6.05625
23 2.7677
24 3.93316
25 3.51423
26 3.26142
27 3.46459
28 3.32627
29 2.91926
"[DEBUG]index 70 centroid... "
0 3.74461
1 3.64747
2 3.30343
3 3.19624
4 3.13827
5 3.76041
6 3.19924
7 2.28959
8 19.7377
9 24.0286
10 6.62567
11 2.48035
12 2.82047
13 9.25787
14 2.11059
15 2.61248
16 1.37981
17 2.59146
18 8.19846
19 7.87139
20 2.23854
21 1.29599
22 2.94999
23 3.02742
24 2.73691
25 2.57801
26 2.90286
27 2.88915
28 2.92362
29 2.64852
"[DEBUG]index 71 centroid... "
0 4.12244
1 4.11511
2 3.76394
3 3.48351
4 4.44139
5 4.39661
6 3.62756
7 2.43288
8 39.832
9 5.8464
10 2.87595
11 3.58044
12 4.49416
13 1.38901
14 3.53509
15 1.33178
16 3.44998
17 1.45052
18 3.98725
19 1.55574
20 3.01997
21 2.45701
22 14.8852
23 3.02081
24 3.58377
25 3.69403
26 4.04047
27 3.40543
28 3.61981
29 3.41818
"[DEBUG]index 72 centroid... "
0 4.79193
1 4.38661
2 4.58828
3 3.74703
4 4.58904
5 4.521
6 3.75434
7 2.33562
8 33.4935
9 5.56788
10 12.9731
11 2.96788
12 14.6816
13 2.28097
14 11.7105
15 10.7756
16 3.00852
17 1.4204
18 3.31157
19 1.40594
20 3.25997
21 1.2032
22 3.11355
23 3.67976
24 3.51644
25 3.26423
26 3.37169
27 3.40167
28 3.18554
29 3.03699
"[DEBUG]index 73 centroid... "
0 3.43526
1 3.59351
2 3.76012
3 3.09234
4 3.57176
5 3.87019
6 3.02342
7 2.63968
8 18.8595
9 3.21512
10 20.9746
11 6.01472
12 2.80127
13 5.78521
14 22.46
15 4.50184
16 2.73637
17 2.21746
18 3.05018
19 5.21512
20 18.6761
21 5.91268
22 2.93309
23 3.88357
24 3.83004
25 3.24055
26 3.31181
27 3.39177
28 3.20141
29 3.06223
"[DEBUG]index 74 centroid... "
0 2.97797
1 3.09244
2 3.21593
3 2.90838
4 2.87194
5 2.88541
6 2.29607
7 2.44253
8 15.9931
9 3.45835
10 7.52759
11 28.0117
12 9.29561
13 3.32888
14 2.8075
15 1.46491
16 1.28014
17 2.08037
18 5.142
19 2.30228
20 1.30873
21 2.31517
22 5.04581
23 2.1338
24 2.15372
25 2.26409
26 2.47159
27 2.28869
28 2.21277
29 2.23456
"[DEBUG]index 75 centroid... "
0 4.97003
1 4.94315
2 4.50129
3 4.16331
4 4.63256
5 5.1323
6 4.09819
7 2.60155
8 25.9054
9 8.17623
10 2.76072
11 1.71473
12 5.51525
13 1.58243
14 0.953488
15 1.42946
16 2.75659
17 14.9473
18 3.10853
19 1.22842
20 3.80827
21 14.0372
22 2.79276
23 3.94057
24 4.56641
25 4.8031
26 4.64083
27 4.9938
28 4.60879
29 4.69871
"[DEBUG]index 76 centroid... "
0 3.44485
1 3.22742
2 3.4895
3 3.34191
4 3.86502
5 3.48687
6 3.28256
7 2.57616
8 13.4433
9 4.79254
10 1.91754
11 5.12658
12 15.688
13 3.5751
14 8.16807
15 26.6439
16 8.86397
17 4.82458
18 2.83666
19 2.81618
20 1.5084
21 0.856618
22 1.32458
23 3.02048
24 2.81355
25 2.44275
26 2.53256
27 2.69013
28 2.44643
29 2.48109
"[DEBUG]index 77 centroid... "
0 3.65887
1 3.76464
2 3.75097
3 3.58254
4 4.05931
5 4.5722
6 3.37026
7 3.02266
8 37.1751
9 5.9408
10 2.50329
11 13.5755
12 3.55769
13 2.3287
14 11.3934
15 11.4009
16 2.54652
17 11.8669
18 2.82823
19 12.0959
20 10.2566
21 2.47499
22 11.5868
23 4.04908
24 3.58411
25 4.0946
26 4.11538
27 3.73864
28 3.64321
29 3.5153
"[DEBUG]index 78 centroid... "
0 2.68879
1 2.75243
2 3.00098
3 2.90186
4 3.08427
5 2.93374
6 2.33692
7 1.98711
8 13.9569
9 4.85685
10 2.3989
11 5.30345
12 8.55646
13 32.0722
14 7.61551
15 3.66785
16 2.43988
17 5.99652
18 1.86974
19 2.08598
20 2.07982
21 5.18095
22 2.35316
23 2.61197
24 2.59108
25 2.30046
26 2.16904
27 2.21551
28 2.17331
29 2.21392
"[DEBUG]index 79 centroid... "
0 5.01533
1 5.90743
2 4.68514
3 4.1934
4 4.84493
5 4.41922
6 3.75531
7 2.84316
8 29.0383
9 7.57606
10 3.03302
11 3.73821
12 1.2046
13 3.52594
14 1.32252
15 0.649764
16 1.26592
17 3.09552
18 15.786
19 2.61439
20 3.43927
21 3.35495
22 3.12677
23 4.24587
24 4.00767
25 4.10377
26 4.19399
27 4.2217
28 4.2217
29 3.81899
"[DEBUG]index 80 centroid... "
0 5.78102
1 5.93017
2 5.11791
3 4.85826
4 5.64786
5 5.89951
6 4.25315
7 3.0215
8 34.4306
9 8.19507
10 3.95742
11 1.7601
12 3.89384
13 16.2345
14 3.68878
15 3.13149
16 1.30781
17 4.92617
18 3.87593
19 1.41163
20 1.53979
21 3.31814
22 1.38288
23 4.51229
24 4.24473
25 4.1874
26 3.96959
27 4.18948
28 4.11141
29 4.12624
"[DEBUG]index 81 centroid... "
0 4.25173
1 4.18771
2 4.09185
3 3.86424
4 4.5078
5 4.34277
6 3.61927
7 2.64822
8 23.1972
9 7.36239
10 3.37108
11 3.14348
12 6.06016
13 25.3288
14 6.30803
15 2.93518
16 3.49751
17 6.91298
18 26.4353
19 5.81711
20 2.94065
21 3.94837
22 2.03313
23 3.89963
24 3.83899
25 3.53145
26 3.53161
27 3.55943
28 3.50121
29 3.25913
"[DEBUG]index 82 centroid... "
0 4.25632
1 4.28398
2 3.98593
3 3.46352
4 4.24416
5 4.4051
6 3.25608
7 2.51598
8 33.609
9 5.08035
10 12.9733
11 3.09347
12 1.56247
13 2.82403
14 12.49
15 11.1042
16 2.56652
17 2.94206
18 12.6853
19 11.3236
20 2.24344
21 3.27611
22 1.40749
23 4.3443
24 3.48212
25 3.50477
26 3.54173
27 3.84144
28 3.58631
29 3.40081
"[DEBUG]index 83 centroid... "
0 5.75521
1 5.52383
2 4.74805
3 4.31845
4 6.05291
5 5.81962
6 4.69804
7 3.20656
8 36.142
9 7.35722
10 4.08145
11 1.95081
12 5.87751
13 2.13381
14 1.56686
15 3.66715
16 19.1356
17 4.39681
18 1.80431
19 4.17521
20 17.2895
21 3.04783
22 1.7389
23 5.59069
24 5.87679
25 4.81337
26 4.76572
27 5.97391
28 5.09839
29 4.85523
"[DEBUG]index 84 centroid... "
0 6.56283
1 5.91946
2 5.09364
3 5.40514
4 5.64629
5 5.62203
6 4.64532
7 3.50752
8 24.4711
9 5.54634
10 14.1645
11 3.23387
12 1.71276
13 5.02329
14 1.40757
15 1.42358
16 4.95391
17 1.2067
18 3.57982
19 1.53518
20 0.741388
21 1.37894
22 1.48278
23 3.75061
24 3.57787
25 3.76953
26 3.60747
27 3.44639
28 3.79913
29 3.51917
"[DEBUG]index 85 centroid... "
0 2.49275
1 2.51911
2 2.26186
3 2.13247
4 1.91982
5 2.47254
6 2.58568
7 1.7221
8 9.33458
9 20.5112
10 8.08172
11 4.06788
12 2.13796
13 1.09468
14 2.09183
15 0.836336
16 1.81547
17 4.81503
18 2.22166
19 1.74649
20 3.94706
21 11.0178
22 3.60699
23 2.06085
24 2.39301
25 2.28098
26 2.23638
27 2.21485
28 2.10281
29 2.12302
"[DEBUG]index 86 centroid... "
0 5.37956
1 4.77816
2 4.39741
3 4.25054
4 5.52065
5 5.22895
6 4.15011
7 2.93445
8 44.2938
9 6.79095
10 2.79185
11 1.72834
12 1.53021
13 2.85054
14 1.27909
15 3.57676
16 1.20187
17 3.80011
18 1.16879
19 3.34436
20 2.83218
21 1.00392
22 3.03782
23 3.65661
24 3.32759
25 3.51756
26 3.6491
27 3.56099
28 3.6625
29 3.79856
"[DEBUG]index 87 centroid... "
0 4.06312
1 4.0186
2 3.83892
3 3.71058
4 4.08591
5 4.08538
6 3.00995
7 2.1836
8 28.9123
9 5.89261
10 2.31902
11 11.5199
12 13.3785
13 10.632
14 2.54348
15 1.30854
16 3.24987
17 3.45233
18 3.41461
19 1.26427
20 2.99948
21 10.7163
22 11.3764
23 2.73049
24 3.6671
25 4.35175
26 3.5571
27 3.41881
28 3.11524
29 3.63515
"[DEBUG]index 88 centroid... "
0 4.07771
1 4.03979
2 3.95598
3 3.33352
4 3.63889
5 3.79829
6 3.5358
7 2.63564
8 27.232
9 4.63629
10 30.3597
11 4.49064
12 2.80277
13 2.20122
14 3.86932
15 1.44841
16 3.32653
17 10.1382
18 2.6288
19 7.93222
20 3.26526
21 1.38885
22 3.38731
23 3.42384
24 3.01749
25 3.21603
26 3.21977
27 3.35907
28 3.16998
29 3.19886
"[DEBUG]index 89 centroid... "
0 3.94337
1 3.65923
2 3.73888
3 3.39247
4 3.34728
5 4.56322
6 3.78899
7 2.51238
8 20.1545
9 23.2873
10 5.6491
11 2.66546
12 1.68472
13 2.84243
14 8.16423
15 2.10804
16 8.5845
17 2.68081
18 1.29312
19 3.05865
20 2.90702
21 1.03172
22 2.30659
23 2.85315
24 2.92064
25 2.80666
26 2.8475
27 2.87936
28 2.78508
29 2.61506
"[DEBUG]index 90 centroid... "
0 4.20872
1 4.10488
2 3.91474
3 3.26071
4 4.25277
5 3.89826
6 3.07657
7 2.26071
8 34.8087
9 4.91025
10 12.6467
11 2.52203
12 13.8932
13 2.62856
14 11.4727
15 1.98502
16 9.31615
17 12.0109
18 2.82529
19 1.39137
20 3.37444
21 10.9152
22 2.55574
23 3.632
24 4.11942
25 4.34867
26 3.52817
27 3.69134
28 3.35331
29 3.56803
"[DEBUG]index 91 centroid... "
0 3.81671
1 3.5119
2 3.35872
3 3.43396
4 3.72147
5 4.27022
6 3.28122
7 2.60108
8 30.2264
9 5.82749
10 2.94901
11 1.59704
12 3.14533
13 11.5211
14 2.47372
15 11.9719
16 2.5146
17 14.5591
18 2.56828
19 12.1274
20 2.13073
21 10.2343
22 10.4445
23 3.37781
24 3.5009
25 4.32862
26 3.83783
27 3.8513
28 3.56065
29 3.61815
"[DEBUG]index 92 centroid... "
0 3.22438
1 3.35206
2 3.22001
3 3.04629
4 3.42008
5 3.65218
6 3.38704
7 2.57773
8 20.6301
9 4.53414
10 2.55253
11 6.53877
12 2.56963
13 4.40504
14 24.9244
15 3.84236
16 22.8858
17 4.57053
18 6.96515
19 3.02983
20 3.05966
21 2.53157
22 6.66504
23 2.98046
24 3.50559
25 3.31439
26 3.41738
27 3.07895
28 2.97017
29 2.94625
"[DEBUG]index 93 centroid... "
0 3.56094
1 3.50879
2 3.72866
3 3.3637
4 3.63527
5 4.03538
6 3.25514
7 2.93957
8 22.4778
9 4.79701
10 4.33774
11 27.2709
12 7.61827
13 2.41528
14 6.03079
15 26.0385
16 4.65652
17 2.56933
18 7.6494
19 3.11074
20 7.39655
21 2.67708
22 8.05468
23 3.62734
24 3.55279
25 3.52728
26 3.6255
27 3.39506
28 3.2162
29 3.05365
"[DEBUG]index 94 centroid... "
0 4.3839
1 4.27648
2 4.28205
3 3.83536
4 4.26876
5 4.48461
6 3.07721
7 2.64812
8 33.9387
9 4.71477
10 12.3504
11 11.0886
12 2.28171
13 9.98127
14 13.8791
15 2.02135
16 1.37822
17 3.60418
18 3.22278
19 1.23811
20 2.70603
21 2.85636
22 2.51152
23 3.37618
24 3.12933
25 3.11321
26 2.90621
27 2.9405
28 2.8743
29 2.83116
"[DEBUG]index 95 centroid... "
0 4.42637
1 4.57599
2 3.88469
3 3.62284
4 3.98493
5 3.97385
6 3.59996
7 2.49501
8 31.6388
9 5.33993
10 15.0543
11 2.7229
12 1.83131
13 3.51444
14 1.34338
15 3.07826
16 13.6336
17 2.2061
18 11.2602
19 11.6415
20 2.87416
21 1.50499
22 3.93808
23 4.10695
24 3.77828
25 4.06101
26 4.22971
27 4.02615
28 3.92773
29 3.43036
"[DEBUG]index 96 centroid... "
0 4.61028
1 4.45503
2 4.17712
3 4.01109
4 4.62981
5 4.72425
6 3.53783
7 2.54103
8 41.0437
9 6.64108
10 3.36631
11 3.7609
12 16.204
13 8.62993
14 2.39687
15 13.3968
16 3.89126
17 1.52705
18 3.82023
19 14.8768
20 2.86169
21 2.84432
22 13.8175
23 4.43316
24 3.8673
25 4.57947
26 4.46063
27 4.21932
28 4.10467
29 3.88671
"[DEBUG]index 97 centroid... "
0 3.68014
1 3.907
2 3.67642
3 3.28804
4 3.79145
5 3.78293
6 2.79921
7 2.59577
8 31.7463
9 5.72196
10 2.86529
11 12.7547
12 2.73345
13 10.4466
14 2.86135
15 2.87199
16 1.47648
17 3.31081
18 2.80251
19 13.2761
20 2.2159
21 9.91477
22 11.3484
23 3.51681
24 3.50117
25 3.77548
26 3.52458
27 3.58395
28 3.34976
29 3.41253
"[DEBUG]index 98 centroid... "
0 3.55752
1 3.66935
2 3.66613
3 3.47788
4 3.40668
5 3.92438
6 3.50282
7 2.97828
8 20.257
9 5.52494
10 2.17538
11 8.67498
12 8.54545
13 1.77635
14 5.7679
15 24.9031
16 3.61424
17 19.7985
18 17.7856
19 4.99558
20 6.82462
21 3.63596
22 1.58769
23 3.83749
24 3.62792
25 3.39019
26 3.3753
27 3.68785
28 3.10137
29 3.11545
"[DEBUG]index 99 centroid... "
0 3.80383
1 3.83285
2 3.65673
3 3.43429
4 3.53978
5 3.6905
6 3.09011
7 2.23861
8 27.5996
9 6.56593
10 3.17983
11 3.36227
12 10.7692
13 2.8383
14 1.64501
15 3.86545
16 3.2973
17 6.23521
18 31.4873
19 5.81229
20 2.77521
21 9.30741
22 3.59185
23 3.15438
24 3.69516
25 3.86279
26 3.62022
27 3.80083
28 3.64427
29 3.49852
