"[DEBUG]index 0 centroid... "
0 0.367039
1 0.377983
2 0.33226
3 0.341069
4 0.254433
5 0.158433
6 0.145104
7 0.211632
8 0.179009
9 0.166797
10 0.22929
11 0.115615
12 0.173091
13 0.152472
14 0.157329
15 0.116316
16 0.255654
17 0.233515
18 0.0294156
19 0.210853
20 0.0834589
21 0.0659524
22 0.167987
23 0.25242
24 0.256844
25 0.362459
26 0.358173
27 0.478775
28 0.535801
29 0.411307
"[DEBUG]index 1 centroid... "
0 0.207359
1 0.237564
2 0.294314
3 0.321096
4 0.268545
5 0.226763
6 0.245353
7 0.296282
8 0.253462
9 0.146667
10 0.443507
11 0.185429
12 0.346474
13 0.244955
14 0.330897
15 0.339667
16 0.0549038
17 0.283173
18 0.311051
19 0.448327
20 0.242205
21 0.288051
22 0.472795
23 0.378833
24 0.402244
25 0.123679
26 0.178051
27 0.297231
28 0.276519
29 0.227365
"[DEBUG]index 2 centroid... "
0 0.213165
1 0.183452
2 0.1942
3 0.284202
4 0.163882
5 0.168065
6 0.313353
7 0.328722
8 0.247743
9 0.28332
10 0.271065
11 0.216694
12 0.269891
13 0.249221
14 0.202179
15 0.187258
16 0.2278
17 0.252768
18 0.193638
19 0.177448
20 0.24461
21 0.244634
22 0.260965
23 0.216012
24 0.23983
25 0.222014
26 0.172877
27 0.191422
28 0.243766
29 0.2241
"[DEBUG]index 3 centroid... "
0 0.386731
1 0.190526
2 0.239833
3 0.330987
4 0.297795
5 0.250859
6 0.345436
7 0.147474
8 0.0953077
9 0.167218
10 0.204359
11 0.129231
12 0.176731
13 0.106628
14 0.321154
15 0.167244
16 0.406321
17 0.100615
18 0.0142949
19 0.360359
20 0.369885
21 0.197872
22 0.208731
23 0.205103
24 0.341833
25 0.270064
26 0.297731
27 0.233115
28 0.217141
29 0.233795
"[DEBUG]index 4 centroid... "
0 0.203267
1 0.112436
2 0.164933
3 0.254952
4 0.179798
5 0.211272
6 0.193713
7 0.194142
8 0.144093
9 0.19198
10 0.152053
11 0.211384
12 0.165006
13 0.155977
14 0.191484
15 0.167342
16 0.23022
17 0.225619
18 0.184322
19 0.261933
20 0.200497
21 0.17032
22 0.173184
23 0.223823
24 0.198333
25 0.134718
26 0.178401
27 0.228884
28 0.227727
29 0.230853
"[DEBUG]index 5 centroid... "
0 0.196312
1 0.211144
2 0.165581
3 0.24534
4 0.238254
5 0.173434
6 0.210286
7 0.27441
8 0.191079
9 0.157766
10 0.247578
11 0.173162
12 0.188936
13 0.230059
14 0.216079
15 0.21155
16 0.196829
17 0.206468
18 0.193602
19 0.158814
20 0.21805
21 0.241116
22 0.181631
23 0.19746
24 0.212699
25 0.153643
26 0.228333
27 0.18883
28 0.202956
29 0.202886
"[DEBUG]index 6 centroid... "
0 0.210079
1 0.169359
2 0.219305
3 0.211296
4 0.203142
5 0.203143
6 0.212529
7 0.212241
8 0.146063
9 0.188523
10 0.208335
11 0.150937
12 0.222212
13 0.208862
14 0.16813
15 0.158768
16 0.205251
17 0.230181
18 0.273936
19 0.311556
20 0.285373
21 0.246678
22 0.298171
23 0.320138
24 0.315105
25 0.312678
26 0.34591
27 0.320946
28 0.273204
29 0.270394
"[DEBUG]index 7 centroid... "
0 0.198842
1 0.13535
2 0.246471
3 0.275265
4 0.188595
5 0.240998
6 0.263748
7 0.246636
8 0.17726
9 0.23342
10 0.30057
11 0.281658
12 0.229743
13 0.219364
14 0.111534
15 0.1791
16 0.159362
17 0.246396
18 0.20774
19 0.258568
20 0.374667
21 0.412461
22 0.291017
23 0.353313
24 0.357213
25 0.383148
26 0.32916
27 0.318034
28 0.312053
29 0.355269
"[DEBUG]index 8 centroid... "
0 0.224409
1 0.228942
2 0.224303
3 0.255892
4 0.226161
5 0.198576
6 0.230977
7 0.214924
8 0.119223
9 0.197712
10 0.217737
11 0.224093
12 0.216339
13 0.198056
14 0.18427
15 0.137324
16 0.175498
17 0.153917
18 0.247464
19 0.255689
20 0.170498
21 0.233085
22 0.260556
23 0.20496
24 0.216399
25 0.237615
26 0.236172
27 0.228087
28 0.259297
29 0.256795
"[DEBUG]index 9 centroid... "
0 0.248842
1 0.251597
2 0.242165
3 0.229044
4 0.235324
5 0.192035
6 0.22968
7 0.209954
8 0.150815
9 0.213596
10 0.255734
11 0.237009
12 0.242945
13 0.27297
14 0.247912
15 0.198218
16 0.259033
17 0.295584
18 0.243061
19 0.222191
20 0.32187
21 0.331561
22 0.278172
23 0.306683
24 0.307944
25 0.25396
26 0.283942
27 0.273911
28 0.275489
29 0.295009
"[DEBUG]index 10 centroid... "
0 0.241085
1 0.202345
2 0.205514
3 0.227053
4 0.194762
5 0.181219
6 0.230933
7 0.215964
8 0.0741548
9 0.140384
10 0.162239
11 0.197817
12 0.193963
13 0.127667
14 0.188393
15 0.1931
16 0.223054
17 0.184901
18 0.2227
19 0.203682
20 0.195686
21 0.18059
22 0.144873
23 0.211029
24 0.192703
25 0.158512
26 0.150836
27 0.19088
28 0.207998
29 0.19656
"[DEBUG]index 11 centroid... "
0 0.184908
1 0.180315
2 0.215314
3 0.20645
4 0.226648
5 0.218937
6 0.269499
7 0.240541
8 0.213888
9 0.220398
10 0.171911
11 0.261942
12 0.191027
13 0.203071
14 0.217579
15 0.182117
16 0.148317
17 0.217684
18 0.166295
19 0.17114
20 0.155288
21 0.210223
22 0.192917
23 0.205136
24 0.184694
25 0.218361
26 0.240996
27 0.198454
28 0.231915
29 0.234517
"[DEBUG]index 12 centroid... "
0 0.241322
1 0.232974
2 0.238498
3 0.222416
4 0.236364
5 0.203844
6 0.243713
7 0.240364
8 0.138749
9 0.180057
10 0.244629
11 0.200929
12 0.191271
13 0.204294
14 0.229773
15 0.168669
16 0.12829
17 0.239176
18 0.249007
19 0.168777
20 0.236551
21 0.227943
22 0.180839
23 0.219548
24 0.244868
25 0.23649
26 0.22771
27 0.255734
28 0.278894
29 0.263076
"[DEBUG]index 13 centroid... "
0 0.232809
1 0.205141
2 0.235165
3 0.261082
4 0.245898
5 0.220247
6 0.299273
7 0.249499
8 0.165477
9 0.147828
10 0.139607
11 0.183502
12 0.158307
13 0.246129
14 0.208983
15 0.19648
16 0.17388
17 0.232452
18 0.21166
19 0.30003
20 0.248736
21 0.23469
22 0.246588
23 0.335773
24 0.355022
25 0.400157
26 0.35378
27 0.329809
28 0.340021
29 0.316033
"[DEBUG]index 14 centroid... "
0 0.0945957
1 0.201614
2 0.206049
3 0.25583
4 0.17631
5 0.269185
6 0.185323
7 0.223941
8 0.139961
9 0.183103
10 0.240716
11 0.308738
12 0.274446
13 0.213164
14 0.244361
15 0.254075
16 0.2557
17 0.265578
18 0.298113
19 0.246164
20 0.334164
21 0.347221
22 0.234193
23 0.171822
24 0.315452
25 0.233897
26 0.319834
27 0.227487
28 0.204328
29 0.16856
"[DEBUG]index 15 centroid... "
0 0.289877
1 0.271294
2 0.239714
3 0.27369
4 0.253478
5 0.191916
6 0.214306
7 0.281363
8 0.140212
9 0.158903
10 0.257082
11 0.189106
12 0.212503
13 0.181306
14 0.199829
15 0.215195
16 0.258939
17 0.215511
18 0.214791
19 0.235451
20 0.295449
21 0.255676
22 0.309247
23 0.280863
24 0.286341
25 0.281615
26 0.309764
27 0.251003
28 0.323479
29 0.314394
"[DEBUG]index 16 centroid... "
0 0.201422
1 0.195082
2 0.224351
3 0.23395
4 0.216075
5 0.151373
6 0.203078
7 0.186028
8 0.133631
9 0.157736
10 0.209076
11 0.199397
12 0.213762
13 0.182673
14 0.257707
15 0.311795
16 0.272696
17 0.308336
18 0.290612
19 0.228502
20 0.276161
21 0.284026
22 0.253523
23 0.270777
24 0.263976
25 0.25681
26 0.229337
27 0.237272
28 0.239154
29 0.230125
"[DEBUG]index 17 centroid... "
0 0.221084
1 0.220408
2 0.235298
3 0.248622
4 0.212495
5 0.16068
6 0.248523
7 0.292336
8 0.182744
9 0.256511
10 0.307759
11 0.204935
12 0.225249
13 0.302058
14 0.235764
15 0.206975
16 0.292383
17 0.294292
18 0.19072
19 0.291997
20 0.31812
21 0.191079
22 0.241066
23 0.279217
24 0.251009
25 0.230744
26 0.240373
27 0.235888
28 0.234957
29 0.253388
"[DEBUG]index 18 centroid... "
0 0.250407
1 0.253396
2 0.260981
3 0.280514
4 0.262841
5 0.245338
6 0.296319
7 0.264126
8 0.179868
9 0.268305
10 0.28639
11 0.220698
12 0.275301
13 0.226067
14 0.197141
15 0.30283
16 0.266317
17 0.157845
18 0.240321
19 0.262463
20 0.202838
21 0.197237
22 0.287828
23 0.25906
24 0.240307
25 0.247478
26 0.213811
27 0.253589
28 0.269261
29 0.294895
"[DEBUG]index 19 centroid... "
0 0.217401
1 0.268795
2 0.185322
3 0.263157
4 0.210459
5 0.163612
6 0.191987
7 0.188536
8 0.187111
9 0.225848
10 0.268261
11 0.201052
12 0.208811
13 0.191007
14 0.135076
15 0.151848
16 0.212782
17 0.163745
18 0.136689
19 0.12802
20 0.2551
21 0.216126
22 0.162113
23 0.203169
24 0.200051
25 0.178136
26 0.222406
27 0.193396
28 0.223609
29 0.231458
"[DEBUG]index 20 centroid... "
0 0.289687
1 0.282838
2 0.260784
3 0.337989
4 0.292234
5 0.15632
6 0.304209
7 0.267473
8 0.242248
9 0.279269
10 0.321569
11 0.286989
12 0.298151
13 0.385626
14 0.333682
15 0.275304
16 0.236496
17 0.331118
18 0.323967
19 0.329684
20 0.318026
21 0.262852
22 0.351733
23 0.308436
24 0.264165
25 0.33368
26 0.311411
27 0.412582
28 0.325355
29 0.267645
"[DEBUG]index 21 centroid... "
0 0.24408
1 0.244614
2 0.247636
3 0.233762
4 0.215168
5 0.184435
6 0.206416
7 0.211083
8 0.108565
9 0.202112
10 0.243487
11 0.167963
12 0.22713
13 0.243234
14 0.216603
15 0.254882
16 0.237126
17 0.243565
18 0.312104
19 0.289233
20 0.267312
21 0.308159
22 0.301915
23 0.279083
24 0.294643
25 0.267528
26 0.264992
27 0.267071
28 0.268317
29 0.269511
"[DEBUG]index 22 centroid... "
0 0.242179
1 0.263603
2 0.277346
3 0.243621
4 0.207074
5 0.196678
6 0.23648
7 0.236028
8 0.13044
9 0.209916
10 0.238605
11 0.194927
12 0.192073
13 0.273276
14 0.22022
15 0.118181
16 0.226564
17 0.232307
18 0.212161
19 0.197424
20 0.211355
21 0.229408
22 0.272679
23 0.324995
24 0.30775
25 0.267438
26 0.317847
27 0.313322
28 0.313254
29 0.299861
"[DEBUG]index 23 centroid... "
0 0.25215
1 0.242522
2 0.176765
3 0.22264
4 0.214941
5 0.17388
6 0.216917
7 0.233254
8 0.188233
9 0.158071
10 0.246388
11 0.181421
12 0.166642
13 0.19091
14 0.0867471
15 0.163369
16 0.167605
17 0.176926
18 0.203345
19 0.21108
20 0.251927
21 0.274234
22 0.279145
23 0.291175
24 0.276613
25 0.329028
26 0.357226
27 0.30779
28 0.34609
29 0.309621
"[DEBUG]index 24 centroid... "
0 0.238106
1 0.233014
2 0.237092
3 0.232632
4 0.220012
5 0.184797
6 0.243447
7 0.231739
8 0.129692
9 0.244645
10 0.252584
11 0.179488
12 0.193981
13 0.191753
14 0.187416
15 0.164478
16 0.255015
17 0.256207
18 0.172928
19 0.219962
20 0.252434
21 0.224292
22 0.251456
23 0.27009
24 0.272995
25 0.268024
26 0.274857
27 0.281842
28 0.277707
29 0.275421
"[DEBUG]index 25 centroid... "
0 0.203488
1 0.20599
2 0.205579
3 0.206175
4 0.204679
5 0.193604
6 0.196786
7 0.187098
8 0.111271
9 0.133879
10 0.166036
11 0.187128
12 0.227632
13 0.221058
14 0.195984
15 0.24511
16 0.329364
17 0.308077
18 0.312439
19 0.362105
20 0.325335
21 0.351229
22 0.373891
23 0.333371
24 0.305651
25 0.313697
26 0.313501
27 0.292196
28 0.292377
29 0.266492
"[DEBUG]index 26 centroid... "
0 0.183606
1 0.214306
2 0.174558
3 0.265742
4 0.229031
5 0.315996
6 0.265015
7 0.306392
8 0.115681
9 0.258748
10 0.383103
11 0.404694
12 0.299218
13 0.281428
14 0.263742
15 0.321514
16 0.268111
17 0.243793
18 0.270432
19 0.284572
20 0.230977
21 0.229853
22 0.341927
23 0.289012
24 0.276813
25 0.290652
26 0.288591
27 0.216155
28 0.206023
29 0.242417
"[DEBUG]index 27 centroid... "
0 0.267264
1 0.263471
2 0.217724
3 0.247024
4 0.238667
5 0.206174
6 0.266069
7 0.203437
8 0.188708
9 0.214762
10 0.205021
11 0.125972
12 0.25511
13 0.194598
14 0.17596
15 0.205342
16 0.212416
17 0.185601
18 0.120571
19 0.167086
20 0.211187
21 0.186509
22 0.153596
23 0.207879
24 0.242666
25 0.239812
26 0.247901
27 0.261042
28 0.295257
29 0.274491
"[DEBUG]index 28 centroid... "
0 0.253808
1 0.241216
2 0.235261
3 0.238679
4 0.241562
5 0.2121
6 0.229673
7 0.224895
8 0.145649
9 0.213688
10 0.186809
11 0.223562
12 0.184482
13 0.124297
14 0.233484
15 0.22728
16 0.169496
17 0.191921
18 0.204539
19 0.210304
20 0.206896
21 0.225578
22 0.245474
23 0.235833
24 0.281912
25 0.269778
26 0.262075
27 0.284012
28 0.276731
29 0.27835
"[DEBUG]index 29 centroid... "
0 0.259185
1 0.248598
2 0.242497
3 0.248103
4 0.248201
5 0.238998
6 0.260802
7 0.206617
8 0.202097
9 0.184519
10 0.201441
11 0.208406
12 0.261949
13 0.232162
14 0.22691
15 0.207281
16 0.18656
17 0.264442
18 0.280198
19 0.231754
20 0.23953
21 0.281664
22 0.27158
23 0.268428
24 0.259745
25 0.290504
26 0.277882
27 0.273939
28 0.317241
29 0.324501
"[DEBUG]index 30 centroid... "
0 0.24464
1 0.241021
2 0.240333
3 0.215319
4 0.271131
5 0.186787
6 0.239838
7 0.282901
8 0.158174
9 0.202722
10 0.253596
11 0.212418
12 0.211024
13 0.21035
14 0.229615
15 0.246673
16 0.250006
17 0.213926
18 0.302158
19 0.249803
20 0.270081
21 0.260664
22 0.204726
23 0.226905
24 0.249341
25 0.213097
26 0.207094
27 0.235514
28 0.228998
29 0.252628
"[DEBUG]index 31 centroid... "
0 0.213089
1 0.215761
2 0.205224
3 0.220198
4 0.230608
5 0.185924
6 0.227563
7 0.263619
8 0.140472
9 0.158312
10 0.231645
11 0.194402
12 0.175606
13 0.257868
14 0.266808
15 0.211038
16 0.24016
17 0.268628
18 0.26926
19 0.308491
20 0.331791
21 0.341658
22 0.359226
23 0.33157
24 0.312741
25 0.318358
26 0.300572
27 0.299421
28 0.305685
29 0.291972
"[DEBUG]index 32 centroid... "
0 0.173507
1 0.16772
2 0.215093
3 0.212055
4 0.172802
5 0.196805
6 0.200755
7 0.168281
8 0.125342
9 0.208868
10 0.118028
11 0.199111
12 0.183282
13 0.27079
14 0.204688
15 0.080727
16 0.172654
17 0.194486
18 0.150955
19 0.212958
20 0.232664
21 0.253164
22 0.203315
23 0.23112
24 0.257913
25 0.253222
26 0.261362
27 0.19623
28 0.241463
29 0.269767
"[DEBUG]index 33 centroid... "
0 0.235446
1 0.214795
2 0.192797
3 0.235828
4 0.230805
5 0.203891
6 0.232788
7 0.210324
8 0.115918
9 0.140257
10 0.137906
11 0.192806
12 0.249755
13 0.192479
14 0.196744
15 0.211443
16 0.255709
17 0.268417
18 0.26143
19 0.266399
20 0.292695
21 0.25822
22 0.302248
23 0.306169
24 0.270705
25 0.276019
26 0.302313
27 0.243051
28 0.251085
29 0.251844
"[DEBUG]index 34 centroid... "
0 0.185022
1 0.222284
2 0.227586
3 0.248
4 0.251326
5 0.224359
6 0.228481
7 0.226726
8 0.129948
9 0.18425
10 0.22444
11 0.189609
12 0.195319
13 0.156638
14 0.142414
15 0.286322
16 0.243471
17 0.207453
18 0.24277
19 0.282112
20 0.205413
21 0.242035
22 0.227012
23 0.265181
24 0.270654
25 0.234094
26 0.276263
27 0.249343
28 0.257094
29 0.238064
"[DEBUG]index 35 centroid... "
0 0.242833
1 0.263642
2 0.264284
3 0.230195
4 0.254851
5 0.246094
6 0.241325
7 0.243541
8 0.185149
9 0.196046
10 0.224825
11 0.188272
12 0.177215
13 0.274172
14 0.221867
15 0.219583
16 0.231203
17 0.198529
18 0.208198
19 0.226133
20 0.183903
21 0.218386
22 0.277531
23 0.262361
24 0.212311
25 0.232504
26 0.24897
27 0.222672
28 0.262182
29 0.289317
"[DEBUG]index 36 centroid... "
0 0.227955
1 0.235887
2 0.209886
3 0.213943
4 0.227453
5 0.190058
6 0.235284
7 0.243476
8 0.150624
9 0.135394
10 0.260927
11 0.233223
12 0.165796
13 0.198394
14 0.249613
15 0.225826
16 0.234824
17 0.262864
18 0.288886
19 0.296101
20 0.356206
21 0.384041
22 0.335352
23 0.343405
24 0.342382
25 0.330966
26 0.319448
27 0.303509
28 0.295998
29 0.305883
"[DEBUG]index 37 centroid... "
0 0.204581
1 0.19226
2 0.194657
3 0.224807
4 0.215239
5 0.1766
6 0.226991
7 0.192469
8 0.13443
9 0.173943
10 0.216866
11 0.179508
12 0.21825
13 0.173535
14 0.145438
15 0.220221
16 0.184619
17 0.124541
18 0.177674
19 0.227368
20 0.187759
21 0.193573
22 0.21338
23 0.21546
24 0.235176
25 0.289815
26 0.295269
27 0.25733
28 0.281519
29 0.271192
"[DEBUG]index 38 centroid... "
0 0.186222
1 0.194003
2 0.198621
3 0.218333
4 0.207386
5 0.184253
6 0.192233
7 0.20873
8 0.136645
9 0.173259
10 0.220233
11 0.191149
12 0.167322
13 0.244548
14 0.225016
15 0.151953
16 0.273689
17 0.300581
18 0.179346
19 0.204844
20 0.250653
21 0.205109
22 0.183028
23 0.246183
24 0.244645
25 0.168254
26 0.205191
27 0.200139
28 0.184702
29 0.193259
"[DEBUG]index 39 centroid... "
0 0.244574
1 0.220384
2 0.231459
3 0.247747
4 0.217972
5 0.190226
6 0.245956
7 0.238228
8 0.133453
9 0.265004
10 0.240104
11 0.20263
12 0.214935
13 0.198899
14 0.227135
15 0.171903
16 0.175987
17 0.28091
18 0.185307
19 0.12576
20 0.20626
21 0.228406
22 0.210091
23 0.241365
24 0.255667
25 0.247223
26 0.251756
27 0.266906
28 0.272667
29 0.294927
"[DEBUG]index 40 centroid... "
0 0.235082
1 0.203969
2 0.221821
3 0.239523
4 0.204094
5 0.148583
6 0.226325
7 0.243283
8 0.111134
9 0.196965
10 0.270441
11 0.198311
12 0.223178
13 0.242479
14 0.161166
15 0.213851
16 0.205741
17 0.302636
18 0.328938
19 0.32202
20 0.363064
21 0.380477
22 0.314494
23 0.337986
24 0.403358
25 0.334964
26 0.34831
27 0.304895
28 0.326059
29 0.302691
"[DEBUG]index 41 centroid... "
0 0.22419
1 0.199466
2 0.181414
3 0.18485
4 0.180368
5 0.161912
6 0.18995
7 0.238397
8 0.143734
9 0.148645
10 0.209135
11 0.114165
12 0.128703
13 0.182359
14 0.15246
15 0.170731
16 0.181325
17 0.215582
18 0.259031
19 0.297528
20 0.308623
21 0.345845
22 0.387341
23 0.408827
24 0.405714
25 0.387143
26 0.367943
27 0.368968
28 0.368227
29 0.327411
"[DEBUG]index 42 centroid... "
0 0.183182
1 0.213146
2 0.198004
3 0.189547
4 0.199849
5 0.195355
6 0.243536
7 0.260002
8 0.133465
9 0.0913839
10 0.227533
11 0.236386
12 0.164584
13 0.172645
14 0.182543
15 0.220822
16 0.226161
17 0.201682
18 0.251152
19 0.290428
20 0.188914
21 0.233482
22 0.27337
23 0.252152
24 0.25175
25 0.281914
26 0.302433
27 0.258384
28 0.283036
29 0.266465
"[DEBUG]index 43 centroid... "
0 0.195513
1 0.223976
2 0.216252
3 0.238065
4 0.223583
5 0.199093
6 0.193337
7 0.214089
8 0.0839763
9 0.195664
10 0.284377
11 0.216197
12 0.272869
13 0.232667
14 0.179997
15 0.230728
16 0.219139
17 0.20069
18 0.229961
19 0.224566
20 0.289745
21 0.254117
22 0.189065
23 0.258011
24 0.256429
25 0.213147
26 0.21807
27 0.213235
28 0.227749
29 0.26718
"[DEBUG]index 44 centroid... "
0 0.247952
1 0.24198
2 0.223888
3 0.23141
4 0.258846
5 0.204638
6 0.262314
7 0.222293
8 0.154487
9 0.181307
10 0.200404
11 0.239974
12 0.264966
13 0.238266
14 0.224354
15 0.224477
16 0.220295
17 0.210534
18 0.205545
19 0.191712
20 0.194828
21 0.20556
22 0.238844
23 0.248827
24 0.248189
25 0.239928
26 0.235318
27 0.232407
28 0.24081
29 0.237655
"[DEBUG]index 45 centroid... "
0 0.219894
1 0.198267
2 0.197709
3 0.232746
4 0.222746
5 0.167373
6 0.211475
7 0.185835
8 0.10333
9 0.14223
10 0.19213
11 0.243935
12 0.220678
13 0.184168
14 0.21711
15 0.188293
16 0.196795
17 0.183172
18 0.233038
19 0.199691
20 0.194586
21 0.232443
22 0.202286
23 0.227153
24 0.234948
25 0.213993
26 0.225608
27 0.231572
28 0.216903
29 0.226672
"[DEBUG]index 46 centroid... "
0 0.258001
1 0.234806
2 0.239357
3 0.246394
4 0.24766
5 0.215163
6 0.26828
7 0.272463
8 0.155604
9 0.194048
10 0.246309
11 0.194409
12 0.2139
13 0.265735
14 0.19088
15 0.215458
16 0.263821
17 0.222605
18 0.205353
19 0.30299
20 0.27971
21 0.221885
22 0.275697
23 0.272988
24 0.250316
25 0.247674
26 0.269463
27 0.259774
28 0.262043
29 0.281552
"[DEBUG]index 47 centroid... "
0 0.2206
1 0.197712
2 0.221368
3 0.219771
4 0.210602
5 0.177247
6 0.244814
7 0.226534
8 0.132884
9 0.221864
10 0.243702
11 0.163379
12 0.220456
13 0.226394
14 0.201497
15 0.193521
16 0.176834
17 0.175805
18 0.141514
19 0.187996
20 0.206728
21 0.236943
22 0.24464
23 0.23115
24 0.212119
25 0.207383
26 0.211497
27 0.21461
28 0.217431
29 0.224158
"[DEBUG]index 48 centroid... "
0 0.232109
1 0.237598
2 0.224293
3 0.220295
4 0.200814
5 0.153648
6 0.160153
7 0.146654
8 0.0590565
9 0.131495
10 0.150916
11 0.160632
12 0.182679
13 0.169566
14 0.256997
15 0.299066
16 0.237412
17 0.262728
18 0.246403
19 0.260234
20 0.293027
21 0.259922
22 0.276412
23 0.300257
24 0.298556
25 0.276036
26 0.261872
27 0.255948
28 0.24416
29 0.238431
"[DEBUG]index 49 centroid... "
0 0.212515
1 0.245925
2 0.246318
3 0.214504
4 0.277847
5 0.184729
6 0.213189
7 0.2228
8 0.117823
9 0.18734
10 0.202271
11 0.201647
12 0.24631
13 0.225081
14 0.222504
15 0.281694
16 0.280561
17 0.269601
18 0.269843
19 0.253566
20 0.279812
21 0.26137
22 0.308948
23 0.265705
24 0.290341
25 0.333155
26 0.257741
27 0.288257
28 0.267256
29 0.291838
"[DEBUG]index 50 centroid... "
0 0.238936
1 0.232831
2 0.21451
3 0.225223
4 0.223256
5 0.20157
6 0.242571
7 0.242738
8 0.108254
9 0.200402
10 0.294531
11 0.132064
12 0.197845
13 0.269956
14 0.179014
15 0.235177
16 0.254607
17 0.179958
18 0.212388
19 0.222881
20 0.273655
21 0.246695
22 0.235756
23 0.289512
24 0.288868
25 0.267895
26 0.295179
27 0.271658
28 0.28242
29 0.280239
"[DEBUG]index 51 centroid... "
0 0.243043
1 0.229933
2 0.225935
3 0.221198
4 0.253032
5 0.20428
6 0.241399
7 0.213705
8 0.139661
9 0.20927
10 0.216218
11 0.213066
12 0.253552
13 0.222616
14 0.211274
15 0.237411
16 0.226828
17 0.196421
18 0.202949
19 0.207487
20 0.197215
21 0.214166
22 0.226187
23 0.251662
24 0.250958
25 0.224526
26 0.25854
27 0.226396
28 0.226535
29 0.213692
"[DEBUG]index 52 centroid... "
0 0.23661
1 0.227689
2 0.203665
3 0.223285
4 0.221839
5 0.189541
6 0.240465
7 0.229202
8 0.117859
9 0.215866
10 0.269156
11 0.171128
12 0.218655
13 0.220634
14 0.207
15 0.219106
16 0.211113
17 0.271832
18 0.261995
19 0.240034
20 0.259659
21 0.260993
22 0.274382
23 0.285818
24 0.285185
25 0.29491
26 0.277214
27 0.244899
28 0.271066
29 0.279176
"[DEBUG]index 53 centroid... "
0 0.130075
1 0.132394
2 0.137233
3 0.216492
4 0.239869
5 0.0427555
6 0.155667
7 0.274717
8 0.185922
9 0.310817
10 0.288186
11 0.199233
12 0.209886
13 0.209358
14 0.248617
15 0.2419
16 0.262447
17 0.259469
18 0.340672
19 0.279408
20 0.126167
21 0.228794
22 0.241311
23 0.305697
24 0.223222
25 0.251875
26 0.234636
27 0.241006
28 0.218267
29 0.233039
"[DEBUG]index 54 centroid... "
0 0.301635
1 0.265143
2 0.215589
3 0.238046
4 0.216031
5 0.217454
6 0.293421
7 0.351551
8 0.211015
9 0.199742
10 0.304441
11 0.225566
12 0.261717
13 0.340753
14 0.262423
15 0.3325
16 0.358699
17 0.439775
18 0.289525
19 0.37262
20 0.318375
21 0.368434
22 0.335827
23 0.317398
24 0.36124
25 0.359643
26 0.39226
27 0.295283
28 0.326418
29 0.315921
"[DEBUG]index 55 centroid... "
0 0.209602
1 0.116505
2 0.244294
3 0.187434
4 0.194113
5 0.182742
6 0.267132
7 0.242291
8 0.103283
9 0.237794
10 0.318848
11 0.272057
12 0.256478
13 0.307497
14 0.291889
15 0.267472
16 0.293046
17 0.278064
18 0.330527
19 0.314448
20 0.291475
21 0.315802
22 0.288159
23 0.301762
24 0.326821
25 0.296145
26 0.284194
27 0.309256
28 0.233596
29 0.266558
"[DEBUG]index 56 centroid... "
0 0.20881
1 0.234449
2 0.218207
3 0.245189
4 0.199073
5 0.194176
6 0.25658
7 0.230106
8 0.11574
9 0.203555
10 0.201071
11 0.156475
12 0.203964
13 0.14683
14 0.210327
15 0.253309
16 0.148005
17 0.177664
18 0.254094
19 0.218901
20 0.173633
21 0.22206
22 0.234932
23 0.262701
24 0.309291
25 0.292592
26 0.301056
27 0.270406
28 0.265796
29 0.291048
"[DEBUG]index 57 centroid... "
0 0.160476
1 0.206856
2 0.200186
3 0.205618
4 0.171103
5 0.19075
6 0.181783
7 0.231752
8 0.20223
9 0.111086
10 0.207435
11 0.186097
12 0.212203
13 0.194194
14 0.183925
15 0.190364
16 0.176453
17 0.231715
18 0.238213
19 0.197892
20 0.214828
21 0.174958
22 0.171432
23 0.218883
24 0.211586
25 0.232911
26 0.30455
27 0.216428
28 0.250254
29 0.241629
"[DEBUG]index 58 centroid... "
0 0.199083
1 0.183368
2 0.250325
3 0.240403
4 0.215301
5 0.170739
6 0.236821
7 0.220841
8 0.133168
9 0.168301
10 0.162547
11 0.204694
12 0.162976
13 0.15395
14 0.279214
15 0.182213
16 0.188517
17 0.244562
18 0.147488
19 0.171791
20 0.205322
21 0.202368
22 0.209059
23 0.202879
24 0.253981
25 0.24153
26 0.257345
27 0.26904
28 0.284999
29 0.273177
"[DEBUG]index 59 centroid... "
0 0.199898
1 0.234451
2 0.239462
3 0.251791
4 0.248317
5 0.223277
6 0.268089
7 0.292164
8 0.160331
9 0.212539
10 0.260011
11 0.211915
12 0.204617
13 0.212315
14 0.200804
15 0.207961
16 0.18889
17 0.217578
18 0.2513
19 0.192916
20 0.159656
21 0.253102
22 0.246105
23 0.223194
24 0.235311
25 0.231602
26 0.2389
27 0.225549
28 0.269901
29 0.263033
"[DEBUG]index 60 centroid... "
0 0.291164
1 0.239447
2 0.23267
3 0.247463
4 0.23001
5 0.233
6 0.247038
7 0.184134
8 0.178071
9 0.174962
10 0.180492
11 0.250011
12 0.204443
13 0.174633
14 0.182301
15 0.144049
16 0.167014
17 0.181583
18 0.192104
19 0.152492
20 0.220083
21 0.233326
22 0.279083
23 0.350822
24 0.374018
25 0.352621
26 0.344981
27 0.313584
28 0.316658
29 0.31625
"[DEBUG]index 61 centroid... "
0 0.228223
1 0.203882
2 0.210239
3 0.230736
4 0.245448
5 0.207257
6 0.224453
7 0.23353
8 0.189083
9 0.190175
10 0.230844
11 0.223917
12 0.194118
13 0.143534
14 0.211887
15 0.230581
16 0.17965
17 0.240326
18 0.132658
19 0.135008
20 0.175896
21 0.124721
22 0.192838
23 0.24443
24 0.209275
25 0.205657
26 0.186565
27 0.173067
28 0.201834
29 0.201326
"[DEBUG]index 62 centroid... "
0 0.207523
1 0.206868
2 0.23183
3 0.236629
4 0.251956
5 0.219392
6 0.219193
7 0.21812
8 0.148256
9 0.168535
10 0.21285
11 0.218659
12 0.209321
13 0.287782
14 0.234886
15 0.201297
16 0.190908
17 0.200022
18 0.227876
19 0.204232
20 0.236585
21 0.232418
22 0.215414
23 0.223419
24 0.216142
25 0.241958
26 0.222284
27 0.215055
28 0.244422
29 0.215873
"[DEBUG]index 63 centroid... "
0 0.290432
1 0.304388
2 0.342945
3 0.314263
4 0.352998
5 0.327172
6 0.378941
7 0.35094
8 0.271725
9 0.313824
10 0.357054
11 0.287795
12 0.225289
13 0.167286
14 0.166497
15 0.172823
16 0.191732
17 0.198556
18 0.217629
19 0.190947
20 0.220347
21 0.166878
22 0.263058
23 0.188135
24 0.191436
25 0.216491
26 0.206582
27 0.275242
28 0.345545
29 0.305171
"[DEBUG]index 64 centroid... "
0 0.234061
1 0.229729
2 0.214384
3 0.240891
4 0.237253
5 0.206747
6 0.250116
7 0.228896
8 0.149698
9 0.142819
10 0.162928
11 0.194069
12 0.197918
13 0.245153
14 0.213909
15 0.183777
16 0.260616
17 0.195362
18 0.221612
19 0.242415
20 0.195765
21 0.212535
22 0.197505
23 0.235201
24 0.246451
25 0.249234
26 0.242333
27 0.236853
28 0.254751
29 0.256586
"[DEBUG]index 65 centroid... "
0 0.23905
1 0.198454
2 0.246072
3 0.241659
4 0.232326
5 0.176622
6 0.206999
7 0.2242
8 0.152415
9 0.193934
10 0.170514
11 0.20588
12 0.283071
13 0.257387
14 0.181304
15 0.216267
16 0.225946
17 0.249358
18 0.232993
19 0.253594
20 0.273247
21 0.241806
22 0.334302
23 0.326138
24 0.324157
25 0.259892
26 0.267769
27 0.253275
28 0.251944
29 0.256767
"[DEBUG]index 66 centroid... "
0 0.247473
1 0.217078
2 0.229682
3 0.228568
4 0.214109
5 0.207645
6 0.266924
7 0.248927
8 0.149348
9 0.160521
10 0.183713
11 0.18179
12 0.17338
13 0.173526
14 0.186339
15 0.179949
16 0.156709
17 0.25166
18 0.189065
19 0.229913
20 0.299895
21 0.196027
22 0.201611
23 0.269783
24 0.252532
25 0.221846
26 0.217694
27 0.231061
28 0.257691
29 0.252951
"[DEBUG]index 67 centroid... "
0 0.294376
1 0.232255
2 0.300746
3 0.145889
4 0.200974
5 0.266056
6 0.28798
7 0.321203
8 0.220469
9 0.322426
10 0.299301
11 0.252598
12 0.257945
13 0.240687
14 0.253231
15 0.234019
16 0.150176
17 0.312906
18 0.220227
19 0.263562
20 0.226977
21 0.278866
22 0.281432
23 0.232074
24 0.273159
25 0.27045
26 0.253027
27 0.251607
28 0.292265
29 0.240945
"[DEBUG]index 68 centroid... "
0 0.236156
1 0.233667
2 0.235737
3 0.241393
4 0.221722
5 0.2031
6 0.241243
7 0.294012
8 0.169588
9 0.189011
10 0.267076
11 0.18127
12 0.183737
13 0.246012
14 0.234352
15 0.22808
16 0.18697
17 0.234266
18 0.274668
19 0.229029
20 0.252391
21 0.286505
22 0.288509
23 0.279696
24 0.32971
25 0.340659
26 0.321414
27 0.319563
28 0.335801
29 0.322924
"[DEBUG]index 69 centroid... "
0 0.362835
1 0.290396
2 0.267534
3 0.284408
4 0.284673
5 0.233263
6 0.316009
7 0.23069
8 0.206245
9 0.265047
10 0.171248
11 0.253253
12 0.264896
13 0.253957
14 0.220608
15 0.146603
16 0.314942
17 0.244474
18 0.175994
19 0.337238
20 0.251377
21 0.161357
22 0.271354
23 0.263443
24 0.223646
25 0.276254
26 0.304333
27 0.290003
28 0.331222
29 0.299458
"[DEBUG]index 70 centroid... "
0 0.211168
1 0.203432
2 0.204851
3 0.233745
4 0.211855
5 0.167402
6 0.222195
7 0.277523
8 0.141649
9 0.0988476
10 0.222194
11 0.198298
12 0.179079
13 0.147456
14 0.245594
15 0.192503
16 0.242364
17 0.265179
18 0.224204
19 0.238333
20 0.288013
21 0.280401
22 0.273211
23 0.276332
24 0.323601
25 0.286984
26 0.266048
27 0.277883
28 0.266883
29 0.281855
"[DEBUG]index 71 centroid... "
0 0.252312
1 0.227549
2 0.23785
3 0.232084
4 0.248678
5 0.196825
6 0.21076
7 0.234924
8 0.126504
9 0.190468
10 0.242813
11 0.206819
12 0.220613
13 0.263409
14 0.226205
15 0.221793
16 0.226092
17 0.246976
18 0.242972
19 0.245458
20 0.25365
21 0.239641
22 0.213629
23 0.234537
24 0.248354
25 0.232719
26 0.222494
27 0.217827
28 0.229905
29 0.210047
"[DEBUG]index 72 centroid... "
0 0.208473
1 0.21407
2 0.211599
3 0.225494
4 0.241843
5 0.197938
6 0.234648
7 0.218003
8 0.12783
9 0.144535
10 0.155626
11 0.165703
12 0.160331
13 0.236419
14 0.201791
15 0.177805
16 0.237131
17 0.21853
18 0.207106
19 0.210937
20 0.253421
21 0.31159
22 0.316845
23 0.33778
24 0.338508
25 0.333831
26 0.326538
27 0.313596
28 0.306322
29 0.309954
"[DEBUG]index 73 centroid... "
0 0.231449
1 0.220871
2 0.207271
3 0.243432
4 0.182355
5 0.187526
6 0.231215
7 0.177904
8 0.131459
9 0.201638
10 0.143424
11 0.166753
12 0.206199
13 0.180245
14 0.20333
15 0.217606
16 0.192643
17 0.218047
18 0.181747
19 0.208248
20 0.154887
21 0.241552
22 0.282789
23 0.246253
24 0.211826
25 0.269546
26 0.261287
27 0.269531
28 0.243573
29 0.262045
"[DEBUG]index 74 centroid... "
0 0.184854
1 0.195757
2 0.193946
3 0.175852
4 0.168653
5 0.182407
6 0.199076
7 0.184098
8 0.114528
9 0.144388
10 0.132386
11 0.0520578
12 0.12213
13 0.136892
14 0.0965148
15 0.104242
16 0.1646
17 0.273863
18 0.346837
19 0.378329
20 0.385478
21 0.338003
22 0.328209
23 0.43759
24 0.41951
25 0.393989
26 0.438606
27 0.428229
28 0.376916
29 0.316796
"[DEBUG]index 75 centroid... "
0 0.243298
1 0.246839
2 0.272518
3 0.26769
4 0.250168
5 0.223778
6 0.261487
7 0.263845
8 0.216801
9 0.194007
10 0.297729
11 0.27217
12 0.245514
13 0.312976
14 0.281555
15 0.324254
16 0.305652
17 0.234767
18 0.25358
19 0.27725
20 0.226563
21 0.177739
22 0.291061
23 0.257124
24 0.240445
25 0.266134
26 0.255282
27 0.297007
28 0.195357
29 0.254867
"[DEBUG]index 76 centroid... "
0 0.255512
1 0.279584
2 0.209487
3 0.270665
4 0.254565
5 0.240513
6 0.24941
7 0.23769
8 0.121147
9 0.239972
10 0.248699
11 0.216813
12 0.169607
13 0.241771
14 0.196139
15 0.147588
16 0.205351
17 0.266459
18 0.214547
19 0.201128
20 0.196701
21 0.265914
22 0.264448
23 0.331248
24 0.35842
25 0.419986
26 0.429548
27 0.408838
28 0.404046
29 0.417211
"[DEBUG]index 77 centroid... "
0 0.243934
1 0.218176
2 0.224004
3 0.247314
4 0.232203
5 0.197194
6 0.263363
7 0.228675
8 0.161813
9 0.265255
10 0.282067
11 0.163791
12 0.238326
13 0.261095
14 0.143044
15 0.211756
16 0.221886
17 0.1786
18 0.244593
19 0.169393
20 0.247894
21 0.243567
22 0.20186
23 0.225236
24 0.242489
25 0.218315
26 0.230981
27 0.222505
28 0.268702
29 0.24069
"[DEBUG]index 78 centroid... "
0 0.210545
1 0.210881
2 0.233571
3 0.233796
4 0.23293
5 0.1899
6 0.218577
7 0.216178
8 0.160363
9 0.186551
10 0.184836
11 0.142752
12 0.101181
13 0.0682342
14 0.110516
15 0.130192
16 0.110307
17 0.135507
18 0.196392
19 0.315307
20 0.374936
21 0.35766
22 0.366645
23 0.352709
24 0.389636
25 0.460364
26 0.440087
27 0.392537
28 0.450102
29 0.438726
"[DEBUG]index 79 centroid... "
0 0.242686
1 0.200091
2 0.166623
3 0.169972
4 0.180903
5 0.176145
6 0.26243
7 0.250008
8 0.156537
9 0.266666
10 0.241866
11 0.231468
12 0.250658
13 0.19449
14 0.190796
15 0.192582
16 0.221323
17 0.211899
18 0.206098
19 0.276383
20 0.266893
21 0.214897
22 0.275578
23 0.255179
24 0.177396
25 0.241855
26 0.264789
27 0.315157
28 0.264416
29 0.232307
"[DEBUG]index 80 centroid... "
0 0.182839
1 0.172355
2 0.193155
3 0.215479
4 0.206245
5 0.151107
6 0.201629
7 0.217567
8 0.126994
9 0.178799
10 0.228826
11 0.219961
12 0.203712
13 0.174291
14 0.223489
15 0.215105
16 0.231462
17 0.201756
18 0.227388
19 0.297307
20 0.29272
21 0.307819
22 0.330634
23 0.298202
24 0.30395
25 0.295961
26 0.279295
27 0.277886
28 0.287115
29 0.273472
"[DEBUG]index 81 centroid... "
0 0.275422
1 0.267033
2 0.246956
3 0.23515
4 0.211748
5 0.168284
6 0.237242
7 0.251067
8 0.198148
9 0.231823
10 0.25999
11 0.279707
12 0.214266
13 0.187272
14 0.211804
15 0.218198
16 0.267805
17 0.17993
18 0.155949
19 0.234893
20 0.214979
21 0.201644
22 0.22693
23 0.205336
24 0.230594
25 0.286691
26 0.285418
27 0.305128
28 0.280206
29 0.294606
"[DEBUG]index 82 centroid... "
0 0.244756
1 0.235034
2 0.27302
3 0.291539
4 0.23756
5 0.204156
6 0.203657
7 0.22306
8 0.153617
9 0.184301
10 0.217726
11 0.204695
12 0.262829
13 0.24016
14 0.175892
15 0.212555
16 0.295801
17 0.260461
18 0.151628
19 0.218633
20 0.215532
21 0.259405
22 0.253302
23 0.252524
24 0.189955
25 0.245519
26 0.243814
27 0.235128
28 0.228639
29 0.285792
"[DEBUG]index 83 centroid... "
0 0.245147
1 0.22178
2 0.225023
3 0.23189
4 0.225223
5 0.199341
6 0.242271
7 0.2413
8 0.164571
9 0.206599
10 0.220483
11 0.2251
12 0.204695
13 0.232945
14 0.264583
15 0.25423
16 0.210076
17 0.295684
18 0.309129
19 0.249857
20 0.22096
21 0.316286
22 0.300042
23 0.213311
24 0.23609
25 0.236184
26 0.202294
27 0.224809
28 0.206213
29 0.241067
"[DEBUG]index 84 centroid... "
0 0.176458
1 0.189415
2 0.222272
3 0.185228
4 0.212402
5 0.192003
6 0.205494
7 0.171882
8 0.120271
9 0.162134
10 0.190446
11 0.211434
12 0.22725
13 0.152693
14 0.22635
15 0.268903
16 0.241809
17 0.321794
18 0.306534
19 0.338617
20 0.355851
21 0.338292
22 0.332454
23 0.306696
24 0.301202
25 0.310393
26 0.27834
27 0.26647
28 0.285124
29 0.221925
"[DEBUG]index 85 centroid... "
0 0.228382
1 0.224764
2 0.240697
3 0.262659
4 0.217281
5 0.213806
6 0.20675
7 0.235209
8 0.1381
9 0.146228
10 0.170616
11 0.190337
12 0.23465
13 0.155406
14 0.184367
15 0.239717
16 0.259992
17 0.261564
18 0.241707
19 0.297538
20 0.22668
21 0.29434
22 0.297453
23 0.30427
24 0.231177
25 0.304834
26 0.27907
27 0.193527
28 0.209229
29 0.194107
"[DEBUG]index 86 centroid... "
0 0.187359
1 0.190632
2 0.186146
3 0.202842
4 0.182267
5 0.129285
6 0.154077
7 0.13184
8 0.0427351
9 0.100751
10 0.153901
11 0.138806
12 0.154343
13 0.184375
14 0.289928
15 0.384251
16 0.410614
17 0.412629
18 0.408246
19 0.370133
20 0.425794
21 0.448918
22 0.374652
23 0.387629
24 0.38612
25 0.334401
26 0.265211
27 0.275257
28 0.256996
29 0.221494
"[DEBUG]index 87 centroid... "
0 0.209323
1 0.234345
2 0.223817
3 0.183773
4 0.221248
5 0.158601
6 0.226068
7 0.222411
8 0.129286
9 0.179659
10 0.245011
11 0.209614
12 0.149528
13 0.202227
14 0.227371
15 0.212795
16 0.217405
17 0.217259
18 0.216459
19 0.25302
20 0.235446
21 0.162609
22 0.21032
23 0.286361
24 0.234813
25 0.219978
26 0.265603
27 0.244029
28 0.239397
29 0.262785
"[DEBUG]index 88 centroid... "
0 0.250668
1 0.242006
2 0.210252
3 0.209581
4 0.254743
5 0.199694
6 0.221142
7 0.202642
8 0.122455
9 0.121567
10 0.143062
11 0.211858
12 0.230527
13 0.208546
14 0.204969
15 0.218338
16 0.239609
17 0.22187
18 0.280649
19 0.243831
20 0.257917
21 0.283243
22 0.27691
23 0.281508
24 0.287319
25 0.264053
26 0.266972
27 0.248053
28 0.256878
29 0.264346
"[DEBUG]index 89 centroid... "
0 0.227564
1 0.214393
2 0.173071
3 0.165886
4 0.217807
5 0.175465
6 0.170654
7 0.247803
8 0.0874562
9 0.103937
10 0.184854
11 0.172115
12 0.182735
13 0.160104
14 0.203657
15 0.327934
16 0.320228
17 0.305692
18 0.322924
19 0.269257
20 0.342002
21 0.402918
22 0.374304
23 0.360717
24 0.379681
25 0.378682
26 0.324489
27 0.295782
28 0.314138
29 0.305437
"[DEBUG]index 90 centroid... "
0 0.223512
1 0.217297
2 0.224632
3 0.243465
4 0.249087
5 0.219729
6 0.252935
7 0.2623
8 0.147935
9 0.166175
10 0.166792
11 0.173148
12 0.199313
13 0.220102
14 0.192582
15 0.267428
16 0.234337
17 0.222615
18 0.252224
19 0.263155
20 0.218575
21 0.233295
22 0.288102
23 0.255765
24 0.273142
25 0.311331
26 0.290851
27 0.270038
28 0.273891
29 0.291503
"[DEBUG]index 91 centroid... "
0 0.254376
1 0.209332
2 0.237414
3 0.241112
4 0.214276
5 0.202434
6 0.262978
7 0.23571
8 0.15743
9 0.192695
10 0.182452
11 0.21474
12 0.249839
13 0.23134
14 0.215646
15 0.186992
16 0.134474
17 0.172331
18 0.145153
19 0.200783
20 0.242895
21 0.219174
22 0.226748
23 0.274915
24 0.224102
25 0.223085
26 0.221167
27 0.212976
28 0.268207
29 0.251152
"[DEBUG]index 92 centroid... "
0 0.254544
1 0.230111
2 0.248856
3 0.247325
4 0.223378
5 0.203486
6 0.257264
7 0.247591
8 0.139817
9 0.236731
10 0.221807
11 0.166881
12 0.287568
13 0.18383
14 0.17571
15 0.194139
16 0.122755
17 0.177756
18 0.193286
19 0.202255
20 0.234223
21 0.229905
22 0.214641
23 0.247095
24 0.246939
25 0.253729
26 0.304311
27 0.264344
28 0.287768
29 0.291809
"[DEBUG]index 93 centroid... "
0 0.300265
1 0.269559
2 0.277016
3 0.266598
4 0.252728
5 0.196572
6 0.290701
7 0.244213
8 0.185596
9 0.294159
10 0.275753
11 0.160528
12 0.193473
13 0.263866
14 0.184534
15 0.146819
16 0.278052
17 0.244359
18 0.192316
19 0.224401
20 0.257981
21 0.24958
22 0.247526
23 0.284961
24 0.302149
25 0.269792
26 0.301223
27 0.307026
28 0.309553
29 0.316801
"[DEBUG]index 94 centroid... "
0 0.228459
1 0.211308
2 0.223597
3 0.225099
4 0.231924
5 0.195535
6 0.226306
7 0.19468
8 0.0987409
9 0.202754
10 0.205326
11 0.202898
12 0.280206
13 0.174973
14 0.160533
15 0.231561
16 0.235662
17 0.17157
18 0.212767
19 0.274763
20 0.319412
21 0.308607
22 0.391594
23 0.365377
24 0.333198
25 0.331035
26 0.34285
27 0.333442
28 0.328479
29 0.348354
"[DEBUG]index 95 centroid... "
0 0.15424
1 0.178686
2 0.196277
3 0.202288
4 0.209038
5 0.165971
6 0.208641
7 0.192582
8 0.137779
9 0.138189
10 0.137134
11 0.262667
12 0.248525
13 0.172451
14 0.235206
15 0.17241
16 0.191681
17 0.240595
18 0.189676
19 0.203741
20 0.240381
21 0.218175
22 0.211005
23 0.204934
24 0.244557
25 0.217829
26 0.231882
27 0.236992
28 0.240473
29 0.217819
"[DEBUG]index 96 centroid... "
0 0.289799
1 0.265177
2 0.233176
3 0.259923
4 0.239362
5 0.202628
6 0.24454
7 0.297702
8 0.15095
9 0.192051
10 0.274488
11 0.260742
12 0.200938
13 0.263222
14 0.307198
15 0.19743
16 0.214222
17 0.291052
18 0.224871
19 0.192169
20 0.309942
21 0.280961
22 0.211068
23 0.277771
24 0.304651
25 0.252354
26 0.277249
27 0.259793
28 0.270259
29 0.260257
"[DEBUG]index 97 centroid... "
0 0.225766
1 0.240695
2 0.190886
3 0.22805
4 0.218988
5 0.156242
6 0.221881
7 0.21829
8 0.145195
9 0.232766
10 0.247277
11 0.174583
12 0.216318
13 0.207392
14 0.17809
15 0.199985
16 0.189919
17 0.208665
18 0.178707
19 0.178574
20 0.253819
21 0.187837
22 0.190552
23 0.267194
24 0.211728
25 0.208033
26 0.229759
27 0.204243
28 0.207738
29 0.225544
"[DEBUG]index 98 centroid... "
0 0.298
1 0.264211
2 0.277493
3 0.288292
4 0.252199
5 0.243962
6 0.282274
7 0.249943
8 0.151449
9 0.286544
10 0.304932
11 0.185626
12 0.214088
13 0.330175
14 0.191029
15 0.152163
16 0.266519
17 0.113409
18 0.193882
19 0.259195
20 0.165348
21 0.215623
22 0.233713
23 0.20335
24 0.255237
25 0.293205
26 0.362404
27 0.345062
28 0.370703
29 0.362746
"[DEBUG]index 99 centroid... "
0 0.218442
1 0.225988
2 0.20897
3 0.217883
4 0.222517
5 0.215335
6 0.26097
7 0.267962
8 0.140259
9 0.189906
10 0.26028
11 0.197023
12 0.19049
13 0.217297
14 0.228087
15 0.161415
16 0.234127
17 0.204771
18 0.140348
19 0.259075
20 0.251055
21 0.1934
22 0.220701
23 0.243847
24 0.222654
25 0.206825
26 0.267907
27 0.213949
28 0.245844
29 0.24179
