correlation level (red against blue): 
-0.489517
-0.148472
-0.177524
0.0389321
-0.319886
-0.360206
-0.490746
-0.292907
-0.762714
-0.657275
-0.693177
-0.455715
-0.7896
-0.571492
-0.318978
-0.632639
-0.500595
-0.579512
-0.784301
-0.639187
-0.269551
-0.70993
-0.717064
-0.564534
-0.74408
-0.563932
-0.363048
-0.708666
-0.765521
-0.591978
-0.486828
-0.604319
-0.516007
-0.616369
-0.662225
-0.533861
-0.613022
-0.64015
-0.603514
-0.794213
-0.670637
-0.586057
-0.73033
-0.800999
-0.653502
-0.697219
-0.733195
-0.705313
-0.567046
-0.633051
-0.805966
-0.676811
-0.778648
-0.268758
-0.647836
-0.265195
-0.722464
-0.513149
-0.58541
-0.720856
-0.502814
-0.68058
-0.665162
-0.476652
-0.654205
-0.460648
-0.577413
-0.106187
-0.602792
-0.764972
-0.734123
-0.80127
-0.613618
-0.611433
-0.525349
-0.604374
-0.582873
-0.697358
-0.539874
-0.311493
-0.618145
-0.565989
-0.605497
-0.5738
-0.681346
-0.348434
-0.493631
-0.680846
-0.637265
-0.610581
-0.637566
-0.375517
-0.738599
-0.748361
-0.643427
-0.554424
-0.747888
-0.563317
-0.745945
-0.721872
