"[DEBUG]index 0 centroid... "
0 2.01299
1 2.40693
2 2.27273
3 2.11688
4 1.94805
5 2.90043
6 3.45887
7 2.14286
8 5.91775
9 5.70996
10 8.31602
11 9.59307
12 15.8961
13 13.7229
14 21.8788
15 19.671
16 14.8355
17 14.3853
18 11.3333
19 7.06494
20 5.79654
21 4.93074
22 4.15584
23 2.82684
24 3.52381
25 2.84416
26 2.87446
27 2.42424
28 2.63203
29 2.01299
"[DEBUG]index 1 centroid... "
0 9.71795
1 9.08333
2 11.0192
3 7.90385
4 7.80128
5 7.74359
6 6.39744
7 4.83974
8 13.2628
9 6.58333
10 5.30128
11 2.95513
12 2.41667
13 1.14103
14 1.03205
15 0.538462
16 1.16667
17 1.33974
18 1.46795
19 1.79487
20 3.91667
21 2.96795
22 3.75
23 4.53846
24 4.67949
25 4.32051
26 5.32692
27 5.64103
28 5.79487
29 5.9359
"[DEBUG]index 2 centroid... "
0 2.35677
1 2.70299
2 2.33568
3 2.11424
4 2.20738
5 3.05097
6 2.79789
7 1.98418
8 8.24253
9 3.46397
10 2.2478
11 1.47803
12 0.629174
13 0.704745
14 1.17223
15 2.20387
16 5.02812
17 6.03866
18 13.4569
19 7.26538
20 4.37434
21 2.34095
22 1.06327
23 2.76098
24 2.48858
25 2.23374
26 2.62566
27 2.85237
28 2.75395
29 2.3761
"[DEBUG]index 3 centroid... "
0 4.51282
1 3.69231
2 4.64103
3 3.62821
4 4.01282
5 4.5641
6 4.01282
7 3.29487
8 12.2308
9 3.57692
10 3.41026
11 1.75641
12 1.57692
13 3.25641
14 6.5641
15 5.16667
16 7.74359
17 2.29487
18 1.42308
19 0.794872
20 0.294872
21 0.525641
22 1.14103
23 2.47436
24 3.07692
25 3.26923
26 3.11538
27 3.32051
28 2.9359
29 3.42308
"[DEBUG]index 4 centroid... "
0 2.70408
1 2.66013
2 2.13893
3 2.5471
4 2.67111
5 2.96468
6 3.42543
7 1.4898
8 16.6562
9 4.08399
10 3.16797
11 1.54082
12 3.45212
13 1.99843
14 5.78179
15 7.56044
16 2.41915
17 1.31083
18 4.18289
19 2.84537
20 4.72606
21 18.0628
22 5.26688
23 3.38462
24 3.98901
25 3.7449
26 2.81397
27 2.93564
28 2.78807
29 3.24568
"[DEBUG]index 5 centroid... "
0 3.29371
1 3.16998
2 3.12454
3 2.98296
4 3.18174
5 3.14037
6 3.18824
7 1.77282
8 14.8365
9 5.8142
10 2.95903
11 5.30467
12 16.4024
13 2.68844
14 2.52738
15 1.92373
16 1.74037
17 2.35416
18 3.6856
19 14.8008
20 4.87951
21 2.70953
22 3.40446
23 3.2288
24 2.39878
25 2.39959
26 2.46247
27 2.6998
28 2.82312
29 2.46694
"[DEBUG]index 6 centroid... "
0 3.25266
1 3.34939
2 3.2578
3 3.02882
4 3.00869
5 3.4469
6 3.27991
7 2.46546
8 17.118
9 3.1362
10 14.3099
11 13.9858
12 5.48677
13 3.40663
14 1.56731
15 2.81405
16 5.35886
17 5.02013
18 2.576
19 1.28504
20 2.48006
21 5.43545
22 1.75563
23 2.31702
24 2.52625
25 2.51046
26 2.37229
27 2.3103
28 2.30399
29 2.33004
"[DEBUG]index 7 centroid... "
0 5.18204
1 5.45874
2 5.66019
3 4.42233
4 5.32524
5 4.94175
6 3.8034
7 2.73058
8 16.5049
9 5.42233
10 8.21602
11 5.05825
12 16.6214
13 14.5825
14 5.86408
15 3.75971
16 1.79126
17 1.27184
18 1.20874
19 1.59951
20 1.52184
21 2.83981
22 7.26942
23 3.46845
24 4.99029
25 3.41019
26 3.15777
27 3.1699
28 2.79854
29 3.46602
"[DEBUG]index 8 centroid... "
0 4.50153
1 4.22264
2 4.12017
3 4.12017
4 4.41711
5 5.35592
6 4.83719
7 2.69455
8 29.3374
9 5.98774
10 4.25226
11 5.11728
12 3.96638
13 11.3836
14 2.75243
15 11.9644
16 2.86545
17 13.8826
18 3.68443
19 2.87557
20 11.062
21 3.66443
22 1.67413
23 4.78247
24 4.05932
25 3.76
26 3.80519
27 3.744
28 3.98791
29 3.60213
"[DEBUG]index 9 centroid... "
0 5.16187
1 5.1531
2 4.95504
3 4.47617
4 4.95346
5 5.56362
6 5.0571
7 3.24348
8 27.0333
9 5.58251
10 9.38849
11 11.9528
12 4.67379
13 1.89906
14 3.10701
15 12.3359
16 3.36061
17 1.76933
18 3.39658
19 11.7552
20 3.07779
21 1.77271
22 4.28237
23 4.60926
24 3.68413
25 3.69694
26 3.94177
27 3.7464
28 4.0054
29 3.90647
"[DEBUG]index 10 centroid... "
0 4.85239
1 4.64761
2 4.01403
3 4.50676
4 4.40696
5 4.9974
6 4.50208
7 2.50104
8 23.5541
9 6.42775
10 4.7817
11 2.18659
12 3.72037
13 11.8119
14 3.59875
15 1.67775
16 3.58368
17 10.7869
18 10.4558
19 3.68867
20 2.0894
21 3.5421
22 13.1809
23 3.34719
24 3.96518
25 4.47973
26 4.55873
27 4.42048
28 4.02703
29 3.74688
"[DEBUG]index 11 centroid... "
0 2.24989
1 2.29755
2 2.08641
3 1.94566
4 1.93987
5 2.30735
6 2.48552
7 2.11002
8 10.1621
9 2.89666
10 9.86815
11 4.28241
12 2.39955
13 2.65301
14 1.18307
15 2.01826
16 5.3559
17 2.37817
18 5.11715
19 6.90245
20 18.3025
21 6.97639
22 5.13942
23 2.77149
24 2.76347
25 2.44677
26 2.32918
27 2.37506
28 2.63252
29 2.22806
"[DEBUG]index 12 centroid... "
0 4.45213
1 4.15814
2 3.87001
3 4.07673
4 5.68581
5 4.54839
6 5.00706
7 2.87313
8 24.3643
9 5.7658
10 3.6223
11 3.9746
12 11.2572
13 3.86816
14 3.73423
15 6.26874
16 28.2064
17 6.50167
18 3.50813
19 11.31
20 4.60306
21 3.13682
22 8.81074
23 3.5472
24 4.04434
25 3.94927
26 3.87046
27 3.58776
28 3.48882
29 3.40481
"[DEBUG]index 13 centroid... "
0 4.35567
1 4.67809
2 4.44887
3 4.0796
4 4.42519
5 4.50176
6 4.5466
7 3.03073
8 18.9486
9 3.68161
10 19.8554
11 4.01159
12 20.3688
13 5.13602
14 8.63627
15 3.52997
16 3.18992
17 6.00756
18 5.68312
19 2.70529
20 1.80806
21 1.17078
22 1.52544
23 2.51083
24 2.12594
25 2.29673
26 2.37985
27 2.57078
28 2.61058
29 2.30781
"[DEBUG]index 14 centroid... "
0 3.02959
1 3.11637
2 2.46548
3 3.02959
4 3.13215
5 3.43984
6 3.50493
7 2.03156
8 12.8836
9 4.06114
10 2.33333
11 1.06903
12 0.4714
13 1.40039
14 0.942801
15 1.74951
16 8.41026
17 2.59566
18 1.27613
19 1.4359
20 3.05325
21 1.70217
22 7.46943
23 2.3787
24 3.25444
25 3.59566
26 3.3215
27 2.8856
28 3.23471
29 2.83826
"[DEBUG]index 15 centroid... "
0 2.27331
1 2.57301
2 2.23925
3 2.23074
4 2.11707
5 3.09025
6 3.43295
7 2.12771
8 9.75138
9 19.5398
10 7.9404
11 5.68795
12 2.90379
13 4.52107
14 11.5104
15 3.93785
16 1.92465
17 5.44572
18 2.03533
19 5.08983
20 1.65645
21 4.17795
22 3.73435
23 2.06556
24 2.10217
25 2.14943
26 1.96296
27 1.89017
28 1.98425
29 1.83482
"[DEBUG]index 16 centroid... "
0 4.13843
1 3.96152
2 3.70871
3 3.69606
4 4.25512
5 4.385
6 4.23677
7 2.19312
8 22.9957
9 5.28113
10 3.39676
11 1.79049
12 1.56102
13 2.77784
14 3.13647
15 1.09353
16 3.84233
17 1.43488
18 2.66453
19 10.1789
20 1.85694
21 3.08302
22 1.27775
23 3.84625
24 2.96241
25 2.90985
26 2.94032
27 3.34527
28 3.34349
29 3.24301
"[DEBUG]index 17 centroid... "
0 4.05869
1 4.18003
2 4.05541
3 3.7558
4 3.79676
5 4.6682
6 4.34801
7 2.52146
8 21.0188
9 6.56351
10 2.84056
11 11.5543
12 3.54139
13 1.51117
14 1.91174
15 4.38305
16 1.49409
17 2.65944
18 11.2856
19 3.36224
20 3.07096
21 9.8491
22 8.80661
23 3.10731
24 4.13973
25 4.23828
26 4.0714
27 3.68725
28 3.77486
29 3.77946
"[DEBUG]index 18 centroid... "
0 3.57226
1 3.63397
2 3.48136
3 3.2057
4 3.50826
5 4.21871
6 4.26266
7 2.73365
8 17.9469
9 6.57226
10 3.18935
11 9.79729
12 3.78622
13 3.84564
14 9.73998
15 3.13537
16 5.14821
17 22.8165
18 7.84019
19 3.98594
20 7.62992
21 20.7948
22 5.60654
23 4.15155
24 4.90788
25 4.59828
26 4.18214
27 4.17792
28 3.99226
29 3.8481
"[DEBUG]index 19 centroid... "
0 3.16972
1 2.80386
2 2.48272
3 2.51626
4 2.72866
5 3.57825
6 3.23476
7 2.2998
8 13.9726
9 4.74797
10 3.54065
11 2.47459
12 3.11585
13 4.25102
14 16.8963
15 5.34146
16 3.45935
17 7.02134
18 14.4858
19 14.3049
20 5.39736
21 3.05793
22 9.59451
23 3.27642
24 3.44106
25 3.48882
26 3.50203
27 3.51728
28 3.38821
29 3.23272
"[DEBUG]index 20 centroid... "
0 5.40835
1 4.70534
2 4.92343
3 4.66589
4 4.47332
5 4.99304
6 4.19722
7 2.66589
8 16.2599
9 6.83295
10 2.41531
11 3.49652
12 4.37819
13 1.31555
14 0.846868
15 1.47332
16 2.44548
17 9.46636
18 2.10905
19 3.18561
20 1.42459
21 0.642691
22 1.41995
23 3.29234
24 2.56845
25 3.00464
26 3.058
27 3.529
28 2.97912
29 3.17865
"[DEBUG]index 21 centroid... "
0 5.12798
1 4.52649
2 5.3678
3 4.82158
4 4.55609
5 5.58261
6 5.13515
7 2.81035
8 35.2007
9 7.11993
10 3.71115
11 14.2153
12 3.95012
13 3.58413
14 4.07877
15 1.54984
16 3.46135
17 4.05335
18 1.48626
19 3.42718
20 10.088
21 2.94355
22 3.33496
23 4.04201
24 3.86219
25 3.33045
26 3.69955
27 3.60482
28 4.01633
29 3.60164
"[DEBUG]index 22 centroid... "
0 4.21869
1 4.16615
2 3.95471
3 4.08049
4 4.2029
5 4.94539
6 4.82505
7 2.48551
8 20.4676
9 6.06781
10 2.47774
11 9.53649
12 10.2101
13 2.66589
14 5.98939
15 22.0248
16 4.88535
17 3.60947
18 2.35973
19 1.98318
20 2.76087
21 7.02433
22 2.24793
23 3.41693
24 3.49819
25 3.50828
26 3.01527
27 2.94436
28 2.91046
29 2.73654
"[DEBUG]index 23 centroid... "
0 3.88695
1 3.83807
2 3.60322
3 3.83069
4 4.09066
5 4.65593
6 4.22419
7 2.25314
8 19.5967
9 5.94593
10 3.5041
11 4.53441
12 9.47761
13 4.4402
14 22.6573
15 5.49317
16 3.78946
17 2.19743
18 2.58274
19 6.62097
20 2.28318
21 2.44948
22 1.42163
23 3.57564
24 2.77717
25 2.53823
26 2.52294
27 2.78099
28 2.55216
29 2.64719
"[DEBUG]index 24 centroid... "
0 5.23196
1 5.07229
2 4.99819
3 4.76132
4 5.2129
5 6.10566
6 5.50611
7 3.31062
8 30.5861
9 7.61352
10 4.1239
11 14.703
12 3.74928
13 11.8246
14 3.29157
15 13.8146
16 3.68511
17 3.45094
18 10.8902
19 3.71147
20 1.89013
21 4.29139
22 3.60371
23 3.80352
24 3.80071
25 3.66156
26 3.89878
27 3.73637
28 3.75086
29 3.5268
"[DEBUG]index 25 centroid... "
0 5.24152
1 5.59952
2 4.91513
3 4.57867
4 4.92998
5 5.56067
6 5.63515
7 3.08879
8 31.9748
9 5.27083
10 13.8129
11 3.63253
12 2.25013
13 1.70886
14 3.65931
15 2.98984
16 1.27583
17 3.38947
18 3.48003
19 1.16819
20 3.13619
21 3.04216
22 1.13795
23 3.18666
24 2.81026
25 3.33823
26 2.84735
27 3.1318
28 3.3193
29 4.34131
"[DEBUG]index 26 centroid... "
0 4.04398
1 4.22945
2 4.02486
3 3.95602
4 4.76099
5 4.78011
6 4.11663
7 2.26577
8 16.6979
9 6.52008
10 3.75143
11 1.84704
12 3.51052
13 10.7476
14 2.23327
15 1.37094
16 1.0325
17 2.12428
18 4.09369
19 2.40727
20 11.2524
21 2.20459
22 10.1205
23 3.67878
24 4.3652
25 3.99235
26 3.78011
27 4.13384
28 3.78585
29 3.75335
"[DEBUG]index 27 centroid... "
0 2.52526
1 2.79093
2 2.4841
3 2.4116
4 2.39663
5 2.8101
6 2.76567
7 2.63377
8 12.4111
9 3.5594
10 10.5313
11 10.9967
12 4.42657
13 2.83209
14 7.57671
15 2.84939
16 4.9579
17 7.44107
18 22.6703
19 8.61646
20 5.74883
21 2.6637
22 6.64312
23 2.38868
24 2.45884
25 2.44715
26 2.80168
27 2.6015
28 2.4406
29 2.65762
"[DEBUG]index 28 centroid... "
0 3.96722
1 4.2255
2 4.09059
3 3.7045
4 4.33207
5 4.69659
6 4.22978
7 2.89211
8 22.4362
9 5.51062
10 10.3617
11 9.7633
12 6.53154
13 25.2194
14 6.60715
15 3.10855
16 11.0053
17 3.18201
18 9.37803
19 3.14017
20 9.90331
21 2.6139
22 8.67402
23 3.55131
24 3.93807
25 3.50535
26 3.61258
27 3.38758
28 3.53929
29 3.3693
"[DEBUG]index 29 centroid... "
0 3.75652
1 3.79262
2 3.50694
3 3.29345
4 3.52332
5 4.21932
6 4.32038
7 3.33953
8 18.5491
9 3.21294
10 18.889
11 6.42587
12 3.63548
13 4.87507
14 7.82371
15 3.91005
16 19.568
17 6.0472
18 2.97973
19 7.11355
20 7.15214
21 2.72765
22 1.65436
23 3.38229
24 2.80705
25 2.75541
26 3.03581
27 2.94253
28 2.91283
29 2.73848
"[DEBUG]index 30 centroid... "
0 3.33483
1 3.37319
2 3.17641
3 3.16884
4 3.49846
5 4.09211
6 3.93275
7 2.06038
8 20.0478
9 5.72626
10 3.20862
11 1.71868
12 4.305
13 1.40919
14 3.33625
15 1.17381
16 3.15605
17 10.1864
18 2.04736
19 9.09046
20 8.66469
21 2.09709
22 9.97016
23 3.27658
24 3.49278
25 3.85224
26 3.79967
27 3.58181
28 3.96188
29 3.9157
"[DEBUG]index 31 centroid... "
0 5.88152
1 5.71673
2 5.37752
3 5.40439
4 5.80614
5 6.21611
6 5.86626
7 2.90397
8 33.9874
9 8.02242
10 5.01783
11 4.59333
12 17.004
13 3.0013
14 1.84341
15 4.45863
16 3.9653
17 1.7868
18 3.90401
19 1.78506
20 3.74644
21 3.39894
22 1.6993
23 3.94693
24 3.67902
25 3.37357
26 3.38284
27 3.65738
28 3.56904
29 3.60822
"[DEBUG]index 32 centroid... "
0 2.29831
1 2.39251
2 2.27053
3 2.37319
4 2.19203
5 2.77536
6 2.90338
7 1.63164
8 13.3841
9 2.70169
10 2.25121
11 1.27053
12 1.61473
13 2.23309
14 3.90097
15 13.0519
16 11.6848
17 4.21014
18 7.47947
19 2.05435
20 5.78382
21 5.65459
22 1.62681
23 2.74758
24 2.86232
25 2.85145
26 2.4843
27 2.28865
28 2.70773
29 2.19686
"[DEBUG]index 33 centroid... "
0 3.47265
1 3.44801
2 3.38244
3 2.95432
4 3.20747
5 3.8903
6 3.842
7 2.158
8 18.2284
9 2.91465
10 19.2599
11 5.28031
12 2.86731
13 3.39137
14 3.0968
15 1.38254
16 1.56305
17 1.30621
18 2.72822
19 5.97866
20 1.70194
21 6.72008
22 2.313
23 2.93084
24 2.72308
25 2.48477
26 2.46828
27 2.43172
28 2.54345
29 2.51397
"[DEBUG]index 34 centroid... "
0 3.25134
1 3.2799
2 3.09996
3 3.38165
4 3.39664
5 4.38772
6 3.80364
7 2.07747
8 17.8636
9 4.70189
10 3.73402
11 2.32238
12 3.57087
13 5.65655
14 21.306
15 4.98822
16 2.54445
17 9.03856
18 3.27526
19 1.41878
20 3.45662
21 2.41771
22 6.90361
23 3.08925
24 3.41592
25 3.49268
26 3.26348
27 3.07997
28 3.07569
29 2.98501
"[DEBUG]index 35 centroid... "
0 3.34766
1 3.27072
2 3.14488
3 2.9385
4 3.21153
5 3.35615
6 3.54426
7 2.03809
8 18.2669
9 4.91431
10 7.86439
11 5.36747
12 20.5396
13 4.75965
14 2.68245
15 8.02522
16 2.61863
17 8.02728
18 2.94776
19 7.89321
20 4.83222
21 16.8893
22 5.5193
23 3.31446
24 3.9367
25 3.47401
26 2.84843
27 3.00643
28 2.8981
29 3.0247
"[DEBUG]index 36 centroid... "
0 4.26375
1 4.19333
2 3.92879
3 3.69118
4 3.62232
5 4.53375
6 4.45786
7 2.63792
8 16.1083
9 17.9986
10 6.18182
11 2.92704
12 10.2281
13 2.70913
14 1.4842
15 1.45103
16 2.73059
17 2.56516
18 1.17089
19 3.37339
20 1.381
21 2.3174
22 6.22532
23 2.10027
24 2.89387
25 2.79887
26 2.81311
27 2.52809
28 2.64397
29 2.72883
"[DEBUG]index 37 centroid... "
0 4.1576
1 4.66801
2 3.67338
3 3.63214
4 3.8901
5 4.71571
6 5.01841
7 2.98441
8 23.4911
9 6.84187
10 3.91106
11 4.89467
12 3.91012
13 3.75024
14 11.4591
15 3.447
16 6.26468
17 24.7803
18 7.26253
19 3.82668
20 2.23499
21 3.68454
22 1.37646
23 3.2851
24 3.35107
25 3.03211
26 3.19562
27 3.0919
28 3.53177
29 2.97676
"[DEBUG]index 38 centroid... "
0 4.12384
1 4.12328
2 3.7289
3 3.58863
4 4.22315
5 4.68359
6 4.62507
7 2.45686
8 23.3215
9 5.46743
10 3.33453
11 2.09666
12 5.01775
13 1.49575
14 2.93921
15 12.1903
16 3.0185
17 2.87125
18 11.2139
19 3.86275
20 1.47045
21 3.24278
22 10.5973
23 2.92298
24 4.15178
25 4.44459
26 4.23164
27 3.86691
28 3.97017
29 3.7004
"[DEBUG]index 39 centroid... "
0 3.69546
1 3.9632
2 3.42067
3 3.48604
4 3.76579
5 4.41923
6 4.54815
7 2.55271
8 22.435
9 6.3763
10 4.01788
11 10.5408
12 3.29906
13 9.18398
14 2.93985
15 9.22169
16 10.4301
17 3.6113
18 6.90436
19 25.5331
20 5.53967
21 3.86026
22 4.45746
23 4.23617
24 3.47482
25 3.50352
26 3.30063
27 3.68215
28 3.57007
29 3.1126
"[DEBUG]index 40 centroid... "
0 8.27248
1 8.10976
2 7.87259
3 7.89355
4 7.72642
5 8.14065
6 7.65637
7 4.39327
8 22.8781
9 9.90954
10 3.80916
11 15.3629
12 4.41202
13 4.37617
14 4.88141
15 2.23166
16 1.11859
17 1.99062
18 1.66464
19 3.83618
20 1.48538
21 1.03696
22 1.80585
23 4.23662
24 3.17264
25 3.26641
26 3.79261
27 3.89465
28 3.81247
29 4.35962
"[DEBUG]index 41 centroid... "
0 3.47825
1 4.05239
2 3.49657
3 3.57535
4 3.3437
5 4.00189
6 4.42626
7 3.02357
8 10.8405
9 21.4529
10 5.32539
11 22.2827
12 9.7099
13 4.76525
14 5.66236
15 4.70384
16 2.54424
17 1.68202
18 2.28162
19 1.91529
20 3.22303
21 1.89185
22 1.16189
23 2.07596
24 1.87448
25 1.77226
26 1.78397
27 1.80067
28 1.81535
29 1.76
"[DEBUG]index 42 centroid... "
0 4.57682
1 4.5069
2 3.64857
3 3.89451
4 3.84361
5 4.38178
6 4.59154
7 2.70714
8 17.1806
9 19.9292
10 5.68415
11 3.03128
12 9.73628
13 2.59951
14 3.51886
15 1.70715
16 2.79883
17 8.31555
18 7.99969
19 2.10181
20 9.16467
21 3.32812
22 1.35265
23 3.73873
24 3.20117
25 2.59491
26 3.00644
27 3.29347
28 2.80987
29 2.84483
"[DEBUG]index 43 centroid... "
0 4.51762
1 4.64767
2 4.28817
3 4.50644
4 4.73646
5 5.37038
6 5.15755
7 2.71097
8 22.519
9 5.83672
10 3.66457
11 5.37955
12 1.67115
13 3.33314
14 11.8141
15 2.72014
16 1.68576
17 1.91034
18 1.90948
19 4.38356
20 1.3151
21 2.73245
22 10.1979
23 3.21226
24 4.30421
25 3.97966
26 4.15067
27 3.63621
28 3.51303
29 3.88742
"[DEBUG]index 44 centroid... "
0 3.5296
1 3.55249
2 3.36617
3 3.04291
4 3.4
5 3.83769
6 3.95075
7 2.23619
8 21.6216
9 4.02985
10 9.51007
11 3.1449
12 1.65137
13 4.08271
14 1.47799
15 3.09751
16 2.32674
17 10.6086
18 2.17114
19 9.84129
20 2.07998
21 9.80261
22 2.44577
23 3.41468
24 3.27873
25 3.30311
26 2.96107
27 3.31555
28 3.27351
29 3.16978
"[DEBUG]index 45 centroid... "
0 3.77943
1 3.63049
2 3.55269
3 3.30661
4 3.72477
5 4.27096
6 3.87244
7 2.29298
8 23.8225
9 4.05007
10 11.6203
11 3.33608
12 3.50357
13 10.3617
14 1.83156
15 8.08081
16 3.00063
17 3.66408
18 1.51672
19 3.16907
20 9.4142
21 1.89178
22 9.15608
23 3.32768
24 3.72207
25 3.6335
26 3.41499
27 3.10458
28 3.18444
29 3.14308
"[DEBUG]index 46 centroid... "
0 4.67926
1 4.36554
2 4.31604
3 4.18509
4 4.73419
5 5.311
6 4.9894
7 2.2949
8 29.1675
9 7.3051
10 4.23353
11 4.98761
12 13.7562
13 2.13075
14 11.9583
15 4.06097
16 1.87628
17 4.23817
18 11.4117
19 3.05149
20 3.36084
21 11.2569
22 3.19867
23 4.33472
24 4.60563
25 4.03459
26 3.82372
27 4.06793
28 3.90192
29 3.80437
"[DEBUG]index 47 centroid... "
0 4.05503
1 4.20469
2 3.83323
3 3.69956
4 4.03309
5 4.71804
6 4.58377
7 2.67941
8 26.196
9 5.96733
10 3.08729
11 10.5023
12 4.02349
13 1.8922
14 4.29031
15 3.03226
16 11.3469
17 2.64441
18 12.5254
19 2.53715
20 11.3149
21 3.07429
22 3.46268
23 4.0102
24 3.79293
25 3.36311
26 3.63725
27 3.60398
28 3.76121
29 3.45033
"[DEBUG]index 48 centroid... "
0 3.72258
1 3.69213
2 3.35716
3 3.47322
4 4.25112
5 4.61707
6 4.42467
7 2.49195
8 42.78
9 5.47097
10 4.03098
11 4.24138
12 3.66727
13 9.27642
14 2.83705
15 2.61642
16 9.53117
17 3.36809
18 3.64193
19 3.7717
20 2.65636
21 7.99625
22 2.58974
23 3.46832
24 3.50752
25 3.26507
26 3.12477
27 3.07014
28 3.15123
29 3.02244
"[DEBUG]index 49 centroid... "
0 5.20239
1 5.18859
2 5.10396
3 4.50414
4 5.29899
5 5.99816
6 5.20791
7 2.65961
8 21.4526
9 5.35603
10 3.53726
11 1.9678
12 4.73137
13 2.33579
14 11.8905
15 1.91628
16 3.94664
17 1.79945
18 0.816007
19 1.39742
20 3.13431
21 2.75805
22 1.04324
23 3.88868
24 3.55014
25 3.50414
26 3.52346
27 3.40662
28 3.34315
29 3.73781
"[DEBUG]index 50 centroid... "
0 4.95799
1 5.15719
2 4.96329
3 4.89866
4 5.14261
5 5.96661
6 5.48484
7 2.85689
8 30.9317
9 8.19423
10 3.43172
11 13.3237
12 13.9018
13 2.61269
14 13.2227
15 4.29226
16 3.30154
17 11.4462
18 3.52362
19 4.55908
20 2.39311
21 3.75174
22 9.68893
23 3.31256
24 4.088
25 4.28986
26 4.26856
27 3.82889
28 3.91564
29 3.90048
"[DEBUG]index 51 centroid... "
0 3.58116
1 3.49329
2 3.45509
3 3.16141
4 3.7358
5 4.21429
6 4.33808
7 2.46243
8 22.9569
9 3.79293
10 11.3074
11 3.54021
12 1.75106
13 3.0803
14 9.60457
15 2.27785
16 3.54136
17 2.9306
18 11.6665
19 2.29517
20 9.7171
21 2.20672
22 10.1642
23 2.99105
24 3.78926
25 3.50786
26 3.52289
27 3.23276
28 3.4996
29 3.20167
"[DEBUG]index 52 centroid... "
0 6.15811
1 5.85522
2 5.68738
3 5.20209
4 5.93376
5 6.72931
6 6.20865
7 3.60935
8 29.1083
9 7.54476
10 3.42797
11 15.1294
12 4.96534
13 2.04265
14 5.64821
15 3.57695
16 11.1055
17 3.7329
18 1.85594
19 4.92556
20 1.56629
21 4.29704
22 1.55993
23 4.35251
24 3.78478
25 3.87491
26 3.82088
27 3.96729
28 3.80683
29 3.85164
"[DEBUG]index 53 centroid... "
0 3.06111
1 3.25278
2 2.71667
3 2.84167
4 2.86944
5 3.11111
6 2.76667
7 1.93333
8 10.6639
9 4.16111
10 1.85
11 1.49444
12 0.722222
13 0.5
14 0.725
15 2.64444
16 0.983333
17 1.31111
18 2.71389
19 3.70278
20 11.1194
21 4.94722
22 2.275
23 3.51111
24 3.43333
25 2.76667
26 3.04167
27 3.28056
28 3.10278
29 3.37222
"[DEBUG]index 54 centroid... "
0 8.06633
1 7.57908
2 7.625
3 6.5
4 6.91071
5 8.33673
6 7.29337
7 4.2398
8 18.1735
9 8.07908
10 3.58673
11 13.5663
12 5.40561
13 2.25
14 2.59184
15 6.6301
16 1.55612
17 2.28827
18 1.60969
19 0.841837
20 1.41837
21 2.27296
22 4.78316
23 3.89286
24 4.84949
25 4.82398
26 5.00255
27 5.07398
28 4.8648
29 5.40051
"[DEBUG]index 55 centroid... "
0 3.02358
1 3.0283
2 2.82233
3 2.77201
4 2.67296
5 3.3805
6 3.11792
7 1.4827
8 12.2547
9 5.02987
10 1.88994
11 6.83648
12 6.6195
13 1.85377
14 1.00629
15 2.90094
16 1.14623
17 0.562893
18 1.26415
19 2.65094
20 4.72484
21 12.2925
22 4.6588
23 3.18396
24 3.66038
25 3.04245
26 2.93553
27 2.72956
28 3.05346
29 2.94969
"[DEBUG]index 56 centroid... "
0 5.81897
1 5.4952
2 5.25787
3 4.97665
4 5.39545
5 6.3585
6 5.48914
7 3.59716
8 28.0033
9 7.81912
10 4.15354
11 14.593
12 3.2091
13 14.7476
14 4.53923
15 3.21694
16 10.7027
17 12.34
18 3.03783
19 2.09871
20 4.86035
21 1.6248
22 3.734
23 3.62214
24 3.45899
25 3.81129
26 3.8472
27 3.64741
28 3.59509
29 3.54529
"[DEBUG]index 57 centroid... "
0 2.48998
1 2.69337
2 2.17951
3 2.01156
4 2.07396
5 2.72188
6 3.52311
7 2.30354
8 9.58166
9 18.359
10 7.32049
11 6.10863
12 3.02388
13 1.36133
14 2.32974
15 3.75886
16 12.0863
17 3.20416
18 5.12173
19 2.22188
20 1.08012
21 1.68721
22 4.11787
23 1.4869
24 1.91988
25 1.92527
26 2.19646
27 2.07858
28 1.63867
29 1.62712
"[DEBUG]index 58 centroid... "
0 4.72924
1 4.64092
2 4.01485
3 4.44162
4 4.80171
5 5.75918
6 5.22144
7 2.80297
8 25.3644
9 6.46074
10 4.59185
11 1.93256
12 4.7227
13 11.1588
14 2.44489
15 11.0624
16 12.4957
17 2.51485
18 13.6152
19 3.25063
20 4.29014
21 1.71842
22 3.74132
23 4.2846
24 3.84902
25 3.78762
26 3.884
27 3.80121
28 4.04932
29 3.64192
"[DEBUG]index 59 centroid... "
0 3.85149
1 3.48602
2 3.38288
3 3.30797
4 3.42377
5 4.15326
6 3.93959
7 1.91348
8 21.1291
9 5.6162
10 3.64706
11 3.94645
12 11.6944
13 2.51635
14 7.80665
15 2.54656
16 10.888
17 4.02704
18 3.80335
19 5.79662
20 22.8896
21 5.82749
22 3.55645
23 4.71775
24 4.38499
25 3.26853
26 3.38011
27 3.40834
28 3.57663
29 3.10987
"[DEBUG]index 60 centroid... "
0 3.90672
1 3.91202
2 3.96049
3 3.95193
4 4.20692
5 4.62892
6 4.33686
7 3.39959
8 16.6925
9 3.95845
10 17.9026
11 6.15438
12 6.35031
13 18.0191
14 4.23951
15 16.5935
16 5.18697
17 6.88717
18 3.5222
19 2.2053
20 1.58697
21 2.56334
22 4.77352
23 2.53238
24 2.59674
25 2.96945
26 2.76578
27 2.54012
28 2.62974
29 2.42566
"[DEBUG]index 61 centroid... "
0 2.75709
1 2.85258
2 2.43108
3 2.51938
4 2.76468
5 3.17459
6 3.09868
7 1.80463
8 13.2952
9 4.90172
10 3.17259
11 1.77028
12 2.90292
13 6.32561
14 2.42948
15 1.55054
16 3.92569
17 2.87775
18 5.3368
19 16.5929
20 3.07471
21 16.1826
22 5.72793
23 3.30084
24 4.16141
25 3.40551
26 3.12026
27 3.15621
28 3.34479
29 3.17739
"[DEBUG]index 62 centroid... "
0 5.59506
1 4.11354
2 3.97836
3 4.35688
4 4.25732
5 5.88531
6 4.53111
7 2.86081
8 25.5566
9 6.75091
10 3.67949
11 2.3027
12 6.94371
13 1.76048
14 2.98985
15 13.107
16 2.51312
17 11.8503
18 2.3542
19 11.5805
20 2.68734
21 1.64139
22 1.76221
23 4.08175
24 3.06644
25 3.52116
26 3.77867
27 3.80337
28 3.58606
29 3.58568
"[DEBUG]index 63 centroid... "
0 2.00478
1 2.13301
2 2.00191
3 1.9866
4 2.20861
5 2.65263
6 2.60478
7 1.88134
8 8.45072
9 4.43541
10 2.89761
11 2.65837
12 5.35311
13 5.35981
14 2.36172
15 4.93684
16 9.07368
17 17.1024
18 13.3139
19 13.5388
20 17.2364
21 8.02966
22 5.78373
23 3.30144
24 2.87177
25 3.36364
26 3.1378
27 3.0689
28 3.04689
29 2.84976
"[DEBUG]index 64 centroid... "
0 3.90716
1 3.91787
2 3.70195
3 3.61384
4 4.06407
5 4.60199
6 4.36654
7 2.70497
8 29.366
9 5.04748
10 11.2482
11 3.39466
12 14.7777
13 3.09407
14 3.46265
15 10.3665
16 2.80721
17 9.40765
18 10.3647
19 2.94434
20 11.758
21 2.76602
22 10.2609
23 3.57486
24 4.06669
25 4.15291
26 4.10412
27 3.60183
28 3.72033
29 3.46837
"[DEBUG]index 65 centroid... "
0 3.03819
1 3.04344
2 3.00573
3 2.80716
4 2.8969
5 3.41862
6 3.53938
7 2.12554
8 14.62
9 2.47542
10 14.9279
11 4.39666
12 3.05155
13 1.57184
14 2.08926
15 6.18998
16 1.92649
17 1.01241
18 1.52458
19 1.30167
20 2.00859
21 4.72315
22 5.3895
23 2.00716
24 2.84296
25 2.6716
26 2.43819
27 2.24105
28 2.36468
29 2.24344
"[DEBUG]index 66 centroid... "
0 3.95324
1 3.97763
2 3.53227
3 3.39954
4 3.91025
5 4.25064
6 4.4715
7 2.32839
8 26.1058
9 4.5351
10 11.9732
11 3.04474
12 13.2178
13 2.59547
14 10.0844
15 2.60558
16 11.1829
17 2.43256
18 10.4945
19 9.98693
20 2.53888
21 8.66137
22 9.62876
23 3.19175
24 4.15052
25 3.86471
26 3.66864
27 3.5188
28 3.67269
29 3.28891
"[DEBUG]index 67 centroid... "
0 3.15357
1 3.65595
2 3.24762
3 3.09167
4 3.34167
5 3.49048
6 3.31548
7 2.02381
8 13.3202
9 5.01071
10 2.26071
11 8.46071
12 2.63214
13 1.00476
14 0.62381
15 1.39048
16 3.01667
17 2.57143
18 4.4881
19 13.9155
20 5.01071
21 3.11429
22 1.39048
23 3.85238
24 2.95357
25 2.79286
26 2.88214
27 2.84881
28 3.20714
29 3.14524
"[DEBUG]index 68 centroid... "
0 4.53347
1 4.44116
2 4.38912
3 4.27162
4 4.46487
5 4.6739
6 4.38293
7 2.34597
8 24.8942
9 7.65281
10 4.20075
11 7.77598
12 27.8966
13 5.50384
14 4.03051
15 4.15019
16 8.81703
17 7.3573
18 2.55439
19 7.87971
20 3.53565
21 3.57889
22 1.88572
23 3.6909
24 3.25253
25 3.00017
26 3.13145
27 3.28339
28 3.20232
29 3.00087
"[DEBUG]index 69 centroid... "
0 3.33844
1 3.19956
2 3.3193
3 2.97922
4 3.1427
5 3.92346
6 4.41061
7 3.27665
8 16.0361
9 3.63532
10 16.8004
11 6.62657
12 3.9836
13 8.51777
14 5.45161
15 16.9071
16 5.94861
17 5.63587
18 19.2078
19 6.20175
20 5.37015
21 17.8212
22 5.94697
23 3.77037
24 4.39038
25 4.1263
26 3.74194
27 3.67031
28 3.58721
29 3.35921
"[DEBUG]index 70 centroid... "
0 3.12249
1 3.22249
2 2.73009
3 3.03739
4 2.59696
5 3.61459
6 3.54985
7 2.02644
8 14.5146
9 16.9751
10 5.64559
11 2.87538
12 2.51915
13 7.24954
14 1.7535
15 2.60365
16 1.27477
17 2.22067
18 5.4693
19 5.25714
20 2.07082
21 1.11337
22 2.44468
23 2.13678
24 1.97173
25 1.97964
26 2.08784
27 2.17508
28 2.15836
29 2.13465
"[DEBUG]index 71 centroid... "
0 4.4474
1 4.23519
2 4.07753
3 3.95846
4 4.48513
5 4.88587
6 4.72466
7 2.37889
8 27.2468
9 5.67678
10 3.21499
11 3.95091
12 4.80227
13 1.32729
14 3.65632
15 1.19131
16 3.5467
17 1.29442
18 4.00156
19 1.51435
20 3.54991
21 2.14526
22 10.6455
23 2.67401
24 3.79924
25 3.8308
26 3.89481
27 3.52302
28 3.55633
29 3.42277
"[DEBUG]index 72 centroid... "
0 6.63721
1 5.6356
2 5.54387
3 5.27405
4 6.01477
5 6.27405
6 5.59402
7 3.48902
8 31.2431
9 5.72558
10 15.04
11 3.65384
12 17.791
13 2.95941
14 11.6936
15 10.5212
16 3.83381
17 1.82214
18 4.43565
19 1.53295
20 3.19399
21 1.34765
22 3.03823
23 3.11592
24 3.02892
25 3.00621
26 3.0731
27 2.96798
28 2.9398
29 2.92925
"[DEBUG]index 73 centroid... "
0 2.72756
1 2.94971
2 2.92362
3 2.5627
4 2.90325
5 3.5156
6 3.0331
7 2.2578
8 14.6123
9 2.41375
10 15.9389
11 5.77594
12 3.22597
13 5.30236
14 15.0032
15 3.44876
16 3.08657
17 2.22788
18 2.96372
19 4.23488
20 12.8689
21 4.66327
22 2.68364
23 3.56588
24 3.1184
25 2.61744
26 2.50732
27 2.61426
28 2.61999
29 2.58816
"[DEBUG]index 74 centroid... "
0 3.2758
1 3.30015
2 3.31057
3 3.03599
4 2.95023
5 3.41608
6 3.30322
7 2.61761
8 14.7767
9 4.13538
10 9.08469
11 24.1662
12 9.15957
13 4.41302
14 3.02802
15 1.67443
16 1.39387
17 1.88928
18 3.69204
19 2.0562
20 1.23507
21 2.04701
22 3.9124
23 1.66417
24 1.92542
25 1.97106
26 1.90628
27 1.91608
28 1.91394
29 1.85345
"[DEBUG]index 75 centroid... "
0 5.22657
1 5.02608
2 4.28688
3 4.74898
4 4.31703
5 4.92095
6 4.58191
7 2.38223
8 19.6235
9 6.7335
10 3.11736
11 1.88916
12 5.17522
13 1.60717
14 0.835371
15 1.54931
16 2.51345
17 10.7416
18 3.18745
19 1.61695
20 3.5379
21 11.6259
22 2.63814
23 4.1141
24 4.25672
25 4.27873
26 4.13203
27 4.08394
28 4.17441
29 4.51589
"[DEBUG]index 76 centroid... "
0 4.66284
1 4.40596
2 4.26376
3 4.72133
4 4.54186
5 4.77695
6 5.52982
7 3.27638
8 14.5138
9 7.5281
10 3.45069
11 8.11181
12 17.492
13 5.4117
14 11.2517
15 25.5482
16 9.97248
17 7.11067
18 3.60608
19 3.56307
20 1.83429
21 1.04645
22 1.67947
23 2.86124
24 2.50688
25 2.54472
26 3.37385
27 2.5281
28 2.89335
29 3.15654
"[DEBUG]index 77 centroid... "
0 4.1384
1 4.09984
2 3.83655
3 3.91969
4 4.40919
5 5.24942
6 4.77109
7 2.97618
8 27.4673
9 6.7539
10 3.19158
11 13.872
12 4.38487
13 3.12919
14 10.7432
15 10.4087
16 3.00811
17 13.4384
18 3.10696
19 11.6956
20 10.0059
21 2.755
22 11.2573
23 4.32359
24 4.20914
25 4.36927
26 4.16677
27 3.95346
28 3.95739
29 3.78927
"[DEBUG]index 78 centroid... "
0 2.67304
1 2.84332
2 2.82792
3 2.82241
4 2.94897
5 3.23143
6 2.89008
7 2.02821
8 11.8541
9 5.24008
10 3.2992
11 6.32415
12 8.94515
13 26.6155
14 8.04923
15 4.84017
16 2.63145
17 5.50163
18 1.9755
19 2.14162
20 1.8604
21 4.22019
22 1.89333
23 2.20962
24 2.28122
25 2.03248
26 1.88783
27 2.01338
28 2.03439
29 1.93964
"[DEBUG]index 79 centroid... "
0 4.49383
1 4.23552
2 4.27445
3 4.0114
4 3.88509
5 4.56315
6 4.42545
7 2.07882
8 19.3913
9 5.80152
10 2.87844
11 3.94397
12 1.07028
13 3.5812
14 1.24027
15 0.642925
16 1.33808
17 2.58025
18 10.6448
19 2.16524
20 3.415
21 3.38462
22 2.88699
23 3.78727
24 3.26686
25 3.38841
26 3.50047
27 3.87179
28 3.57265
29 3.48813
"[DEBUG]index 80 centroid... "
0 5.97712
1 5.98204
2 5.49777
3 5.38185
4 6.02963
5 6.69661
6 5.90158
7 3.13849
8 27.0797
9 7.36205
10 5.49992
11 2.40688
12 4.2429
13 13.6533
14 3.04268
15 3.88224
16 1.49117
17 4.34116
18 3.50729
19 1.54291
20 1.4686
21 3.8936
22 1.46446
23 4.24751
24 3.44004
25 3.56226
26 3.57593
27 3.71918
28 3.53892
29 3.69308
"[DEBUG]index 81 centroid... "
0 3.64067
1 3.91362
2 3.40671
3 3.79911
4 3.86723
5 4.16091
6 4.01333
7 2.80701
8 17.3095
9 6.54097
10 4.43337
11 4.05874
12 5.73791
13 19.8485
14 6.33169
15 4.11945
16 4.34946
17 6.73248
18 20.7655
19 5.46002
20 3.04393
21 4.33761
22 1.66239
23 3.67226
24 3.03307
25 2.97137
26 2.96397
27 3.15647
28 2.95558
29 3.12586
"[DEBUG]index 82 centroid... "
0 3.65293
1 3.51145
2 3.56183
3 3.32163
4 3.51145
5 4.24682
6 3.98931
7 2.4631
8 22.2402
9 3.88448
10 11.0656
11 3.28804
12 1.66921
13 2.97252
14 9.2285
15 8.17557
16 3.03919
17 3.21425
18 9.6626
19 8.1888
20 2.0458
21 3.57659
22 1.2285
23 3.65852
24 2.97099
25 2.80865
26 2.98168
27 3.11858
28 3.15878
29 2.97761
"[DEBUG]index 83 centroid... "
0 5.02097
1 4.48653
2 4.38234
3 4.24503
4 4.81744
5 5.40442
6 5.45651
7 2.59845
8 22.3898
9 5.68985
10 4.01501
11 1.85982
12 5.34371
13 1.90022
14 1.54062
15 2.68344
16 12.8585
17 3.80177
18 1.86512
19 3.73223
20 11.6475
21 2.68057
22 1.65453
23 4.96424
24 4.54812
25 3.84967
26 3.87616
27 4.36865
28 4.41898
29 4.09757
"[DEBUG]index 84 centroid... "
0 7.61893
1 6.93137
2 6.69947
3 6.49514
4 6.53275
5 7.4027
6 6.67722
7 4.34691
8 23.3513
9 5.47195
10 13.6111
11 4.46945
12 2.17706
13 5.62958
14 1.89408
15 1.78408
16 4.81542
17 1.31056
18 3.70354
19 1.7706
20 1.00783
21 1.73488
22 1.5832
23 3.4472
24 3.12755
25 3.44876
26 3.49796
27 3.54591
28 3.65497
29 3.91695
"[DEBUG]index 85 centroid... "
0 1.95949
1 2.28113
2 1.80682
3 1.625
4 1.82955
5 2.05583
6 2.75198
7 1.73715
8 7.56719
9 15.1497
10 6.03014
11 4.13834
12 2.12401
13 1.03014
14 2.18923
15 0.829545
16 1.32955
17 4.47332
18 1.99308
19 1.86512
20 3.4585
21 8.46789
22 3.02668
23 1.95751
24 2.40069
25 2.07065
26 1.8587
27 1.79397
28 1.86413
29 1.74407
"[DEBUG]index 86 centroid... "
0 5.77612
1 5.13627
2 5.04888
3 4.94007
4 5.74261
5 5.96232
6 5.74379
7 3.2181
8 35.8686
9 7.23403
10 3.45978
11 1.87895
12 1.56421
13 2.9911
14 1.08016
15 2.80978
16 1.17423
17 3.22207
18 1.04832
19 3.13377
20 2.53195
21 1.01085
22 2.72739
23 2.74359
24 2.53987
25 2.95557
26 2.97129
27 3.25829
28 3.43218
29 3.69457
"[DEBUG]index 87 centroid... "
0 3.7048
1 3.63572
2 3.76243
3 3.49846
4 3.77211
5 4.20546
6 3.69952
7 1.8689
8 20.985
9 5.83458
10 2.67048
11 10.2411
12 9.12319
13 8.90805
14 2.57941
15 1.31588
16 3.2037
17 3.05499
18 3.37615
19 1.21293
20 2.91993
21 8.3106
22 8.40431
23 2.88781
24 3.75187
25 3.65992
26 3.24197
27 3.32644
28 3.11659
29 2.95381
"[DEBUG]index 88 centroid... "
0 3.9973
1 3.7602
2 3.80931
3 3.20827
4 3.57724
5 3.89381
6 4.24086
7 2.75363
8 19.3609
9 3.35279
10 19.7573
11 5.15377
12 3.28481
13 2.17569
14 3.98851
15 1.35103
16 2.89393
17 8.04618
18 2.14381
19 7.17909
20 3.03329
21 1.3338
22 3.27555
23 2.90518
24 2.37436
25 2.73523
26 2.81774
27 2.8256
28 2.84705
29 2.80309
"[DEBUG]index 89 centroid... "
0 3.65975
1 3.46708
2 3.28465
3 3.24443
4 3.09403
5 4.19523
6 4.46093
7 2.53497
8 16.6587
9 19.0077
10 5.00102
11 3.22393
12 1.68204
13 2.78017
14 6.98616
15 1.48194
16 6.39431
17 2.55624
18 1.08506
19 2.60108
20 2.4763
21 0.851653
22 1.97592
23 2.24033
24 2.1527
25 2.12606
26 2.25544
27 2.06687
28 2.33103
29 2.23162
"[DEBUG]index 90 centroid... "
0 4.35303
1 4.17959
2 4.10469
3 3.86235
4 4.51548
5 5.84221
6 4.67344
7 3.21688
8 28.4181
9 4.37134
10 13.5513
11 3.57407
12 14.0303
13 3.18658
14 12.3792
15 2.55826
16 9.45639
17 9.54561
18 3.12866
19 1.81009
20 3.41411
21 8.75516
22 2.48718
23 3.67926
24 3.72104
25 3.80659
26 3.26265
27 3.62567
28 3.22836
29 3.31208
"[DEBUG]index 91 centroid... "
0 3.38901
1 3.56376
2 3.16993
3 3.30614
4 3.57983
5 4.31031
6 4.11725
7 2.25795
8 21.4713
9 5.27594
10 3.75458
11 1.90813
12 3.57918
13 9.80276
14 2.1256
15 10.8227
16 2.49374
17 12.8776
18 2.4645
19 11.9929
20 2.24189
21 8.75554
22 8.72245
23 3.44973
24 3.82461
25 4.03469
26 3.72856
27 3.69258
28 3.47832
29 3.42692
"[DEBUG]index 92 centroid... "
0 3.69028
1 3.86359
2 3.66074
3 3.49655
4 3.96266
5 4.5796
6 4.48052
7 2.91695
8 17.8039
9 5.477
10 3.47538
11 9.93973
12 3.79274
13 6.44098
14 21.7239
15 3.80935
16 20.7697
17 5.39218
18 8.5405
19 3.82846
20 3.73365
21 2.92724
22 6.797
23 2.99206
24 3.49625
25 3.50522
26 3.49449
27 3.21799
28 3.10407
29 2.92974
"[DEBUG]index 93 centroid... "
0 4.09381
1 4.32107
2 4.08004
3 3.70691
4 3.93312
5 5.06194
6 4.82495
7 3.23339
8 20.2563
9 6.51302
10 5.44255
11 23.8854
12 9.35473
13 3.8278
14 7.6137
15 22.6453
16 5.30446
17 3.67729
18 10.0064
19 3.36281
20 8.7871
21 2.97561
22 8.16996
23 3.66741
24 3.9439
25 4.0564
26 3.77199
27 3.64677
28 3.57705
29 3.47561
"[DEBUG]index 94 centroid... "
0 5.58417
1 5.30848
2 5.2845
3 4.8993
4 5.68213
5 6.02359
6 5.29243
7 3.36025
8 31.301
9 5.55843
10 12.3897
11 13.7068
12 3.57457
13 11.7487
14 12.2065
15 2.77941
16 1.87287
17 4.06029
18 3.23987
19 1.43091
20 3.03073
21 3.02633
22 2.60707
23 3.2063
24 2.97749
25 2.91525
26 2.86093
27 2.84136
28 2.90252
29 2.8395
"[DEBUG]index 95 centroid... "
0 3.91002
1 3.77435
2 3.40561
3 3.47468
4 3.89185
5 4.15162
6 4.12135
7 2.62438
8 21.2449
9 3.59053
10 11.0264
11 2.69978
12 1.74766
13 3.87287
14 1.43671
15 2.5754
16 10.5308
17 1.95349
18 8.7295
19 8.36516
20 2.77435
21 1.46395
22 3.51183
23 3.33572
24 2.74491
25 3.20776
26 3.31591
27 3.14695
28 3.34315
29 2.84342
"[DEBUG]index 96 centroid... "
0 4.69665
1 4.46831
2 4.20122
3 4.23111
4 4.53889
5 5.27761
6 4.62621
7 2.40507
8 28.504
9 6.90673
10 4.60435
11 4.47537
12 13.9913
13 8.50872
14 2.29297
15 12.3097
16 4.43676
17 1.78674
18 4.23637
19 12.3642
20 3.03958
21 3.25796
22 11.7307
23 4.11223
24 4.55757
25 4.61888
26 4.20523
27 4.09023
28 4.09743
29 3.92333
"[DEBUG]index 97 centroid... "
0 4.302
1 4.32401
2 4.53486
3 4.0886
4 4.76402
5 5.23541
6 4.58455
7 2.95925
8 26.7592
9 7.06191
10 3.70268
11 15.2899
12 2.88201
13 11.2695
14 3.39798
15 3.91609
16 2.1417
17 4.75721
18 3.12679
19 13.4714
20 2.61366
21 10.7045
22 10.6882
23 4.03251
24 4.49666
25 4.54551
26 3.95613
27 3.82167
28 3.96876
29 3.77155
"[DEBUG]index 98 centroid... "
0 4.21053
1 4.10299
2 3.9716
3 3.64483
4 3.97463
5 4.80121
6 4.56683
7 3.38016
8 18.5842
9 6.5797
10 3.14426
11 9.69292
12 10.2666
13 2.63006
14 7.82582
15 21.8603
16 4.25407
17 19.1515
18 16.836
19 5.31011
20 8.71791
21 4.69103
22 2.0549
23 4.35744
24 3.80992
25 3.43847
26 3.7145
27 3.98599
28 3.5763
29 3.30897
"[DEBUG]index 99 centroid... "
0 3.49609
1 3.54983
2 3.37781
3 3.40101
4 3.46195
5 3.99892
6 3.91165
7 2.12321
8 20.1129
9 6.19161
10 3.65284
11 3.40618
12 9.11131
13 2.90528
14 1.62856
15 4.69576
16 3.68169
17 5.80887
18 22.2889
19 6.03919
20 3.07513
21 9.88532
22 3.11131
23 3.42854
24 3.6871
25 3.42421
26 3.42048
27 3.76836
28 3.44032
29 3.41027
