"[DEBUG]index 0 centroid... "
0 0.201013
1 0.308623
2 0.313325
3 0.299497
4 0.212689
5 0.157053
6 0.101801
7 0.194901
8 0.226086
9 0.25849
10 0.201457
11 0.250742
12 0.178199
13 0.10247
14 0.209291
15 0.045543
16 0.136444
17 0.223172
18 0.146106
19 0.341424
20 0.270172
21 0.174384
22 0.243828
23 0.233033
24 0.116874
25 0.205232
26 0.348914
27 0.22606
28 0.160338
29 0.116285
"[DEBUG]index 1 centroid... "
0 0.319595
1 0.39269
2 0.358246
3 0.216913
4 0.197175
5 0.16581
6 0.0266667
7 0.054135
8 0.0599047
9 0.163008
10 0.205833
11 0.159889
12 0.113373
13 0.0545714
14 0.204373
15 0.135778
16 0.216167
17 0.277611
18 0.0957778
19 0.296984
20 0.163349
21 0.26177
22 0.125619
23 0.0846429
24 0.308151
25 0.148651
26 0.124333
27 0.246254
28 0.238143
29 0.149571
"[DEBUG]index 2 centroid... "
0 0.2195
1 0.224246
2 0.213511
3 0.172983
4 0.160412
5 0.231769
6 0.219463
7 0.165397
8 0.168856
9 0.154259
10 0.241354
11 0.172803
12 0.247465
13 0.207931
14 0.220216
15 0.227723
16 0.210196
17 0.125685
18 0.0936757
19 0.21152
20 0.218823
21 0.175581
22 0.150532
23 0.231801
24 0.143204
25 0.12958
26 0.157131
27 0.206686
28 0.1741
29 0.160235
"[DEBUG]index 3 centroid... "
0 0.313063
1 0.195354
2 0.0920126
3 0.33862
4 0.367215
5 0.34038
6 0.244835
7 0.195987
8 0.244392
9 0.33243
10 0.314658
11 0.316177
12 0.381924
13 0.383367
14 0.138835
15 -0.0378607
16 0.0474557
17 0.143456
18 0.116823
19 0.232051
20 0.210279
21 0.131582
22 0.243038
23 0.163671
24 0.252101
25 0.41038
26 0.265506
27 0.333532
28 0.212519
29 0.122266
"[DEBUG]index 4 centroid... "
0 0.171237
1 0.138437
2 0.137313
3 0.164424
4 0.18039
5 0.156689
6 0.194277
7 0.173879
8 0.111168
9 0.147101
10 0.174198
11 0.145405
12 0.175247
13 0.194074
14 0.133052
15 0.145389
16 0.174183
17 0.192082
18 0.178349
19 0.223824
20 0.192427
21 0.115816
22 0.164692
23 0.181409
24 0.209042
25 0.166987
26 0.173669
27 0.181687
28 0.165556
29 0.155202
"[DEBUG]index 5 centroid... "
0 0.177071
1 0.185862
2 0.147587
3 0.198022
4 0.1741
5 0.169713
6 0.18092
7 0.198168
8 0.147946
9 0.145565
10 0.172297
11 0.1509
12 0.152489
13 0.228938
14 0.201772
15 0.192738
16 0.190521
17 0.192315
18 0.159536
19 0.126048
20 0.178506
21 0.187555
22 0.179546
23 0.171774
24 0.173328
25 0.154856
26 0.160087
27 0.177353
28 0.187394
29 0.17381
"[DEBUG]index 6 centroid... "
0 0.201127
1 0.158742
2 0.155882
3 0.196951
4 0.187957
5 0.189579
6 0.231531
7 0.188492
8 0.16705
9 0.204234
10 0.129666
11 0.125928
12 0.20814
13 0.212282
14 0.182606
15 0.168832
16 0.161423
17 0.172141
18 0.200014
19 0.207383
20 0.182521
21 0.1809
22 0.215951
23 0.222527
24 0.225138
25 0.215748
26 0.234167
27 0.2328
28 0.206024
29 0.208065
"[DEBUG]index 7 centroid... "
0 0.230403
1 0.21291
2 0.19403
3 0.207472
4 0.233549
5 0.189949
6 0.19131
7 0.193412
8 0.145222
9 0.108005
10 0.202743
11 0.172563
12 0.164868
13 0.173023
14 0.119218
15 0.281215
16 0.179546
17 0.232549
18 0.205285
19 0.197637
20 0.192516
21 0.131345
22 0.129505
23 0.15584
24 0.166579
25 0.218491
26 0.224065
27 0.160352
28 0.165822
29 0.175227
"[DEBUG]index 8 centroid... "
0 0.189094
1 0.194436
2 0.190019
3 0.199561
4 0.204563
5 0.183205
6 0.198141
7 0.188062
8 0.138173
9 0.183343
10 0.210409
11 0.207256
12 0.193222
13 0.184507
14 0.149609
15 0.1156
16 0.148917
17 0.162319
18 0.206196
19 0.215142
20 0.176752
21 0.210705
22 0.213341
23 0.169725
24 0.184353
25 0.181406
26 0.186774
27 0.187703
28 0.200242
29 0.20019
"[DEBUG]index 9 centroid... "
0 0.196729
1 0.197803
2 0.196216
3 0.215861
4 0.213915
5 0.190464
6 0.22944
7 0.184275
8 0.11855
9 0.170965
10 0.201351
11 0.183379
12 0.229341
13 0.241945
14 0.192796
15 0.179154
16 0.212633
17 0.241085
18 0.17728
19 0.172348
20 0.228809
21 0.229906
22 0.219668
23 0.21227
24 0.225989
25 0.198822
26 0.202486
27 0.186586
28 0.18854
29 0.204737
"[DEBUG]index 10 centroid... "
0 0.206925
1 0.212336
2 0.17234
3 0.234973
4 0.206913
5 0.1797
6 0.210046
7 0.165294
8 0.126272
9 0.176351
10 0.195635
11 0.241226
12 0.22107
13 0.204502
14 0.165846
15 0.197952
16 0.213833
17 0.192542
18 0.219623
19 0.243828
20 0.216545
21 0.219594
22 0.176743
23 0.218984
24 0.198918
25 0.186749
26 0.186382
27 0.211159
28 0.214613
29 0.185986
"[DEBUG]index 11 centroid... "
0 0.218505
1 0.213233
2 0.193934
3 0.192421
4 0.200061
5 0.20591
6 0.221849
7 0.192638
8 0.107178
9 0.1635
10 0.149637
11 0.211775
12 0.207843
13 0.179642
14 0.216991
15 0.192472
16 0.193347
17 0.19751
18 0.201102
19 0.15136
20 0.126935
21 0.211846
22 0.224347
23 0.21031
24 0.197366
25 0.207519
26 0.19669
27 0.189841
28 0.220198
29 0.182325
"[DEBUG]index 12 centroid... "
0 0.183299
1 0.183484
2 0.187225
3 0.184789
4 0.205893
5 0.177947
6 0.193405
7 0.194414
8 0.120098
9 0.14733
10 0.184478
11 0.188556
12 0.201067
13 0.193841
14 0.191643
15 0.153544
16 0.118175
17 0.198994
18 0.214162
19 0.159163
20 0.216516
21 0.198289
22 0.175683
23 0.188607
24 0.189295
25 0.180205
26 0.180339
27 0.191376
28 0.19477
29 0.187684
"[DEBUG]index 13 centroid... "
0 0.174238
1 0.184066
2 0.175603
3 0.179696
4 0.178842
5 0.216658
6 0.199507
7 0.17726
8 0.136591
9 0.0880916
10 0.0398636
11 0.0895698
12 0.125549
13 0.144262
14 0.197515
15 0.186735
16 0.186573
17 0.143561
18 0.157611
19 0.170975
20 0.204138
21 0.203447
22 0.171417
23 0.169103
24 0.170874
25 0.237988
26 0.228407
27 0.26462
28 0.259297
29 0.208283
"[DEBUG]index 14 centroid... "
0 0.151898
1 0.195654
2 0.188758
3 0.162841
4 0.219172
5 0.223743
6 0.14869
7 0.151359
8 0.0956744
9 0.151589
10 0.191098
11 0.177976
12 0.202608
13 0.173211
14 0.196745
15 0.168871
16 0.121532
17 0.205392
18 0.239331
19 0.19351
20 0.237341
21 0.191723
22 0.10584
23 0.175273
24 0.188814
25 0.156414
26 0.149887
27 0.130929
28 0.169552
29 0.147302
"[DEBUG]index 15 centroid... "
0 0.181421
1 0.188783
2 0.143493
3 0.194045
4 0.168
5 0.171156
6 0.190949
7 0.235653
8 0.154498
9 0.0797326
10 0.137728
11 0.163631
12 0.199978
13 0.143054
14 0.146109
15 0.176777
16 0.202927
17 0.146951
18 0.151665
19 0.166723
20 0.172472
21 0.158444
22 0.16275
23 0.179268
24 0.189518
25 0.182612
26 0.202427
27 0.179733
28 0.188241
29 0.171652
"[DEBUG]index 16 centroid... "
0 0.168478
1 0.166131
2 0.172864
3 0.192682
4 0.185851
5 0.166583
6 0.170217
7 0.167518
8 0.107316
9 0.147784
10 0.198964
11 0.170565
12 0.199403
13 0.174209
14 0.199915
15 0.215146
16 0.198593
17 0.225733
18 0.203093
19 0.136584
20 0.188021
21 0.184174
22 0.186093
23 0.207827
24 0.196682
25 0.185352
26 0.173597
27 0.172879
28 0.171523
29 0.183754
"[DEBUG]index 17 centroid... "
0 0.20316
1 0.158685
2 0.150304
3 0.21284
4 0.195021
5 0.182805
6 0.226281
7 0.228958
8 0.155587
9 0.222375
10 0.243236
11 0.164872
12 0.211402
13 0.234115
14 0.2019
15 0.184755
16 0.239147
17 0.232661
18 0.173578
19 0.23333
20 0.24668
21 0.159149
22 0.190149
23 0.23073
24 0.204246
25 0.204027
26 0.207883
27 0.194305
28 0.194228
29 0.212166
"[DEBUG]index 18 centroid... "
0 0.194612
1 0.191119
2 0.195804
3 0.194051
4 0.200852
5 0.202079
6 0.220933
7 0.198065
8 0.148682
9 0.204533
10 0.217651
11 0.180139
12 0.225277
13 0.197422
14 0.185486
15 0.235568
16 0.210291
17 0.14198
18 0.186598
19 0.230873
20 0.170023
21 0.174831
22 0.238448
23 0.227947
24 0.193482
25 0.181873
26 0.196105
27 0.187068
28 0.186586
29 0.204023
"[DEBUG]index 19 centroid... "
0 0.253087
1 0.18803
2 0.202433
3 0.208827
4 0.225286
5 0.174809
6 0.202029
7 0.203456
8 0.156382
9 0.185682
10 0.234638
11 0.222244
12 0.242054
13 0.236708
14 0.174175
15 0.199465
16 0.247369
17 0.226634
18 0.178821
19 0.181461
20 0.244996
21 0.19067
22 0.174747
23 0.211074
24 0.196548
25 0.155016
26 0.170349
27 0.220311
28 0.190089
29 0.183454
"[DEBUG]index 20 centroid... "
0 0.195344
1 0.193401
2 0.10767
3 0.25992
4 0.270293
5 0.194794
6 0.25869
7 0.191759
8 0.106639
9 0.0891706
10 0.225199
11 0.151615
12 0.194912
13 0.219155
14 0.176382
15 0.214594
16 0.167085
17 0.155378
18 0.177298
19 0.19848
20 0.206103
21 0.266918
22 0.205801
23 0.227001
24 0.248872
25 0.13524
26 0.158116
27 0.198147
28 0.154392
29 0.241072
"[DEBUG]index 21 centroid... "
0 0.186162
1 0.172156
2 0.192862
3 0.201981
4 0.206229
5 0.180249
6 0.2018
7 0.183645
8 0.123607
9 0.195779
10 0.209258
11 0.166666
12 0.204604
13 0.209801
14 0.179016
15 0.202739
16 0.186526
17 0.182773
18 0.215155
19 0.187163
20 0.17806
21 0.206526
22 0.205741
23 0.198754
24 0.200444
25 0.194794
26 0.185459
27 0.181312
28 0.185712
29 0.190093
"[DEBUG]index 22 centroid... "
0 0.204551
1 0.211965
2 0.206217
3 0.209344
4 0.207269
5 0.190703
6 0.215264
7 0.201118
8 0.144341
9 0.194115
10 0.219772
11 0.187035
12 0.176671
13 0.251295
14 0.183956
15 0.147528
16 0.213223
17 0.216034
18 0.197953
19 0.21979
20 0.203664
21 0.184478
22 0.227808
23 0.21746
24 0.203297
25 0.201249
26 0.210577
27 0.189225
28 0.195794
29 0.20257
"[DEBUG]index 23 centroid... "
0 0.200624
1 0.191115
2 0.189285
3 0.186805
4 0.187627
5 0.173367
6 0.201367
7 0.207793
8 0.150573
9 0.167424
10 0.21629
11 0.168543
12 0.174973
13 0.153887
14 0.122404
15 0.185206
16 0.21031
17 0.190923
18 0.20028
19 0.175547
20 0.179772
21 0.183084
22 0.189122
23 0.20208
24 0.194548
25 0.205579
26 0.205863
27 0.214071
28 0.212081
29 0.196279
"[DEBUG]index 24 centroid... "
0 0.194775
1 0.184624
2 0.195638
3 0.19073
4 0.206865
5 0.17367
6 0.213165
7 0.198895
8 0.12864
9 0.217875
10 0.227035
11 0.178451
12 0.166308
13 0.149482
14 0.152238
15 0.149495
16 0.2089
17 0.208711
18 0.148905
19 0.199077
20 0.216884
21 0.181448
22 0.180275
23 0.196855
24 0.190948
25 0.1865
26 0.200953
27 0.181697
28 0.198603
29 0.193057
"[DEBUG]index 25 centroid... "
0 0.171996
1 0.178183
2 0.189561
3 0.209073
4 0.199473
5 0.194498
6 0.217567
7 0.186132
8 0.0963425
9 0.0914121
10 0.138948
11 0.205987
12 0.223284
13 0.21312
14 0.195632
15 0.202039
16 0.225016
17 0.195427
18 0.200948
19 0.236121
20 0.21469
21 0.203937
22 0.224948
23 0.209123
24 0.205262
25 0.212746
26 0.219113
27 0.20419
28 0.19169
29 0.200598
"[DEBUG]index 26 centroid... "
0 0.213671
1 0.196219
2 0.171817
3 0.218575
4 0.18509
5 0.16724
6 0.126511
7 0.120673
8 0.153541
9 0.194008
10 0.202274
11 0.238174
12 0.150251
13 0.169893
14 0.250943
15 0.223355
16 0.212703
17 0.212207
18 0.187155
19 0.218795
20 0.149527
21 0.129734
22 0.103943
23 0.230116
24 0.196046
25 0.224396
26 0.217113
27 0.190558
28 0.220739
29 0.202296
"[DEBUG]index 27 centroid... "
0 0.227239
1 0.226367
2 0.226919
3 0.244535
4 0.213574
5 0.197557
6 0.225344
7 0.214394
8 0.182897
9 0.222013
10 0.171063
11 0.156663
12 0.210987
13 0.194507
14 0.173866
15 0.179018
16 0.205627
17 0.146922
18 0.109287
19 0.182542
20 0.226999
21 0.208777
22 0.215243
23 0.223773
24 0.195129
25 0.20517
26 0.21654
27 0.212557
28 0.186246
29 0.20973
"[DEBUG]index 28 centroid... "
0 0.186889
1 0.167821
2 0.174933
3 0.198776
4 0.200609
5 0.19957
6 0.206244
7 0.19273
8 0.150676
9 0.192196
10 0.170913
11 0.212177
12 0.195469
13 0.131288
14 0.223113
15 0.233351
16 0.182914
17 0.172758
18 0.175839
19 0.160362
20 0.143639
21 0.190769
22 0.187312
23 0.215831
24 0.201299
25 0.197628
26 0.206323
27 0.206332
28 0.192112
29 0.22113
"[DEBUG]index 29 centroid... "
0 0.185979
1 0.185789
2 0.185078
3 0.197071
4 0.208603
5 0.201004
6 0.220936
7 0.189782
8 0.121529
9 0.116799
10 0.115205
11 0.186442
12 0.21493
13 0.164127
14 0.198312
15 0.180842
16 0.149545
17 0.180414
18 0.205571
19 0.176499
20 0.172704
21 0.196156
22 0.206718
23 0.173288
24 0.188242
25 0.190621
26 0.184286
27 0.196793
28 0.179036
29 0.215415
"[DEBUG]index 30 centroid... "
0 0.181549
1 0.160159
2 0.174932
3 0.197381
4 0.223525
5 0.173721
6 0.222778
7 0.204804
8 0.115567
9 0.149056
10 0.169579
11 0.177672
12 0.157582
13 0.149077
14 0.174934
15 0.202245
16 0.172165
17 0.155702
18 0.228083
19 0.165306
20 0.188114
21 0.189721
22 0.147967
23 0.172436
24 0.173826
25 0.168309
26 0.163542
27 0.170609
28 0.174035
29 0.174413
"[DEBUG]index 31 centroid... "
0 0.185312
1 0.189943
2 0.183583
3 0.204817
4 0.210112
5 0.182827
6 0.213338
7 0.219864
8 0.147755
9 0.146839
10 0.173782
11 0.160876
12 0.177678
13 0.230314
14 0.233439
15 0.178564
16 0.192145
17 0.205048
18 0.183905
19 0.202778
20 0.206497
21 0.209215
22 0.221424
23 0.208605
24 0.206204
25 0.203708
26 0.201231
27 0.204485
28 0.207283
29 0.207239
"[DEBUG]index 32 centroid... "
0 0.188624
1 0.203719
2 0.202621
3 0.204071
4 0.200811
5 0.203384
6 0.199337
7 0.178321
8 0.145821
9 0.144133
10 0.212708
11 0.194425
12 0.223169
13 0.239391
14 0.24185
15 0.134628
16 0.188208
17 0.233064
18 0.194412
19 0.195355
20 0.179938
21 0.154514
22 0.206434
23 0.180648
24 0.166589
25 0.189537
26 0.217747
27 0.163866
28 0.222182
29 0.208418
"[DEBUG]index 33 centroid... "
0 0.186865
1 0.180836
2 0.179506
3 0.191808
4 0.204898
5 0.185468
6 0.210366
7 0.180893
8 0.10937
9 0.0926752
10 0.110214
11 0.182811
12 0.233184
13 0.185517
14 0.193675
15 0.195247
16 0.194869
17 0.197962
18 0.174118
19 0.180012
20 0.202296
21 0.171427
22 0.200704
23 0.214533
24 0.202238
25 0.210931
26 0.190585
27 0.185776
28 0.188004
29 0.171221
"[DEBUG]index 34 centroid... "
0 0.192955
1 0.178717
2 0.180845
3 0.197772
4 0.203301
5 0.183806
6 0.193149
7 0.197471
8 0.123424
9 0.188415
10 0.198584
11 0.1895
12 0.2091
13 0.189058
14 0.133958
15 0.203007
16 0.211597
17 0.168704
18 0.226599
19 0.207196
20 0.179925
21 0.183645
22 0.186959
23 0.187564
24 0.192869
25 0.200956
26 0.201975
27 0.18467
28 0.186348
29 0.179548
"[DEBUG]index 35 centroid... "
0 0.218328
1 0.224063
2 0.211115
3 0.205167
4 0.192084
5 0.21202
6 0.221734
7 0.221858
8 0.140346
9 0.148501
10 0.152681
11 0.157619
12 0.146449
13 0.22669
14 0.237792
15 0.199352
16 0.190597
17 0.176132
18 0.174734
19 0.181608
20 0.169847
21 0.148194
22 0.20841
23 0.23368
24 0.228676
25 0.213477
26 0.208074
27 0.191878
28 0.205387
29 0.193125
"[DEBUG]index 36 centroid... "
0 0.17279
1 0.180159
2 0.16987
3 0.182037
4 0.200511
5 0.165555
6 0.202791
7 0.226471
8 0.130586
9 0.0882412
10 0.21412
11 0.197993
12 0.169526
13 0.206071
14 0.206808
15 0.163385
16 0.15747
17 0.193366
18 0.215552
19 0.192617
20 0.233367
21 0.214051
22 0.198282
23 0.215427
24 0.216162
25 0.198669
26 0.210521
27 0.218548
28 0.217068
29 0.203029
"[DEBUG]index 37 centroid... "
0 0.187879
1 0.184089
2 0.203555
3 0.207224
4 0.216042
5 0.189773
6 0.205306
7 0.190878
8 0.122135
9 0.164923
10 0.18875
11 0.178493
12 0.226178
13 0.200559
14 0.171964
15 0.212813
16 0.172193
17 0.127331
18 0.188387
19 0.204717
20 0.189743
21 0.191643
22 0.184937
23 0.177223
24 0.170918
25 0.175264
26 0.186516
27 0.191521
28 0.190019
29 0.197795
"[DEBUG]index 38 centroid... "
0 0.185275
1 0.173131
2 0.174212
3 0.20156
4 0.208801
5 0.172068
6 0.200978
7 0.189079
8 0.111198
9 0.160298
10 0.207796
11 0.173301
12 0.201707
13 0.224594
14 0.205766
15 0.143202
16 0.20973
17 0.229281
18 0.170449
19 0.180233
20 0.204484
21 0.160444
22 0.163749
23 0.182332
24 0.192436
25 0.181187
26 0.193436
27 0.187109
28 0.173084
29 0.168414
"[DEBUG]index 39 centroid... "
0 0.193797
1 0.185257
2 0.185913
3 0.200164
4 0.201138
5 0.167767
6 0.212806
7 0.196957
8 0.130254
9 0.19149
10 0.20336
11 0.171977
12 0.175644
13 0.165693
14 0.190977
15 0.164508
16 0.144262
17 0.22
18 0.152814
19 0.121391
20 0.216872
21 0.204167
22 0.185007
23 0.182867
24 0.181348
25 0.176784
26 0.167613
27 0.186768
28 0.192883
29 0.203319
"[DEBUG]index 40 centroid... "
0 0.197871
1 0.19098
2 0.231051
3 0.196369
4 0.195745
5 0.119941
6 0.213072
7 0.241412
8 0.184166
9 0.242017
10 0.230953
11 0.141909
12 0.20104
13 0.224516
14 0.154345
15 0.169471
16 0.230931
17 0.156205
18 0.156822
19 0.216728
20 0.267793
21 0.275616
22 0.276935
23 0.236165
24 0.232104
25 0.229977
26 0.191203
27 0.200368
28 0.185019
29 0.227699
"[DEBUG]index 41 centroid... "
0 0.175241
1 0.173395
2 0.170023
3 0.174903
4 0.158254
5 0.163528
6 0.194693
7 0.226695
8 0.163452
9 0.13975
10 0.142489
11 0.087508
12 0.146653
13 0.184544
14 0.143397
15 0.162939
16 0.178772
17 0.158157
18 0.188548
19 0.170834
20 0.202438
21 0.226458
22 0.221861
23 0.235284
24 0.235558
25 0.241542
26 0.247264
27 0.236823
28 0.219578
29 0.204468
"[DEBUG]index 42 centroid... "
0 0.191874
1 0.175115
2 0.188646
3 0.186146
4 0.214722
5 0.220026
6 0.222946
7 0.24703
8 0.125047
9 0.125787
10 0.217918
11 0.213858
12 0.185746
13 0.17993
14 0.16514
15 0.176362
16 0.17857
17 0.15224
18 0.169122
19 0.195016
20 0.147509
21 0.204707
22 0.202033
23 0.190679
24 0.200458
25 0.203159
26 0.21389
27 0.18536
28 0.192771
29 0.194461
"[DEBUG]index 43 centroid... "
0 0.178464
1 0.185798
2 0.182494
3 0.183467
4 0.192061
5 0.157331
6 0.190703
7 0.169532
8 0.106227
9 0.173774
10 0.201646
11 0.176511
12 0.211727
13 0.194654
14 0.137213
15 0.182002
16 0.194402
17 0.178619
18 0.171764
19 0.156688
20 0.198014
21 0.187839
22 0.143265
23 0.181419
24 0.192514
25 0.176837
26 0.192049
27 0.187381
28 0.149695
29 0.181588
"[DEBUG]index 44 centroid... "
0 0.159069
1 0.172996
2 0.183182
3 0.198824
4 0.204022
5 0.183398
6 0.20356
7 0.184533
8 0.106775
9 0.11856
10 0.156972
11 0.205809
12 0.224076
13 0.208121
14 0.197288
15 0.186275
16 0.172714
17 0.152115
18 0.137216
19 0.117151
20 0.148778
21 0.167578
22 0.199696
23 0.19978
24 0.189288
25 0.185345
26 0.187177
27 0.173337
28 0.184494
29 0.190307
"[DEBUG]index 45 centroid... "
0 0.175164
1 0.178012
2 0.166561
3 0.201151
4 0.194507
5 0.159981
6 0.18669
7 0.165606
8 0.0874244
9 0.109778
10 0.136124
11 0.205306
12 0.193578
13 0.160151
14 0.167423
15 0.153508
16 0.16184
17 0.19647
18 0.211904
19 0.174647
20 0.173064
21 0.168743
22 0.154887
23 0.180267
24 0.19235
25 0.181542
26 0.19364
27 0.185699
28 0.180742
29 0.171099
"[DEBUG]index 46 centroid... "
0 0.197986
1 0.190934
2 0.19853
3 0.207929
4 0.214005
5 0.185804
6 0.213265
7 0.215675
8 0.142501
9 0.160339
10 0.181019
11 0.150801
12 0.183528
13 0.206396
14 0.171332
15 0.179221
16 0.210627
17 0.192644
18 0.182001
19 0.218381
20 0.209637
21 0.169476
22 0.204343
23 0.20378
24 0.188155
25 0.19395
26 0.200483
27 0.193941
28 0.194854
29 0.20585
"[DEBUG]index 47 centroid... "
0 0.173139
1 0.178878
2 0.184593
3 0.204084
4 0.210102
5 0.182423
6 0.208358
7 0.188275
8 0.121793
9 0.199876
10 0.207896
11 0.18766
12 0.224399
13 0.210872
14 0.193928
15 0.166442
16 0.148566
17 0.130994
18 0.111246
19 0.147809
20 0.165027
21 0.196545
22 0.202944
23 0.194693
24 0.18768
25 0.173954
26 0.173897
27 0.186658
28 0.188838
29 0.196963
"[DEBUG]index 48 centroid... "
0 0.179535
1 0.178965
2 0.183856
3 0.198249
4 0.196113
5 0.165998
6 0.175333
7 0.165031
8 0.100346
9 0.157846
10 0.18435
11 0.186503
12 0.199997
13 0.171204
14 0.187004
15 0.178797
16 0.158456
17 0.19389
18 0.191439
19 0.191065
20 0.193339
21 0.172007
22 0.190741
23 0.192489
24 0.185289
25 0.187629
26 0.185516
27 0.179688
28 0.178594
29 0.181613
"[DEBUG]index 49 centroid... "
0 0.187005
1 0.165948
2 0.20663
3 0.209111
4 0.185474
5 0.174708
6 0.178151
7 0.163714
8 0.0778283
9 0.153414
10 0.238669
11 0.198398
12 0.176401
13 0.143947
14 0.0932591
15 0.139956
16 0.191008
17 0.186981
18 0.188189
19 0.199895
20 0.177984
21 0.170449
22 0.223119
23 0.172654
24 0.168636
25 0.200704
26 0.221664
27 0.188633
28 0.19203
29 0.180955
"[DEBUG]index 50 centroid... "
0 0.192059
1 0.181969
2 0.187896
3 0.200975
4 0.197074
5 0.176551
6 0.224485
7 0.210162
8 0.123916
9 0.159572
10 0.213768
11 0.147921
12 0.184941
13 0.221346
14 0.161095
15 0.187541
16 0.192931
17 0.157486
18 0.187878
19 0.197399
20 0.214569
21 0.180859
22 0.164969
23 0.201082
24 0.197896
25 0.18635
26 0.199727
27 0.183653
28 0.200634
29 0.195639
"[DEBUG]index 51 centroid... "
0 0.173216
1 0.171052
2 0.187213
3 0.1979
4 0.213972
5 0.187529
6 0.204693
7 0.180614
8 0.11046
9 0.132364
10 0.162538
11 0.182394
12 0.226774
13 0.193747
14 0.1907
15 0.205244
16 0.197174
17 0.169782
18 0.172313
19 0.158403
20 0.125911
21 0.158615
22 0.157828
23 0.198464
24 0.195169
25 0.193782
26 0.184334
27 0.182288
28 0.185553
29 0.175652
"[DEBUG]index 52 centroid... "
0 0.185937
1 0.185112
2 0.194874
3 0.206068
4 0.214065
5 0.182143
6 0.216517
7 0.199928
8 0.12112
9 0.207924
10 0.234518
11 0.16527
12 0.221256
13 0.222586
14 0.182835
15 0.178781
16 0.145863
17 0.198304
18 0.206909
19 0.192275
20 0.193216
21 0.201393
22 0.185112
23 0.185939
24 0.192715
25 0.208792
26 0.193098
27 0.21067
28 0.188741
29 0.184103
"[DEBUG]index 53 centroid... "
0 0.251623
1 0.203125
2 0.181319
3 0.178627
4 0.199592
5 0.200327
6 0.212153
7 0.142352
8 0.159835
9 0.195015
10 0.240584
11 0.217346
12 0.213261
13 0.255882
14 0.173234
15 0.177704
16 0.201125
17 0.217079
18 0.232358
19 0.201014
20 0.134799
21 0.246082
22 0.273736
23 0.244568
24 0.221556
25 0.12266
26 0.225183
27 0.272428
28 0.166648
29 0.198741
"[DEBUG]index 54 centroid... "
0 0.214015
1 0.278612
2 0.229278
3 0.232037
4 0.249022
5 0.302648
6 0.203121
7 0.342128
8 0.254073
9 0.241161
10 0.290282
11 0.279458
12 0.207795
13 0.280425
14 0.294209
15 0.234282
16 0.274854
17 0.323656
18 0.292308
19 0.231465
20 0.29026
21 0.359271
22 0.316571
23 0.320982
24 0.325747
25 0.437051
26 0.342399
27 0.377377
28 0.365172
29 0.359238
"[DEBUG]index 55 centroid... "
0 0.221669
1 0.202248
2 0.186049
3 0.158788
4 0.166529
5 0.215364
6 0.198587
7 0.216525
8 0.167003
9 0.182152
10 0.283485
11 0.217078
12 0.15796
13 0.224737
14 0.156178
15 0.203345
16 0.173667
17 0.267628
18 0.184245
19 0.223466
20 0.19573
21 0.153193
22 0.168067
23 0.224197
24 0.235996
25 0.230223
26 0.223401
27 0.212138
28 0.166475
29 0.148679
"[DEBUG]index 56 centroid... "
0 0.175706
1 0.200167
2 0.18299
3 0.206844
4 0.184523
5 0.178761
6 0.215865
7 0.197567
8 0.112556
9 0.209052
10 0.218745
11 0.155372
12 0.173314
13 0.168897
14 0.177119
15 0.204832
16 0.136642
17 0.155083
18 0.229774
19 0.215042
20 0.178238
21 0.196655
22 0.184992
23 0.18757
24 0.208848
25 0.205218
26 0.212259
27 0.201349
28 0.195077
29 0.191647
"[DEBUG]index 57 centroid... "
0 0.207974
1 0.207202
2 0.187992
3 0.191989
4 0.165805
5 0.204618
6 0.207064
7 0.208716
8 0.18274
9 0.0877906
10 0.165572
11 0.229239
12 0.190097
13 0.186601
14 0.190042
15 0.146792
16 0.130483
17 0.140311
18 0.139142
19 0.124338
20 0.171955
21 0.169078
22 0.168929
23 0.162196
24 0.17471
25 0.186386
26 0.180614
27 0.193129
28 0.190761
29 0.166192
"[DEBUG]index 58 centroid... "
0 0.169663
1 0.174163
2 0.160222
3 0.181344
4 0.184797
5 0.151239
6 0.167067
7 0.16043
8 0.100401
9 0.160378
10 0.209829
11 0.198181
12 0.208179
13 0.187643
14 0.223472
15 0.155861
16 0.170362
17 0.185104
18 0.132711
19 0.151477
20 0.16721
21 0.173949
22 0.184672
23 0.193372
24 0.175008
25 0.168139
26 0.172803
27 0.191476
28 0.192714
29 0.186759
"[DEBUG]index 59 centroid... "
0 0.18528
1 0.186658
2 0.196356
3 0.209289
4 0.210198
5 0.183075
6 0.216971
7 0.211713
8 0.15575
9 0.164525
10 0.203579
11 0.171563
12 0.183905
13 0.18342
14 0.179241
15 0.1854
16 0.196975
17 0.181768
18 0.199641
19 0.182177
20 0.150328
21 0.21352
22 0.225087
23 0.20682
24 0.206337
25 0.202341
26 0.184655
27 0.185353
28 0.187827
29 0.203196
"[DEBUG]index 60 centroid... "
0 0.195697
1 0.202845
2 0.195955
3 0.222028
4 0.224066
5 0.16844
6 0.202291
7 0.153679
8 0.077942
9 0.110861
10 0.141536
11 0.190216
12 0.218779
13 0.154666
14 0.13345
15 0.121287
16 0.140077
17 0.163015
18 0.205697
19 0.179999
20 0.189111
21 0.193979
22 0.211182
23 0.253253
24 0.208809
25 0.243705
26 0.254941
27 0.218768
28 0.195836
29 0.22668
"[DEBUG]index 61 centroid... "
0 0.171962
1 0.172723
2 0.171238
3 0.195358
4 0.190585
5 0.203933
6 0.210002
7 0.204871
8 0.131278
9 0.191365
10 0.183772
11 0.187837
12 0.19608
13 0.170341
14 0.201522
15 0.188007
16 0.179597
17 0.24783
18 0.168498
19 0.109149
20 0.129432
21 0.122739
22 0.20606
23 0.203491
24 0.203094
25 0.199106
26 0.20441
27 0.201151
28 0.174765
29 0.175732
"[DEBUG]index 62 centroid... "
0 0.182115
1 0.176149
2 0.198767
3 0.196984
4 0.228173
5 0.174841
6 0.198873
7 0.197228
8 0.129757
9 0.16828
10 0.205891
11 0.195235
12 0.202017
13 0.22234
14 0.208288
15 0.165018
16 0.138516
17 0.101691
18 0.142761
19 0.167152
20 0.213722
21 0.203671
22 0.195814
23 0.188786
24 0.195526
25 0.1803
26 0.190677
27 0.173848
28 0.178589
29 0.188675
"[DEBUG]index 63 centroid... "
0 0.244013
1 0.213476
2 0.259934
3 0.24824
4 0.193805
5 0.232166
6 0.244876
7 0.246366
8 0.183209
9 0.188971
10 0.133366
11 0.19351
12 0.144529
13 0.206006
14 0.146042
15 0.148179
16 0.114645
17 0.109387
18 0.106986
19 0.124826
20 0.163244
21 0.235115
22 0.269007
23 0.221996
24 0.12038
25 0.184155
26 0.18679
27 0.147199
28 0.14534
29 0.224548
"[DEBUG]index 64 centroid... "
0 0.166434
1 0.168037
2 0.167641
3 0.186519
4 0.204352
5 0.181406
6 0.222631
7 0.204782
8 0.117416
9 0.0851094
10 0.0971219
11 0.151053
12 0.167788
13 0.211138
14 0.201943
15 0.162478
16 0.211666
17 0.171347
18 0.170521
19 0.175577
20 0.149572
21 0.178665
22 0.148642
23 0.180674
24 0.201668
25 0.194168
26 0.199833
27 0.179858
28 0.18565
29 0.183119
"[DEBUG]index 65 centroid... "
0 0.173691
1 0.161383
2 0.168083
3 0.193848
4 0.185446
5 0.180456
6 0.197888
7 0.157809
8 0.068783
9 0.0940356
10 0.113363
11 0.218872
12 0.235851
13 0.212266
14 0.196613
15 0.14251
16 0.180161
17 0.198813
18 0.179544
19 0.184484
20 0.200143
21 0.177006
22 0.176078
23 0.207826
24 0.172102
25 0.188098
26 0.205708
27 0.171088
28 0.180552
29 0.172551
"[DEBUG]index 66 centroid... "
0 0.202667
1 0.17778
2 0.168797
3 0.195396
4 0.217513
5 0.177172
6 0.223201
7 0.196684
8 0.12025
9 0.102265
10 0.13272
11 0.138473
12 0.128505
13 0.150337
14 0.143474
15 0.153
16 0.147734
17 0.207279
18 0.185208
19 0.188609
20 0.229785
21 0.187738
22 0.177269
23 0.205244
24 0.193274
25 0.165789
26 0.176881
27 0.186648
28 0.180744
29 0.167537
"[DEBUG]index 67 centroid... "
0 0.170475
1 0.163751
2 0.182474
3 0.207992
4 0.178069
5 0.152849
6 0.19814
7 0.210951
8 0.133578
9 0.254222
10 0.193085
11 0.183737
12 0.211034
13 0.181903
14 0.172419
15 0.201577
16 0.171555
17 0.265387
18 0.164601
19 0.146128
20 0.177067
21 0.165367
22 0.180023
23 0.206558
24 0.149423
25 0.191925
26 0.169298
27 0.134121
28 0.152096
29 0.169309
"[DEBUG]index 68 centroid... "
0 0.194082
1 0.195872
2 0.196362
3 0.206045
4 0.192148
5 0.181411
6 0.215399
7 0.234589
8 0.161063
9 0.155731
10 0.19441
11 0.178544
12 0.173038
13 0.221029
14 0.225486
15 0.198421
16 0.177989
17 0.190324
18 0.196186
19 0.181473
20 0.198441
21 0.20792
22 0.204932
23 0.206742
24 0.215063
25 0.205082
26 0.210719
27 0.200527
28 0.202456
29 0.2122
"[DEBUG]index 69 centroid... "
0 0.224924
1 0.207226
2 0.194365
3 0.210541
4 0.205362
5 0.195208
6 0.249315
7 0.182624
8 0.154852
9 0.160981
10 0.156811
11 0.234943
12 0.224704
13 0.229664
14 0.198436
15 0.136059
16 0.220818
17 0.196788
18 0.184831
19 0.212583
20 0.213717
21 0.144461
22 0.228516
23 0.216864
24 0.219071
25 0.213176
26 0.209383
27 0.215304
28 0.195859
29 0.195849
"[DEBUG]index 70 centroid... "
0 0.180772
1 0.170363
2 0.168871
3 0.203944
4 0.191228
5 0.188092
6 0.185672
7 0.223882
8 0.143621
9 0.125735
10 0.215671
11 0.182471
12 0.174576
13 0.170087
14 0.183995
15 0.186042
16 0.174756
17 0.174263
18 0.16515
19 0.176856
20 0.21945
21 0.232174
22 0.204229
23 0.219521
24 0.216119
25 0.185599
26 0.216558
27 0.208768
28 0.196176
29 0.210068
"[DEBUG]index 71 centroid... "
0 0.171521
1 0.176252
2 0.180057
3 0.192247
4 0.193403
5 0.162061
6 0.187101
7 0.180775
8 0.116615
9 0.159556
10 0.196709
11 0.179713
12 0.198374
13 0.20429
14 0.175146
15 0.161871
16 0.172451
17 0.18386
18 0.184696
19 0.182165
20 0.181577
21 0.167841
22 0.143534
23 0.17469
24 0.182449
25 0.174185
26 0.181588
27 0.183719
28 0.170973
29 0.169128
"[DEBUG]index 72 centroid... "
0 0.165456
1 0.168295
2 0.165699
3 0.193848
4 0.196851
5 0.187674
6 0.210113
7 0.2
8 0.113646
9 0.0914029
10 0.0833492
11 0.101039
12 0.137488
13 0.191689
14 0.169869
15 0.159283
16 0.202961
17 0.195979
18 0.166891
19 0.179598
20 0.184991
21 0.195825
22 0.200653
23 0.207843
24 0.195531
25 0.210249
26 0.200739
27 0.185249
28 0.198919
29 0.220124
"[DEBUG]index 73 centroid... "
0 0.19181
1 0.209148
2 0.190861
3 0.196479
4 0.20097
5 0.171304
6 0.195649
7 0.187959
8 0.137582
9 0.15235
10 0.149677
11 0.181285
12 0.199161
13 0.154321
14 0.168541
15 0.232535
16 0.236017
17 0.158865
18 0.184072
19 0.157128
20 0.182635
21 0.207064
22 0.192953
23 0.210597
24 0.188014
25 0.189132
26 0.165126
27 0.184059
28 0.193961
29 0.20252
"[DEBUG]index 74 centroid... "
0 0.170086
1 0.151768
2 0.165434
3 0.151526
4 0.170979
5 0.153923
6 0.189941
7 0.175966
8 0.135079
9 0.177015
10 0.164547
11 0.101129
12 0.177013
13 0.207332
14 0.180159
15 0.168315
16 0.176373
17 0.170283
18 0.170832
19 0.200747
20 0.197425
21 0.212363
22 0.195972
23 0.212365
24 0.217314
25 0.205015
26 0.22824
27 0.2046
28 0.206098
29 0.19376
"[DEBUG]index 75 centroid... "
0 0.218764
1 0.215765
2 0.231816
3 0.224089
4 0.251486
5 0.218855
6 0.242384
7 0.199585
8 0.186355
9 0.182579
10 0.185379
11 0.228898
12 0.222906
13 0.242497
14 0.238575
15 0.253126
16 0.220656
17 0.237172
18 0.220659
19 0.275745
20 0.219581
21 0.223928
22 0.235574
23 0.258075
24 0.222301
25 0.241121
26 0.205306
27 0.212003
28 0.167081
29 0.211095
"[DEBUG]index 76 centroid... "
0 0.207593
1 0.188942
2 0.197901
3 0.217159
4 0.197016
5 0.189909
6 0.232471
7 0.215875
8 0.142745
9 0.165416
10 0.19575
11 0.175201
12 0.156421
13 0.206614
14 0.192326
15 0.108536
16 0.14671
17 0.184501
18 0.212631
19 0.174855
20 0.185031
21 0.206753
22 0.212225
23 0.189527
24 0.246178
25 0.264376
26 0.225119
27 0.245386
28 0.275168
29 0.21713
"[DEBUG]index 77 centroid... "
0 0.204591
1 0.177771
2 0.204675
3 0.210057
4 0.212988
5 0.182128
6 0.227759
7 0.195407
8 0.114511
9 0.206488
10 0.225407
11 0.166669
12 0.212935
13 0.223831
14 0.142575
15 0.179174
16 0.18923
17 0.147257
18 0.196718
19 0.164665
20 0.202503
21 0.212375
22 0.167707
23 0.192793
24 0.198018
25 0.17284
26 0.183336
27 0.189316
28 0.198232
29 0.197851
"[DEBUG]index 78 centroid... "
0 0.182817
1 0.184789
2 0.161924
3 0.185663
4 0.18833
5 0.154858
6 0.188634
7 0.198534
8 0.164163
9 0.182837
10 0.188366
11 0.189683
12 0.151892
13 0.113283
14 0.14359
15 0.158404
16 0.16879
17 0.170152
18 0.182063
19 0.184164
20 0.18093
21 0.178356
22 0.18292
23 0.188429
24 0.197301
25 0.215468
26 0.215165
27 0.20022
28 0.216565
29 0.221359
"[DEBUG]index 79 centroid... "
0 0.143342
1 0.155865
2 0.182454
3 0.210336
4 0.219352
5 0.178869
6 0.227656
7 0.223477
8 0.123368
9 0.191074
10 0.208032
11 0.22527
12 0.180131
13 0.170804
14 0.195504
15 0.200273
16 0.180984
17 0.183891
18 0.171308
19 0.221639
20 0.236361
21 0.248118
22 0.185619
23 0.200581
24 0.198161
25 0.167615
26 0.157358
27 0.177365
28 0.172539
29 0.174048
"[DEBUG]index 80 centroid... "
0 0.170924
1 0.165064
2 0.173359
3 0.194167
4 0.183347
5 0.159279
6 0.158932
7 0.167412
8 0.11955
9 0.169148
10 0.199233
11 0.212703
12 0.209833
13 0.153373
14 0.194828
15 0.175086
16 0.193948
17 0.179341
18 0.184143
19 0.216201
20 0.203946
21 0.186531
22 0.199216
23 0.205286
24 0.204261
25 0.199035
26 0.201259
27 0.199198
28 0.191153
29 0.205127
"[DEBUG]index 81 centroid... "
0 0.193912
1 0.193197
2 0.22235
3 0.205475
4 0.206399
5 0.186195
6 0.203998
7 0.210881
8 0.167584
9 0.214254
10 0.207039
11 0.226046
12 0.214083
13 0.153297
14 0.195358
15 0.193475
16 0.22284
17 0.20505
18 0.163267
19 0.210308
20 0.209621
21 0.173158
22 0.190675
23 0.201948
24 0.193762
25 0.216594
26 0.184898
27 0.21391
28 0.197804
29 0.191514
"[DEBUG]index 82 centroid... "
0 0.185288
1 0.210957
2 0.22651
3 0.237705
4 0.25425
5 0.197281
6 0.189975
7 0.184726
8 0.0914488
9 0.158963
10 0.162469
11 0.184427
12 0.22872
13 0.214483
14 0.197373
15 0.202992
16 0.239995
17 0.218487
18 0.179506
19 0.201387
20 0.224318
21 0.215567
22 0.219259
23 0.217145
24 0.171906
25 0.172901
26 0.217963
27 0.201497
28 0.185682
29 0.207855
"[DEBUG]index 83 centroid... "
0 0.172107
1 0.19741
2 0.194654
3 0.214085
4 0.227995
5 0.175404
6 0.204799
7 0.197218
8 0.117303
9 0.173177
10 0.2131
11 0.21873
12 0.217855
13 0.205924
14 0.23226
15 0.220375
16 0.179395
17 0.214867
18 0.241063
19 0.214781
20 0.210118
21 0.229571
22 0.219541
23 0.195299
24 0.207719
25 0.209459
26 0.200909
27 0.194132
28 0.20398
29 0.205049
"[DEBUG]index 84 centroid... "
0 0.18877
1 0.181426
2 0.216821
3 0.217121
4 0.196478
5 0.204351
6 0.222882
7 0.190891
8 0.0825787
9 0.138366
10 0.146331
11 0.20942
12 0.219608
13 0.167201
14 0.179149
15 0.18247
16 0.202462
17 0.187743
18 0.192397
19 0.242157
20 0.235488
21 0.235348
22 0.228005
23 0.227203
24 0.212458
25 0.230304
26 0.225662
27 0.210468
28 0.189273
29 0.213111
"[DEBUG]index 85 centroid... "
0 0.183005
1 0.181367
2 0.188812
3 0.179267
4 0.167038
5 0.185387
6 0.22269
7 0.226345
8 0.196837
9 0.126001
10 0.187345
11 0.183512
12 0.223746
13 0.19512
14 0.166421
15 0.172918
16 0.18305
17 0.175837
18 0.174266
19 0.199638
20 0.194658
21 0.186646
22 0.204563
23 0.189434
24 0.186373
25 0.214401
26 0.205744
27 0.174062
28 0.156587
29 0.179209
"[DEBUG]index 86 centroid... "
0 0.169428
1 0.167019
2 0.184067
3 0.187826
4 0.188823
5 0.156912
6 0.1693
7 0.158291
8 0.101089
9 0.152542
10 0.196399
11 0.179326
12 0.190238
13 0.175932
14 0.180535
15 0.185964
16 0.199014
17 0.2069
18 0.207526
19 0.194819
20 0.208476
21 0.227331
22 0.199817
23 0.202267
24 0.195318
25 0.192774
26 0.181096
27 0.185272
28 0.18266
29 0.177582
"[DEBUG]index 87 centroid... "
0 0.200724
1 0.195499
2 0.17737
3 0.191386
4 0.230336
5 0.208631
6 0.248855
7 0.25747
8 0.184261
9 0.234994
10 0.233705
11 0.19806
12 0.192326
13 0.229823
14 0.227304
15 0.234846
16 0.213654
17 0.194138
18 0.202371
19 0.21333
20 0.216225
21 0.198002
22 0.217362
23 0.25013
24 0.214187
25 0.209997
26 0.222623
27 0.220315
28 0.179191
29 0.214311
"[DEBUG]index 88 centroid... "
0 0.195236
1 0.184381
2 0.187854
3 0.210067
4 0.220832
5 0.198031
6 0.219933
7 0.199524
8 0.108809
9 0.0954272
10 0.10984
11 0.207074
12 0.23561
13 0.205592
14 0.204264
15 0.22424
16 0.195712
17 0.163136
18 0.170882
19 0.187401
20 0.194833
21 0.223834
22 0.196593
23 0.195222
24 0.18899
25 0.202825
26 0.203334
27 0.190921
28 0.20647
29 0.196348
"[DEBUG]index 89 centroid... "
0 0.173972
1 0.169917
2 0.18867
3 0.177113
4 0.186276
5 0.18377
6 0.186622
7 0.22862
8 0.117112
9 0.110022
10 0.209172
11 0.185647
12 0.168634
13 0.169663
14 0.14409
15 0.161148
16 0.159555
17 0.185051
18 0.222055
19 0.195381
20 0.213437
21 0.222466
22 0.208867
23 0.204937
24 0.217799
25 0.209482
26 0.230455
27 0.175272
28 0.202059
29 0.197272
"[DEBUG]index 90 centroid... "
0 0.183872
1 0.180566
2 0.175441
3 0.189611
4 0.196906
5 0.17505
6 0.217097
7 0.203467
8 0.131264
9 0.0896518
10 0.090252
11 0.12203
12 0.11596
13 0.138953
14 0.146737
15 0.199488
16 0.195869
17 0.175145
18 0.202794
19 0.200615
20 0.162785
21 0.151325
22 0.192172
23 0.182377
24 0.165845
25 0.196016
26 0.202527
27 0.197251
28 0.182369
29 0.198667
"[DEBUG]index 91 centroid... "
0 0.211952
1 0.201983
2 0.209007
3 0.199701
4 0.197261
5 0.171841
6 0.174617
7 0.178474
8 0.112496
9 0.165598
10 0.191133
11 0.222065
12 0.202259
13 0.205246
14 0.163546
15 0.126867
16 0.0862634
17 0.0954416
18 0.123804
19 0.136202
20 0.195652
21 0.193396
22 0.16228
23 0.213603
24 0.203113
25 0.200966
26 0.200326
27 0.172051
28 0.178993
29 0.200272
"[DEBUG]index 92 centroid... "
0 0.201606
1 0.19165
2 0.203678
3 0.188023
4 0.183751
5 0.168355
6 0.199563
7 0.181602
8 0.139184
9 0.180108
10 0.209106
11 0.175575
12 0.234149
13 0.185521
14 0.101009
15 0.0950156
16 0.0718907
17 0.148185
18 0.191479
19 0.189693
20 0.20103
21 0.181566
22 0.17118
23 0.175901
24 0.16951
25 0.181629
26 0.200758
27 0.186929
28 0.198094
29 0.194736
"[DEBUG]index 93 centroid... "
0 0.204964
1 0.202073
2 0.18777
3 0.203011
4 0.175451
5 0.174742
6 0.231093
7 0.210238
8 0.150303
9 0.227233
10 0.236617
11 0.171515
12 0.181873
13 0.205273
14 0.163967
15 0.130929
16 0.246651
17 0.225334
18 0.166304
19 0.18259
20 0.168418
21 0.173797
22 0.159029
23 0.193064
24 0.201576
25 0.195131
26 0.197715
27 0.213579
28 0.202675
29 0.187697
"[DEBUG]index 94 centroid... "
0 0.166941
1 0.177241
2 0.183468
3 0.197119
4 0.202935
5 0.182242
6 0.202117
7 0.179344
8 0.0682016
9 0.155047
10 0.156942
11 0.181442
12 0.230809
13 0.17081
14 0.147967
15 0.205009
16 0.208649
17 0.170284
18 0.17287
19 0.207981
20 0.220134
21 0.237839
22 0.226778
23 0.234699
24 0.215575
25 0.221872
26 0.20909
27 0.202928
28 0.214456
29 0.224429
"[DEBUG]index 95 centroid... "
0 0.174981
1 0.170506
2 0.18418
3 0.203758
4 0.216075
5 0.191256
6 0.20998
7 0.17857
8 0.0858136
9 0.0757998
10 0.124471
11 0.203723
12 0.22155
13 0.190154
14 0.217811
15 0.169019
16 0.142967
17 0.164002
18 0.148105
19 0.151659
20 0.213135
21 0.209439
22 0.182555
23 0.18155
24 0.185404
25 0.173634
26 0.175378
27 0.158511
28 0.165949
29 0.172386
"[DEBUG]index 96 centroid... "
0 0.190527
1 0.181469
2 0.182362
3 0.19487
4 0.200144
5 0.166478
6 0.206888
7 0.21535
8 0.133324
9 0.153351
10 0.209655
11 0.206673
12 0.171739
13 0.209809
14 0.23252
15 0.16424
16 0.169321
17 0.225241
18 0.186391
19 0.160873
20 0.221457
21 0.217135
22 0.177287
23 0.197562
24 0.210824
25 0.193204
26 0.197996
27 0.199745
28 0.191926
29 0.18987
"[DEBUG]index 97 centroid... "
0 0.182092
1 0.158578
2 0.182352
3 0.181306
4 0.18575
5 0.170272
6 0.203547
7 0.199091
8 0.134538
9 0.210251
10 0.200339
11 0.166554
12 0.171796
13 0.170371
14 0.154263
15 0.179899
16 0.184207
17 0.203512
18 0.17193
19 0.166957
20 0.188902
21 0.161395
22 0.162497
23 0.228051
24 0.208354
25 0.186871
26 0.169312
27 0.165972
28 0.188879
29 0.170971
"[DEBUG]index 98 centroid... "
0 0.234915
1 0.194016
2 0.205802
3 0.192318
4 0.226839
5 0.218037
6 0.266801
7 0.201481
8 0.113977
9 0.214864
10 0.230901
11 0.205343
12 0.179012
13 0.2439
14 0.177285
15 0.162353
16 0.197611
17 0.123194
18 0.158017
19 0.239193
20 0.218068
21 0.223247
22 0.190781
23 0.193194
24 0.182506
25 0.206934
26 0.205897
27 0.2446
28 0.231024
29 0.214227
"[DEBUG]index 99 centroid... "
0 0.190247
1 0.183643
2 0.192303
3 0.211504
4 0.205073
5 0.178816
6 0.213079
7 0.205016
8 0.129372
9 0.16242
10 0.191293
11 0.189893
12 0.193599
13 0.217863
14 0.213081
15 0.178626
16 0.213402
17 0.183417
18 0.130941
19 0.204996
20 0.211394
21 0.179207
22 0.217147
23 0.209181
24 0.190803
25 0.194204
26 0.18446
27 0.190839
28 0.191414
29 0.20013
