correlation level (red against blue): 
-0.303782
0.180856
-0.493448
-0.171116
-0.620955
-0.575374
-0.628007
-0.300861
-0.563245
-0.740397
-0.544318
-0.70856
-0.778562
-0.53865
-0.659481
-0.755784
-0.721496
-0.605129
-0.689582
-0.450658
-0.445301
-0.804484
-0.791231
-0.725254
-0.649814
-0.691089
-0.384119
-0.773813
-0.654028
-0.688957
-0.583623
-0.527464
-0.537293
-0.680752
-0.834106
-0.664777
-0.764322
-0.793887
-0.728032
-0.747505
-0.350636
-0.637357
-0.718146
-0.800387
-0.617359
-0.711381
-0.633389
-0.589348
-0.845127
-0.719661
-0.764401
-0.613228
-0.766532
-0.374004
-0.220846
-0.371463
-0.787978
-0.615361
-0.68018
-0.612008
-0.588874
-0.740433
-0.56785
-0.476888
-0.520911
-0.680004
-0.473463
-0.341808
-0.559158
-0.704714
-0.680111
-0.751014
-0.543378
-0.461685
-0.681082
-0.298473
-0.706226
-0.788018
-0.677681
-0.486951
-0.734618
-0.702165
-0.701718
-0.736718
-0.758144
-0.451031
-0.734486
-0.369818
-0.709591
-0.759081
-0.4617
-0.503811
-0.729319
-0.601188
-0.812383
-0.675092
-0.674229
-0.55106
-0.743614
-0.814688
