"[DEBUG]index 0 centroid... "
0 0.807947
1 2.12583
2 1.17881
3 0.907285
4 1
5 1.71523
6 2.05298
7 3.25166
8 3.01325
9 2.47682
10 7.77483
11 10.0795
12 6.33113
13 7.82781
14 20.3311
15 22.1854
16 6.53642
17 12.5497
18 4.89404
19 3.92715
20 5.33113
21 1.80132
22 4.3245
23 3.51656
24 1.63576
25 2.44371
26 1.54305
27 1.68212
28 1.54305
29 1.78146
"[DEBUG]index 1 centroid... "
0 5.68254
1 5.5873
2 6.88095
3 8.98413
4 8.26984
5 4.45238
6 4.13492
7 2.15873
8 7.57143
9 3.36508
10 2.56349
11 1.27778
12 1.14286
13 0.373016
14 0.388889
15 0.150794
16 0.238095
17 0.547619
18 0.492063
19 1
20 1.77778
21 1.56349
22 2.09524
23 2.89683
24 1.72222
25 3.11905
26 2.7381
27 2.45238
28 2.8254
29 3.34921
"[DEBUG]index 2 centroid... "
0 2.38925
1 2.64687
2 2.51525
3 2.03852
4 2.23917
5 2.50401
6 2.15409
7 1.92777
8 9.34831
9 3.76324
10 1.89647
11 1.2191
12 0.574639
13 0.626003
14 1.00963
15 2.07303
16 4.61316
17 6.94944
18 16.3628
19 6.40369
20 4.20867
21 1.99839
22 1.08186
23 2.2175
24 2.38042
25 2.67416
26 2.65088
27 2.86196
28 2.71348
29 2.65409
"[DEBUG]index 3 centroid... "
0 6.11392
1 4.01266
2 4.24051
3 3.78481
4 4.03797
5 3.63291
6 4.17722
7 2.55696
8 13.557
9 3.22785
10 2.82278
11 1.58228
12 1.51899
13 3.12658
14 8.10127
15 5.75949
16 7.89873
17 2.50633
18 1.63291
19 0.797468
20 0.303797
21 0.607595
22 0.886076
23 4.46835
24 3.16456
25 3.20253
26 3.17722
27 4.32911
28 2.98734
29 2.92405
"[DEBUG]index 4 centroid... "
0 2.8616
1 2.7643
2 2.38081
3 2.39507
4 2.64016
5 3.06777
6 2.95034
7 1.29089
8 19.9163
9 3.52827
10 2.78527
11 1.46754
12 3.1327
13 1.86881
14 6.38114
15 7.27277
16 1.97635
17 1.18705
18 3.3949
19 2.34642
20 3.77638
21 23.1968
22 4.99799
23 3.13236
24 3.45982
25 3.21037
26 2.64939
27 2.71582
28 2.7846
29 2.82235
"[DEBUG]index 5 centroid... "
0 3.20913
1 3.31845
2 3.11458
3 2.88302
4 3.16721
5 2.76308
6 2.80444
7 1.55734
8 18.5953
9 4.73988
10 2.94047
11 4.46312
12 21.984
13 2.79459
14 2.22981
15 1.71121
16 1.72521
17 2.25848
18 3.54355
19 20.117
20 4.43489
21 2.62716
22 3.21274
23 3.34854
24 2.71733
25 2.61994
26 2.73878
27 3.2053
28 2.81156
29 2.88389
"[DEBUG]index 6 centroid... "
0 2.61296
1 2.6364
2 2.79092
3 2.21739
4 2.40345
5 2.49467
6 2.17945
7 1.73359
8 17.1682
9 2.54604
10 12.8911
11 14.5558
12 4.71078
13 2.43244
14 1.10102
15 2.02835
16 4.79902
17 5.03666
18 2.06479
19 1.05882
20 2.30541
21 5.05477
22 1.53112
23 2.3653
24 2.22549
25 2.36893
26 2.08248
27 2.71995
28 2.04582
29 1.99638
"[DEBUG]index 7 centroid... "
0 3.22917
1 3.25463
2 3.11806
3 3.18981
4 3.56019
5 2.94676
6 2.66435
7 1.65046
8 12.8657
9 3.25463
10 5.93056
11 3.83102
12 13.3819
13 11.5764
14 4.02315
15 1.93287
16 1.09028
17 0.805556
18 0.594907
19 1.39583
20 1.15741
21 1.85185
22 6.2037
23 2.28009
24 2.5787
25 3.06481
26 2.46296
27 2.65046
28 2.71065
29 2.51389
"[DEBUG]index 8 centroid... "
0 3.55495
1 3.52944
2 3.37603
3 3.09677
4 3.70927
5 3.92416
6 3.35259
7 1.96044
8 35.9942
9 3.95773
10 3.10118
11 3.46076
12 2.96635
13 9.69358
14 2.02886
15 11.5957
16 2.07453
17 13.2183
18 2.60234
19 2.27512
20 10.3541
21 2.74562
22 1.2948
23 3.91465
24 3.51354
25 3.16649
26 3.28496
27 3.28707
28 3.29391
29 3.17358
"[DEBUG]index 9 centroid... "
0 4.19005
1 3.86576
2 3.9433
3 3.41686
4 3.87186
5 3.89397
6 3.47956
7 2.20774
8 30.6911
9 4.05768
10 8.58353
11 10.857
12 3.40704
13 1.3124
14 2.31397
15 12.4509
16 2.53892
17 1.3411
18 2.47042
19 12.3621
20 2.34375
21 1.3238
22 3.27565
23 4.01789
24 3.32734
25 3.38738
26 3.42993
27 3.53361
28 3.33412
29 3.09935
"[DEBUG]index 10 centroid... "
0 3.69001
1 3.8596
2 3.58921
3 3.35889
4 3.8219
5 4.03975
6 3.71131
7 2.00757
8 28.2049
9 5.11216
10 3.81732
11 1.67597
12 2.59221
13 12.5439
14 2.73482
15 1.40622
16 2.8219
17 11.3819
18 10.0167
19 2.80233
20 1.7304
21 2.64711
22 13.8345
23 2.77962
24 3.5769
25 4.10349
26 3.98596
27 3.4548
28 3.59489
29 3.47405
"[DEBUG]index 11 centroid... "
0 2.23214
1 2.29282
2 2.22581
3 1.93337
4 1.87692
5 2.20891
6 2.27823
7 1.72408
8 11.0557
9 2.42665
10 11.5492
11 3.77669
12 1.97408
13 2.31624
14 1.05818
15 1.78763
16 5.21505
17 1.96256
18 4.62231
19 6.59773
20 23.8086
21 6.31624
22 4.4735
23 2.50672
24 2.49424
25 2.18932
26 2.25461
27 2.23694
28 2.48618
29 2.25461
"[DEBUG]index 12 centroid... "
0 3.17167
1 3.1347
2 2.8495
3 2.69328
4 3.27068
5 3.29732
6 3.35025
7 2.07658
8 23.2715
9 3.92233
10 2.67495
11 2.54132
12 8.76747
13 2.50384
14 2.5574
15 3.95795
16 27.2247
17 4.20459
18 2.47384
19 8.12298
20 2.83741
21 2.10825
22 7.27609
23 2.74273
24 3.09846
25 3.21311
26 3.16473
27 2.94579
28 2.86599
29 2.75835
"[DEBUG]index 13 centroid... "
0 3.12103
1 3.21759
2 3.33953
3 2.85267
4 2.88033
5 2.91614
6 3.30689
7 1.78422
8 17.2108
9 2.49365
10 18.0866
11 2.42928
12 19.6664
13 3.23527
14 6.66364
15 2.18812
16 2.37489
17 4.80961
18 5.30508
19 1.99093
20 1.40843
21 0.849501
22 1.21804
23 2.27108
24 2.26927
25 2.21895
26 2.46374
27 2.45422
28 2.24071
29 2.21804
"[DEBUG]index 14 centroid... "
0 3.77086
1 3.59151
2 3.34041
3 3.29063
4 3.86676
5 3.51903
6 4.06442
7 2.08199
8 19.4919
9 4.0549
10 3.27013
11 1.24817
12 0.726208
13 1.50293
14 1.2716
15 2.12152
16 12.642
17 2.75842
18 1.42387
19 1.54466
20 3.55783
21 1.66691
22 11.1706
23 2.50146
24 4.37994
25 3.94436
26 4.21742
27 3.39531
28 3.64788
29 3.68228
"[DEBUG]index 15 centroid... "
0 1.90707
1 1.91818
2 1.89078
3 1.7444
4 1.62177
5 2.27132
6 2.30044
7 1.50278
8 7.42728
9 19.6325
10 6.33263
11 4.29067
12 1.94271
13 3.35562
14 11.6103
15 2.62598
16 1.283
17 3.95363
18 1.61199
19 4.04694
20 1.39835
21 3.76183
22 3.37363
23 1.60586
24 1.80054
25 1.7306
26 1.76547
27 1.84231
28 1.75398
29 1.4817
"[DEBUG]index 16 centroid... "
0 3.51848
1 3.45821
2 3.147
3 2.90083
4 3.72967
5 3.68996
6 3.27907
7 1.74648
8 31.1801
9 4.02358
10 2.89538
11 1.48765
12 1.45127
13 2.42806
14 3.25586
15 0.994095
16 3.25352
17 1.22697
18 2.28029
19 12.9611
20 1.75636
21 2.69902
22 1.179
23 3.71759
24 2.8169
25 2.93531
26 3.02245
27 3.14231
28 3.10228
29 3.1342
"[DEBUG]index 17 centroid... "
0 3.64241
1 3.8267
2 3.64882
3 3.27424
4 3.28289
5 3.90058
6 3.34975
7 2.06757
8 25.6814
9 5.30884
10 2.45406
11 13.2671
12 2.7571
13 1.21756
14 1.55225
15 3.78305
16 1.17788
17 2.40938
18 12.1987
19 2.72474
20 2.52478
21 9.977
22 9.59225
23 2.71894
24 3.62644
25 3.82355
26 3.3759
27 3.52376
28 3.48163
29 3.37814
"[DEBUG]index 18 centroid... "
0 2.9088
1 3.07033
2 2.92519
3 2.64194
4 2.78818
5 3.4432
6 3.16071
7 1.97045
8 19.8037
9 4.68313
10 2.38417
11 7.80664
12 2.65496
13 2.76193
14 7.03224
15 2.14948
16 3.74106
17 24.7622
18 5.31584
19 2.88634
20 5.43859
21 21.9434
22 4.31033
23 2.82799
24 3.51257
25 3.40325
26 3.16794
27 3.22456
28 3.06689
29 3.12606
"[DEBUG]index 19 centroid... "
0 2.5518
1 2.81139
2 2.22011
3 2.45844
4 2.63074
5 2.7666
6 2.92068
7 1.68083
8 15.1173
9 3.26679
10 2.5203
11 1.62277
12 2.18672
13 2.83757
14 19.526
15 3.63795
16 2.5666
17 5.29753
18 14.7431
19 14.2607
20 3.99848
21 2.12827
22 7.36622
23 2.5981
24 2.74839
25 2.82808
26 2.88273
27 2.80228
28 2.95408
29 2.57002
"[DEBUG]index 20 centroid... "
0 4.92384
1 4.4189
2 4.00846
3 3.70099
4 3.76446
5 3.91819
6 3.55994
7 1.94499
8 18.292
9 5.64175
10 2.20451
11 2.90691
12 3.98731
13 1.04231
14 0.588152
15 1.1354
16 2.18477
17 11.1566
18 1.83498
19 2.82511
20 1.22567
21 0.588152
22 1.03103
23 3.42595
24 3.72073
25 3.53315
26 3.48801
27 3.33568
28 3.37941
29 3.4866
"[DEBUG]index 21 centroid... "
0 3.51947
1 3.53478
2 3.4659
3 3.0922
4 3.57579
5 3.79164
6 3.22121
7 1.96682
8 40.2594
9 4.10708
10 2.59246
11 12.6277
12 3.00256
13 2.36802
14 3.1637
15 1.22215
16 2.53182
17 3.43228
18 1.21797
19 2.54917
20 9.87499
21 2.10394
22 2.7263
23 3.4323
24 3.21421
25 2.86331
26 2.98008
27 2.97631
28 2.99644
29 2.95948
"[DEBUG]index 22 centroid... "
0 5.01163
1 3.84025
2 3.41925
3 3.80847
4 3.88853
5 3.87036
6 3.43993
7 2.1472
8 26.3191
9 3.75874
10 2.52
11 7.37789
12 8.73434
13 2.17047
14 4.22582
15 31.1713
16 3.54623
17 2.73631
18 2.32368
19 1.59748
20 2.30703
21 7.4629
22 1.88116
23 3.43142
24 3.30452
25 3.07375
26 2.80832
27 2.86648
28 2.72962
29 2.59048
"[DEBUG]index 23 centroid... "
0 3.13697
1 3.11578
2 2.91181
3 2.92229
4 3.1666
5 3.46681
6 2.9821
7 1.71206
8 22.3839
9 3.66813
10 2.83465
11 3.02963
12 7.37628
13 3.10195
14 26.2966
15 3.54781
16 2.88664
17 1.61246
18 2.22086
19 6.80533
20 2.07521
21 2.31319
22 1.23876
23 3.27777
24 2.82159
25 2.54429
26 2.58901
27 2.68634
28 2.53311
29 2.51521
"[DEBUG]index 24 centroid... "
0 3.81
1 3.74373
2 3.62776
3 3.39331
4 3.69487
5 4.17076
6 3.61747
7 2.1251
8 36.5383
9 4.29711
10 2.60452
11 12.4595
12 2.61642
13 8.05309
14 2.278
15 13.2598
16 2.2226
17 2.38605
18 10.3428
19 2.6935
20 1.29185
21 3.21654
22 2.84773
23 3.35549
24 3.30738
25 3.24388
26 3.2902
27 3.22576
28 3.16208
29 2.97511
"[DEBUG]index 25 centroid... "
0 4.08697
1 3.82815
2 3.63414
3 2.99398
4 4.00213
5 3.86765
6 3.35511
7 1.89349
8 38.5849
9 3.72725
10 15.5432
11 2.41348
12 1.59288
13 1.37291
14 3.02435
15 2.80513
16 1.14219
17 3.27322
18 3.34204
19 1.07407
20 2.85402
21 2.80134
22 1.03247
23 3.36498
24 3.10112
25 3.06666
26 2.9969
27 3.09239
28 3.10936
29 3.03985
"[DEBUG]index 26 centroid... "
0 6.78277
1 8.87424
2 4.71646
3 7.33537
4 4.70655
5 5.15777
6 3.99695
7 4.5503
8 25.4794
9 12.6517
10 3.36966
11 2.1654
12 4.88872
13 20.9223
14 2.18979
15 1.06174
16 0.86814
17 1.7279
18 3.50686
19 2.20503
20 17.8537
21 2.68902
22 12.7713
23 4.26829
24 4.78506
25 4.42759
26 6.30183
27 3.66311
28 4.40244
29 10.8095
"[DEBUG]index 27 centroid... "
0 2.13819
1 2.31713
2 2.14725
3 2.08101
4 1.85085
5 2.34358
6 2.2011
7 1.88611
8 11.7496
9 2.80677
10 9.51394
11 9.74744
12 3.40315
13 1.74077
14 5.45533
15 2.04741
16 3.69478
17 5.81106
18 24.8897
19 6.5666
20 4.40505
21 1.9564
22 5.81773
23 1.86181
24 2.10698
25 2.08435
26 2.16488
27 2.23993
28 2.35311
29 2.04289
"[DEBUG]index 28 centroid... "
0 2.85507
1 3.09158
2 3.02274
3 2.72124
4 2.9607
5 3.13983
6 2.60988
7 1.74622
8 21.4965
9 3.93125
10 7.57121
11 6.63862
12 4.85785
13 26.6947
14 3.65858
15 1.74183
16 7.51204
17 2.08594
18 6.66932
19 2.09811
20 8.34804
21 1.78793
22 7.64999
23 2.54301
24 2.80539
25 2.70683
26 2.73377
27 2.6405
28 2.78211
29 2.42315
"[DEBUG]index 29 centroid... "
0 3.20991
1 3.08038
2 2.84013
3 2.58859
4 2.84389
5 3.67398
6 3.1363
7 2.88201
8 21.1609
9 2.53693
10 21.6957
11 4.12088
12 2.68589
13 2.99323
14 5.91824
15 2.87937
16 22.0692
17 4.14796
18 2.41191
19 5.66871
20 6.58646
21 2.08602
22 1.33066
23 3.06019
24 2.73906
25 2.52752
26 2.56765
27 2.60928
28 2.57881
29 2.51511
"[DEBUG]index 30 centroid... "
0 2.95412
1 3.17604
2 2.93646
3 2.6086
4 3.09095
5 3.43338
6 3.00298
7 1.72644
8 24.0335
9 4.75036
10 2.71084
11 1.30774
12 3.49117
13 1.16465
14 2.88678
15 0.931226
16 2.66937
17 10.7808
18 1.78957
19 9.18251
20 8.25118
21 1.69483
22 10.8682
23 2.62133
24 2.91644
25 3.35455
26 3.4185
27 3.18651
28 3.31164
29 3.12893
"[DEBUG]index 31 centroid... "
0 4.40815
1 3.99641
2 3.94463
3 3.55864
4 4.38812
5 4.0629
6 3.70617
7 1.89114
8 42.1831
9 4.53545
10 3.86204
11 2.92394
12 17.7318
13 1.94086
14 1.34847
15 3.47952
16 3.17372
17 1.44761
18 3.29608
19 1.50098
20 3.38296
21 2.85802
22 1.46651
23 3.73323
24 3.45925
25 3.2293
26 3.2489
27 3.37146
28 3.31539
29 3.28347
"[DEBUG]index 32 centroid... "
0 2.23855
1 2.1304
2 2.05713
3 1.96511
4 2.15744
5 2.51374
6 2.48975
7 1.587
8 14.1784
9 2.71696
10 1.82556
11 1.02486
12 1.08024
13 1.59747
14 3.29874
15 13.6315
16 10.9904
17 3.63061
18 5.91103
19 1.52551
20 5.19625
21 4.77322
22 1.40689
23 2.40035
24 2.54427
25 2.33232
26 2.3201
27 2.11688
28 2.10118
29 2.00872
"[DEBUG]index 33 centroid... "
0 3.23535
1 3.04494
2 3.0893
3 2.67691
4 2.81945
5 2.89635
6 2.88457
7 1.70633
8 23.1332
9 2.76434
10 25.9917
11 3.68838
12 2.41825
13 3.07862
14 2.71638
15 1.18094
16 1.3942
17 1.11914
18 2.68791
19 6.40593
20 1.69984
21 6.74849
22 2.2131
23 2.79262
24 2.49374
25 2.52085
26 2.39791
27 2.53833
28 2.56716
29 2.51866
"[DEBUG]index 34 centroid... "
0 3.02076
1 3.18341
2 2.99316
3 2.91658
4 3.36759
5 3.85889
6 3.39061
7 1.93951
8 23.3941
9 3.47123
10 2.81527
11 1.91152
12 2.7568
13 4.15612
14 27.7842
15 3.78059
16 2.30073
17 8.75051
18 2.71692
19 1.29832
20 3.04898
21 2.23807
22 7.09687
23 2.91176
24 3.19725
25 3.25245
26 3.1726
27 2.88967
28 2.8613
29 2.81301
"[DEBUG]index 35 centroid... "
0 2.9871
1 3.03846
2 2.875
3 2.59084
4 2.75544
5 2.85071
6 2.7371
7 1.56528
8 20.9042
9 4.15714
10 6.8149
11 4.12487
12 23.5035
13 3.75354
14 2.04491
15 6.56427
16 2.1498
17 7.28846
18 2.00304
19 7.53011
20 3.9003
21 20.76
22 4.7643
23 2.7457
24 3.16865
25 3.12146
26 2.70003
27 2.75025
28 2.79314
29 2.67953
"[DEBUG]index 36 centroid... "
0 3.29156
1 2.99117
2 2.8537
3 2.6206
4 2.57408
5 3.19375
6 2.88433
7 1.86658
8 14.8069
9 17.1327
10 4.94892
11 1.8753
12 9.14651
13 1.92535
14 1.00343
15 1.08379
16 2.2493
17 2.18897
18 0.95909
19 2.90011
20 1.08244
21 1.91424
22 6.45945
23 1.90011
24 2.44897
25 2.46849
26 2.5392
27 2.27256
28 2.29405
29 2.37919
"[DEBUG]index 37 centroid... "
0 3.09954
1 3.27538
2 2.93293
3 2.68899
4 3.0693
5 3.40618
6 3.26452
7 1.87243
8 24.201
9 4.08693
10 2.54245
11 2.7799
12 2.64625
13 2.56224
14 8.10143
15 2.3194
16 4.30682
17 26.1318
18 4.12008
19 2.53596
20 1.65027
21 2.86398
22 1.20831
23 2.96365
24 2.71452
25 2.88383
26 2.88139
27 2.89126
28 2.64937
29 2.51795
"[DEBUG]index 38 centroid... "
0 3.68342
1 3.65914
2 3.30514
3 3.35574
4 3.79946
5 4.00607
6 3.84693
7 2.124
8 30.763
9 4.06444
10 2.77657
11 1.70243
12 3.82434
13 1.17979
14 2.39948
15 14.5079
16 2.43382
17 2.38978
18 11.6334
19 3.07827
20 1.31772
21 2.6559
22 11.4307
23 2.72736
24 3.79444
25 3.85106
26 3.85694
27 3.53269
28 3.50522
29 3.32783
"[DEBUG]index 39 centroid... "
0 3.0873
1 3.21464
2 2.99562
3 2.76532
4 3.07555
5 3.18464
6 2.9597
7 1.75721
8 24.4258
9 4.17601
10 2.6839
11 7.74849
12 2.37889
13 7.01447
14 1.87863
15 7.66702
16 7.5278
17 2.69394
18 4.20341
19 29.1304
20 3.98027
21 2.50333
22 3.113
23 3.45374
24 2.79694
25 2.93256
26 2.89555
27 3.03815
28 2.96641
29 2.72726
"[DEBUG]index 40 centroid... "
0 5.40619
1 5.4694
2 5.34432
3 4.83995
4 4.71621
5 5.49765
6 4.38063
7 2.76597
8 18.7303
9 6.09684
10 2.17821
11 12.5911
12 2.98991
13 2.95965
14 3.79422
15 1.51648
16 0.612643
17 1.27371
18 1.28379
19 3.26765
20 0.980498
21 0.647613
22 1.27303
23 4.04775
24 3.06052
25 3.30868
26 3.43847
27 3.85676
28 3.44855
29 3.42502
"[DEBUG]index 41 centroid... "
0 2.09562
1 2.55158
2 2.25243
3 2.16787
4 1.94356
5 2.27207
6 2.33916
7 1.68803
8 6.82851
9 17.1851
10 3.21883
11 18.6645
12 5.95266
13 2.99948
14 3.81145
15 3.42092
16 1.66694
17 1.0643
18 1.67976
19 1.50899
20 2.93601
21 1.53256
22 0.871718
23 1.78427
24 1.75326
25 1.50134
26 1.58983
27 1.61567
28 1.63996
29 1.47385
"[DEBUG]index 42 centroid... "
0 3.02314
1 3.01496
2 2.8654
3 2.54786
4 2.57462
5 3.28338
6 3.02881
7 1.82258
8 15.5982
9 18.2269
10 4.60831
11 2.13334
12 8.52487
13 1.74906
14 2.36288
15 1.15397
16 2.03117
17 7.47245
18 6.31187
19 1.55447
20 7.79518
21 2.20545
22 0.993388
23 2.70986
24 2.54282
25 2.36146
26 2.5255
27 2.554
28 2.41719
29 2.33438
"[DEBUG]index 43 centroid... "
0 3.79398
1 3.93504
2 3.74419
3 3.56277
4 4.40201
5 4.55009
6 4.1995
7 2.18331
8 29.9109
9 3.9988
10 2.87214
11 3.92424
12 1.41914
13 2.63279
14 13.9596
15 2.36336
16 1.49833
17 1.61985
18 1.4763
19 3.90179
20 1.11741
21 2.43526
22 10.9473
23 3.10369
24 3.73322
25 3.8544
26 3.58651
27 3.42137
28 3.31776
29 3.28032
"[DEBUG]index 44 centroid... "
0 3.25501
1 3.29526
2 2.97742
3 2.56485
4 2.91856
5 3.16838
6 2.8742
7 1.61467
8 29.7252
9 3.63949
10 10.5422
11 2.66431
12 1.40863
13 3.22943
14 1.27715
15 2.65894
16 1.88967
17 12.1384
18 1.82232
19 10.222
20 1.77567
21 10.3367
22 2.04374
23 3.10452
24 2.9025
25 3.11194
26 2.89597
27 3.0936
28 2.98743
29 3.06641
"[DEBUG]index 45 centroid... "
0 3.15318
1 3.1528
2 3.12135
3 2.71636
4 3.15499
5 3.37887
6 2.86383
7 1.68719
8 30.0726
9 3.42285
10 11.4365
11 2.50608
12 2.57336
13 9.65451
14 1.56659
15 8.67701
16 2.42893
17 2.94013
18 1.25576
19 2.50544
20 9.8907
21 1.6801
22 10.0445
23 2.83205
24 3.33509
25 3.17984
26 3.11154
27 2.80588
28 3.03951
29 2.85685
"[DEBUG]index 46 centroid... "
0 3.75208
1 3.66021
2 3.54689
3 3.25531
4 3.88915
5 4.0122
6 3.44268
7 1.71466
8 38.5646
9 4.65019
10 3.52859
11 3.35036
12 12.7296
13 1.65214
14 12.23
15 2.76639
16 1.47505
17 3.27214
18 10.9127
19 2.46018
20 2.60595
21 10.6674
22 2.62169
23 3.68392
24 3.78292
25 3.57851
26 3.34375
27 3.5481
28 3.50392
29 3.34868
"[DEBUG]index 47 centroid... "
0 3.43057
1 3.46957
2 3.3597
3 3.00083
4 3.40286
5 3.67682
6 3.26374
7 2.02963
8 32.3945
9 4.13546
10 2.49927
11 10.1863
12 3.06194
13 1.33858
14 3.23485
15 2.44298
16 11.2797
17 2.07467
18 12.8042
19 1.9136
20 11.0113
21 2.30227
22 2.90192
23 3.32157
24 3.42907
25 3.07553
26 3.29602
27 3.31066
28 3.35773
29 3.07482
"[DEBUG]index 48 centroid... "
0 3.17214
1 3.13346
2 3.00963
3 2.68075
4 3.65873
5 3.59956
6 3.26519
7 1.78642
8 50.4546
9 3.26606
10 3.187
11 3.07211
12 2.93567
13 7.50241
14 2.38986
15 2.1235
16 8.55044
17 2.64276
18 2.78412
19 2.90404
20 2.23368
21 7.6151
22 2.27729
23 2.98233
24 3.06247
25 3.01123
26 2.79634
27 2.79389
28 2.77636
29 2.73369
"[DEBUG]index 49 centroid... "
0 4.57497
1 4.41466
2 4.43809
3 4.1255
4 5.06894
5 4.4334
6 4.53414
7 2.29652
8 27.4946
9 3.8755
10 2.57831
11 1.58969
12 3.49063
13 1.81928
14 14.6201
15 1.83199
16 3.76339
17 1.56493
18 0.639893
19 1.0415
20 3.22155
21 2.6081
22 0.851071
23 4.26707
24 3.66365
25 3.37718
26 3.32898
27 3.43005
28 3.53514
29 3.36479
"[DEBUG]index 50 centroid... "
0 3.68407
1 3.77853
2 3.60638
3 3.34301
4 3.69168
5 4.07298
6 3.28441
7 1.87508
8 34.9235
9 4.91415
10 2.49445
11 10.2676
12 11.6898
13 1.91459
14 10.7116
15 2.76786
16 2.32156
17 10.812
18 2.45972
19 3.38553
20 1.61381
21 2.54524
22 10.1718
23 2.82344
24 3.37247
25 3.65975
26 3.54079
27 3.19054
28 3.20908
29 3.09159
"[DEBUG]index 51 centroid... "
0 3.12653
1 3.1647
2 3.15334
3 2.70959
4 3.34183
5 3.39414
6 3.20066
7 1.7641
8 30.8167
9 3.11845
10 11.6648
11 2.65036
12 1.5163
13 2.53717
14 10.4873
15 1.85489
16 2.94819
17 2.31324
18 12.1369
19 1.87811
20 9.80926
21 1.81116
22 10.5637
23 2.59898
24 3.30787
25 3.09419
26 3.33781
27 2.94147
28 3.16358
29 2.95012
"[DEBUG]index 52 centroid... "
0 4.71447
1 4.77766
2 4.27328
3 3.84989
4 4.47625
5 4.85398
6 4.33082
7 2.69763
8 31.6583
9 5.04043
10 2.47084
11 14.2262
12 3.53187
13 1.26575
14 4.23042
15 2.96622
16 11.9634
17 2.86315
18 1.36924
19 4.20798
20 1.19132
21 3.39007
22 1.2887
23 4.24749
24 3.80175
25 3.75003
26 3.6627
27 3.73783
28 3.59355
29 3.50108
"[DEBUG]index 53 centroid... "
0 3.12668
1 3.24292
2 2.8614
3 2.88823
4 3.02832
5 3.04471
6 3.06855
7 1.71088
8 13.7615
9 4
10 2.62891
11 1.20119
12 0.549926
13 0.472429
14 0.752608
15 2.88376
16 0.992548
17 1.45455
18 2.63785
19 4.48435
20 13.9434
21 5.04471
22 2.1386
23 3.32191
24 3.78838
25 3.11326
26 3.14754
27 3.33234
28 3.52459
29 3.11028
"[DEBUG]index 54 centroid... "
0 4.98169
1 5.08425
2 5.52381
3 5.20879
4 4.52747
5 4.75824
6 4.08425
7 3.18315
8 14.1685
9 5.00366
10 2.21978
11 9.70696
12 3.27473
13 1.51648
14 1.58974
15 5.04396
16 0.941392
17 1.45788
18 0.70696
19 0.461538
20 0.710623
21 1.27839
22 3.57143
23 3.49084
24 3.99267
25 3.7619
26 3.88645
27 3.39927
28 3.35531
29 3.41758
"[DEBUG]index 55 centroid... "
0 3.53447
1 3.21755
2 3.00716
3 2.90689
4 2.86661
5 3.16294
6 2.72426
7 1.53805
8 16.1074
9 4.50224
10 1.95076
11 6.94987
12 7.03312
13 1.66249
14 0.961504
15 2.71352
16 1.1137
17 0.555953
18 1.09221
19 2.22739
20 4.91853
21 16.9946
22 4.83975
23 3.23187
24 3.812
25 3.22919
26 2.62847
27 3.06177
28 2.76723
29 3.47449
"[DEBUG]index 56 centroid... "
0 4.06324
1 4.09433
2 3.7191
3 3.6087
4 3.78478
5 4.27496
6 3.65202
7 2.36667
8 27.7376
9 5.1456
10 2.76932
11 12.1432
12 2.35042
13 12.0976
14 2.67552
15 2.30081
16 9.12464
17 12.1831
18 2.15006
19 1.39715
20 3.54127
21 1.15172
22 3.02542
23 3.22343
24 3.0345
25 3.40379
26 3.3492
27 3.21242
28 3.08071
29 3.02725
"[DEBUG]index 57 centroid... "
0 1.97183
1 2.19883
2 1.7993
3 1.67441
4 1.43498
5 2.00446
6 2.38333
7 1.69319
8 6.70775
9 18.788
10 5.49883
11 3.27324
12 1.9439
13 1.01925
14 1.36338
15 2.57488
16 11.2707
17 2.32559
18 4.44484
19 1.63568
20 0.924648
21 1.42394
22 3.6885
23 1.29061
24 1.94319
25 1.88991
26 1.89718
27 1.9507
28 1.61221
29 1.52981
"[DEBUG]index 58 centroid... "
0 3.62636
1 3.49074
2 3.27557
3 3.25822
4 3.77552
5 3.93981
6 3.53919
7 1.95419
8 26.6411
9 4.06421
10 3.11763
11 1.20999
12 3.0694
13 9.16831
14 2.01481
15 9.90426
16 11.0197
17 1.8537
18 13.3411
19 2.22744
20 3.031
21 1.16704
22 2.95229
23 3.24299
24 3.59896
25 3.35015
26 3.39003
27 3.39183
28 3.30847
29 3.06125
"[DEBUG]index 59 centroid... "
0 3.09705
1 3.09065
2 2.92335
3 2.66458
4 2.98188
5 3.24091
6 2.92515
7 1.37039
8 24.624
9 4.09361
10 2.98255
11 2.77852
12 10.2593
13 2.00494
14 7.03883
15 2.0058
16 9.01097
17 2.80151
18 2.90725
19 4.0188
20 27.1661
21 4.4953
22 2.78923
23 3.60347
24 3.63826
25 2.82315
26 2.96226
27 2.92931
28 3.07331
29 2.66994
"[DEBUG]index 60 centroid... "
0 2.50527
1 2.5144
2 2.72296
3 2.3434
4 2.54424
5 2.65485
6 2.71103
7 1.72577
8 13.0776
9 2.67556
10 14.2869
11 3.44101
12 3.72226
13 14.3006
14 2.7665
15 14.1713
16 3.26229
17 5.14537
18 2.079
19 1.2658
20 1.01229
21 1.93926
22 4.45787
23 2.03511
24 2.29951
25 2.32865
26 2.19558
27 2.2816
28 2.08111
29 1.92626
"[DEBUG]index 61 centroid... "
0 2.76213
1 2.73148
2 2.38452
3 2.40285
4 2.5689
5 2.85575
6 2.75748
7 1.54696
8 16.0276
9 4.34275
10 2.90218
11 1.52307
12 2.70248
13 6.79369
14 2.08204
15 1.3405
16 3.01397
17 2.27453
18 3.95537
19 21.0655
20 2.68129
21 19.2594
22 4.78798
23 2.79354
24 3.19775
25 2.98032
26 2.68775
27 2.94185
28 3.05665
29 2.93388
"[DEBUG]index 62 centroid... "
0 3.90265
1 3.62398
2 3.45279
3 3.32837
4 4.08034
5 3.96718
6 3.67894
7 2.15981
8 28.8618
9 4.31162
10 2.81018
11 1.72002
12 4.33775
13 1.1877
14 2.41491
15 13.6647
16 2.12774
17 11.3277
18 1.90759
19 12.7452
20 2.10892
21 1.51644
22 1.42916
23 4.02607
24 3.15531
25 3.49662
26 3.54252
27 3.83906
28 3.4356
29 3.34232
"[DEBUG]index 63 centroid... "
0 1.65805
1 1.79066
2 1.67389
3 1.56714
4 1.68891
5 1.7548
6 2.00584
7 1.37948
8 7.7156
9 3.08924
10 1.84654
11 1.80901
12 3.68057
13 3.96747
14 1.52877
15 2.98249
16 6.61551
17 15.9925
18 9.8774
19 10.9992
20 15.2861
21 6.17848
22 3.54462
23 1.97248
24 2.15263
25 1.92077
26 2.56297
27 2.26939
28 2.15013
29 1.96664
"[DEBUG]index 64 centroid... "
0 3.2049
1 3.3246
2 3.16022
3 2.86852
4 3.1277
5 3.25073
6 2.82437
7 1.76064
8 35.1344
9 3.69649
10 10.6951
11 2.33159
12 13.622
13 2.25955
14 2.28209
15 8.78389
16 2.08464
17 8.43069
18 8.90389
19 2.12785
20 10.3302
21 2.10837
22 9.70849
23 2.84172
24 3.416
25 3.35974
26 3.50751
27 3.1
28 3.20157
29 3.02116
"[DEBUG]index 65 centroid... "
0 2.74461
1 2.66112
2 2.79005
3 2.39437
4 2.6929
5 2.75548
6 2.87947
7 1.67973
8 18.4066
9 2.33377
10 20.565
11 3.27861
12 2.60514
13 1.37642
14 1.94599
15 7.4874
16 1.97497
17 1.00708
18 1.34398
19 1.24535
20 1.71727
21 4.97234
22 5.88885
23 2.10489
24 2.63066
25 2.67183
26 2.42714
27 2.15627
28 2.30331
29 2.27614
"[DEBUG]index 66 centroid... "
0 3.12836
1 3.17858
2 3.15057
3 2.76482
4 3.3345
5 3.18318
6 3.04182
7 1.65183
8 32.2951
9 3.38783
10 11.8261
11 2.13193
12 12.6115
13 1.84869
14 9.65897
15 1.82098
16 10.0429
17 1.8397
18 9.41443
19 9.37959
20 1.98388
21 7.37728
22 9.98923
23 2.60459
24 3.41925
25 3.36607
26 3.18066
27 3.15146
28 3.24521
29 2.90202
"[DEBUG]index 67 centroid... "
0 3.01856
1 3.56681
2 3.25981
3 2.94221
4 2.91463
5 2.9719
6 3.03977
7 1.89236
8 15.4565
9 5.0122
10 2.03871
11 9.34571
12 2.34464
13 0.778897
14 0.659067
15 0.949629
16 2.70308
17 2.34464
18 4.44539
19 17.0785
20 4.50954
21 2.87275
22 1.21845
23 3.59385
24 2.63627
25 2.90933
26 3.10127
27 3.60817
28 3.16013
29 2.8526
"[DEBUG]index 68 centroid... "
0 3.36161
1 3.33271
2 3.13178
3 3.11048
4 3.17659
5 3.05361
6 2.90982
7 1.61039
8 26.4911
9 4.59997
10 3.22099
11 4.53541
12 30.9279
13 3.33099
14 2.5835
15 2.6759
16 6.89275
17 6.17346
18 1.86526
19 6.9074
20 2.46883
21 2.74833
22 1.4894
23 3.19353
24 2.67765
25 2.64293
26 2.7528
27 2.84939
28 2.74964
29 2.62232
"[DEBUG]index 69 centroid... "
0 2.52299
1 2.68786
2 2.78772
3 2.30603
4 2.54777
5 2.73348
6 3.06573
7 2.13506
8 15.2389
9 2.70295
10 15.6915
11 4.38218
12 2.61063
13 5.26976
14 3.30101
15 15.9195
16 3.76257
17 3.62428
18 17.4027
19 4.43355
20 3.32435
21 17.1225
22 3.97055
23 2.44037
24 2.92134
25 3.0176
26 2.77586
27 2.75251
28 2.55029
29 2.55639
"[DEBUG]index 70 centroid... "
0 2.69887
1 2.53193
2 2.39852
3 2.17749
4 2.16535
5 2.61613
6 2.49696
7 1.66759
8 14.028
9 16.7489
10 5.17881
11 2.08419
12 1.8621
13 7.07706
14 1.21048
15 1.97466
16 0.977435
17 1.87833
18 5.65175
19 5.45091
20 1.7114
21 0.924386
22 2.11876
23 2.11203
24 1.93046
25 1.8654
26 2.0516
27 2.173
28 2.05899
29 1.95592
"[DEBUG]index 71 centroid... "
0 3.40848
1 3.42014
2 3.24864
3 2.97344
4 3.71103
5 3.6603
6 3.50267
7 1.81669
8 36.2307
9 3.64327
10 2.73254
11 3.08239
12 3.82514
13 1.06959
14 3.26533
15 1.04823
16 3.06521
17 1.13071
18 3.3047
19 1.281
20 2.84178
21 1.76862
22 12.7813
23 2.24616
24 3.31583
25 3.22848
26 3.43645
27 2.91177
28 3.02737
29 2.94429
"[DEBUG]index 72 centroid... "
0 3.97809
1 3.67289
2 3.62131
3 3.14577
4 3.83394
5 3.50133
6 3.46471
7 1.83305
8 29.0991
9 3.35694
10 12.5394
11 2.10445
12 13.6167
13 1.83523
14 9.47053
15 8.15021
16 2.71639
17 1.15838
18 2.87436
19 1.20438
20 2.86717
21 0.97712
22 2.75382
23 3.122
24 3.1068
25 2.79958
26 3.08594
27 2.84607
28 2.96135
29 2.64039
"[DEBUG]index 73 centroid... "
0 2.71031
1 2.78517
2 2.86419
3 2.44612
4 2.62202
5 3.00603
6 2.64983
7 1.71981
8 15.2019
9 2.15342
10 17.2837
11 4.63129
12 2.60255
13 4.36222
14 17.6691
15 3.1124
16 2.24728
17 1.83291
18 2.41692
19 3.71147
20 14.2552
21 3.76222
22 2.29085
23 2.94971
24 2.85933
25 2.53673
26 2.49108
27 2.56732
28 2.48807
29 2.46535
"[DEBUG]index 74 centroid... "
0 2.43333
1 2.58098
2 2.48483
3 2.26416
4 2.30079
5 2.3474
6 1.91554
7 1.69209
8 13.5179
9 2.6907
10 6.22484
11 23.0477
12 6.48034
13 3.12141
14 2.34306
15 1.26122
16 1.02502
17 1.64312
18 3.98814
19 1.74115
20 1.1031
21 1.85242
22 3.94146
23 1.63306
24 1.84695
25 1.92249
26 1.96738
27 1.8736
28 1.91718
29 1.78391
"[DEBUG]index 75 centroid... "
0 4.48507
1 4.41595
2 4.05849
3 3.75706
4 4.10307
5 4.29448
6 4.03926
7 2.23436
8 23.0209
9 6.20573
10 2.4863
11 1.45767
12 5.01677
13 1.28957
14 0.813088
15 1.34438
16 2.09243
17 13.189
18 2.76074
19 1.34888
20 3.17751
21 12.2364
22 2.31943
23 4.02659
24 4.33865
25 4.19673
26 3.84131
27 4.10389
28 4.03885
29 4.25481
"[DEBUG]index 76 centroid... "
0 2.59089
1 2.78186
2 2.60161
3 2.57061
4 2.77268
5 2.79908
6 2.91542
7 1.77229
8 10.4826
9 3.57137
10 1.91274
11 3.75852
12 12.8159
13 2.98546
14 6.65633
15 20.3716
16 7.14696
17 4.03789
18 2.1726
19 2.39724
20 1.16801
21 0.641791
22 1.14734
23 2.58056
24 2.20551
25 2.17719
26 2.37352
27 2.3364
28 2.13433
29 2.08419
"[DEBUG]index 77 centroid... "
0 3.27969
1 3.3872
2 3.3133
3 3.03941
4 3.39589
5 4.10579
6 3.41944
7 2.17762
8 33.2454
9 4.46394
10 2.31685
11 12.3393
12 3.07645
13 2.08568
14 9.42832
15 9.69215
16 2.12851
17 11.5099
18 2.2401
19 10.5609
20 8.61517
21 2.12632
22 10.4322
23 3.3572
24 3.40702
25 3.5705
26 3.5047
27 3.34306
28 3.3895
29 3.14473
"[DEBUG]index 78 centroid... "
0 2.08665
1 2.11271
2 2.20292
3 2.12051
4 2.30188
5 2.29679
6 2.03715
7 1.36536
8 11.1658
9 3.55728
10 2.04274
11 4.37875
12 6.01159
13 26.7244
14 5.12389
15 3.55007
16 1.79185
17 4.94428
18 1.43005
19 1.77981
20 1.57243
21 4.01916
22 1.68536
23 1.98733
24 2.03958
25 1.88341
26 1.79266
27 1.86993
28 1.84234
29 1.74469
"[DEBUG]index 79 centroid... "
0 4.07829
1 3.90009
2 3.71929
3 3.29152
4 3.74308
5 3.641
6 3.41825
7 1.90355
8 23.0117
9 5.25692
10 2.52984
11 3.21064
12 0.79628
13 3.06964
14 0.935121
15 0.481834
16 0.972318
17 2.13884
18 12.2522
19 1.68469
20 3.03676
21 2.78633
22 2.3058
23 3.61678
24 3.15571
25 3.13538
26 3.23746
27 3.42604
28 3.47794
29 3.18685
"[DEBUG]index 80 centroid... "
0 4.70282
1 4.40609
2 4.23041
3 3.83306
4 4.56882
5 4.7152
6 4.11002
7 2.12071
8 29.0618
9 5.24019
10 3.7646
11 1.48966
12 3.0905
13 13.0889
14 2.58729
15 3.13925
16 0.976143
17 3.89024
18 3.18762
19 1.10094
20 1.15177
21 2.85984
22 1.13465
23 3.99669
24 3.38645
25 3.36447
26 3.48084
27 3.553
28 3.39929
29 3.36668
"[DEBUG]index 81 centroid... "
0 3.16343
1 3.47825
2 3.07645
3 2.7851
4 3.17908
5 3.2912
6 3.02333
7 1.82784
8 17.6545
9 4.74206
10 3.09782
11 2.79774
12 4.11919
13 19.6871
14 4.59157
15 2.55546
16 3.10745
17 4.60798
18 21.2938
19 3.91347
20 2.33649
21 3.19549
22 1.41008
23 3.17216
24 2.91753
25 2.68939
26 2.724
27 2.80135
28 2.82092
29 2.56343
"[DEBUG]index 82 centroid... "
0 3.38268
1 3.43541
2 3.35659
3 2.75938
4 3.32615
5 3.60989
6 3.21834
7 1.85541
8 28.5117
9 3.11868
10 11.9523
11 2.52962
12 1.37779
13 2.4066
14 10.0502
15 8.90234
16 2.48052
17 2.59975
18 10.2296
19 9.4557
20 1.82044
21 3.10853
22 1.08027
23 3.88893
24 2.82424
25 3.04403
26 3.03316
27 3.13662
28 3.18844
29 3.02935
"[DEBUG]index 83 centroid... "
0 4.66921
1 4.34481
2 4.06029
3 3.65652
4 5.55113
5 5.06815
6 4.41569
7 2.58205
8 32.3959
9 4.67895
10 3.9211
11 1.42605
12 4.88309
13 1.80061
14 1.3762
15 2.52021
16 16.8684
17 3.28421
18 1.8334
19 3.0391
20 14.6303
21 2.5185
22 1.52504
23 4.69912
24 4.5502
25 4.44217
26 3.87476
27 6.52052
28 4.3667
29 4.60277
"[DEBUG]index 84 centroid... "
0 5.72038
1 4.99737
2 4.5366
3 4.31095
4 5.04976
5 4.87546
6 4.53239
7 2.79805
8 22.6122
9 4.32043
10 13.2496
11 2.86519
12 1.47446
13 4.63823
14 1.2554
15 1.24934
16 4.45498
17 0.905213
18 3.70511
19 1.34966
20 0.655345
21 1.29252
22 1.32096
23 3.7762
24 3.34808
25 3.5595
26 3.53318
27 3.4534
28 3.45629
29 3.50079
"[DEBUG]index 85 centroid... "
0 1.75063
1 1.81601
2 1.71533
3 1.78708
4 1.46326
5 1.99961
6 2.05381
7 1.39942
8 6.87888
9 16.5445
10 5.24494
11 3.70376
12 1.77608
13 0.785535
14 1.66519
15 0.666345
16 1.2432
17 4.00386
18 1.64301
19 1.5649
20 3.03799
21 8.77396
22 2.81774
23 1.61851
24 2.01041
25 1.82141
26 1.65516
27 1.65844
28 1.74214
29 1.53983
"[DEBUG]index 86 centroid... "
0 4.51529
1 4.07425
2 3.95484
3 3.44802
4 4.82644
5 4.37214
6 4.14932
7 2.16848
8 40.3425
9 4.32822
10 2.73513
11 1.51865
12 1.30952
13 2.48482
14 0.995331
15 3.2797
16 0.939345
17 3.42033
18 0.952255
19 2.86017
20 2.42612
21 0.828977
22 2.76102
23 3.23248
24 2.87361
25 3.08343
26 3.21863
27 3.25058
28 3.20476
29 3.30593
"[DEBUG]index 87 centroid... "
0 3.21618
1 3.28212
2 3.27714
3 2.95581
4 3.25561
5 3.23431
6 2.67732
7 1.41922
8 24.0408
9 4.31838
10 2.11421
11 10.2814
12 10.041
13 8.76977
14 2.14253
15 1.01382
16 2.76615
17 2.72649
18 2.73216
19 1.05257
20 2.49173
21 8.82869
22 9.10514
23 2.4983
24 3.38636
25 3.57648
26 3.16021
27 2.8552
28 2.87514
29 3.00091
"[DEBUG]index 88 centroid... "
0 3.5133
1 3.52367
2 3.46111
3 2.91168
4 3.10358
5 3.34961
6 3.32475
7 2.10128
8 25.7787
9 3.17402
10 28.3111
11 3.50002
12 2.72139
13 1.89856
14 3.59642
15 1.34521
16 2.80059
17 9.13721
18 2.09321
19 7.18452
20 2.86078
21 1.25689
22 3.08824
23 2.96884
24 2.67057
25 2.95741
26 3.01764
27 2.93553
28 3.02491
29 2.80075
"[DEBUG]index 89 centroid... "
0 2.8678
1 2.89615
2 2.56458
3 2.48934
4 2.50709
5 3.15764
6 3.13048
7 2.00662
8 14.7478
9 16.5848
10 4.20016
11 2.22731
12 1.29421
13 2.03418
14 6.49901
15 1.2391
16 6.73559
17 1.94622
18 0.929924
19 2.21645
20 2.1224
21 0.697443
22 1.81786
23 2.17684
24 2.22162
25 2.09008
26 2.31753
27 2.05127
28 2.32388
29 2.02172
"[DEBUG]index 90 centroid... "
0 3.69496
1 3.48544
2 3.27949
3 2.91745
4 3.48427
5 3.41865
6 3.14235
7 1.71834
8 31.1298
9 3.18824
10 12.3276
11 1.91931
12 12.8809
13 1.96389
14 10.7635
15 1.7633
16 8.23002
17 9.18995
18 2.39326
19 1.36507
20 2.63734
21 9.12526
22 1.96956
23 3.46804
24 3.52939
25 3.46773
26 3.1623
27 3.13458
28 3.1241
29 3.02602
"[DEBUG]index 91 centroid... "
0 2.99875
1 3.37723
2 2.95077
3 2.76234
4 3.37936
5 3.63426
6 3.34824
7 1.92853
8 26.67
9 3.93128
10 3.1367
11 1.47795
12 2.89854
13 10.072
14 1.84543
15 11.6265
16 1.77446
17 13.1967
18 1.85868
19 11.6446
20 1.71748
21 8.7346
22 8.55754
23 2.96451
24 3.38923
25 3.71748
26 3.24004
27 3.21255
28 3.20792
29 3.18006
"[DEBUG]index 92 centroid... "
0 2.94446
1 2.94013
2 2.73511
3 2.56117
4 2.96682
5 3.15107
6 3.25349
7 2.09598
8 18.8348
9 3.40934
10 2.39392
11 6.17075
12 2.48538
13 3.83523
14 22.9047
15 2.66327
16 22.1326
17 3.73371
18 6.67378
19 2.75817
20 2.58315
21 2.1668
22 5.46296
23 2.44908
24 3.00185
25 2.85039
26 2.93911
27 2.60009
28 2.6313
29 2.40985
"[DEBUG]index 93 centroid... "
0 2.92316
1 3.07436
2 3.02245
3 2.82839
4 2.84684
5 3.28243
6 2.87374
7 2.1234
8 19.0106
9 3.93694
10 3.69467
11 22.1367
12 5.73821
13 2.28311
14 4.50158
15 22.2289
16 3.48147
17 2.23369
18 6.79712
19 2.25606
20 6.64284
21 2.10939
22 6.79343
23 2.87509
24 2.97567
25 2.96143
26 2.89235
27 2.76488
28 2.79486
29 2.53759
"[DEBUG]index 94 centroid... "
0 3.51942
1 3.5212
2 3.60409
3 3.1784
4 3.486
5 3.68835
6 2.87917
7 1.86723
8 29.2366
9 3.34321
10 10.5708
11 10.1901
12 2.05599
13 8.27309
14 11.0978
15 1.77549
16 1.14979
17 2.94545
18 2.62653
19 1.06361
20 2.27878
21 2.46528
22 2.08433
23 2.89022
24 2.7501
25 2.59229
26 2.63325
27 2.57623
28 2.49108
29 2.53987
"[DEBUG]index 95 centroid... "
0 3.77243
1 3.76028
2 3.28165
3 2.82837
4 3.41444
5 3.53425
6 3.22303
7 1.89389
8 27.6509
9 3.45318
10 13.1343
11 2.27011
12 1.42382
13 3.06583
14 1.13289
15 2.27784
16 12.0061
17 1.8293
18 9.867
19 9.19676
20 2.39837
21 1.28711
22 3.29669
23 3.31771
24 2.95694
25 3.23684
26 3.59895
27 3.32533
28 3.45235
29 3.09395
"[DEBUG]index 96 centroid... "
0 3.72441
1 3.68023
2 3.45779
3 3.27457
4 3.81258
5 3.93398
6 3.35037
7 1.82759
8 35.9271
9 4.44979
10 3.43983
11 3.18166
12 13.1557
13 7.14968
14 1.85859
15 11.7875
16 2.99442
17 1.38592
18 2.76331
19 12.5511
20 2.29047
21 2.48865
22 11.654
23 3.40499
24 3.55056
25 3.82374
26 3.62221
27 3.4447
28 3.44582
29 3.34961
"[DEBUG]index 97 centroid... "
0 3.24865
1 3.35486
2 3.43988
3 2.95569
4 3.33757
5 3.58416
6 2.84478
7 1.96319
8 28.9019
9 4.64783
10 2.68797
11 12.5788
12 2.25043
13 9.71184
14 2.33288
15 2.62728
16 1.38709
17 3.09928
18 2.27556
19 12.401
20 1.88429
21 8.73858
22 9.77293
23 3.01901
24 3.43296
25 3.48586
26 3.09613
27 3.08611
28 3.1815
29 3.08531
"[DEBUG]index 98 centroid... "
0 3.30427
1 3.50039
2 4.18292
3 2.83338
4 3.00699
5 3.59224
6 5.5467
7 3.19664
8 21.8018
9 4.95679
10 2.20492
11 6.82354
12 7.23622
13 1.94825
14 6.39664
15 22.8204
16 3.60699
17 19.1801
18 16.2831
19 5.07141
20 7.88719
21 3.89185
22 1.67141
23 3.54541
24 3.18396
25 2.65899
26 2.90608
27 2.85278
28 2.78784
29 2.55783
"[DEBUG]index 99 centroid... "
0 3.00939
1 3.01268
2 2.82791
3 2.61297
4 2.76419
5 2.86176
6 2.7116
7 1.61828
8 22.6849
9 4.41197
10 3.00014
11 2.48563
12 8.42218
13 2.16739
14 1.25379
15 3.19449
16 2.77687
17 4.09048
18 26.0878
19 4.25801
20 2.45027
21 7.90534
22 2.61348
23 2.69571
24 2.87406
25 2.89671
26 2.85443
27 2.99558
28 2.96057
29 2.79544
