"[DEBUG]index 0 centroid... "
0 0.302678
1 0.211398
2 0.172161
3 0.191178
4 0.12889
5 0.285898
6 0.169661
7 0.244322
8 -0.0756695
9 -0.0583475
10 0.0419153
11 0.0967712
12 0.0474152
13 0.126898
14 0.163627
15 0.0505085
16 0.0847373
17 0.0978475
18 0.110254
19 0.261254
20 0.196127
21 0.131966
22 0.175339
23 0.328
24 0.264814
25 0.185051
26 0.352805
27 0.289017
28 0.333958
29 0.305297
"[DEBUG]index 1 centroid... "
0 0.326954
1 0.364107
2 0.253473
3 0.22545
4 0.180824
5 0.0837327
6 0.11029
7 0.265336
8 0.167114
9 0.106687
10 0.139924
11 0.218191
12 0.216817
13 0.183237
14 0.18855
15 0.363427
16 0.476191
17 0.412305
18 0.463099
19 0.293924
20 0.534824
21 0.390794
22 0.30858
23 0.24926
24 0.388817
25 0.374794
26 0.35926
27 0.254145
28 0.302183
29 0.279603
"[DEBUG]index 2 centroid... "
0 0.154594
1 0.168438
2 0.186316
3 0.21961
4 0.192539
5 0.156831
6 0.224744
7 0.161961
8 0.0489103
9 0.142193
10 0.124963
11 0.149212
12 0.11389
13 0.12259
14 0.196189
15 0.20125
16 0.186003
17 0.0682236
18 0.126027
19 0.201319
20 0.156457
21 0.136442
22 0.151446
23 0.087569
24 0.122881
25 0.158533
26 0.140507
27 0.128201
28 0.133625
29 0.18679
"[DEBUG]index 3 centroid... "
0 0.227295
1 -0.131068
2 0.134318
3 0.0992045
4 0.212273
5 0.0852045
6 -0.0419091
7 0.02075
8 0.0582954
9 -0.0304545
10 -0.00461364
11 0.07375
12 0.0143636
13 0.334909
14 0.151068
15 0.0913409
16 0.331795
17 0.145068
18 0.228659
19 0.201909
20 -0.0251364
21 -0.0100682
22 0.215068
23 0.232114
24 0.00802272
25 0.337318
26 0.0309546
27 -0.0202955
28 0.0685682
29 0.0982954
"[DEBUG]index 4 centroid... "
0 0.123433
1 0.106442
2 0.150013
3 0.133277
4 0.14543
5 0.101435
6 0.132199
7 0.1362
8 0.0763594
9 0.0977632
10 0.133783
11 0.12179
12 0.131159
13 0.140106
14 0.115227
15 0.112883
16 0.153339
17 0.163239
18 0.1312
19 0.168453
20 0.141908
21 0.0646808
22 0.116162
23 0.147105
24 0.137836
25 0.135467
26 0.116047
27 0.116616
28 0.111529
29 0.127042
"[DEBUG]index 5 centroid... "
0 0.132948
1 0.142817
2 0.121574
3 0.147542
4 0.136548
5 0.130355
6 0.16572
7 0.16878
8 0.116097
9 0.112021
10 0.141625
11 0.111465
12 0.11935
13 0.19438
14 0.165911
15 0.139457
16 0.166933
17 0.168201
18 0.133091
19 0.0823514
20 0.131817
21 0.15977
22 0.115604
23 0.17381
24 0.166779
25 0.137783
26 0.114885
27 0.148314
28 0.129869
29 0.127621
"[DEBUG]index 6 centroid... "
0 0.176124
1 0.147249
2 0.109993
3 0.129153
4 0.148918
5 0.118831
6 0.171369
7 0.131413
8 0.0751663
9 0.138919
10 0.134384
11 0.0770655
12 0.125797
13 0.130729
14 0.14387
15 0.130845
16 0.119612
17 0.099774
18 0.137623
19 0.19007
20 0.164814
21 0.136098
22 0.160762
23 0.205665
24 0.157861
25 0.199017
26 0.198566
27 0.177407
28 0.158257
29 0.161805
"[DEBUG]index 7 centroid... "
0 0.216116
1 0.107046
2 0.100703
3 0.118135
4 0.0872661
5 0.0098012
6 0.168076
7 0.172826
8 0.102159
9 -0.0144985
10 0.0919878
11 0.118792
12 0.163746
13 0.114009
14 0.104138
15 0.0861009
16 0.0912202
17 0.126376
18 0.0949113
19 0.130508
20 0.2233
21 0.160349
22 0.177385
23 0.173865
24 0.171379
25 0.251095
26 0.239453
27 0.166257
28 0.215049
29 0.253807
"[DEBUG]index 8 centroid... "
0 0.15496
1 0.147871
2 0.151243
3 0.164607
4 0.1615
5 0.139463
6 0.172671
7 0.158495
8 0.0873007
9 0.14558
10 0.170626
11 0.170328
12 0.155937
13 0.136122
14 0.118274
15 0.0953937
16 0.112913
17 0.119543
18 0.177363
19 0.170628
20 0.127224
21 0.176087
22 0.171235
23 0.137044
24 0.154107
25 0.165318
26 0.166033
27 0.159687
28 0.167261
29 0.165028
"[DEBUG]index 9 centroid... "
0 0.173027
1 0.148578
2 0.163908
3 0.169171
4 0.168708
5 0.133155
6 0.16417
7 0.148064
8 0.105219
9 0.131371
10 0.160345
11 0.129586
12 0.177795
13 0.204079
14 0.165052
15 0.146152
16 0.197895
17 0.195131
18 0.158995
19 0.161065
20 0.223201
21 0.209671
22 0.194961
23 0.201117
24 0.211667
25 0.187626
26 0.183683
27 0.178395
28 0.158448
29 0.187073
"[DEBUG]index 10 centroid... "
0 0.161882
1 0.166977
2 0.142904
3 0.148095
4 0.154107
5 0.172298
6 0.197294
7 0.156326
8 0.0957829
9 0.15557
10 0.186053
11 0.192616
12 0.189561
13 0.13249
14 0.149234
15 0.16799
16 0.159253
17 0.117845
18 0.159218
19 0.160271
20 0.160079
21 0.153135
22 0.118528
23 0.154002
24 0.156905
25 0.136242
26 0.174854
27 0.165407
28 0.150565
29 0.121639
"[DEBUG]index 11 centroid... "
0 0.14642
1 0.128308
2 0.127835
3 0.177095
4 0.183725
5 0.14599
6 0.191736
7 0.155358
8 0.115999
9 0.108544
10 0.0982982
11 0.170634
12 0.151855
13 0.157451
14 0.14619
15 0.125089
16 0.126299
17 0.129287
18 0.113896
19 0.108463
20 0.0836594
21 0.164377
22 0.163966
23 0.166249
24 0.176731
25 0.160106
26 0.129759
27 0.15478
28 0.136882
29 0.153057
"[DEBUG]index 12 centroid... "
0 0.165947
1 0.15312
2 0.14726
3 0.152241
4 0.159662
5 0.135684
6 0.167561
7 0.15539
8 0.0880421
9 0.112026
10 0.156596
11 0.158676
12 0.158834
13 0.152168
14 0.167987
15 0.115761
16 0.0897804
17 0.160658
18 0.1754
19 0.128894
20 0.165354
21 0.151947
22 0.128496
23 0.147922
24 0.168686
25 0.145781
26 0.153632
27 0.151362
28 0.161882
29 0.146331
"[DEBUG]index 13 centroid... "
0 0.141473
1 0.125818
2 0.130974
3 0.15961
4 0.184389
5 0.119405
6 0.184381
7 0.180344
8 0.0732108
9 0.0550313
10 0.0595131
11 0.0458532
12 0.0867044
13 0.151429
14 0.153855
15 0.142938
16 0.132313
17 0.128776
18 0.134326
19 0.173942
20 0.187527
21 0.135578
22 0.135645
23 0.202524
24 0.213257
25 0.24453
26 0.258406
27 0.255585
28 0.203309
29 0.190619
"[DEBUG]index 14 centroid... "
0 0.117693
1 0.108892
2 0.0762952
3 0.112647
4 0.171824
5 0.074354
6 0.143745
7 0.119166
8 0.0919013
9 0.134482
10 0.105749
11 0.179148
12 0.159725
13 0.142609
14 0.164566
15 0.12602
16 0.0685494
17 0.136639
18 0.0919257
19 0.0211299
20 0.143345
21 0.0836205
22 0.0384695
23 0.065041
24 0.0560055
25 0.0709112
26 0.0948912
27 0.126971
28 0.0943018
29 0.0960145
"[DEBUG]index 15 centroid... "
0 0.195964
1 0.184103
2 0.137398
3 0.1412
4 0.140999
5 0.159852
6 0.152962
7 0.171259
8 0.109945
9 0.0430299
10 0.120274
11 0.149489
12 0.137754
13 0.116089
14 0.134228
15 0.153918
16 0.134039
17 0.128666
18 0.141352
19 0.135766
20 0.159745
21 0.148384
22 0.175052
23 0.193699
24 0.169709
25 0.155247
26 0.16968
27 0.151289
28 0.15578
29 0.158782
"[DEBUG]index 16 centroid... "
0 0.128766
1 0.127436
2 0.133755
3 0.148485
4 0.155743
5 0.12368
6 0.130724
7 0.128425
8 0.0587264
9 0.114564
10 0.156711
11 0.128506
12 0.147947
13 0.139155
14 0.154759
15 0.176424
16 0.171577
17 0.186642
18 0.173148
19 0.119837
20 0.169388
21 0.16674
22 0.166172
23 0.176014
24 0.171996
25 0.165193
26 0.15053
27 0.155941
28 0.144639
29 0.142646
"[DEBUG]index 17 centroid... "
0 0.155546
1 0.144375
2 0.132961
3 0.163532
4 0.181955
5 0.170838
6 0.181119
7 0.185526
8 0.124047
9 0.192399
10 0.224911
11 0.164408
12 0.178248
13 0.199367
14 0.154058
15 0.134986
16 0.174685
17 0.188548
18 0.124976
19 0.198502
20 0.21194
21 0.124547
22 0.123564
23 0.192572
24 0.178161
25 0.156749
26 0.148791
27 0.142761
28 0.133561
29 0.145667
"[DEBUG]index 18 centroid... "
0 0.190217
1 0.178124
2 0.173735
3 0.177073
4 0.176629
5 0.167488
6 0.20646
7 0.186911
8 0.119434
9 0.18413
10 0.179248
11 0.148658
12 0.193007
13 0.161826
14 0.155473
15 0.207884
16 0.199632
17 0.120399
18 0.168684
19 0.205194
20 0.151641
21 0.138821
22 0.203362
23 0.198983
24 0.169273
25 0.173906
26 0.166248
27 0.162364
28 0.168144
29 0.195431
"[DEBUG]index 19 centroid... "
0 0.178322
1 0.153878
2 0.131514
3 0.198934
4 0.176249
5 0.130767
6 0.154515
7 0.181546
8 0.0566959
9 0.144949
10 0.181811
11 0.164458
12 0.195168
13 0.149362
14 0.110926
15 0.15742
16 0.177079
17 0.142162
18 0.101525
19 0.0953325
20 0.122938
21 0.169379
22 0.146295
23 0.174753
24 0.126709
25 0.152718
26 0.153921
27 0.17002
28 0.231823
29 0.170032
"[DEBUG]index 20 centroid... "
0 0.228681
1 0.162192
2 0.219196
3 0.202017
4 0.172655
5 0.12489
6 0.217885
7 0.213895
8 0.140954
9 0.178637
10 0.207441
11 0.218984
12 0.097273
13 0.212421
14 0.177638
15 0.205666
16 0.136429
17 0.182112
18 0.276331
19 0.245316
20 0.201452
21 0.21698
22 0.247334
23 0.128966
24 0.217566
25 0.202237
26 0.221059
27 0.209488
28 0.191079
29 0.191883
"[DEBUG]index 21 centroid... "
0 0.154758
1 0.147806
2 0.165405
3 0.162772
4 0.158487
5 0.142554
6 0.163195
7 0.150453
8 0.0901435
9 0.160493
10 0.182648
11 0.130084
12 0.166171
13 0.172715
14 0.152001
15 0.176423
16 0.150415
17 0.147599
18 0.191499
19 0.180348
20 0.163882
21 0.191035
22 0.192131
23 0.18127
24 0.184276
25 0.173561
26 0.168848
27 0.166021
28 0.165941
29 0.16078
"[DEBUG]index 22 centroid... "
0 0.157739
1 0.170026
2 0.168667
3 0.157976
4 0.156181
5 0.146231
6 0.178455
7 0.166862
8 0.0743783
9 0.120664
10 0.178526
11 0.132895
12 0.119839
13 0.192974
14 0.151375
15 0.0870036
16 0.150087
17 0.170128
18 0.133409
19 0.169569
20 0.153088
21 0.138056
22 0.177492
23 0.176895
24 0.185955
25 0.172854
26 0.188841
27 0.180672
28 0.17407
29 0.178057
"[DEBUG]index 23 centroid... "
0 0.165135
1 0.147688
2 0.145472
3 0.159619
4 0.142284
5 0.119248
6 0.15829
7 0.155019
8 0.101431
9 0.108543
10 0.149478
11 0.119008
12 0.132007
13 0.118581
14 0.0731179
15 0.1352
16 0.165565
17 0.151119
18 0.154716
19 0.139001
20 0.152063
21 0.172243
22 0.190377
23 0.186658
24 0.165141
25 0.167447
26 0.185485
27 0.188974
28 0.182173
29 0.180065
"[DEBUG]index 24 centroid... "
0 0.162836
1 0.153124
2 0.150136
3 0.170735
4 0.164949
5 0.134152
6 0.181886
7 0.14831
8 0.0885847
9 0.165398
10 0.182046
11 0.129271
12 0.116843
13 0.11497
14 0.108684
15 0.10436
16 0.167353
17 0.172306
18 0.101722
19 0.153795
20 0.177875
21 0.153907
22 0.162488
23 0.172397
24 0.166888
25 0.164199
26 0.173013
27 0.180055
28 0.168062
29 0.167456
"[DEBUG]index 25 centroid... "
0 0.140892
1 0.134506
2 0.139501
3 0.149818
4 0.159266
5 0.138501
6 0.148457
7 0.137659
8 0.0373785
9 0.0563344
10 0.0978861
11 0.150899
12 0.169586
13 0.167554
14 0.15139
15 0.163754
16 0.18877
17 0.186777
18 0.192816
19 0.221453
20 0.209608
21 0.202945
22 0.226412
23 0.197236
24 0.191234
25 0.195079
26 0.185486
27 0.180646
28 0.168029
29 0.182929
"[DEBUG]index 26 centroid... "
0 0.174897
1 0.136725
2 0.22436
3 0.177438
4 0.189304
5 0.13842
6 0.179756
7 0.147281
8 0.0994012
9 0.14745
10 0.193989
11 0.211222
12 0.113043
13 0.138849
14 0.113441
15 0.192693
16 0.106078
17 0.176064
18 0.143537
19 0.108395
20 0.105595
21 0.106414
22 0.143244
23 0.129589
24 0.148452
25 0.169949
26 0.20718
27 0.1392
28 0.172272
29 0.159255
"[DEBUG]index 27 centroid... "
0 0.152051
1 0.164684
2 0.164362
3 0.174517
4 0.168255
5 0.158924
6 0.164016
7 0.149308
8 0.136047
9 0.138155
10 0.100555
11 0.0857176
12 0.152748
13 0.174685
14 0.121391
15 0.135332
16 0.183855
17 0.131981
18 0.0804071
19 0.167317
20 0.15696
21 0.132051
22 0.12953
23 0.166947
24 0.117455
25 0.122162
26 0.156331
27 0.180037
28 0.157139
29 0.186895
"[DEBUG]index 28 centroid... "
0 0.158107
1 0.168819
2 0.143175
3 0.154784
4 0.156045
5 0.15011
6 0.155077
7 0.15883
8 0.0905157
9 0.142942
10 0.154146
11 0.158515
12 0.126921
13 0.0836455
14 0.169891
15 0.184263
16 0.135486
17 0.139006
18 0.135659
19 0.110051
20 0.114447
21 0.137353
22 0.135722
23 0.166145
24 0.18409
25 0.188735
26 0.174146
27 0.170168
28 0.202571
29 0.186356
"[DEBUG]index 29 centroid... "
0 0.161684
1 0.147386
2 0.167665
3 0.145776
4 0.176028
5 0.167913
6 0.190337
7 0.164102
8 0.110846
9 0.101227
10 0.0861568
11 0.100987
12 0.144584
13 0.100513
14 0.160345
15 0.116745
16 0.103303
17 0.165988
18 0.176395
19 0.140224
20 0.143924
21 0.187645
22 0.175697
23 0.16272
24 0.153162
25 0.172332
26 0.161718
27 0.159272
28 0.180021
29 0.179951
"[DEBUG]index 30 centroid... "
0 0.14271
1 0.124954
2 0.12848
3 0.145118
4 0.163662
5 0.160213
6 0.193305
7 0.166841
8 0.088455
9 0.122009
10 0.144505
11 0.147496
12 0.142645
13 0.141521
14 0.13466
15 0.187085
16 0.165562
17 0.114126
18 0.188284
19 0.133516
20 0.122351
21 0.184948
22 0.121403
23 0.128655
24 0.141478
25 0.108302
26 0.148957
27 0.146763
28 0.157974
29 0.132276
"[DEBUG]index 31 centroid... "
0 0.153657
1 0.145629
2 0.145263
3 0.160535
4 0.167216
5 0.136173
6 0.170117
7 0.180855
8 0.108109
9 0.122977
10 0.147632
11 0.139856
12 0.130898
13 0.181529
14 0.185077
15 0.140002
16 0.15472
17 0.164843
18 0.154874
19 0.175068
20 0.187828
21 0.189755
22 0.202103
23 0.188808
24 0.180542
25 0.18087
26 0.182101
27 0.184279
28 0.18149
29 0.177743
"[DEBUG]index 32 centroid... "
0 0.203561
1 0.163087
2 0.166308
3 0.177713
4 0.206734
5 0.164721
6 0.189597
7 0.138982
8 0.135269
9 0.203851
10 0.176447
11 0.155841
12 0.177232
13 0.196221
14 0.234596
15 0.10205
16 0.10145
17 0.12751
18 0.177201
19 0.134727
20 0.146055
21 0.154447
22 0.201416
23 0.252669
24 0.161312
25 0.182037
26 0.128514
27 0.182893
28 0.201622
29 0.213561
"[DEBUG]index 33 centroid... "
0 0.14514
1 0.142673
2 0.139757
3 0.151733
4 0.144335
5 0.130057
6 0.161586
7 0.120416
8 0.053731
9 0.0457887
10 0.0622562
11 0.121678
12 0.161734
13 0.139499
14 0.140353
15 0.152818
16 0.17301
17 0.190597
18 0.169327
19 0.166769
20 0.185752
21 0.166303
22 0.186541
23 0.199745
24 0.181777
25 0.205519
26 0.177952
27 0.178983
28 0.164095
29 0.138154
"[DEBUG]index 34 centroid... "
0 0.122611
1 0.137001
2 0.137535
3 0.155919
4 0.166888
5 0.141853
6 0.153535
7 0.155653
8 0.0994725
9 0.139484
10 0.156312
11 0.136714
12 0.165269
13 0.135762
14 0.0901742
15 0.167114
16 0.200618
17 0.12356
18 0.162632
19 0.157409
20 0.141535
21 0.132444
22 0.123851
23 0.15706
24 0.143493
25 0.139596
26 0.144158
27 0.149084
28 0.15166
29 0.162669
"[DEBUG]index 35 centroid... "
0 0.152531
1 0.144701
2 0.123828
3 0.14033
4 0.139271
5 0.123837
6 0.182333
7 0.187851
8 0.123472
9 0.113946
10 0.110448
11 0.111521
12 0.113093
13 0.192512
14 0.151305
15 0.135428
16 0.140308
17 0.121352
18 0.102517
19 0.124417
20 0.13539
21 0.126195
22 0.165027
23 0.199281
24 0.145965
25 0.17222
26 0.156884
27 0.163332
28 0.169062
29 0.146457
"[DEBUG]index 36 centroid... "
0 0.163379
1 0.142344
2 0.12216
3 0.142298
4 0.141846
5 0.121993
6 0.143165
7 0.195857
8 0.0728906
9 0.0582083
10 0.182288
11 0.183495
12 0.135432
13 0.158164
14 0.179671
15 0.141041
16 0.1435
17 0.172172
18 0.204947
19 0.183341
20 0.202723
21 0.19071
22 0.161824
23 0.208029
24 0.21067
25 0.165044
26 0.187322
27 0.203026
28 0.171466
29 0.177145
"[DEBUG]index 37 centroid... "
0 0.151457
1 0.143022
2 0.16032
3 0.148859
4 0.149445
5 0.137396
6 0.167663
7 0.151316
8 0.0823398
9 0.129406
10 0.148961
11 0.136802
12 0.175231
13 0.146654
14 0.126528
15 0.181288
16 0.153646
17 0.0975809
18 0.145441
19 0.171606
20 0.161831
21 0.141354
22 0.157126
23 0.138238
24 0.153738
25 0.159522
26 0.174978
27 0.179044
28 0.176761
29 0.175637
"[DEBUG]index 38 centroid... "
0 0.139172
1 0.126064
2 0.128964
3 0.142426
4 0.154948
5 0.118597
6 0.15434
7 0.138297
8 0.0717397
9 0.103673
10 0.162863
11 0.120695
12 0.134734
13 0.156959
14 0.159608
15 0.106989
16 0.171833
17 0.175499
18 0.110192
19 0.138995
20 0.167478
21 0.127032
22 0.118902
23 0.127048
24 0.133852
25 0.12691
26 0.133155
27 0.108949
28 0.124884
29 0.137162
"[DEBUG]index 39 centroid... "
0 0.164646
1 0.155927
2 0.152993
3 0.175453
4 0.162847
5 0.13761
6 0.179865
7 0.156711
8 0.104966
9 0.173305
10 0.173737
11 0.139546
12 0.129189
13 0.133327
14 0.161627
15 0.135576
16 0.114791
17 0.180654
18 0.124908
19 0.0872197
20 0.156943
21 0.170122
22 0.152602
23 0.147625
24 0.157517
25 0.129184
26 0.153159
27 0.17077
28 0.187386
29 0.188926
"[DEBUG]index 40 centroid... "
0 0.196751
1 0.184314
2 0.173521
3 0.180118
4 0.169487
5 0.164882
6 0.200131
7 0.195795
8 0.153156
9 0.222796
10 0.254188
11 0.150701
12 0.189851
13 0.217065
14 0.182619
15 0.168479
16 0.205507
17 0.226512
18 0.190826
19 0.210292
20 0.255518
21 0.277037
22 0.294701
23 0.230922
24 0.207459
25 0.1996
26 0.187564
27 0.19506
28 0.209367
29 0.21291
"[DEBUG]index 41 centroid... "
0 0.196716
1 0.158798
2 0.137528
3 0.145912
4 0.138274
5 0.154057
6 0.171412
7 0.170976
8 0.136899
9 0.102949
10 0.134719
11 0.0854985
12 0.108408
13 0.141091
14 0.12631
15 0.132192
16 0.16299
17 0.154829
18 0.17057
19 0.204902
20 0.18388
21 0.22301
22 0.250026
23 0.252297
24 0.232795
25 0.254211
26 0.272429
27 0.244184
28 0.239172
29 0.232622
"[DEBUG]index 42 centroid... "
0 0.136547
1 0.143434
2 0.13062
3 0.138046
4 0.140427
5 0.111302
6 0.142971
7 0.181365
8 0.0655428
9 0.0894825
10 0.180894
11 0.158838
12 0.146947
13 0.13366
14 0.140435
15 0.111156
16 0.153194
17 0.135987
18 0.159832
19 0.177748
20 0.144646
21 0.173781
22 0.184329
23 0.163631
24 0.177432
25 0.194317
26 0.192992
27 0.162467
28 0.191051
29 0.205707
"[DEBUG]index 43 centroid... "
0 0.13478
1 0.138852
2 0.148968
3 0.139278
4 0.122651
5 0.128781
6 0.146343
7 0.142213
8 0.0522374
9 0.128104
10 0.178999
11 0.139865
12 0.161313
13 0.134334
14 0.102444
15 0.161507
16 0.147005
17 0.150427
18 0.129914
19 0.122231
20 0.163056
21 0.153517
22 0.128898
23 0.136298
24 0.146286
25 0.124167
26 0.150775
27 0.145527
28 0.115389
29 0.136619
"[DEBUG]index 44 centroid... "
0 0.132465
1 0.134316
2 0.125105
3 0.15833
4 0.163153
5 0.125945
6 0.144838
7 0.1444
8 0.0606801
9 0.0780557
10 0.116773
11 0.168067
12 0.168519
13 0.159116
14 0.14698
15 0.138789
16 0.119129
17 0.110008
18 0.0903216
19 0.0804386
20 0.10493
21 0.12994
22 0.155682
23 0.143238
24 0.144352
25 0.131654
26 0.133549
27 0.139812
28 0.139804
29 0.140377
"[DEBUG]index 45 centroid... "
0 0.12831
1 0.123486
2 0.119566
3 0.147337
4 0.155355
5 0.116121
6 0.147081
7 0.14064
8 0.0487803
9 0.0737419
10 0.102523
11 0.155799
12 0.145467
13 0.122956
14 0.118824
15 0.108607
16 0.120757
17 0.140679
18 0.148359
19 0.13516
20 0.12933
21 0.121217
22 0.123927
23 0.135963
24 0.164505
25 0.144147
26 0.15083
27 0.135278
28 0.150793
29 0.149494
"[DEBUG]index 46 centroid... "
0 0.171904
1 0.154517
2 0.152898
3 0.158865
4 0.173122
5 0.15079
6 0.18675
7 0.188277
8 0.101437
9 0.136394
10 0.145991
11 0.126586
12 0.139924
13 0.162469
14 0.140754
15 0.148932
16 0.181558
17 0.156193
18 0.139868
19 0.1908
20 0.180229
21 0.127945
22 0.167643
23 0.179242
24 0.150754
25 0.147832
26 0.169862
27 0.162409
28 0.163068
29 0.167977
"[DEBUG]index 47 centroid... "
0 0.144204
1 0.138989
2 0.139037
3 0.153828
4 0.151457
5 0.135053
6 0.174068
7 0.149714
8 0.0931227
9 0.153449
10 0.166242
11 0.133102
12 0.173346
13 0.164084
14 0.149573
15 0.130121
16 0.105671
17 0.0909909
18 0.0663617
19 0.096357
20 0.127692
21 0.14797
22 0.161504
23 0.160069
24 0.159925
25 0.150463
26 0.144027
27 0.140633
28 0.153715
29 0.165777
"[DEBUG]index 48 centroid... "
0 0.145986
1 0.149691
2 0.145751
3 0.148845
4 0.148328
5 0.119164
6 0.135867
7 0.12367
8 0.0630374
9 0.117731
10 0.1408
11 0.143664
12 0.148974
13 0.130284
14 0.153908
15 0.152883
16 0.130335
17 0.15664
18 0.15588
19 0.157181
20 0.160222
21 0.14135
22 0.15889
23 0.16845
24 0.162757
25 0.162694
26 0.160386
27 0.157291
28 0.156501
29 0.157988
"[DEBUG]index 49 centroid... "
0 0.101373
1 0.12065
2 0.147286
3 0.122935
4 0.14364
5 0.110226
6 0.138659
7 0.123244
8 0.0581508
9 0.0963879
10 0.159808
11 0.119382
12 0.174876
13 0.161011
14 0.101483
15 0.124386
16 0.168487
17 0.155394
18 0.137793
19 0.175621
20 0.153782
21 0.177382
22 0.189068
23 0.164548
24 0.177105
25 0.146297
26 0.148022
27 0.162763
28 0.134397
29 0.144946
"[DEBUG]index 50 centroid... "
0 0.159782
1 0.144085
2 0.142025
3 0.152717
4 0.158852
5 0.147608
6 0.193946
7 0.17165
8 0.0981081
9 0.148699
10 0.189583
11 0.106833
12 0.158663
13 0.193141
14 0.146559
15 0.15512
16 0.166769
17 0.122917
18 0.163245
19 0.165899
20 0.16593
21 0.169023
22 0.138141
23 0.175171
24 0.170544
25 0.176113
26 0.19032
27 0.173874
28 0.172345
29 0.184633
"[DEBUG]index 51 centroid... "
0 0.149382
1 0.137917
2 0.144153
3 0.142828
4 0.148132
5 0.125689
6 0.151073
7 0.132881
8 0.0664768
9 0.0870246
10 0.12489
11 0.137077
12 0.177029
13 0.142214
14 0.127113
15 0.144939
16 0.140364
17 0.12243
18 0.117566
19 0.108107
20 0.105979
21 0.11112
22 0.132103
23 0.139016
24 0.14561
25 0.156442
26 0.145911
27 0.142828
28 0.138032
29 0.129294
"[DEBUG]index 52 centroid... "
0 0.152404
1 0.143064
2 0.152279
3 0.177277
4 0.151884
5 0.1503
6 0.164236
7 0.157208
8 0.0676447
9 0.157429
10 0.201258
11 0.113043
12 0.1629
13 0.171561
14 0.143779
15 0.125171
16 0.118135
17 0.178229
18 0.184795
19 0.159083
20 0.173677
21 0.155687
22 0.184217
23 0.175566
24 0.161204
25 0.182365
26 0.159978
27 0.162643
28 0.168989
29 0.163249
"[DEBUG]index 53 centroid... "
0 0.119492
1 0.20263
2 0.11881
3 0.164554
4 0.192939
5 0.172044
6 0.206643
7 0.282264
8 0.232366
9 0.230547
10 0.213329
11 0.210403
12 0.234854
13 0.217336
14 0.178044
15 0.14527
16 0.19241
17 0.201205
18 0.288338
19 0.250588
20 0.0241068
21 0.264418
22 0.208937
23 0.199484
24 0.12151
25 0.194597
26 0.156401
27 0.180307
28 0.113738
29 0.19319
"[DEBUG]index 54 centroid... "
0 0.0978833
1 0.14577
2 0.145086
3 0.137911
4 0.181821
5 0.107506
6 0.220327
7 0.195101
8 0.0974669
9 0.162342
10 0.21035
11 0.168086
12 0.268556
13 0.195152
14 0.254899
15 0.175661
16 0.184054
17 0.164743
18 0.207093
19 0.220996
20 0.298825
21 0.407124
22 0.267448
23 0.239
24 0.360813
25 0.236743
26 0.171794
27 0.22709
28 0.155261
29 0.09214
"[DEBUG]index 55 centroid... "
0 0.189867
1 0.175097
2 0.123685
3 0.140711
4 0.182502
5 0.144205
6 0.118107
7 0.235609
8 0.124544
9 0.170443
10 0.255007
11 0.136398
12 0.130233
13 0.205966
14 0.210857
15 0.110352
16 0.17953
17 0.123206
18 0.0751753
19 0.186569
20 0.137644
21 0.110886
22 0.171447
23 0.123241
24 0.0891037
25 0.115494
26 0.0963113
27 0.173384
28 0.187513
29 0.116407
"[DEBUG]index 56 centroid... "
0 0.161368
1 0.139457
2 0.152155
3 0.148487
4 0.154291
5 0.131631
6 0.173239
7 0.144462
8 0.0829173
9 0.146078
10 0.144454
11 0.120747
12 0.133118
13 0.106667
14 0.148598
15 0.183568
16 0.121424
17 0.140501
18 0.213023
19 0.190585
20 0.151125
21 0.151357
22 0.174374
23 0.163892
24 0.177604
25 0.205189
26 0.180436
27 0.187933
28 0.192243
29 0.182989
"[DEBUG]index 57 centroid... "
0 0.132938
1 0.163847
2 0.106172
3 0.096097
4 0.15247
5 0.117214
6 0.138826
7 0.200805
8 0.122133
9 0.0568276
10 0.142107
11 0.154783
12 0.151235
13 0.127182
14 0.128189
15 0.113012
16 0.0749419
17 0.122936
18 0.11959
19 0.150777
20 0.125182
21 0.0989994
22 0.106385
23 0.102861
24 0.117974
25 0.141181
26 0.163846
27 0.155996
28 0.156907
29 0.13981
"[DEBUG]index 58 centroid... "
0 0.154271
1 0.136092
2 0.16968
3 0.159373
4 0.148073
5 0.129485
6 0.151
7 0.136824
8 0.0652613
9 0.106841
10 0.142428
11 0.15822
12 0.152534
13 0.151807
14 0.177658
15 0.113131
16 0.131557
17 0.14664
18 0.07375
19 0.111675
20 0.151232
21 0.145415
22 0.139953
23 0.163895
24 0.163838
25 0.170326
26 0.151045
27 0.174077
28 0.154085
29 0.152902
"[DEBUG]index 59 centroid... "
0 0.172826
1 0.167423
2 0.165314
3 0.171657
4 0.169257
5 0.167662
6 0.18132
7 0.179316
8 0.119958
9 0.148357
10 0.184812
11 0.143069
12 0.16344
13 0.147593
14 0.134143
15 0.152364
16 0.146352
17 0.143665
18 0.165227
19 0.141383
20 0.108201
21 0.160539
22 0.186672
23 0.15472
24 0.161123
25 0.161121
26 0.158203
27 0.15662
28 0.160445
29 0.166083
"[DEBUG]index 60 centroid... "
0 0.18316
1 0.151695
2 0.153349
3 0.163657
4 0.166976
5 0.155375
6 0.175297
7 0.179753
8 0.101726
9 0.104413
10 0.0948952
11 0.170056
12 0.161296
13 0.0637548
14 0.0829351
15 0.0645008
16 0.104268
17 0.157757
18 0.149498
19 0.153073
20 0.147613
21 0.142463
22 0.137998
23 0.205807
24 0.199065
25 0.210471
26 0.211445
27 0.176269
28 0.188895
29 0.192564
"[DEBUG]index 61 centroid... "
0 0.167163
1 0.134289
2 0.129303
3 0.152329
4 0.148785
5 0.161573
6 0.166819
7 0.162311
8 0.075314
9 0.138733
10 0.158701
11 0.162777
12 0.134122
13 0.123838
14 0.104764
15 0.120098
16 0.120062
17 0.168689
18 0.116262
19 0.0637511
20 0.069906
21 0.0504868
22 0.13856
23 0.164146
24 0.173817
25 0.163628
26 0.159645
27 0.13455
28 0.12064
29 0.146924
"[DEBUG]index 62 centroid... "
0 0.15962
1 0.145375
2 0.155121
3 0.157153
4 0.172998
5 0.151374
6 0.160943
7 0.138918
8 0.107187
9 0.140534
10 0.157708
11 0.131364
12 0.146018
13 0.191913
14 0.162881
15 0.118329
16 0.0917305
17 0.0767179
18 0.115256
19 0.129279
20 0.161963
21 0.143453
22 0.159757
23 0.13966
24 0.139587
25 0.129004
26 0.147473
27 0.167114
28 0.140849
29 0.151104
"[DEBUG]index 63 centroid... "
0 0.196769
1 0.167299
2 0.113959
3 0.205349
4 0.233776
5 0.127191
6 0.181016
7 0.193186
8 0.172144
9 0.173732
10 0.188073
11 0.18754
12 0.0886161
13 0.15638
14 0.152665
15 0.176933
16 0.140851
17 0.0914558
18 0.0605753
19 0.0351069
20 0.0485413
21 0.169927
22 0.165146
23 0.101301
24 0.106066
25 0.1485
26 0.118608
27 0.126267
28 0.165067
29 0.172778
"[DEBUG]index 64 centroid... "
0 0.139523
1 0.132307
2 0.129678
3 0.141702
4 0.147748
5 0.137505
6 0.177079
7 0.156145
8 0.0653695
9 0.065514
10 0.0751333
11 0.114291
12 0.121449
13 0.153642
14 0.141555
15 0.123637
16 0.164354
17 0.123068
18 0.124618
19 0.145367
20 0.118706
21 0.116353
22 0.107321
23 0.133224
24 0.145589
25 0.128419
26 0.131942
27 0.140086
28 0.15014
29 0.15545
"[DEBUG]index 65 centroid... "
0 0.130799
1 0.152187
2 0.156982
3 0.123864
4 0.190214
5 0.156753
6 0.163112
7 0.127113
8 0.0728594
9 0.0471893
10 0.0892015
11 0.135683
12 0.16478
13 0.156572
14 0.160897
15 0.119958
16 0.147127
17 0.137989
18 0.150963
19 0.184416
20 0.185198
21 0.168664
22 0.166564
23 0.180977
24 0.176985
25 0.148474
26 0.171018
27 0.157238
28 0.141008
29 0.140675
"[DEBUG]index 66 centroid... "
0 0.122078
1 0.116162
2 0.124794
3 0.145123
4 0.151354
5 0.135811
6 0.143839
7 0.129748
8 0.0594591
9 0.0561827
10 0.0641982
11 0.0784811
12 0.101469
13 0.0910524
14 0.100089
15 0.0733712
16 0.0864455
17 0.164856
18 0.120972
19 0.137159
20 0.174993
21 0.120743
22 0.103412
23 0.141242
24 0.137219
25 0.106866
26 0.143071
27 0.134905
28 0.136591
29 0.153648
"[DEBUG]index 67 centroid... "
0 0.117382
1 0.118159
2 0.162505
3 0.208081
4 0.17982
5 0.131196
6 0.187613
7 0.156671
8 0.186442
9 0.223626
10 0.198467
11 0.178258
12 0.15015
13 0.140273
14 0.168787
15 0.156692
16 0.15774
17 0.211303
18 0.157985
19 0.149936
20 0.169474
21 0.169898
22 0.170815
23 0.186512
24 0.149474
25 0.142258
26 0.166823
27 0.174842
28 0.167067
29 0.159886
"[DEBUG]index 68 centroid... "
0 0.15798
1 0.161115
2 0.162496
3 0.169476
4 0.170435
5 0.145845
6 0.193466
7 0.20383
8 0.130303
9 0.134477
10 0.165818
11 0.145477
12 0.130542
13 0.186594
14 0.176461
15 0.163758
16 0.148652
17 0.155984
18 0.170366
19 0.143995
20 0.170705
21 0.180097
22 0.189993
23 0.171527
24 0.20382
25 0.203933
26 0.205732
27 0.187646
28 0.198256
29 0.204599
"[DEBUG]index 69 centroid... "
0 0.188616
1 0.19872
2 0.167927
3 0.142236
4 0.130078
5 0.119818
6 0.161645
7 0.0730067
8 0.0751208
9 0.0963594
10 0.0724652
11 0.142689
12 0.157403
13 0.161217
14 0.0840738
15 0.119076
16 0.183865
17 0.105297
18 0.0926015
19 0.160475
20 0.122425
21 0.0518327
22 0.163857
23 0.156079
24 0.140563
25 0.113344
26 0.1273
27 0.118479
28 0.160745
29 0.159654
"[DEBUG]index 70 centroid... "
0 0.164115
1 0.150336
2 0.144081
3 0.15015
4 0.142199
5 0.131767
6 0.166267
7 0.207669
8 0.0742484
9 0.0917307
10 0.169117
11 0.145573
12 0.140548
13 0.125487
14 0.163965
15 0.163142
16 0.1762
17 0.160403
18 0.126509
19 0.139083
20 0.190156
21 0.191333
22 0.180515
23 0.188104
24 0.198033
25 0.172385
26 0.171169
27 0.199026
28 0.188401
29 0.16732
"[DEBUG]index 71 centroid... "
0 0.127164
1 0.132312
2 0.144093
3 0.143271
4 0.144679
5 0.121023
6 0.144414
7 0.140794
8 0.071858
9 0.12357
10 0.151247
11 0.140974
12 0.153719
13 0.159464
14 0.132698
15 0.127014
16 0.13118
17 0.144509
18 0.149776
19 0.142146
20 0.15996
21 0.127576
22 0.112736
23 0.149359
24 0.149871
25 0.134698
26 0.140206
27 0.143013
28 0.134326
29 0.14485
"[DEBUG]index 72 centroid... "
0 0.140482
1 0.140938
2 0.146105
3 0.153166
4 0.157506
5 0.132526
6 0.172493
7 0.14562
8 0.0773495
9 0.0690491
10 0.0621637
11 0.0688353
12 0.0879968
13 0.142824
14 0.139751
15 0.115368
16 0.156416
17 0.15739
18 0.13507
19 0.135344
20 0.162157
21 0.182077
22 0.162085
23 0.189806
24 0.213541
25 0.186838
26 0.188914
27 0.184162
28 0.180917
29 0.183395
"[DEBUG]index 73 centroid... "
0 0.152651
1 0.142861
2 0.132432
3 0.142256
4 0.139745
5 0.109405
6 0.147536
7 0.0858489
8 0.092251
9 0.134444
10 0.114184
11 0.139949
12 0.127807
13 0.10308
14 0.13336
15 0.189555
16 0.190042
17 0.148147
18 0.150303
19 0.125563
20 0.105435
21 0.1958
22 0.201428
23 0.190075
24 0.15909
25 0.165603
26 0.147392
27 0.139399
28 0.168491
29 0.188247
"[DEBUG]index 74 centroid... "
0 0.13613
1 0.143071
2 0.120529
3 0.118778
4 0.122084
5 0.118788
6 0.158438
7 0.127584
8 0.0936328
9 0.149667
10 0.128566
11 0.0487571
12 0.114743
13 0.147561
14 0.123561
15 0.13463
16 0.143156
17 0.177134
18 0.188872
19 0.212108
20 0.250733
21 0.225891
22 0.201653
23 0.255912
24 0.235109
25 0.21349
26 0.249214
27 0.246764
28 0.214178
29 0.210282
"[DEBUG]index 75 centroid... "
0 0.160204
1 0.190723
2 0.185605
3 0.120862
4 0.128248
5 0.149788
6 0.207323
7 0.191979
8 0.146167
9 0.143091
10 0.183902
11 0.162674
12 0.129291
13 0.118509
14 0.12253
15 0.189042
16 0.151536
17 0.114995
18 0.158152
19 0.216571
20 0.129271
21 0.162756
22 0.148549
23 0.155993
24 0.183108
25 0.110788
26 0.123663
27 0.111479
28 0.111811
29 0.0957317
"[DEBUG]index 76 centroid... "
0 0.17367
1 0.158362
2 0.179174
3 0.19272
4 0.152584
5 0.15733
6 0.157274
7 0.157404
8 0.10056
9 0.168693
10 0.17912
11 0.116247
12 0.125949
13 0.188021
14 0.157066
15 0.0547629
16 0.133852
17 0.174261
18 0.158434
19 0.121768
20 0.12689
21 0.187244
22 0.18785
23 0.200732
24 0.258621
25 0.206336
26 0.235447
27 0.292121
28 0.246893
29 0.207326
"[DEBUG]index 77 centroid... "
0 0.183797
1 0.172337
2 0.17582
3 0.180194
4 0.173599
5 0.158612
6 0.191989
7 0.170155
8 0.0976484
9 0.171049
10 0.224319
11 0.145554
12 0.185679
13 0.190085
14 0.117524
15 0.142823
16 0.156038
17 0.121474
18 0.145009
19 0.104601
20 0.153537
21 0.15227
22 0.137724
23 0.153955
24 0.159121
25 0.168423
26 0.171214
27 0.173164
28 0.189147
29 0.197825
"[DEBUG]index 78 centroid... "
0 0.153902
1 0.160106
2 0.143983
3 0.163964
4 0.15901
5 0.135759
6 0.172751
7 0.167367
8 0.131117
9 0.16467
10 0.156714
11 0.156455
12 0.119483
13 0.0845969
14 0.126976
15 0.132311
16 0.131795
17 0.142086
18 0.143387
19 0.172626
20 0.175669
21 0.186306
22 0.196169
23 0.204877
24 0.210501
25 0.220812
26 0.216729
27 0.214612
28 0.22479
29 0.22645
"[DEBUG]index 79 centroid... "
0 0.127467
1 0.113068
2 0.111077
3 0.104265
4 0.119944
5 0.143812
6 0.111029
7 0.139712
8 0.0706064
9 0.121076
10 0.178816
11 0.149139
12 0.165202
13 0.134412
14 0.147857
15 0.148719
16 0.142521
17 0.168341
18 0.0831078
19 0.0941641
20 0.17445
21 0.132108
22 0.15807
23 0.136904
24 0.129168
25 0.111172
26 0.136453
27 0.120852
28 0.123228
29 0.108635
"[DEBUG]index 80 centroid... "
0 0.137313
1 0.139282
2 0.14069
3 0.150069
4 0.158382
5 0.134695
6 0.148143
7 0.156847
8 0.0916627
9 0.14006
10 0.187099
11 0.179057
12 0.159741
13 0.121964
14 0.143651
15 0.156179
16 0.16119
17 0.141179
18 0.16123
19 0.188471
20 0.177394
21 0.187428
22 0.208861
23 0.183166
24 0.17324
25 0.187371
26 0.173546
27 0.190567
28 0.187637
29 0.170648
"[DEBUG]index 81 centroid... "
0 0.159581
1 0.1364
2 0.149766
3 0.16318
4 0.146227
5 0.119839
6 0.135813
7 0.153015
8 0.0760103
9 0.141106
10 0.15684
11 0.17343
12 0.13429
13 0.122703
14 0.167355
15 0.171528
16 0.198884
17 0.152619
18 0.120048
19 0.169501
20 0.175853
21 0.144521
22 0.172901
23 0.146307
24 0.133596
25 0.154961
26 0.165998
27 0.157311
28 0.158164
29 0.168905
"[DEBUG]index 82 centroid... "
0 0.123705
1 0.127641
2 0.169835
3 0.17107
4 0.148763
5 0.135388
6 0.182871
7 0.142577
8 0.0595132
9 0.0853801
10 0.0964058
11 0.141341
12 0.159607
13 0.188284
14 0.122606
15 0.126099
16 0.196721
17 0.188614
18 0.10447
19 0.0951734
20 0.184972
21 0.143275
22 0.145083
23 0.137903
24 0.136246
25 0.157255
26 0.148971
27 0.153583
28 0.140399
29 0.156407
"[DEBUG]index 83 centroid... "
0 0.151352
1 0.15453
2 0.161054
3 0.15196
4 0.191094
5 0.147123
6 0.162619
7 0.133847
8 0.0800011
9 0.12464
10 0.145947
11 0.146968
12 0.161185
13 0.153176
14 0.178901
15 0.145583
16 0.133018
17 0.165689
18 0.214233
19 0.178077
20 0.157807
21 0.185752
22 0.189912
23 0.151142
24 0.150319
25 0.148892
26 0.154786
27 0.16501
28 0.156871
29 0.164347
"[DEBUG]index 84 centroid... "
0 0.151562
1 0.140824
2 0.155746
3 0.17445
4 0.172301
5 0.148442
6 0.154001
7 0.138694
8 0.0602526
9 0.0779191
10 0.110525
11 0.164372
12 0.190286
13 0.126629
14 0.171696
15 0.131754
16 0.152665
17 0.185064
18 0.173923
19 0.187606
20 0.201537
21 0.202362
22 0.2027
23 0.181254
24 0.183791
25 0.204567
26 0.201774
27 0.182023
28 0.17165
29 0.195841
"[DEBUG]index 85 centroid... "
0 0.160571
1 0.169733
2 0.139292
3 0.145883
4 0.1659
5 0.169371
6 0.184396
7 0.204424
8 0.109107
9 0.0665444
10 0.108867
11 0.155025
12 0.140998
13 0.116121
14 0.130231
15 0.140451
16 0.142031
17 0.137382
18 0.161888
19 0.170727
20 0.172062
21 0.148857
22 0.193985
23 0.205076
24 0.142191
25 0.180965
26 0.170813
27 0.136127
28 0.154847
29 0.140627
"[DEBUG]index 86 centroid... "
0 0.145872
1 0.145102
2 0.150761
3 0.156535
4 0.158219
5 0.128175
6 0.138304
7 0.123856
8 0.0678635
9 0.116871
10 0.154855
11 0.143655
12 0.148584
13 0.14524
14 0.157123
15 0.170889
16 0.191452
17 0.197349
18 0.207051
19 0.199111
20 0.217136
21 0.222554
22 0.194679
23 0.200737
24 0.195269
25 0.173691
26 0.162874
27 0.164275
28 0.159495
29 0.159866
"[DEBUG]index 87 centroid... "
0 0.123703
1 0.122442
2 0.144533
3 0.148995
4 0.161937
5 0.146705
6 0.20212
7 0.178429
8 0.104347
9 0.144503
10 0.219493
11 0.161918
12 0.130632
13 0.163177
14 0.149464
15 0.146372
16 0.146544
17 0.115746
18 0.107369
19 0.1445
20 0.166473
21 0.120341
22 0.133297
23 0.180942
24 0.193195
25 0.140303
26 0.185167
27 0.184088
28 0.168361
29 0.185328
"[DEBUG]index 88 centroid... "
0 0.14734
1 0.142554
2 0.146573
3 0.15081
4 0.157368
5 0.143201
6 0.1654
7 0.139661
8 0.07439
9 0.0644642
10 0.0920184
11 0.144474
12 0.166673
13 0.160494
14 0.168896
15 0.163076
16 0.133382
17 0.125523
18 0.168387
19 0.155315
20 0.168377
21 0.188525
22 0.169119
23 0.1658
24 0.177805
25 0.171077
26 0.160626
27 0.163728
28 0.177484
29 0.168645
"[DEBUG]index 89 centroid... "
0 0.114527
1 0.141635
2 0.130733
3 0.142471
4 0.148036
5 0.13434
6 0.136818
7 0.161735
8 0.0606356
9 0.0659923
10 0.190199
11 0.143145
12 0.119817
13 0.121322
14 0.0862128
15 0.145322
16 0.132148
17 0.190853
18 0.20465
19 0.168179
20 0.177081
21 0.215978
22 0.196011
23 0.220266
24 0.20125
25 0.201536
26 0.220203
27 0.185023
28 0.179218
29 0.180812
"[DEBUG]index 90 centroid... "
0 0.144836
1 0.154273
2 0.153564
3 0.148513
4 0.161174
5 0.145548
6 0.180644
7 0.152327
8 0.0788575
9 0.0570445
10 0.075584
11 0.0782621
12 0.105212
13 0.0969398
14 0.11977
15 0.156923
16 0.156659
17 0.17166
18 0.169722
19 0.177776
20 0.129361
21 0.132865
22 0.165853
23 0.172215
24 0.168252
25 0.186957
26 0.169745
27 0.176202
28 0.175826
29 0.170941
"[DEBUG]index 91 centroid... "
0 0.160516
1 0.132813
2 0.152064
3 0.155491
4 0.148662
5 0.140807
6 0.164905
7 0.144824
8 0.0686037
9 0.123063
10 0.151101
11 0.185733
12 0.148978
13 0.134657
14 0.0934222
15 0.05581
16 0.0476135
17 0.0602629
18 0.0667561
19 0.0853558
20 0.119995
21 0.12499
22 0.138048
23 0.162595
24 0.148504
25 0.148622
26 0.14482
27 0.107531
28 0.135144
29 0.165684
"[DEBUG]index 92 centroid... "
0 0.156571
1 0.138145
2 0.151836
3 0.159026
4 0.156531
5 0.136604
6 0.162124
7 0.16055
8 0.094159
9 0.134995
10 0.167141
11 0.119778
12 0.192147
13 0.134772
14 0.0768366
15 0.0728609
16 0.0375788
17 0.107137
18 0.141005
19 0.137752
20 0.151926
21 0.143189
22 0.137269
23 0.161425
24 0.160227
25 0.160713
26 0.173293
27 0.175195
28 0.178334
29 0.18014
"[DEBUG]index 93 centroid... "
0 0.167839
1 0.172933
2 0.151162
3 0.184058
4 0.151507
5 0.154373
6 0.184813
7 0.154007
8 0.108175
9 0.192086
10 0.188966
11 0.114765
12 0.134383
13 0.173271
14 0.119863
15 0.102465
16 0.187181
17 0.179785
18 0.1418
19 0.164906
20 0.138017
21 0.162735
22 0.151806
23 0.187865
24 0.177933
25 0.181919
26 0.189767
27 0.194357
28 0.17744
29 0.179208
"[DEBUG]index 94 centroid... "
0 0.141478
1 0.147597
2 0.140236
3 0.152693
4 0.142061
5 0.132862
6 0.155494
7 0.120181
8 0.0289646
9 0.112875
10 0.128162
11 0.150611
12 0.191054
13 0.128723
14 0.127615
15 0.181624
16 0.177689
17 0.123371
18 0.137131
19 0.182109
20 0.199543
21 0.199216
22 0.238643
23 0.240712
24 0.212889
25 0.239557
26 0.241983
27 0.222379
28 0.234294
29 0.223529
"[DEBUG]index 95 centroid... "
0 0.126413
1 0.12515
2 0.124797
3 0.14135
4 0.175251
5 0.142303
6 0.175088
7 0.148446
8 0.053748
9 0.0639665
10 0.0972883
11 0.142548
12 0.154695
13 0.139977
14 0.155701
15 0.118282
16 0.110404
17 0.13973
18 0.102388
19 0.110276
20 0.184035
21 0.140172
22 0.154826
23 0.131765
24 0.122501
25 0.156068
26 0.128605
27 0.13451
28 0.124222
29 0.13743
"[DEBUG]index 96 centroid... "
0 0.170626
1 0.145801
2 0.148258
3 0.168263
4 0.164437
5 0.133825
6 0.186405
7 0.184449
8 0.10363
9 0.129067
10 0.188388
11 0.177099
12 0.146934
13 0.179357
14 0.20288
15 0.14342
16 0.141054
17 0.1847
18 0.14017
19 0.117111
20 0.186275
21 0.176563
22 0.13887
23 0.168
24 0.184249
25 0.169724
26 0.169222
27 0.170637
28 0.179466
29 0.188056
"[DEBUG]index 97 centroid... "
0 0.142709
1 0.122404
2 0.125956
3 0.140629
4 0.153219
5 0.134378
6 0.158964
7 0.164631
8 0.0934358
9 0.177433
10 0.170353
11 0.117902
12 0.125233
13 0.0990662
14 0.1211
15 0.14027
16 0.128353
17 0.139575
18 0.110095
19 0.109368
20 0.141303
21 0.132767
22 0.130093
23 0.17061
24 0.146885
25 0.124411
26 0.141268
27 0.133499
28 0.123665
29 0.131748
"[DEBUG]index 98 centroid... "
0 0.20416
1 0.207395
2 0.196607
3 0.228454
4 0.165285
5 0.216372
6 0.222218
7 0.216632
8 0.124828
9 0.188807
10 0.236964
11 0.159925
12 0.161516
13 0.231634
14 0.178729
15 0.139902
16 0.234799
17 0.143328
18 0.152116
19 0.245893
20 0.195291
21 0.201039
22 0.243242
23 0.199253
24 0.184359
25 0.247701
26 0.233921
27 0.232054
28 0.226804
29 0.254429
"[DEBUG]index 99 centroid... "
0 0.142716
1 0.139075
2 0.141615
3 0.154267
4 0.150507
5 0.149665
6 0.181229
7 0.171499
8 0.0861516
9 0.130614
10 0.160095
11 0.140863
12 0.146526
13 0.170267
14 0.171296
15 0.13148
16 0.17483
17 0.14695
18 0.0847952
19 0.178892
20 0.17428
21 0.144038
22 0.163112
23 0.153509
24 0.145258
25 0.137912
26 0.150965
27 0.141407
28 0.16601
29 0.162825
