correlation level (red against blue): 
-0.431091
-0.399352
-0.309061
0.135346
-0.722759
-0.528153
-0.640119
-0.107657
-0.693568
-0.626312
-0.681238
-0.583415
-0.754011
-0.517503
-0.312849
-0.777886
-0.729362
-0.508283
-0.753375
-0.721315
-0.366703
-0.761554
-0.821944
-0.69619
-0.66148
-0.684821
-0.292138
-0.672098
-0.712207
-0.61094
-0.624288
-0.599149
-0.554622
-0.642136
-0.712597
-0.396076
-0.775935
-0.788529
-0.677835
-0.723641
-0.580845
-0.606733
-0.639231
-0.825246
-0.611561
-0.700676
-0.685359
-0.549786
-0.802663
-0.662373
-0.712425
-0.631051
-0.848686
-0.343811
-0.523889
-0.296193
-0.707949
-0.573325
-0.737047
-0.715468
-0.718319
-0.730774
-0.47837
-0.645791
-0.62446
-0.545005
-0.49566
0.0732813
-0.588584
-0.577222
-0.790184
-0.802431
-0.571464
-0.426521
-0.580585
-0.153559
-0.644518
-0.714684
-0.591756
-0.63509
-0.704798
-0.653171
-0.704633
-0.653709
-0.720799
-0.594891
-0.612881
-0.413962
-0.675812
-0.708703
-0.475736
-0.504678
-0.762432
-0.771667
-0.665844
-0.679555
-0.657951
-0.53256
-0.798564
-0.796788
