"[DEBUG]index 0 centroid... "
0 1.08475
1 1.97458
2 1.29661
3 1.55932
4 1.27119
5 1.87288
6 2.22881
7 2.22034
8 3.08475
9 3.52542
10 6
11 6.38983
12 9.50847
13 13.0847
14 17.0593
15 14.4831
16 10.5593
17 10.2203
18 8
19 5.51695
20 6.77966
21 4.30508
22 2.72034
23 2.04237
24 3.49153
25 2.51695
26 1.87288
27 2.84746
28 2.0339
29 1.39831
"[DEBUG]index 1 centroid... "
0 5.81679
1 5.41221
2 4.47328
3 4.9771
4 4.18321
5 5.07634
6 4.57252
7 2.00763
8 7.8626
9 3.28244
10 2.34351
11 1.59542
12 1.09924
13 0.572519
14 0.435115
15 0.236641
16 0.381679
17 0.625954
18 0.687023
19 1.0229
20 1.49618
21 1.38931
22 2.68702
23 2.41221
24 2.73282
25 2.70229
26 2.48092
27 2.79389
28 3.51145
29 4.09924
"[DEBUG]index 2 centroid... "
0 1.87952
1 1.9759
2 1.9759
3 1.62115
4 1.78715
5 2.17805
6 1.81392
7 1.32396
8 8.16734
9 2.66667
10 1.69344
11 0.840696
12 0.507363
13 0.477912
14 0.967871
15 1.86078
16 3.99465
17 6.18072
18 15.17
19 6.09237
20 4.07229
21 1.78581
22 0.863454
23 2.11513
24 2.35341
25 2.04418
26 2.34672
27 3.00937
28 2.42704
29 2.4083
"[DEBUG]index 3 centroid... "
0 6.27273
1 3.09091
2 4.15909
3 2.72727
4 4
5 4.20455
6 4.45455
7 2.20455
8 14.1591
9 3.13636
10 3.04545
11 1.36364
12 1.04545
13 2.56818
14 6.84091
15 6.77273
16 8.15909
17 2.40909
18 1.45455
19 0.818182
20 0.204545
21 0.840909
22 0.886364
23 2.77273
24 2.45455
25 3.77273
26 3.88636
27 2.90909
28 3.56818
29 2.86364
"[DEBUG]index 4 centroid... "
0 2.47531
1 2.34434
2 2.155
3 2.09374
4 2.53552
5 2.47003
6 2.57909
7 1.16319
8 17.4835
9 3.18643
10 2.39952
11 1.23105
12 2.81621
13 1.6216
14 5.7193
15 6.73832
16 1.86269
17 1.13177
18 3.02984
19 1.99393
20 3.6414
21 20.652
22 4.7024
23 2.70504
24 3.21283
25 3.27172
26 2.56483
27 2.45788
28 2.4695
29 2.42857
"[DEBUG]index 5 centroid... "
0 2.84777
1 2.92786
2 2.87354
3 2.76212
4 3.06421
5 2.58175
6 2.57214
7 1.49582
8 17.5131
9 4.48524
10 2.62744
11 4.15961
12 20.7182
13 2.5798
14 2.03217
15 1.66797
16 1.52674
17 2.10209
18 3.14805
19 19.2214
20 4.10446
21 2.33426
22 2.91838
23 3.29568
24 2.39708
25 2.30557
26 2.36685
27 2.7766
28 2.41504
29 2.42409
"[DEBUG]index 6 centroid... "
0 2.76766
1 2.79103
2 2.80543
3 2.36141
4 2.60299
5 2.60543
6 2.18207
7 2.0163
8 17.622
9 2.44076
10 13.1788
11 14.7492
12 4.71332
13 2.44402
14 1.19755
15 2.04321
16 4.88967
17 5.16957
18 1.83804
19 1.02663
20 2.09103
21 4.98587
22 1.57908
23 1.91658
24 2.04266
25 2.18424
26 2.00978
27 1.93886
28 1.8481
29 1.80815
"[DEBUG]index 7 centroid... "
0 3.00306
1 3.15902
2 2.77676
3 2.89602
4 2.88073
5 2.57798
6 2.94495
7 1.66667
8 11.4893
9 3.25382
10 5.84098
11 3.62997
12 11.8563
13 10.5107
14 3.45872
15 1.85015
16 1.01529
17 0.541284
18 0.525994
19 1.0367
20 0.914373
21 1.51376
22 5.53823
23 2.0948
24 2.56881
25 2.44954
26 2.48624
27 2.37003
28 2.263
29 2.29358
"[DEBUG]index 8 centroid... "
0 3.04004
1 3.17892
2 2.98611
3 2.94934
4 3.48719
5 3.52274
6 3.06302
7 1.78385
8 31.8772
9 4.00446
10 2.71277
11 3.09477
12 2.86735
13 9.14019
14 1.85178
15 10.3091
16 1.97873
17 12.1877
18 2.20779
19 2.11446
20 9.20088
21 2.48466
22 1.08789
23 3.36519
24 3.12531
25 2.74836
26 2.77425
27 2.87905
28 2.7558
29 2.70294
"[DEBUG]index 9 centroid... "
0 4.19776
1 4.01502
2 3.87957
3 3.52863
4 4.07992
5 3.90937
6 3.57776
7 2.40278
8 30.4389
9 4.16611
10 8.45733
11 10.9333
12 3.63527
13 1.23138
14 2.32496
15 12.7091
16 2.39983
17 1.28408
18 2.44736
19 12.0765
20 2.24184
21 1.24775
22 2.98399
23 3.96811
24 3.0229
25 3.17793
26 3.18778
27 3.10417
28 3.04593
29 3.16131
"[DEBUG]index 10 centroid... "
0 3.60166
1 3.62241
2 3.23237
3 3.15262
4 3.85982
5 3.80787
6 3.20981
7 1.90276
8 26.6742
9 5.11185
10 3.38752
11 1.50153
12 2.65578
13 12.2165
14 2.58416
15 1.22172
16 2.50568
17 10.5815
18 9.66625
19 2.59047
20 1.51452
21 2.49919
22 13.1164
23 2.60906
24 3.16904
25 3.70756
26 4.12214
27 3.35811
28 3.34097
29 3.25564
"[DEBUG]index 11 centroid... "
0 1.80248
1 1.87471
2 1.80985
3 1.58019
4 1.68249
5 1.77653
6 2.21433
7 1.6309
8 9.78744
9 2.17512
10 10.4897
11 3.35407
12 1.96757
13 2.26032
14 0.9375
15 1.66274
16 5.44605
17 2.05985
18 4.2161
19 5.87205
20 22.6082
21 5.91185
22 4.64387
23 2.10613
24 2.4543
25 1.98231
26 2.08815
27 2.16893
28 2.25796
29 2.14357
"[DEBUG]index 12 centroid... "
0 3.01152
1 3.00873
2 2.81056
3 2.8456
4 4.30025
5 3.12686
6 3.23324
7 1.91708
8 23.7207
9 3.81518
10 2.54009
11 2.64044
12 9.76478
13 2.48394
14 2.56139
15 4.22874
16 28.2241
17 4.27566
18 2.44944
19 7.94477
20 3.49453
21 1.98638
22 6.81053
23 2.61305
24 2.92005
25 2.86267
26 2.96283
27 2.61032
28 2.55803
29 2.44185
"[DEBUG]index 13 centroid... "
0 3.44706
1 3.0266
2 3.21074
3 2.86087
4 2.95652
5 2.76522
6 3.39335
7 1.90997
8 17.1166
9 2.44962
10 17.6138
11 2.40102
12 19.6895
13 3.28082
14 6.35089
15 2.17033
16 2.1509
17 4.55806
18 5.14731
19 1.95345
20 1.20716
21 0.734527
22 1.10128
23 2.16522
24 1.91049
25 2.0665
26 1.87417
27 1.98312
28 2.06905
29 1.72481
"[DEBUG]index 14 centroid... "
0 3.31743
1 3.1121
2 2.81021
3 2.85794
4 3.47059
5 2.96337
6 3.404
7 1.77248
8 15.9478
9 3.42175
10 2.56826
11 1.02109
12 0.423973
13 1.36737
14 1.02442
15 1.76804
16 10.3485
17 2.5172
18 1.07103
19 1.13541
20 3.12209
21 1.58047
22 9.40622
23 2.23307
24 3.30855
25 3.24639
26 3.44839
27 2.58935
28 2.76693
29 2.72919
"[DEBUG]index 15 centroid... "
0 1.73912
1 2.09276
2 1.89555
3 1.81049
4 1.66998
5 2.50087
6 2.27332
7 1.48993
8 7.75354
9 20.1709
10 6.54688
11 4.22905
12 1.90773
13 3.65058
14 10.9724
15 2.90077
16 1.29694
17 4.10122
18 1.65531
19 3.9816
20 1.30863
21 3.53768
22 3.10694
23 1.57424
24 1.75106
25 1.58766
26 1.75379
27 1.52425
28 1.62422
29 1.30117
"[DEBUG]index 16 centroid... "
0 3.26196
1 3.13932
2 2.98254
3 2.80332
4 3.80102
5 3.3101
6 3.15179
7 1.54297
8 27.5992
9 3.96701
10 2.50224
11 1.29968
12 1.37743
13 2.26579
14 2.96049
15 0.913555
16 2.78165
17 1.01937
18 1.98779
19 11.3407
20 1.54277
21 2.28593
22 0.96413
23 3.3954
24 2.49035
25 2.48792
26 2.57494
27 2.75371
28 2.71784
29 2.7571
"[DEBUG]index 17 centroid... "
0 3.36004
1 3.52166
2 3.20122
3 3.07824
4 3.16319
5 3.43906
6 3.10754
7 2.13248
8 23.6697
9 4.9068
10 2.16864
11 11.8262
12 2.84305
13 1.09133
14 1.49751
15 3.29348
16 1.08697
17 2.33759
18 11.6647
19 2.5134
20 2.24018
21 9.17394
22 9.26278
23 2.41973
24 3.16739
25 3.45963
26 3.29988
27 3.11082
28 3.25078
29 3.13123
"[DEBUG]index 18 centroid... "
0 2.69657
1 2.93987
2 2.64903
3 2.49133
4 2.83211
5 3.13117
6 2.95238
7 1.96685
8 18.8927
9 4.91744
10 2.39224
11 7.3104
12 2.79182
13 2.92647
14 6.93844
15 2.1309
16 3.74124
17 24.7606
18 5.42459
19 2.75786
20 5.30763
21 22.3632
22 4.53985
23 2.63536
24 3.45157
25 3.53779
26 3.14278
27 3.15011
28 2.92968
29 3.03762
"[DEBUG]index 19 centroid... "
0 2.29643
1 2.39178
2 2.18256
3 2.16674
4 2.54315
5 2.77
6 2.56033
7 1.59241
8 14.4614
9 3.50429
10 2.46498
11 1.64031
12 2.2761
13 2.892
14 18.6905
15 3.74831
16 2.45142
17 4.79169
18 15.0705
19 14.0077
20 3.57885
21 2.01627
22 7.12652
23 2.66968
24 2.35653
25 2.47628
26 2.87438
27 2.5784
28 2.60145
29 2.385
"[DEBUG]index 20 centroid... "
0 5.4375
1 4.91941
2 4.29441
3 4.13487
4 4.36842
5 4.38158
6 3.79605
7 2.32072
8 19.4984
9 6.16776
10 2.3602
11 3.46217
12 4.47368
13 1.11678
14 0.621711
15 1.10855
16 2.24836
17 11.9309
18 1.96875
19 2.59868
20 1.22862
21 0.65625
22 1.20559
23 3.8273
24 2.91118
25 3.64803
26 3.45559
27 3.52632
28 3.4375
29 3.49178
"[DEBUG]index 21 centroid... "
0 3.22479
1 3.38416
2 3.21322
3 2.93195
4 3.59762
5 3.44503
6 2.93015
7 1.90906
8 36.3404
9 4.22766
10 2.3885
11 11.686
12 3.0266
13 2.26501
14 2.78068
15 1.13003
16 2.34721
17 2.9939
18 1.04779
19 2.256
20 8.74118
21 1.86182
22 2.23071
23 2.77746
24 2.84017
25 2.42034
26 2.54591
27 2.45801
28 2.5033
29 2.53932
"[DEBUG]index 22 centroid... "
0 3.32423
1 3.07472
2 3.04485
3 3.13397
4 3.60351
5 3.49655
6 3.19618
7 1.82078
8 22.9032
9 3.78815
10 1.96224
11 7.2706
12 8.1595
13 2.04436
14 3.63713
15 25.9627
16 3.5761
17 2.4166
18 1.65931
19 1.47526
20 2.13249
21 6.63082
22 1.76676
23 2.94696
24 2.82758
25 2.80481
26 2.4372
27 2.40339
28 2.41443
29 2.27297
"[DEBUG]index 23 centroid... "
0 3.04936
1 2.95567
2 2.92833
3 2.81142
4 3.45356
5 3.31604
6 2.93014
7 1.71039
8 21.2866
9 4.02835
10 2.8268
11 2.92984
12 7.60776
13 3.1537
14 24.7299
15 3.54302
16 2.68838
17 1.44692
18 2.23874
19 6.41807
20 1.90279
21 1.99417
22 1.13189
23 3.02754
24 2.47648
25 2.16114
26 2.21291
27 2.33876
28 2.25422
29 2.14144
"[DEBUG]index 24 centroid... "
0 3.58287
1 3.59617
2 3.55637
3 3.4244
4 3.9258
5 4.0103
6 3.67458
7 2.14988
8 34.5823
9 4.5916
10 2.48373
11 12.1456
12 2.8615
13 7.96961
14 2.27419
15 12.2405
16 2.08138
17 2.28976
18 9.70291
19 2.59292
20 1.17726
21 2.75918
22 2.54064
23 3.02959
24 2.80112
25 2.78889
26 2.83366
27 2.77135
28 2.89541
29 2.51418
"[DEBUG]index 25 centroid... "
0 3.83932
1 3.54297
2 3.48389
3 2.96621
4 3.73267
5 3.61651
6 3.29494
7 1.85579
8 32.8061
9 3.45446
10 13.268
11 2.23522
12 1.38099
13 1.17036
14 2.76359
15 2.34422
16 0.960809
17 2.55981
18 2.76214
19 0.845695
20 2.24908
21 2.31103
22 0.829751
23 2.61152
24 2.37682
25 2.37194
26 2.36523
27 2.46582
28 2.49026
29 2.51198
"[DEBUG]index 26 centroid... "
0 4.8911
1 6.85969
2 3.87644
3 5.60209
4 4.04084
5 3.90576
6 3.14555
7 2.46073
8 20.3592
9 8.7801
10 2.72775
11 1.65864
12 3.56544
13 16.2199
14 1.96545
15 0.768586
16 0.606283
17 1.29843
18 3.0555
19 1.51623
20 14.9131
21 2.1267
22 10.6723
23 3.62094
24 4.33508
25 4.72356
26 6.12775
27 3.53298
28 4.03874
29 10.1571
"[DEBUG]index 27 centroid... "
0 1.98749
1 2.0898
2 2.09974
3 1.86017
4 1.83836
5 2.0526
6 2.18281
7 1.80436
8 11.2065
9 2.55067
10 9.18089
11 10.0667
12 3.60199
13 1.71328
14 5.37716
15 2.02021
16 3.45542
17 5.51347
18 24.2662
19 6.12668
20 4.22482
21 1.81527
22 5.69339
23 1.78159
24 1.91148
25 1.96183
26 2.15106
27 2.03303
28 2.02117
29 1.85632
"[DEBUG]index 28 centroid... "
0 2.66001
1 3.00128
2 2.89068
3 2.70416
4 2.96391
5 3.08433
6 2.50841
7 1.80857
8 21.0893
9 4.40107
10 7.23452
11 6.47734
12 5.17216
13 25.7212
14 4.07977
15 1.78264
16 7.18769
17 2.08795
18 6.69318
19 2.00654
20 7.94873
21 1.653
22 7.54578
23 2.27447
24 2.68722
25 2.44744
26 2.72717
27 2.37912
28 2.43635
29 2.27283
"[DEBUG]index 29 centroid... "
0 2.77092
1 2.87008
2 2.72693
3 2.41175
4 2.75047
5 2.91287
6 3.08953
7 2.20983
8 18.0382
9 2.41296
10 19.187
11 3.77608
12 2.60681
13 2.80667
14 5.32222
15 2.91356
16 19.5164
17 3.81698
18 2.08971
19 5.00516
20 6.59014
21 1.75614
22 1.16446
23 2.49201
24 2.32274
25 2.15484
26 2.26259
27 2.27891
28 2.1899
29 2.13903
"[DEBUG]index 30 centroid... "
0 2.58176
1 2.7742
2 2.53204
3 2.3221
4 2.94516
5 2.9706
6 2.52114
7 1.43541
8 21.8674
9 4.08589
10 2.27123
11 1.11695
12 3.14536
13 0.988107
14 2.48183
15 0.755368
16 2.54427
17 9.61397
18 1.59366
19 8.24463
20 7.35894
21 1.53997
22 9.3672
23 2.56227
24 2.57863
25 2.88603
26 3.03518
27 2.73835
28 2.99851
29 2.77469
"[DEBUG]index 31 centroid... "
0 4.29027
1 3.96444
2 4.02211
3 3.6071
4 4.61945
5 3.98517
6 3.50266
7 1.86142
8 39.4691
9 4.81912
10 3.58462
11 2.90364
12 16.9571
13 1.91184
14 1.25816
15 3.02883
16 3.05981
17 1.2976
18 2.9257
19 1.3415
20 2.97501
21 2.45178
22 1.27936
23 3.05877
24 2.8611
25 2.71031
26 2.68485
27 2.88982
28 2.81825
29 2.79507
"[DEBUG]index 32 centroid... "
0 2.24835
1 2.11989
2 1.99934
3 1.96179
4 2.49473
5 2.51318
6 2.97497
7 1.62121
8 14.8419
9 3.16733
10 1.86298
11 1.06324
12 1.20422
13 1.75099
14 3.20092
15 14.5606
16 11.886
17 3.94071
18 5.93017
19 1.86034
20 5.98353
21 5.15679
22 1.56324
23 2.24242
24 2.87484
25 2.25823
26 2.12319
27 2.07444
28 2.16206
29 1.82938
"[DEBUG]index 33 centroid... "
0 3.06265
1 2.80364
2 2.90138
3 2.55042
4 2.7242
5 2.76223
6 2.88974
7 1.67337
8 21.241
9 2.44864
10 23.5451
11 3.55849
12 2.31352
13 2.86669
14 2.63687
15 1.06733
16 1.17618
17 1.02819
18 2.3089
19 5.58014
20 1.44888
21 5.93145
22 1.79989
23 2.40729
24 2.13851
25 2.20806
26 2.06575
27 2.09213
28 2.16542
29 2.18425
"[DEBUG]index 34 centroid... "
0 2.75254
1 2.88479
2 2.67276
3 2.64004
4 3.4438
5 3.4789
6 3.00124
7 1.80919
8 21.0295
9 3.50305
10 2.78086
11 1.7012
12 2.61837
13 4.27104
14 24.5482
15 3.70876
16 2.0343
17 8.04367
18 2.76529
19 1.10077
20 2.70323
21 2.04784
22 6.26585
23 2.45475
24 2.77759
25 2.71733
26 2.74938
27 2.57978
28 2.3682
29 2.38028
"[DEBUG]index 35 centroid... "
0 2.71514
1 2.73905
2 2.71854
3 2.48612
4 2.62446
5 2.59978
6 2.53316
7 1.48519
8 19.7099
9 3.77406
10 6.35163
11 4.04056
12 22.1592
13 3.57002
14 1.9417
15 6.28285
16 2.14759
17 7.36382
18 2.05922
19 6.80722
20 3.60287
21 19.4107
22 4.43168
23 2.5
24 2.8925
25 3.01002
26 2.29935
27 2.55891
28 2.52205
29 2.31184
"[DEBUG]index 36 centroid... "
0 3.17073
1 3.13661
2 3.07116
3 2.79287
4 2.80518
5 3.37532
6 3.04921
7 1.80036
8 15.2709
9 17.7489
10 4.59627
11 1.93442
12 9.37075
13 1.92098
14 0.966895
15 1.11999
16 2.23833
17 2.16388
18 1.03437
19 2.67199
20 0.983891
21 1.79325
22 5.74607
23 1.78387
24 2.14409
25 2.20383
26 2.24658
27 2.05974
28 2.09906
29 2.3152
"[DEBUG]index 37 centroid... "
0 2.8185
1 3.04155
2 2.76819
3 2.60768
4 3.09162
5 3.14169
6 2.95013
7 1.73563
8 22.6914
9 4.03338
10 2.35821
11 2.62437
12 2.66559
13 2.67492
14 7.49139
15 2.16133
16 4.192
17 24.2324
18 4.13656
19 2.23471
20 1.48786
21 2.69321
22 1.0758
23 2.57571
24 2.39508
25 2.49758
26 2.48587
27 2.53899
28 2.43295
29 2.24076
"[DEBUG]index 38 centroid... "
0 3.25825
1 3.35038
2 2.97015
3 2.92377
4 3.8486
5 3.64261
6 3.44427
7 1.82954
8 27.9309
9 4.03363
10 2.56267
11 1.58257
12 3.62734
13 1.02781
14 2.38955
15 12.7688
16 2.25026
17 2.09199
18 11.3145
19 2.8528
20 1.12114
21 2.31584
22 10.5559
23 2.40755
24 3.17375
25 3.33854
26 3.58061
27 3.05836
28 3.20374
29 2.92882
"[DEBUG]index 39 centroid... "
0 2.79956
1 2.88673
2 2.68357
3 2.6286
4 3.08112
5 2.96134
6 2.67165
7 1.74056
8 22.9653
9 4.12352
10 2.48088
11 7.13734
12 2.48426
13 6.50246
14 1.81231
15 7.95807
16 7.20821
17 2.56686
18 4.1785
19 27.3355
20 3.91437
21 2.33986
22 2.78396
23 3.45431
24 2.59432
25 2.57511
26 2.57404
27 2.67022
28 2.61484
29 2.46338
"[DEBUG]index 40 centroid... "
0 5.8304
1 6.05208
2 5.73047
3 5.14638
4 5.77199
5 5.54187
6 4.53835
7 3.12667
8 19.0239
9 6.53624
10 2.26601
11 12.0401
12 3.19353
13 2.87262
14 3.65376
15 1.49824
16 0.562984
17 1.31809
18 1.22167
19 3.34624
20 0.953554
21 0.66784
22 1.133
23 3.48135
24 2.95355
25 2.90992
26 3.26249
27 3.14426
28 3.23786
29 3.42013
"[DEBUG]index 41 centroid... "
0 2.26894
1 2.73035
2 2.65017
3 2.50779
4 2.33809
5 2.74509
6 2.70446
7 1.93492
8 8.0459
9 19.1648
10 3.68408
11 20.6538
12 6.72963
13 3.51055
14 3.95638
15 3.94475
16 1.78488
17 1.17222
18 1.68564
19 1.56687
20 3.03512
21 1.55225
22 0.889861
23 1.718
24 1.71596
25 1.45554
26 1.56232
27 1.67498
28 1.55501
29 1.49125
"[DEBUG]index 42 centroid... "
0 3.17213
1 3.14921
2 2.74447
3 2.63656
4 2.6249
5 3.17431
6 3.07648
7 1.86443
8 15.567
9 18.8362
10 4.10059
11 2.03696
12 8.54486
13 1.76364
14 2.21581
15 1.09328
16 2.07391
17 7.33498
18 6.50573
19 1.47016
20 7.42233
21 2.15059
22 0.86502
23 2.47213
24 2.38379
25 1.93715
26 2.12352
27 2.31443
28 2.11304
29 1.93538
"[DEBUG]index 43 centroid... "
0 3.49422
1 3.54557
2 3.34253
3 3.20581
4 4.3617
5 3.97006
6 3.66706
7 2.02206
8 26.0466
9 3.78526
10 2.61505
11 3.45443
12 1.20042
13 2.35343
14 12.341
15 2.1291
16 1.24731
17 1.3927
18 1.33832
19 3.49304
20 0.921986
21 2.11348
22 9.50617
23 2.71763
24 3.0968
25 3.20672
26 3.27935
27 2.84108
28 2.81757
29 2.89743
"[DEBUG]index 44 centroid... "
0 2.77678
1 2.86163
2 2.56837
3 2.337
4 2.84614
5 2.79037
6 2.62767
7 1.49589
8 25.8586
9 3.32573
10 9.31798
11 2.30507
12 1.27946
13 2.99219
14 1.11344
15 2.40398
16 1.70247
17 11.16
18 1.64194
19 8.86523
20 1.54419
21 9.12621
22 1.79145
23 2.82705
24 2.43482
25 2.81937
26 2.48584
27 2.70838
28 2.55078
29 2.57822
"[DEBUG]index 45 centroid... "
0 2.94936
1 2.86576
2 2.79245
3 2.53107
4 3.02911
5 2.98703
6 2.63546
7 1.57821
8 27.2976
9 3.26439
10 10.3154
11 2.33763
12 2.50848
13 8.86479
14 1.49584
15 7.86821
16 2.2962
17 2.59558
18 1.12559
19 2.31235
20 8.981
21 1.49193
22 8.89243
23 2.51248
24 2.95784
25 2.668
26 2.71155
27 2.42456
28 2.52626
29 2.42081
"[DEBUG]index 46 centroid... "
0 3.41679
1 3.31693
2 3.22963
3 3.00903
4 3.81487
5 3.56995
6 3.09417
7 1.51983
8 34.6605
9 4.49218
10 3.20408
11 3.06413
12 11.984
13 1.57268
14 10.968
15 2.4914
16 1.34589
17 2.94063
18 10.359
19 2.12709
20 2.23713
21 9.18069
22 2.45354
23 3.11661
24 3.16798
25 3.13463
26 2.92306
27 3.06639
28 2.97553
29 2.86068
"[DEBUG]index 47 centroid... "
0 3.04388
1 3.16974
2 2.98574
3 2.81747
4 3.36016
5 3.25845
6 2.98703
7 1.886
8 29.514
9 3.98568
10 2.31303
11 8.99121
12 3.22883
13 1.19999
14 3.00069
15 2.21843
16 10.7856
17 1.9126
18 11.5656
19 1.77655
20 10.0074
21 2.01668
22 2.64871
23 2.86592
24 3.10611
25 2.63006
26 2.92546
27 2.8632
28 2.91207
29 2.59222
"[DEBUG]index 48 centroid... "
0 2.75763
1 2.82944
2 2.64975
3 2.51137
4 3.60371
5 3.14082
6 2.85466
7 1.61105
8 45.8464
9 3.35945
10 2.79265
11 2.69939
12 2.94884
13 7.06646
14 2.10114
15 1.8943
16 7.59765
17 2.4785
18 2.43099
19 2.51375
20 2.03041
21 6.42148
22 1.92637
23 2.49899
24 2.47066
25 2.54601
26 2.36169
27 2.31022
28 2.29745
29 2.26214
"[DEBUG]index 49 centroid... "
0 4.31506
1 4.16711
2 4.21524
3 3.95722
4 5.09447
5 4.62745
6 4.49599
7 2.11497
8 24.7411
9 3.98485
10 2.36364
11 1.34135
12 3.27005
13 1.64394
14 12.8971
15 1.68672
16 3.30971
17 1.29635
18 0.58066
19 0.933155
20 2.8115
21 2.33824
22 0.703654
23 3.37611
24 3.07665
25 2.92424
26 2.69474
27 2.81061
28 2.80437
29 3.01961
"[DEBUG]index 50 centroid... "
0 3.36009
1 3.39095
2 3.35032
3 3.23532
4 3.56937
5 3.61522
6 3.11017
7 1.8413
8 32.6617
9 4.69945
10 2.34515
11 9.64963
12 11.7526
13 1.70543
14 9.31625
15 2.55008
16 2.16119
17 10.0332
18 2.35841
19 2.81613
20 1.38555
21 2.37521
22 8.9284
23 2.46485
24 2.83465
25 2.87686
26 3.15712
27 2.84752
28 2.69151
29 2.70644
"[DEBUG]index 51 centroid... "
0 2.86305
1 2.89535
2 2.93887
3 2.55219
4 3.16545
5 3.05706
6 3.00374
7 1.63026
8 27.6128
9 3.00193
10 10.7061
11 2.48473
12 1.41238
13 2.34019
14 10.0795
15 1.69783
16 2.78184
17 2.12275
18 11.7864
19 1.72182
20 8.57106
21 1.69788
22 9.62971
23 2.34729
24 3.05491
25 2.61012
26 3.05607
27 2.72495
28 2.79637
29 2.54465
"[DEBUG]index 52 centroid... "
0 4.49408
1 4.50226
2 4.07187
3 3.79524
4 4.67151
5 4.43411
6 4.13508
7 2.5662
8 28.6595
9 5.05467
10 2.26406
11 13.0122
12 3.49146
13 1.12733
14 3.61989
15 2.75381
16 10.7744
17 2.49933
18 1.17999
19 3.68847
20 1.07023
21 2.90482
22 1.0507
23 3.49164
24 3.01867
25 3.0097
26 2.98585
27 3.00909
28 2.97999
29 2.88548
"[DEBUG]index 53 centroid... "
0 3.10022
1 2.32898
2 2.08715
3 2.7451
4 2.43355
5 2.42266
6 2.45098
7 1.16993
8 11.8736
9 3.27669
10 2.04357
11 1.10893
12 0.459695
13 0.418301
14 0.740741
15 2.64706
16 0.723312
17 1.0719
18 2.43137
19 3.83007
20 12.8148
21 4.19826
22 1.91068
23 2.99782
24 3.05011
25 2.56863
26 2.45534
27 2.89325
28 2.9281
29 3.04357
"[DEBUG]index 54 centroid... "
0 6.92218
1 6.25292
2 6.08171
3 6.5642
4 7.05447
5 6.64202
6 4.76265
7 3.47471
8 17.3307
9 5.84047
10 2.607
11 12.0973
12 4.03502
13 1.70039
14 1.66148
15 6.40078
16 1.31907
17 1.62257
18 0.988327
19 0.614786
20 1.07782
21 1.52529
22 3.63424
23 4.09339
24 3.40467
25 4.45136
26 4.607
27 4.28794
28 3.9572
29 4.74319
"[DEBUG]index 55 centroid... "
0 2.75175
1 2.57504
2 3.07433
3 2.54558
4 2.55961
5 2.93408
6 2.44741
7 1.24544
8 14.0968
9 4.49649
10 1.52174
11 6.53436
12 7.02805
13 1.43759
14 0.852735
15 2.53436
16 1.10659
17 0.570827
18 1.07013
19 2.09677
20 4.46564
21 15.2496
22 4.79523
23 2.53015
24 3.12903
25 3.48387
26 2.69425
27 2.48808
28 2.75596
29 2.63815
"[DEBUG]index 56 centroid... "
0 3.78749
1 3.82302
2 3.68069
3 3.41361
4 3.80221
5 4.17067
6 3.30603
7 2.33094
8 26.3577
9 5.23896
10 2.74156
11 11.283
12 2.35706
13 11.6801
14 2.67095
15 2.17299
16 8.25102
17 12.0412
18 1.91976
19 1.29662
20 3.30858
21 1.0342
22 2.75717
23 2.89917
24 2.67914
25 2.87272
26 2.95053
27 2.92374
28 2.72595
29 2.66043
"[DEBUG]index 57 centroid... "
0 1.73453
1 1.95773
2 1.83192
3 1.69665
4 1.65607
5 2.21373
6 2.20697
7 1.68008
8 7.05546
9 17.904
10 5.36591
11 3.4792
12 2.06392
13 1.00169
14 1.37775
15 2.53061
16 10.8471
17 2.04971
18 4.13291
19 1.61109
20 0.830233
21 1.36625
22 3.4721
23 1.14474
24 1.57186
25 1.61684
26 1.70172
27 1.45485
28 1.37369
29 1.3649
"[DEBUG]index 58 centroid... "
0 3.32461
1 3.36242
2 3.03505
3 3.11751
4 3.69241
5 3.82897
6 3.29741
7 1.86838
8 25.7517
9 4.27632
10 2.8726
11 1.06414
12 3.21233
13 8.47004
14 1.90707
15 9.13133
16 10.516
17 1.65169
18 12.3793
19 2.11707
20 2.94852
21 1.00931
22 2.72208
23 3.16521
24 3.14761
25 2.88991
26 2.95259
27 2.91129
28 2.88569
29 2.71335
"[DEBUG]index 59 centroid... "
0 2.77258
1 2.90264
2 2.66303
3 2.55749
4 3.07519
5 3.02505
6 2.73349
7 1.26102
8 24.037
9 4.01659
10 2.9214
11 2.717
12 10.491
13 2.01115
14 6.40635
15 2.11319
16 9.22718
17 2.78874
18 2.93549
19 4.01626
20 26.2337
21 4.39822
22 2.77206
23 3.41717
24 3.81549
25 2.91063
26 2.80335
27 2.73108
28 2.88577
29 2.39463
"[DEBUG]index 60 centroid... "
0 2.5974
1 2.51467
2 2.81914
3 2.4127
4 2.80952
5 2.82299
6 2.77537
7 1.8076
8 13.6431
9 2.93987
10 14.7388
11 3.61135
12 3.91438
13 15.114
14 3.13564
15 14.216
16 3.39827
17 5.2381
18 2.11833
19 1.23858
20 0.936989
21 2.08225
22 3.86099
23 1.83935
24 1.97499
25 2.05339
26 2.32179
27 1.94228
28 1.95094
29 1.81578
"[DEBUG]index 61 centroid... "
0 2.52447
1 2.55362
2 2.21319
3 2.28149
4 2.57234
5 2.64319
6 2.55191
7 1.45596
8 15.7366
9 4.17936
10 2.61447
11 1.53043
12 2.76617
13 6.68021
14 2.08447
15 1.23255
16 2.9666
17 2.37404
18 4.16596
19 19.6581
20 2.54277
21 18.1549
22 4.89489
23 2.83
24 2.94936
25 2.90894
26 2.69745
27 2.89511
28 2.70404
29 2.97255
"[DEBUG]index 62 centroid... "
0 3.577
1 3.21602
2 3.22188
3 3.06604
4 3.88249
5 3.52427
6 3.40844
7 1.96652
8 26.353
9 4.2182
10 2.41229
11 1.59592
12 4.07616
13 1.03381
14 2.15869
15 13.0374
16 1.9112
17 9.88182
18 1.73586
19 11.6543
20 1.96803
21 1.29595
22 1.20146
23 3.71133
24 2.76322
25 3.01289
26 3.06394
27 3.30591
28 2.87094
29 2.83788
"[DEBUG]index 63 centroid... "
0 1.38484
1 1.65986
2 1.39942
3 1.49466
4 1.55199
5 1.8552
6 1.74636
7 1.14869
8 7.81438
9 2.83285
10 1.84548
11 1.50243
12 3.57143
13 3.53936
14 1.48202
15 2.81924
16 6.70068
17 14.7123
18 10.7843
19 9.92614
20 14.2109
21 6.12439
22 3.73955
23 2.0311
24 2.18173
25 2.10884
26 2.29155
27 2.29543
28 2.24295
29 1.99223
"[DEBUG]index 64 centroid... "
0 2.87873
1 2.87946
2 2.81774
3 2.50393
4 3.0139
5 2.88477
6 2.49414
7 1.64262
8 32.2932
9 3.36269
10 9.41891
11 2.12493
12 13.0518
13 2.15958
14 2.18762
15 7.79183
16 2.09646
17 7.74965
18 8.64407
19 1.97148
20 9.31921
21 1.90233
22 8.89668
23 2.47382
24 2.94233
25 2.91261
26 3.11166
27 2.74077
28 2.81166
29 2.55639
"[DEBUG]index 65 centroid... "
0 2.7019
1 2.58524
2 2.67143
3 2.38167
4 2.61429
5 2.75571
6 2.8
7 1.69976
8 16.8005
9 2.23
10 18.7417
11 3.30333
12 2.5881
13 1.19524
14 1.87476
15 7.30929
16 1.76762
17 0.937143
18 1.31714
19 1.07833
20 1.76214
21 4.91833
22 5.35929
23 1.75524
24 2.40929
25 2.46952
26 2.23048
27 1.85333
28 1.92976
29 2.01571
"[DEBUG]index 66 centroid... "
0 2.97017
1 2.88217
2 2.90735
3 2.55441
4 3.2168
5 2.88087
6 2.90447
7 1.58145
8 34.4886
9 3.29087
10 11.7023
11 2.15491
12 13.1424
13 1.93151
14 9.12796
15 2.04061
16 10.4047
17 1.70272
18 9.43927
19 8.92779
20 2.04953
21 6.78692
22 10.0282
23 2.34495
24 3.06235
25 3.0026
26 2.94545
27 2.75792
28 2.93625
29 2.61453
"[DEBUG]index 67 centroid... "
0 2.61823
1 2.94134
2 2.70578
3 2.55505
4 2.64982
5 2.7148
6 2.31498
7 1.57942
8 13.2762
9 4.21029
10 1.66245
11 7.59116
12 2.02437
13 0.66787
14 0.416065
15 0.875451
16 2.18051
17 1.94314
18 3.15975
19 14.769
20 3.63087
21 2.23827
22 0.908845
23 3.00812
24 2.29783
25 2.21119
26 2.33394
27 2.68863
28 2.46751
29 2.60469
"[DEBUG]index 68 centroid... "
0 3.22614
1 3.28987
2 3.12345
3 3.05143
4 3.39023
5 3.02394
6 2.7705
7 1.66473
8 26.3027
9 4.76163
10 3.04195
11 4.77475
12 30.2072
13 3.47772
14 2.46403
15 2.74571
16 6.90566
17 6.02096
18 1.81796
19 6.32377
20 2.5207
21 2.60244
22 1.40352
23 2.93826
24 2.44054
25 2.3689
26 2.40082
27 2.52611
28 2.45249
29 2.32682
"[DEBUG]index 69 centroid... "
0 2.35416
1 2.34693
2 2.28653
3 2.02891
4 2.21425
5 2.44812
6 2.92204
7 2.01962
8 13.6742
9 2.65204
10 14.2385
11 4.30201
12 2.51575
13 5.05731
14 3.81931
15 14.4889
16 3.67837
17 3.83893
18 16.3908
19 4.37636
20 3.5049
21 15.8591
22 4.23129
23 2.16314
24 2.78472
25 2.83893
26 2.67166
27 2.56686
28 2.45276
29 2.32576
"[DEBUG]index 70 centroid... "
0 2.60126
1 2.59509
2 2.40401
3 2.56723
4 2.37705
5 2.83391
6 2.62942
7 1.63831
8 14.6939
9 17.978
10 4.5061
11 2.15841
12 2.17482
13 7.19334
14 1.34392
15 1.87442
16 0.923656
17 1.73633
18 5.41214
19 5.22662
20 1.55534
21 0.837073
22 1.88872
23 2.00768
24 1.73573
25 1.75531
26 1.77037
27 1.9086
28 1.936
29 1.82563
"[DEBUG]index 71 centroid... "
0 3.22681
1 3.21705
2 2.99319
3 2.79347
4 3.84614
5 3.29743
6 3.15442
7 1.61766
8 32.0242
9 3.62503
10 2.41398
11 2.67004
12 3.70738
13 0.961576
14 2.86848
15 0.903269
16 2.7597
17 0.964295
18 3.19435
19 1.06273
20 2.43793
21 1.52303
22 11.2157
23 1.87133
24 2.85233
25 2.68796
26 3.15874
27 2.64646
28 2.74197
29 2.62146
"[DEBUG]index 72 centroid... "
0 7.94193
1 4.80983
2 4.6177
3 4.90063
4 5.24601
5 3.86727
6 3.59888
7 2.7052
8 35.3836
9 3.94461
10 13.7699
11 2.40112
12 15.8133
13 2.01258
14 11.1639
15 16.1821
16 2.73151
17 1.31121
18 3.98582
19 1.09
20 2.67666
21 0.858978
22 2.39666
23 2.57444
24 2.6788
25 2.32602
26 2.54866
27 2.45652
28 2.42048
29 2.28481
"[DEBUG]index 73 centroid... "
0 2.50712
1 2.48319
2 2.62648
3 2.34353
4 2.63859
5 2.65011
6 2.52954
7 1.81703
8 14.7622
9 2.07271
10 16.967
11 4.30536
12 2.61769
13 3.91609
14 17.4293
15 2.79491
16 2.1963
17 1.5465
18 2.34474
19 3.49197
20 14.0682
21 3.50742
22 2.12027
23 2.62769
24 2.82551
25 2.41291
26 2.16662
27 2.29143
28 2.40442
29 2.20963
"[DEBUG]index 74 centroid... "
0 2.43093
1 2.56548
2 2.43757
3 2.34106
4 2.3772
5 2.38468
6 2.05532
7 1.91834
8 13.5442
9 2.8193
10 6.59488
11 23.091
12 7.21484
13 3.08429
14 2.17332
15 1.2338
16 1.03393
17 1.52713
18 3.70382
19 1.67316
20 1.0805
21 1.69624
22 3.62533
23 1.47561
24 1.54905
25 1.64124
26 1.71921
27 1.67411
28 1.65083
29 1.61806
"[DEBUG]index 75 centroid... "
0 3.86303
1 3.77343
2 3.54428
3 3.35067
4 3.81514
5 3.87745
6 3.31771
7 1.7173
8 19.8708
9 5.1344
10 2.17456
11 1.23481
12 4.24047
13 1.14779
14 0.680741
15 1.08857
16 1.78424
17 11.1298
18 2.2863
19 1.04737
20 2.46087
21 10.9753
22 1.83007
23 3.45829
24 3.31823
25 3.6689
26 3.52472
27 3.63234
28 3.4346
29 4.02472
"[DEBUG]index 76 centroid... "
0 2.64903
1 2.68098
2 2.61258
3 2.55067
4 2.88517
5 3.08687
6 2.81727
7 1.84873
8 10.8502
9 4.18323
10 1.69446
11 4.68697
12 13.1238
13 3.21218
14 6.69596
15 21.5577
16 7.21717
17 3.95157
18 2.32002
19 2.52172
20 1.29606
21 0.648028
22 1.09636
23 2.15177
24 1.9341
25 1.99201
26 2.24863
27 1.98203
28 1.99451
29 2.14878
"[DEBUG]index 77 centroid... "
0 2.84589
1 2.88586
2 2.99395
3 2.76669
4 3.28465
5 3.55372
6 3.08993
7 2.04217
8 30.8565
9 4.5099
10 2.13999
11 11.3178
12 2.9802
13 1.9625
14 8.67171
15 9.62578
16 2.03025
17 10.5843
18 2.18995
19 10.1157
20 7.80794
21 1.98662
22 9.27906
23 3.08141
24 2.97076
25 3.10396
26 3.17409
27 2.93674
28 2.93069
29 2.86102
"[DEBUG]index 78 centroid... "
0 2.15352
1 2.17638
2 2.22217
3 2.23257
4 2.35337
5 2.46249
6 2.07795
7 1.50407
8 11.1177
9 4.12191
10 2.15972
11 4.72319
12 6.59027
13 27.6997
14 5.44777
15 3.7574
16 1.83187
17 5.02585
18 1.43907
19 1.75967
20 1.5039
21 3.80053
22 1.54487
23 1.85124
24 1.80014
25 1.8064
26 1.61524
27 1.65908
28 1.76604
29 1.57975
"[DEBUG]index 79 centroid... "
0 4.0858
1 3.61507
2 3.54145
3 3.38899
4 3.65913
5 3.46551
6 3.37565
7 1.74493
8 21.6319
9 4.80522
10 2.24232
11 2.76058
12 0.831304
13 2.95246
14 0.95942
15 0.443478
16 0.898551
17 1.90783
18 11.6991
19 1.76696
20 2.62435
21 2.44522
22 2.26493
23 3.23594
24 2.76986
25 2.92
26 3.0429
27 3.24116
28 3.2429
29 3.14087
"[DEBUG]index 80 centroid... "
0 4.57767
1 4.56443
2 4.13163
3 3.90171
4 4.91444
5 4.5621
6 3.92124
7 2.13269
8 27.6319
9 5.41299
10 3.49544
11 1.41221
12 3.031
13 12.7652
14 2.4701
15 2.65905
16 0.922865
17 3.58899
18 2.9603
19 1.01996
20 0.992003
21 2.5236
22 1.0075
23 3.4057
24 2.82577
25 2.9465
26 2.90319
27 3.06008
28 3.06963
29 3.02088
"[DEBUG]index 81 centroid... "
0 3.15149
1 3.24273
2 2.88321
3 3.05795
4 3.41448
5 3.25454
6 3.14779
7 1.78686
8 17.7507
9 5.05566
10 3.03928
11 2.67958
12 4.53602
13 19.9327
14 4.8205
15 2.58482
16 2.96547
17 4.86049
18 21.461
19 3.68522
20 2.26387
21 3.01497
22 1.4055
23 2.97869
24 2.56227
25 2.35388
26 2.4675
27 2.66902
28 2.56121
29 2.30668
"[DEBUG]index 82 centroid... "
0 3.07598
1 3.07402
2 2.91863
3 2.70098
4 3.27402
5 3.27476
6 3.01446
7 1.68235
8 25.6569
9 2.92034
10 10.4262
11 2.3723
12 1.25
13 2.07475
14 9.47941
15 8.28799
16 2.08775
17 2.31054
18 8.97696
19 8.37304
20 1.47966
21 2.5
22 0.935294
23 3.25833
24 2.58407
25 2.52059
26 2.43235
27 2.66274
28 2.59289
29 2.44412
"[DEBUG]index 83 centroid... "
0 4.28189
1 3.96485
2 3.42124
3 3.34825
4 4.65655
5 4.05484
6 4.01181
7 2.02171
8 25.4526
9 4.43027
10 3.26441
11 1.26556
12 4.38773
13 1.415
14 1.13715
15 2.26844
16 13.9167
17 2.93738
18 1.40617
19 2.80446
20 12.0232
21 1.9393
22 1.18402
23 3.98166
24 4.08433
25 3.29812
26 3.43949
27 3.64867
28 3.6845
29 3.35843
"[DEBUG]index 84 centroid... "
0 5.44458
1 5.06993
2 4.87699
3 4.28942
4 5.0231
5 4.7443
6 4.54199
7 2.67905
8 21.1714
9 4.02841
10 12.3016
11 2.72307
12 1.48892
13 4.34405
14 1.21855
15 1.05214
16 3.96378
17 0.916328
18 3.22916
19 1.11645
20 0.604433
21 1.22978
22 1.15236
23 3.01655
24 2.68373
25 2.86887
26 2.74274
27 2.7955
28 2.96129
29 3.05089
"[DEBUG]index 85 centroid... "
0 1.52185
1 1.7669
2 1.5743
3 1.4528
4 1.43211
5 1.92279
6 1.86772
7 1.30565
8 6.59586
9 15.5099
10 5.14918
11 3.40006
12 1.69027
13 0.729895
14 1.56585
15 0.630827
16 1.19406
17 3.92861
18 1.44726
19 1.38287
20 2.70221
21 8.37762
22 2.5405
23 1.37879
24 1.60373
25 1.75991
26 1.62179
27 1.49679
28 1.58566
29 1.41871
"[DEBUG]index 86 centroid... "
0 4.31983
1 3.96625
2 3.82951
3 3.43377
4 4.96253
5 4.19886
6 3.94993
7 2.09843
8 36.7309
9 4.469
10 2.34007
11 1.35276
12 1.18948
13 2.31332
14 0.848857
15 2.77573
16 0.779646
17 2.95699
18 0.810287
19 2.47329
20 1.99402
21 0.72638
22 2.28364
23 2.57887
24 2.38096
25 2.51613
26 2.74857
27 2.86108
28 2.78133
29 2.81813
"[DEBUG]index 87 centroid... "
0 2.89474
1 2.996
2 2.87227
3 2.75839
4 3.05417
5 2.88581
6 2.43737
7 1.30809
8 22.7842
9 4.44229
10 1.96091
11 8.70822
12 9.735
13 8.32041
14 1.86334
15 0.882118
16 2.60634
17 2.59003
18 2.5654
19 0.813173
20 2.33549
21 7.90643
22 8.63958
23 2.06217
24 2.84149
25 3.05602
26 2.9566
27 2.53801
28 2.47122
29 2.57187
"[DEBUG]index 88 centroid... "
0 3.30292
1 3.19645
2 3.18906
3 2.66046
4 3.04033
5 3.08889
6 3.44163
7 2.00906
8 22.6039
9 2.82966
10 24.8052
11 3.48881
12 2.61767
13 1.63604
14 3.13138
15 1.18342
16 2.55513
17 7.74305
18 1.85223
19 6.24308
20 2.42404
21 1.0659
22 2.54829
23 2.47656
24 2.23966
25 2.31553
26 2.38305
27 2.42789
28 2.3447
29 2.35454
"[DEBUG]index 89 centroid... "
0 2.71845
1 2.83016
2 2.58169
3 2.49456
4 2.60154
5 3.27541
6 3.10178
7 1.88987
8 15.1312
9 16.9956
10 3.8812
11 2.26989
12 1.23775
13 1.9061
14 6.51536
15 1.26721
16 6.2149
17 1.76824
18 0.896959
19 1.89475
20 2.04632
21 0.632425
22 1.6173
23 1.82669
24 1.8467
25 1.74697
26 1.96171
27 1.7205
28 1.8957
29 1.72979
"[DEBUG]index 90 centroid... "
0 3.43171
1 3.27305
2 3.09822
3 2.79791
4 3.52037
5 3.14671
6 3.07087
7 1.68831
8 28.8728
9 3.10004
10 11.4871
11 1.8948
12 12.9317
13 1.93296
14 9.60109
15 1.69156
16 7.89145
17 8.62424
18 2.2543
19 1.16479
20 2.56972
21 8.6008
22 1.88782
23 2.87634
24 3.01645
25 3.11037
26 2.80289
27 2.79409
28 2.67684
29 2.53816
"[DEBUG]index 91 centroid... "
0 2.72597
1 2.89756
2 2.62762
3 2.65785
4 3.28206
5 3.27301
6 2.80451
7 1.78829
8 24.8515
9 3.85197
10 2.6447
11 1.37972
12 2.79153
13 9.29128
14 1.72136
15 10.4789
16 1.78897
17 12.5781
18 1.85283
19 10.9995
20 1.51255
21 8.47277
22 7.68089
23 2.79631
24 3.02834
25 3.40106
26 3.0222
27 3.01537
28 2.93085
29 2.74458
"[DEBUG]index 92 centroid... "
0 2.73266
1 2.88309
2 2.72269
3 2.62942
4 3.03306
5 3.09715
6 3.13999
7 2.20307
8 20.6518
9 3.79998
10 3.04774
11 6.45046
12 3.30963
13 4.77717
14 24.0872
15 2.6623
16 24.5677
17 4.89999
18 7.07646
19 3.47908
20 2.80155
21 2.21969
22 5.21276
23 2.27177
24 2.80875
25 2.52581
26 2.74033
27 2.46514
28 2.3751
29 2.28876
"[DEBUG]index 93 centroid... "
0 2.71274
1 2.79337
2 2.82096
3 2.74699
4 2.88576
5 3.16627
6 2.7469
7 2.22533
8 18.2354
9 3.82614
10 3.65377
11 21.6463
12 6.13562
13 2.20237
14 4.46121
15 21.3435
16 3.36715
17 2.07961
18 6.36253
19 2.32198
20 6.11183
21 2.01083
22 6.26106
23 2.50056
24 2.70829
25 2.6272
26 2.64673
27 2.47306
28 2.38697
29 2.24236
"[DEBUG]index 94 centroid... "
0 3.54356
1 3.55802
2 3.68031
3 3.31677
4 3.70746
5 3.77704
6 3.03843
7 2.06257
8 29.0701
9 3.83218
10 10.6624
11 9.90193
12 2.15746
13 8.5358
14 10.6856
15 1.7661
16 1.12956
17 2.94437
18 2.49052
19 0.979868
20 2.15237
21 2.29112
22 1.98104
23 2.44249
24 2.36179
25 2.33122
26 2.22872
27 2.1989
28 2.20942
29 2.15738
"[DEBUG]index 95 centroid... "
0 3.25228
1 3.23044
2 3.04482
3 2.72018
4 3.14244
5 3.18139
6 3.12076
7 1.76988
8 24.6825
9 3.17438
10 11.7903
11 2.00049
12 1.33833
13 2.81861
14 1.044
15 2.19883
16 10.8879
17 1.54417
18 9.25766
19 8.09811
20 2.22441
21 1.13413
22 2.79433
23 2.9881
24 2.53243
25 2.82269
26 2.80394
27 2.83605
28 2.81356
29 2.85349
"[DEBUG]index 96 centroid... "
0 3.41626
1 3.33159
2 3.26557
3 3.16531
4 3.72806
5 3.53637
6 2.98226
7 1.73898
8 33.228
9 4.3093
10 3.152
11 2.99858
12 12.8903
13 6.73017
14 1.67103
15 11.0127
16 2.90043
17 1.26477
18 2.77231
19 11.6846
20 2.11965
21 2.25857
22 10.337
23 3.34074
24 3.04811
25 3.27336
26 3.37248
27 3.13466
28 3.06233
29 2.98152
"[DEBUG]index 97 centroid... "
0 2.84817
1 2.95857
2 3.00409
3 2.71815
4 2.98646
5 3.18108
6 2.54107
7 1.7644
8 25.8762
9 4.45593
10 2.26095
11 11.4464
12 2.1123
13 8.80129
14 2.15437
15 2.43322
16 1.15646
17 2.84672
18 2.08568
19 10.9435
20 1.70743
21 7.73415
22 8.46466
23 2.75141
24 2.93113
25 3.00463
26 2.7873
27 2.57269
28 2.65564
29 2.59004
"[DEBUG]index 98 centroid... "
0 2.90204
1 2.9224
2 2.75492
3 2.83181
4 3.07444
5 3.24192
6 2.91081
7 2.19312
8 16.9652
9 4.44382
10 1.83322
11 6.74473
12 7.1415
13 1.57409
14 5.24228
15 20.7005
16 2.85499
17 16.3697
18 14.9996
19 4.04705
20 6.10534
21 2.99368
22 1.27247
23 3.13167
24 2.80478
25 2.52914
26 2.57865
27 2.86376
28 2.68926
29 2.23701
"[DEBUG]index 99 centroid... "
0 2.81763
1 2.91789
2 2.73975
3 2.60671
4 2.80904
5 2.75243
6 2.46522
7 1.50173
8 22.5098
9 4.38388
10 2.76816
11 2.38947
12 8.90238
13 2.15472
14 1.24252
15 3.06688
16 2.71033
17 4.22902
18 25.6945
19 4.17955
20 2.37437
21 7.36833
22 2.81722
23 2.55179
24 2.70747
25 2.81768
26 2.67496
27 2.993
28 2.79544
29 2.68646
