"[DEBUG]index 0 centroid... "
0 0.251679
1 0.414037
2 0.297058
3 0.237847
4 0.207964
5 0.143847
6 0.224015
7 0.233679
8 0.155066
9 0.204708
10 0.234693
11 0.131599
12 0.187518
13 0.0933868
14 0.110095
15 0.159124
16 0.212562
17 0.149927
18 0.0899416
19 0.0452482
20 0.0343066
21 0.122489
22 0.213336
23 0.101095
24 0.259051
25 0.302453
26 0.178175
27 0.329044
28 0.255007
29 0.349182
"[DEBUG]index 1 centroid... "
0 0.417345
1 0.31989
2 0.269759
3 0.219883
4 0.262876
5 0.264338
6 0.287255
7 0.31569
8 0.185828
9 0.222262
10 0.240186
11 0.155372
12 0.203131
13 0.332331
14 0.313159
15 0.288565
16 0.2736
17 0.3168
18 0.2898
19 0.398986
20 0.244014
21 0.470965
22 0.271255
23 0.243634
24 0.308972
25 0.2284
26 0.284759
27 0.278345
28 0.290938
29 0.124324
"[DEBUG]index 2 centroid... "
0 0.200914
1 0.167376
2 0.189211
3 0.250672
4 0.234226
5 0.163458
6 0.177016
7 0.168832
8 0.196517
9 0.166355
10 0.169639
11 0.198648
12 0.16604
13 0.222788
14 0.262194
15 0.248874
16 0.235766
17 0.208065
18 0.145204
19 0.232269
20 0.221171
21 0.166516
22 0.209233
23 0.19871
24 0.209262
25 0.181561
26 0.146162
27 0.192443
28 0.203828
29 0.247416
"[DEBUG]index 3 centroid... "
0 -0.0890114
1 0.0128864
2 -0.000931837
3 0.0666591
4 0.318307
5 0.191943
6 0.13975
7 0.0250454
8 0.00885228
9 0.0517955
10 0.221898
11 0.140375
12 -0.0246932
13 0.0716818
14 0.165182
15 0.197466
16 0.184864
17 0.202523
18 0.206727
19 0.266659
20 0.0238295
21 0.371239
22 0.262557
23 0.0686591
24 0.0991136
25 0.0215795
26 0.199659
27 0.0993523
28 -0.0331477
29 0.0391704
"[DEBUG]index 4 centroid... "
0 0.198496
1 0.19912
2 0.174626
3 0.216374
4 0.196282
5 0.169202
6 0.210455
7 0.200973
8 0.12633
9 0.178924
10 0.183505
11 0.188615
12 0.203062
13 0.191324
14 0.145781
15 0.15826
16 0.18883
17 0.221017
18 0.197303
19 0.216883
20 0.195331
21 0.154848
22 0.173727
23 0.188964
24 0.1995
25 0.201956
26 0.197229
27 0.174825
28 0.148797
29 0.193425
"[DEBUG]index 5 centroid... "
0 0.21694
1 0.198396
2 0.175251
3 0.234004
4 0.210887
5 0.177564
6 0.214176
7 0.224223
8 0.18042
9 0.191307
10 0.184323
11 0.170075
12 0.157735
13 0.238339
14 0.221443
15 0.202548
16 0.205834
17 0.225449
18 0.190893
19 0.135272
20 0.178375
21 0.191504
22 0.185986
23 0.212747
24 0.216237
25 0.191081
26 0.173468
27 0.210491
28 0.209669
29 0.204143
"[DEBUG]index 6 centroid... "
0 0.220987
1 0.190592
2 0.184223
3 0.18556
4 0.169458
5 0.177273
6 0.202924
7 0.178469
8 0.135182
9 0.195516
10 0.142947
11 0.127214
12 0.202877
13 0.188132
14 0.186005
15 0.15265
16 0.158484
17 0.209283
18 0.187596
19 0.190348
20 0.187856
21 0.191972
22 0.196494
23 0.233182
24 0.25051
25 0.247649
26 0.229389
27 0.20318
28 0.236282
29 0.203148
"[DEBUG]index 7 centroid... "
0 0.227471
1 0.198527
2 0.235574
3 0.201491
4 0.215592
5 0.173504
6 0.13069
7 0.255629
8 0.195846
9 0.208837
10 0.157063
11 0.101308
12 0.181895
13 0.150029
14 0.248594
15 0.222625
16 0.170315
17 0.276092
18 0.285498
19 0.197326
20 0.275134
21 0.222286
22 0.224199
23 0.237045
24 0.271659
25 0.253139
26 0.262585
27 0.17365
28 0.142931
29 0.24133
"[DEBUG]index 8 centroid... "
0 0.201155
1 0.199024
2 0.210742
3 0.213914
4 0.22407
5 0.193403
6 0.214181
7 0.206478
8 0.151889
9 0.200821
10 0.222455
11 0.226074
12 0.221127
13 0.183393
14 0.161315
15 0.126145
16 0.169104
17 0.175637
18 0.224515
19 0.224711
20 0.181901
21 0.219631
22 0.225243
23 0.186729
24 0.195956
25 0.203883
26 0.207133
27 0.213289
28 0.219831
29 0.223819
"[DEBUG]index 9 centroid... "
0 0.194621
1 0.199259
2 0.213342
3 0.230045
4 0.238229
5 0.198153
6 0.257973
7 0.236242
8 0.169769
9 0.201333
10 0.214062
11 0.205913
12 0.257456
13 0.242504
14 0.229007
15 0.18765
16 0.236406
17 0.256384
18 0.225523
19 0.185542
20 0.231627
21 0.263116
22 0.239316
23 0.214564
24 0.235277
25 0.219675
26 0.217122
27 0.196638
28 0.222483
29 0.231483
"[DEBUG]index 10 centroid... "
0 0.198916
1 0.198819
2 0.215956
3 0.201942
4 0.220702
5 0.189353
6 0.227077
7 0.209341
8 0.141213
9 0.20696
10 0.223419
11 0.240318
12 0.217527
13 0.186033
14 0.209284
15 0.185628
16 0.220944
17 0.181147
18 0.219846
19 0.213355
20 0.202958
21 0.200853
22 0.185
23 0.21414
24 0.225401
25 0.172734
26 0.209482
27 0.21969
28 0.205949
29 0.226398
"[DEBUG]index 11 centroid... "
0 0.20536
1 0.204671
2 0.209799
3 0.233252
4 0.225415
5 0.206394
6 0.221058
7 0.19873
8 0.125298
9 0.148068
10 0.145455
11 0.210703
12 0.195014
13 0.238659
14 0.206262
15 0.202267
16 0.190019
17 0.184834
18 0.190587
19 0.183909
20 0.135885
21 0.204847
22 0.231654
23 0.228209
24 0.214118
25 0.20867
26 0.213131
27 0.178963
28 0.213588
29 0.230354
"[DEBUG]index 12 centroid... "
0 0.205995
1 0.195493
2 0.193713
3 0.200969
4 0.204576
5 0.182906
6 0.20732
7 0.200378
8 0.137862
9 0.16455
10 0.208947
11 0.200778
12 0.203098
13 0.191698
14 0.20379
15 0.163504
16 0.139768
17 0.213763
18 0.221693
19 0.173618
20 0.209454
21 0.200089
22 0.171312
23 0.194448
24 0.202643
25 0.199398
26 0.200652
27 0.206094
28 0.207664
29 0.196267
"[DEBUG]index 13 centroid... "
0 0.202928
1 0.183211
2 0.181254
3 0.193471
4 0.1723
5 0.184097
6 0.200806
7 0.221763
8 0.212101
9 0.114795
10 0.0647467
11 0.0874935
12 0.118313
13 0.163654
14 0.205833
15 0.155553
16 0.164803
17 0.150129
18 0.167994
19 0.205338
20 0.181605
21 0.199603
22 0.232682
23 0.231072
24 0.228004
25 0.273752
26 0.282328
27 0.241985
28 0.251662
29 0.229939
"[DEBUG]index 14 centroid... "
0 0.179947
1 0.202657
2 0.179925
3 0.203707
4 0.200804
5 0.153536
6 0.220545
7 0.217498
8 0.138266
9 0.180132
10 0.211414
11 0.164683
12 0.236445
13 0.199092
14 0.214486
15 0.197412
16 0.112825
17 0.214761
18 0.167248
19 0.167669
20 0.204988
21 0.226067
22 0.190987
23 0.149219
24 0.137037
25 0.176887
26 0.213977
27 0.168321
28 0.172831
29 0.216872
"[DEBUG]index 15 centroid... "
0 0.197276
1 0.185275
2 0.156155
3 0.194887
4 0.203558
5 0.194651
6 0.215104
7 0.252377
8 0.1608
9 0.117506
10 0.187125
11 0.188824
12 0.194976
13 0.180589
14 0.148562
15 0.207608
16 0.186091
17 0.184187
18 0.192826
19 0.199514
20 0.207535
21 0.211252
22 0.186659
23 0.21515
24 0.216088
25 0.209533
26 0.215384
27 0.227621
28 0.214057
29 0.244048
"[DEBUG]index 16 centroid... "
0 0.195519
1 0.177022
2 0.183352
3 0.199486
4 0.199154
5 0.172661
6 0.193296
7 0.193736
8 0.120834
9 0.171193
10 0.198128
11 0.189335
12 0.208721
13 0.186771
14 0.195332
15 0.208679
16 0.20964
17 0.23792
18 0.212639
19 0.158047
20 0.20111
21 0.17715
22 0.196444
23 0.208059
24 0.202926
25 0.183391
26 0.18501
27 0.193323
28 0.178836
29 0.18242
"[DEBUG]index 17 centroid... "
0 0.212965
1 0.189558
2 0.190065
3 0.205644
4 0.185143
5 0.208347
6 0.254524
7 0.261776
8 0.152431
9 0.233412
10 0.224827
11 0.18736
12 0.226396
13 0.240428
14 0.199394
15 0.191351
16 0.241315
17 0.232743
18 0.184244
19 0.227633
20 0.254372
21 0.162802
22 0.189222
23 0.247808
24 0.214236
25 0.211016
26 0.201371
27 0.213582
28 0.206962
29 0.204276
"[DEBUG]index 18 centroid... "
0 0.235395
1 0.208477
2 0.20827
3 0.222454
4 0.21054
5 0.201457
6 0.250784
7 0.213366
8 0.15391
9 0.222882
10 0.217113
11 0.189243
12 0.245773
13 0.211552
14 0.194413
15 0.262107
16 0.238799
17 0.173705
18 0.204519
19 0.246326
20 0.206113
21 0.196901
22 0.236313
23 0.238583
24 0.218426
25 0.22104
26 0.21892
27 0.212537
28 0.224586
29 0.245307
"[DEBUG]index 19 centroid... "
0 0.233274
1 0.232293
2 0.231419
3 0.262318
4 0.259486
5 0.231241
6 0.232261
7 0.25006
8 0.241415
9 0.204181
10 0.203257
11 0.206591
12 0.220032
13 0.250584
14 0.187509
15 0.21105
16 0.231472
17 0.255346
18 0.181482
19 0.167115
20 0.265333
21 0.211145
22 0.238169
23 0.246622
24 0.222726
25 0.246257
26 0.222159
27 0.249921
28 0.232299
29 0.213149
"[DEBUG]index 20 centroid... "
0 0.148076
1 0.147774
2 0.203476
3 0.216968
4 0.186917
5 0.159304
6 0.282103
7 0.275095
8 0.139051
9 0.151604
10 0.230641
11 0.172751
12 0.214082
13 0.195415
14 0.194417
15 0.202304
16 0.236715
17 0.145923
18 0.265563
19 0.240644
20 0.243252
21 0.194758
22 0.163838
23 0.160836
24 0.219333
25 0.199219
26 0.245564
27 0.228396
28 0.181895
29 0.17841
"[DEBUG]index 21 centroid... "
0 0.19577
1 0.193398
2 0.206347
3 0.218339
4 0.209055
5 0.193305
6 0.209408
7 0.200499
8 0.150001
9 0.214624
10 0.232084
11 0.182043
12 0.216031
13 0.219162
14 0.198879
15 0.207974
16 0.198185
17 0.205992
18 0.230762
19 0.214951
20 0.202144
21 0.227759
22 0.223621
23 0.217259
24 0.219128
25 0.216237
26 0.203306
27 0.202445
28 0.212972
29 0.213781
"[DEBUG]index 22 centroid... "
0 0.209326
1 0.200012
2 0.197042
3 0.210448
4 0.208643
5 0.189287
6 0.226861
7 0.202647
8 0.134756
9 0.182316
10 0.225184
11 0.184476
12 0.178189
13 0.220139
14 0.182696
15 0.149596
16 0.210543
17 0.223559
18 0.176293
19 0.231337
20 0.184197
21 0.168792
22 0.212251
23 0.197384
24 0.219634
25 0.243591
26 0.210708
27 0.207711
28 0.209397
29 0.223681
"[DEBUG]index 23 centroid... "
0 0.2124
1 0.212248
2 0.204112
3 0.214531
4 0.220815
5 0.187224
6 0.199383
7 0.203575
8 0.1642
9 0.175011
10 0.226242
11 0.170473
12 0.210639
13 0.185461
14 0.150847
15 0.201127
16 0.216822
17 0.199426
18 0.200062
19 0.194773
20 0.199394
21 0.207669
22 0.217107
23 0.225246
24 0.211836
25 0.219154
26 0.23031
27 0.233485
28 0.234884
29 0.22194
"[DEBUG]index 24 centroid... "
0 0.197102
1 0.188098
2 0.207047
3 0.210308
4 0.21776
5 0.196089
6 0.21924
7 0.219916
8 0.146781
9 0.226356
10 0.226972
11 0.18842
12 0.177679
13 0.165643
14 0.16732
15 0.161668
16 0.223703
17 0.220211
18 0.171011
19 0.206575
20 0.218396
21 0.199433
22 0.203839
23 0.215611
24 0.206597
25 0.2007
26 0.214821
27 0.214906
28 0.205524
29 0.21438
"[DEBUG]index 25 centroid... "
0 0.174925
1 0.186612
2 0.194185
3 0.214108
4 0.20939
5 0.190227
6 0.216393
7 0.202408
8 0.110468
9 0.110573
10 0.144117
11 0.205004
12 0.224089
13 0.205908
14 0.198747
15 0.197944
16 0.235967
17 0.219658
18 0.231198
19 0.250112
20 0.23645
21 0.228982
22 0.255316
23 0.217493
24 0.210865
25 0.236933
26 0.225893
27 0.221725
28 0.221901
29 0.208853
"[DEBUG]index 26 centroid... "
0 0.174868
1 0.150813
2 0.141704
3 0.173017
4 0.165446
5 0.213799
6 0.172386
7 0.206923
8 0.137101
9 0.186173
10 0.219452
11 0.266374
12 0.201084
13 0.162086
14 0.202225
15 0.234338
16 0.203612
17 0.187023
18 0.216571
19 0.174298
20 0.168681
21 0.175441
22 0.129268
23 0.174169
24 0.230568
25 0.159363
26 0.195737
27 0.186528
28 0.144296
29 0.168046
"[DEBUG]index 27 centroid... "
0 0.229996
1 0.174467
2 0.179827
3 0.21131
4 0.21621
5 0.204399
6 0.206625
7 0.220141
8 0.182568
9 0.177645
10 0.152411
11 0.154518
12 0.208216
13 0.212292
14 0.210257
15 0.205009
16 0.213772
17 0.192396
18 0.178872
19 0.188851
20 0.214902
21 0.217656
22 0.181303
23 0.215364
24 0.21904
25 0.201332
26 0.260424
27 0.179437
28 0.200739
29 0.214205
"[DEBUG]index 28 centroid... "
0 0.210742
1 0.213073
2 0.184446
3 0.215105
4 0.20933
5 0.207433
6 0.224161
7 0.226941
8 0.154556
9 0.181724
10 0.197168
11 0.217236
12 0.196751
13 0.143621
14 0.21744
15 0.221061
16 0.18993
17 0.195395
18 0.169531
19 0.163469
20 0.159913
21 0.194906
22 0.199541
23 0.218473
24 0.22455
25 0.224964
26 0.217418
27 0.211879
28 0.217326
29 0.237165
"[DEBUG]index 29 centroid... "
0 0.20836
1 0.230248
2 0.205133
3 0.21822
4 0.235382
5 0.236742
6 0.244195
7 0.198277
8 0.142219
9 0.123798
10 0.145279
11 0.21194
12 0.223526
13 0.188617
14 0.213316
15 0.201973
16 0.15314
17 0.195411
18 0.208373
19 0.189195
20 0.188218
21 0.228164
22 0.211397
23 0.194792
24 0.213785
25 0.197653
26 0.209049
27 0.211769
28 0.220408
29 0.247237
"[DEBUG]index 30 centroid... "
0 0.198541
1 0.201127
2 0.194619
3 0.204773
4 0.216811
5 0.183849
6 0.220882
7 0.213862
8 0.163132
9 0.176869
10 0.193754
11 0.201443
12 0.194993
13 0.217714
14 0.206119
15 0.228961
16 0.197714
17 0.171488
18 0.220021
19 0.189086
20 0.20716
21 0.220787
22 0.169903
23 0.180897
24 0.206371
25 0.178202
26 0.180969
27 0.181576
28 0.178555
29 0.189388
"[DEBUG]index 31 centroid... "
0 0.19458
1 0.192217
2 0.190014
3 0.212184
4 0.210397
5 0.18765
6 0.218158
7 0.232942
8 0.162502
9 0.162221
10 0.18812
11 0.178328
12 0.184742
13 0.232802
14 0.222578
15 0.184926
16 0.201156
17 0.211779
18 0.200066
19 0.224989
20 0.226235
21 0.230431
22 0.242638
23 0.224981
24 0.215474
25 0.222185
26 0.217095
27 0.220068
28 0.219295
29 0.217491
"[DEBUG]index 32 centroid... "
0 0.177104
1 0.166906
2 0.170542
3 0.197394
4 0.155075
5 0.175206
6 0.192862
7 0.162382
8 0.0621269
9 0.161167
10 0.189454
11 0.190463
12 0.188094
13 0.243279
14 0.219865
15 0.177208
16 0.154433
17 0.212074
18 0.204021
19 0.25096
20 0.202505
21 0.198541
22 0.207712
23 0.203773
24 0.199667
25 0.196868
26 0.173033
27 0.157912
28 0.171627
29 0.227401
"[DEBUG]index 33 centroid... "
0 0.205158
1 0.187235
2 0.192002
3 0.208279
4 0.213012
5 0.196535
6 0.222696
7 0.200398
8 0.119765
9 0.105536
10 0.113942
11 0.193243
12 0.21425
13 0.199023
14 0.202502
15 0.205904
16 0.201914
17 0.213933
18 0.198326
19 0.191203
20 0.22143
21 0.206315
22 0.219154
23 0.21885
24 0.206725
25 0.206008
26 0.212204
27 0.200333
28 0.201216
29 0.201917
"[DEBUG]index 34 centroid... "
0 0.208652
1 0.204232
2 0.188432
3 0.220667
4 0.231509
5 0.20321
6 0.21415
7 0.199804
8 0.150235
9 0.189748
10 0.205203
11 0.206396
12 0.206425
13 0.202806
14 0.157185
15 0.201611
16 0.212772
17 0.181789
18 0.212968
19 0.208838
20 0.175927
21 0.196258
22 0.183994
23 0.211483
24 0.199227
25 0.212303
26 0.197243
27 0.201939
28 0.185946
29 0.215666
"[DEBUG]index 35 centroid... "
0 0.216494
1 0.250611
2 0.227352
3 0.212749
4 0.223939
5 0.217822
6 0.247142
7 0.232322
8 0.161611
9 0.158916
10 0.168391
11 0.174032
12 0.17579
13 0.263883
14 0.212816
15 0.213155
16 0.20067
17 0.203452
18 0.199116
19 0.178531
20 0.172001
21 0.170211
22 0.246886
23 0.245902
24 0.234663
25 0.22226
26 0.203653
27 0.205842
28 0.19912
29 0.221826
"[DEBUG]index 36 centroid... "
0 0.181344
1 0.185428
2 0.16034
3 0.207261
4 0.200822
5 0.178607
6 0.20972
7 0.250914
8 0.157632
9 0.0984793
10 0.232632
11 0.221655
12 0.175452
13 0.19655
14 0.216759
15 0.169368
16 0.181947
17 0.2018
18 0.230115
19 0.230395
20 0.262261
21 0.258522
22 0.235224
23 0.239934
24 0.248238
25 0.228967
26 0.220623
27 0.233929
28 0.211525
29 0.225059
"[DEBUG]index 37 centroid... "
0 0.193884
1 0.208334
2 0.197414
3 0.227605
4 0.219505
5 0.189001
6 0.220323
7 0.192274
8 0.15007
9 0.17607
10 0.199891
11 0.182145
12 0.216253
13 0.210972
14 0.187024
15 0.221977
16 0.192716
17 0.146933
18 0.207791
19 0.220301
20 0.206037
21 0.207829
22 0.209409
23 0.196777
24 0.196458
25 0.216858
26 0.215454
27 0.211331
28 0.216328
29 0.210404
"[DEBUG]index 38 centroid... "
0 0.184919
1 0.190213
2 0.197063
3 0.215726
4 0.228436
5 0.185974
6 0.21562
7 0.196843
8 0.134714
9 0.16874
10 0.22148
11 0.193467
12 0.212785
13 0.238191
14 0.208735
15 0.172701
16 0.22354
17 0.236586
18 0.188639
19 0.198931
20 0.216546
21 0.184941
22 0.185175
23 0.201139
24 0.205526
25 0.182038
26 0.201287
27 0.203461
28 0.202807
29 0.201145
"[DEBUG]index 39 centroid... "
0 0.215463
1 0.206042
2 0.20392
3 0.212897
4 0.215356
5 0.187403
6 0.225503
7 0.209352
8 0.152652
9 0.227679
10 0.222338
11 0.195968
12 0.205853
13 0.182223
14 0.210377
15 0.182742
16 0.178931
17 0.230999
18 0.173193
19 0.147398
20 0.217076
21 0.220143
22 0.210503
23 0.203445
24 0.211213
25 0.203345
26 0.202071
27 0.204841
28 0.22575
29 0.217647
"[DEBUG]index 40 centroid... "
0 0.203244
1 0.203958
2 0.226173
3 0.235808
4 0.234587
5 0.196675
6 0.290405
7 0.271484
8 0.174751
9 0.236533
10 0.293184
11 0.182496
12 0.204453
13 0.235245
14 0.145061
15 0.228005
16 0.245733
17 0.248666
18 0.277518
19 0.316948
20 0.341452
21 0.343292
22 0.304038
23 0.332561
24 0.260489
25 0.254992
26 0.265673
27 0.302137
28 0.311094
29 0.292462
"[DEBUG]index 41 centroid... "
0 0.212423
1 0.205293
2 0.188816
3 0.191794
4 0.199599
5 0.194799
6 0.224983
7 0.252402
8 0.184942
9 0.145865
10 0.1889
11 0.154371
12 0.187039
13 0.214285
14 0.172687
15 0.171131
16 0.208771
17 0.187394
18 0.208404
19 0.214586
20 0.242523
21 0.253262
22 0.287134
23 0.285982
24 0.262606
25 0.269333
26 0.273739
27 0.261575
28 0.265452
29 0.268052
"[DEBUG]index 42 centroid... "
0 0.185575
1 0.20586
2 0.194695
3 0.20113
4 0.191511
5 0.194756
6 0.243987
7 0.266205
8 0.165933
9 0.128317
10 0.241929
11 0.223872
12 0.206032
13 0.19547
14 0.174365
15 0.234405
16 0.219604
17 0.173961
18 0.174989
19 0.230658
20 0.17463
21 0.183637
22 0.233801
23 0.219341
24 0.220661
25 0.240677
26 0.203032
27 0.208026
28 0.221483
29 0.22372
"[DEBUG]index 43 centroid... "
0 0.179794
1 0.204608
2 0.217527
3 0.209737
4 0.20274
5 0.180689
6 0.201498
7 0.188039
8 0.124246
9 0.192328
10 0.230369
11 0.189838
12 0.221244
13 0.199739
14 0.151246
15 0.190899
16 0.205638
17 0.226235
18 0.196262
19 0.19601
20 0.234347
21 0.198978
22 0.158226
23 0.192647
24 0.223067
25 0.180342
26 0.196812
27 0.199411
28 0.181296
29 0.184202
"[DEBUG]index 44 centroid... "
0 0.19356
1 0.19292
2 0.199514
3 0.202618
4 0.217096
5 0.187487
6 0.20596
7 0.194918
8 0.138591
9 0.137759
10 0.167275
11 0.228865
12 0.249704
13 0.216572
14 0.205637
15 0.202154
16 0.188697
17 0.172686
18 0.138605
19 0.140094
20 0.168573
21 0.184946
22 0.201838
23 0.210275
24 0.202909
25 0.198504
26 0.189772
27 0.193198
28 0.196705
29 0.207275
"[DEBUG]index 45 centroid... "
0 0.194616
1 0.19208
2 0.185803
3 0.202879
4 0.224377
5 0.189861
6 0.211194
7 0.207706
8 0.107578
9 0.120917
10 0.155316
11 0.23224
12 0.199022
13 0.182306
14 0.193666
15 0.173849
16 0.182165
17 0.20239
18 0.221266
19 0.192867
20 0.195006
21 0.185243
22 0.16616
23 0.186454
24 0.195381
25 0.190469
26 0.194285
27 0.197378
28 0.206298
29 0.193212
"[DEBUG]index 46 centroid... "
0 0.218852
1 0.206362
2 0.203416
3 0.22472
4 0.222304
5 0.197538
6 0.238606
7 0.238048
8 0.16188
9 0.189016
10 0.203011
11 0.1832
12 0.196068
13 0.210495
14 0.195814
15 0.198493
16 0.226457
17 0.208423
18 0.194132
19 0.234981
20 0.221105
21 0.190651
22 0.223847
23 0.223628
24 0.209354
25 0.214788
26 0.218657
27 0.220702
28 0.21399
29 0.21506
"[DEBUG]index 47 centroid... "
0 0.199595
1 0.192197
2 0.199276
3 0.208965
4 0.216272
5 0.194403
6 0.223811
7 0.203414
8 0.147975
9 0.212051
10 0.232689
11 0.190921
12 0.23069
13 0.220579
14 0.203283
15 0.177656
16 0.167043
17 0.145075
18 0.123098
19 0.159797
20 0.179726
21 0.209819
22 0.214655
23 0.199218
24 0.208125
25 0.192619
26 0.191687
27 0.208888
28 0.192225
29 0.214564
"[DEBUG]index 48 centroid... "
0 0.193417
1 0.187433
2 0.189951
3 0.205426
4 0.20543
5 0.169837
6 0.184864
7 0.17919
8 0.118081
9 0.17448
10 0.191804
11 0.191479
12 0.203232
13 0.177734
14 0.198216
15 0.190088
16 0.171576
17 0.198823
18 0.198572
19 0.196976
20 0.2005
21 0.179506
22 0.197454
23 0.20115
24 0.198839
25 0.201329
26 0.196844
27 0.192027
28 0.195805
29 0.196608
"[DEBUG]index 49 centroid... "
0 0.176873
1 0.133412
2 0.22259
3 0.235191
4 0.215983
5 0.175945
6 0.21352
7 0.203759
8 0.144722
9 0.191524
10 0.226789
11 0.188594
12 0.204507
13 0.170827
14 0.139568
15 0.197452
16 0.191547
17 0.204851
18 0.226186
19 0.218754
20 0.252327
21 0.227898
22 0.273187
23 0.231489
24 0.220436
25 0.236803
26 0.216298
27 0.217188
28 0.218037
29 0.208947
"[DEBUG]index 50 centroid... "
0 0.207581
1 0.184183
2 0.193545
3 0.201737
4 0.201883
5 0.175358
6 0.222225
7 0.225859
8 0.124327
9 0.177367
10 0.215348
11 0.147397
12 0.18768
13 0.2251
14 0.16588
15 0.181422
16 0.196462
17 0.167938
18 0.191407
19 0.202579
20 0.21884
21 0.211936
22 0.172781
23 0.216732
24 0.228826
25 0.212946
26 0.216243
27 0.214148
28 0.197496
29 0.204768
"[DEBUG]index 51 centroid... "
0 0.213541
1 0.19099
2 0.199407
3 0.22541
4 0.229374
5 0.196235
6 0.230398
7 0.201491
8 0.120944
9 0.15541
10 0.172534
11 0.206693
12 0.225671
13 0.208747
14 0.194632
15 0.207035
16 0.214041
17 0.185701
18 0.175302
19 0.167847
20 0.156605
21 0.162758
22 0.186674
23 0.208116
24 0.21968
25 0.209425
26 0.202316
27 0.195919
28 0.200153
29 0.19985
"[DEBUG]index 52 centroid... "
0 0.191531
1 0.186468
2 0.197879
3 0.206935
4 0.206715
5 0.183309
6 0.212931
7 0.199324
8 0.13717
9 0.195807
10 0.231418
11 0.175993
12 0.233894
13 0.218961
14 0.187275
15 0.180963
16 0.170792
17 0.220744
18 0.220435
19 0.200939
20 0.215872
21 0.199774
22 0.197959
23 0.197982
24 0.201074
25 0.220784
26 0.211929
27 0.204875
28 0.212007
29 0.206795
"[DEBUG]index 53 centroid... "
0 0.232838
1 0.127238
2 0.151882
3 0.194096
4 0.214683
5 0.12725
6 0.185894
7 0.225909
8 0.17924
9 0.186513
10 0.20784
11 0.123465
12 0.179268
13 0.173815
14 0.168917
15 0.14284
16 0.131632
17 0.161538
18 0.238481
19 0.183553
20 0.123642
21 0.188261
22 0.175664
23 0.160489
24 0.183794
25 0.190717
26 0.193791
27 0.216169
28 0.218181
29 0.133526
"[DEBUG]index 54 centroid... "
0 0.185604
1 0.329566
2 0.292704
3 0.204047
4 0.234843
5 0.218884
6 0.201374
7 0.171453
8 0.168516
9 0.213302
10 0.224821
11 0.218179
12 0.172654
13 0.267022
14 0.226588
15 0.228739
16 0.155975
17 0.234446
18 0.19684
19 0.296233
20 0.318531
21 0.420377
22 0.260761
23 0.216994
24 0.233308
25 0.203774
26 0.104538
27 0.275258
28 0.257726
29 0.192645
"[DEBUG]index 55 centroid... "
0 0.185034
1 0.176203
2 0.161009
3 0.151078
4 0.239239
5 0.142645
6 0.241882
7 0.250313
8 0.206492
9 0.293062
10 0.23832
11 0.190312
12 0.176777
13 0.267046
14 0.221822
15 0.158864
16 0.215138
17 0.263383
18 0.236878
19 0.242729
20 0.162377
21 0.173725
22 0.249085
23 0.220018
24 0.231009
25 0.22365
26 0.136562
27 0.196564
28 0.231941
29 0.237795
"[DEBUG]index 56 centroid... "
0 0.202401
1 0.216793
2 0.196407
3 0.22345
4 0.212717
5 0.211887
6 0.233381
7 0.224391
8 0.15975
9 0.224585
10 0.217943
11 0.166067
12 0.189598
13 0.179991
14 0.188829
15 0.227867
16 0.144043
17 0.176556
18 0.251625
19 0.221608
20 0.211489
21 0.217308
22 0.210621
23 0.214621
24 0.260968
25 0.250867
26 0.244363
27 0.240361
28 0.230618
29 0.217456
"[DEBUG]index 57 centroid... "
0 0.247463
1 0.225434
2 0.18528
3 0.20811
4 0.210338
5 0.204218
6 0.204276
7 0.244522
8 0.200053
9 0.143324
10 0.214013
11 0.223091
12 0.186883
13 0.201253
14 0.203966
15 0.1754
16 0.122845
17 0.18311
18 0.176964
19 0.211065
20 0.138984
21 0.182064
22 0.191643
23 0.201564
24 0.196344
25 0.166602
26 0.218797
27 0.206818
28 0.190316
29 0.19167
"[DEBUG]index 58 centroid... "
0 0.199941
1 0.200796
2 0.198086
3 0.204604
4 0.196631
5 0.17813
6 0.196071
7 0.208761
8 0.108067
9 0.151278
10 0.180215
11 0.214503
12 0.192309
13 0.183427
14 0.218655
15 0.173151
16 0.189649
17 0.190153
18 0.127902
19 0.163126
20 0.188397
21 0.185647
22 0.191464
23 0.188805
24 0.18945
25 0.192439
26 0.19633
27 0.190655
28 0.196787
29 0.200701
"[DEBUG]index 59 centroid... "
0 0.20733
1 0.207559
2 0.223731
3 0.209095
4 0.217092
5 0.199142
6 0.226297
7 0.216133
8 0.168099
9 0.18621
10 0.20144
11 0.195472
12 0.199095
13 0.189297
14 0.184016
15 0.207251
16 0.185298
17 0.194014
18 0.210197
19 0.196651
20 0.169832
21 0.228288
22 0.223045
23 0.206036
24 0.201611
25 0.205484
26 0.218296
27 0.188783
28 0.209013
29 0.216752
"[DEBUG]index 60 centroid... "
0 0.240551
1 0.215742
2 0.189912
3 0.226945
4 0.198435
5 0.203169
6 0.251392
7 0.178935
8 0.0927144
9 0.207596
10 0.17097
11 0.232027
12 0.193134
13 0.170375
14 0.143123
15 0.132583
16 0.193432
17 0.198004
18 0.223176
19 0.226336
20 0.19142
21 0.209344
22 0.238265
23 0.238265
24 0.253516
25 0.284901
26 0.248056
27 0.232441
28 0.228794
29 0.274515
"[DEBUG]index 61 centroid... "
0 0.211878
1 0.201493
2 0.193173
3 0.236057
4 0.216409
5 0.187879
6 0.256695
7 0.225338
8 0.158297
9 0.210716
10 0.218217
11 0.224606
12 0.228816
13 0.184461
14 0.217182
15 0.195652
16 0.195317
17 0.260789
18 0.197864
19 0.145854
20 0.142246
21 0.128419
22 0.229927
23 0.235457
24 0.218583
25 0.200391
26 0.187913
27 0.191568
28 0.196703
29 0.210296
"[DEBUG]index 62 centroid... "
0 0.1976
1 0.199042
2 0.203801
3 0.21708
4 0.226573
5 0.203852
6 0.224579
7 0.207596
8 0.153952
9 0.172046
10 0.206072
11 0.196981
12 0.21228
13 0.23227
14 0.204934
15 0.163228
16 0.135728
17 0.128076
18 0.157753
19 0.182232
20 0.211313
21 0.214174
22 0.208792
23 0.204596
24 0.206801
25 0.193631
26 0.212632
27 0.191025
28 0.201002
29 0.197146
"[DEBUG]index 63 centroid... "
0 0.244531
1 0.207516
2 0.21433
3 0.201209
4 0.214791
5 0.245241
6 0.216202
7 0.235147
8 0.215224
9 0.174984
10 0.214095
11 0.200154
12 0.243421
13 0.226686
14 0.223593
15 0.168575
16 0.201246
17 0.152257
18 0.190747
19 0.159148
20 0.179735
21 0.19836
22 0.232608
23 0.207692
24 0.241817
25 0.184511
26 0.228316
27 0.214702
28 0.237206
29 0.24209
"[DEBUG]index 64 centroid... "
0 0.188949
1 0.179389
2 0.18715
3 0.199861
4 0.203828
5 0.179114
6 0.226862
7 0.203761
8 0.128226
9 0.10137
10 0.10999
11 0.155095
12 0.17807
13 0.210067
14 0.192893
15 0.170717
16 0.210402
17 0.183418
18 0.178304
19 0.175468
20 0.159843
21 0.167401
22 0.167418
23 0.199417
24 0.203508
25 0.214427
26 0.198376
27 0.193819
28 0.191173
29 0.199269
"[DEBUG]index 65 centroid... "
0 0.187045
1 0.171524
2 0.197031
3 0.208266
4 0.208922
5 0.200858
6 0.225944
7 0.203301
8 0.0833551
9 0.102019
10 0.162212
11 0.207927
12 0.237431
13 0.218727
14 0.205547
15 0.173051
16 0.2282
17 0.205223
18 0.218503
19 0.230087
20 0.232586
21 0.213129
22 0.212604
23 0.239354
24 0.204384
25 0.199538
26 0.219002
27 0.211092
28 0.193628
29 0.190462
"[DEBUG]index 66 centroid... "
0 0.190427
1 0.176682
2 0.190215
3 0.212131
4 0.214963
5 0.200156
6 0.217705
7 0.211176
8 0.117682
9 0.109495
10 0.120361
11 0.142776
12 0.145054
13 0.145
14 0.169075
15 0.146431
16 0.14338
17 0.201243
18 0.175327
19 0.191121
20 0.236011
21 0.181926
22 0.192352
23 0.215508
24 0.206424
25 0.196036
26 0.205803
27 0.191492
28 0.188098
29 0.196064
"[DEBUG]index 67 centroid... "
0 0.1373
1 0.168918
2 0.184959
3 0.238449
4 0.17898
5 0.162078
6 0.21815
7 0.235201
8 0.183289
9 0.179888
10 0.186933
11 0.166797
12 0.211071
13 0.182026
14 0.188915
15 0.209982
16 0.234501
17 0.207567
18 0.19997
19 0.151039
20 0.17982
21 0.195482
22 0.217535
23 0.167921
24 0.204629
25 0.227593
26 0.190609
27 0.205923
28 0.223491
29 0.178449
"[DEBUG]index 68 centroid... "
0 0.205326
1 0.20349
2 0.205257
3 0.209585
4 0.206935
5 0.186826
6 0.2326
7 0.24497
8 0.195121
9 0.182896
10 0.200589
11 0.19033
12 0.185694
13 0.235578
14 0.235288
15 0.205726
16 0.199901
17 0.211818
18 0.195318
19 0.188965
20 0.206869
21 0.219265
22 0.218466
23 0.21808
24 0.233625
25 0.233495
26 0.234316
27 0.234674
28 0.238059
29 0.23383
"[DEBUG]index 69 centroid... "
0 0.258865
1 0.207359
2 0.204795
3 0.168095
4 0.227324
5 0.212811
6 0.26578
7 0.179154
8 0.178106
9 0.155494
10 0.133471
11 0.204189
12 0.175282
13 0.196472
14 0.198859
15 0.135847
16 0.220428
17 0.176665
18 0.124933
19 0.257023
20 0.21157
21 0.173505
22 0.215318
23 0.241829
24 0.189414
25 0.209267
26 0.2119
27 0.218757
28 0.201954
29 0.231242
"[DEBUG]index 70 centroid... "
0 0.200399
1 0.164794
2 0.176537
3 0.200802
4 0.206674
5 0.177858
6 0.206487
7 0.233515
8 0.165494
9 0.139273
10 0.205145
11 0.210562
12 0.148535
13 0.151775
14 0.187686
15 0.177295
16 0.184452
17 0.192072
18 0.174878
19 0.201164
20 0.234428
21 0.226167
22 0.22428
23 0.211498
24 0.242557
25 0.223111
26 0.222605
27 0.242168
28 0.238363
29 0.225107
"[DEBUG]index 71 centroid... "
0 0.184428
1 0.182332
2 0.197693
3 0.197388
4 0.211079
5 0.185131
6 0.197899
7 0.196338
8 0.138614
9 0.178708
10 0.205974
11 0.184595
12 0.213233
13 0.213168
14 0.18782
15 0.181767
16 0.18869
17 0.200322
18 0.203381
19 0.19086
20 0.206363
21 0.184226
22 0.157768
23 0.198126
24 0.19534
25 0.190235
26 0.203803
27 0.187948
28 0.188871
29 0.184755
"[DEBUG]index 72 centroid... "
0 0.191494
1 0.156207
2 0.178463
3 0.190651
4 0.202621
5 0.188253
6 0.202122
7 0.203874
8 0.126127
9 0.101883
10 0.100901
11 0.103624
12 0.13409
13 0.189767
14 0.177577
15 0.168484
16 0.206246
17 0.192302
18 0.180612
19 0.163416
20 0.202191
21 0.207058
22 0.235769
23 0.252474
24 0.231542
25 0.22607
26 0.221653
27 0.208615
28 0.22791
29 0.218272
"[DEBUG]index 73 centroid... "
0 0.183084
1 0.178003
2 0.186556
3 0.195776
4 0.195023
5 0.1897
6 0.211251
7 0.166907
8 0.148583
9 0.162685
10 0.148955
11 0.177745
12 0.216201
13 0.165475
14 0.162628
15 0.205699
16 0.237929
17 0.202932
18 0.191507
19 0.22048
20 0.182202
21 0.234171
22 0.239261
23 0.210447
24 0.220919
25 0.198654
26 0.223409
27 0.180873
28 0.198286
29 0.22879
"[DEBUG]index 74 centroid... "
0 0.179601
1 0.171523
2 0.181614
3 0.14741
4 0.1769
5 0.188715
6 0.201511
7 0.199468
8 0.149887
9 0.208138
10 0.186866
11 0.114516
12 0.155577
13 0.203665
14 0.178951
15 0.168538
16 0.173646
17 0.185483
18 0.206743
19 0.222033
20 0.265194
21 0.22967
22 0.212631
23 0.246637
24 0.242391
25 0.230502
26 0.275105
27 0.253188
28 0.247115
29 0.23085
"[DEBUG]index 75 centroid... "
0 0.220537
1 0.203148
2 0.208366
3 0.221204
4 0.230228
5 0.249264
6 0.238126
7 0.222782
8 0.194563
9 0.195856
10 0.245421
11 0.217955
12 0.194812
13 0.221467
14 0.223639
15 0.205473
16 0.228693
17 0.176058
18 0.202352
19 0.228148
20 0.173794
21 0.190649
22 0.234976
23 0.214825
24 0.153421
25 0.187017
26 0.207568
27 0.20301
28 0.181139
29 0.222049
"[DEBUG]index 76 centroid... "
0 0.254778
1 0.251056
2 0.235947
3 0.244876
4 0.206006
5 0.200856
6 0.2554
7 0.23034
8 0.174224
9 0.201477
10 0.194484
11 0.206388
12 0.194563
13 0.225214
14 0.223494
15 0.182839
16 0.195185
17 0.23362
18 0.247157
19 0.223273
20 0.230659
21 0.207023
22 0.210197
23 0.23373
24 0.285314
25 0.306051
26 0.293999
27 0.3039
28 0.263405
29 0.247383
"[DEBUG]index 77 centroid... "
0 0.216711
1 0.194071
2 0.211155
3 0.220662
4 0.226539
5 0.20086
6 0.243644
7 0.214904
8 0.148553
9 0.230756
10 0.244125
11 0.180228
12 0.227581
13 0.226881
14 0.145265
15 0.198575
16 0.198556
17 0.159687
18 0.214744
19 0.165918
20 0.196034
21 0.219986
22 0.168403
23 0.205528
24 0.211267
25 0.190368
26 0.198483
27 0.194451
28 0.212594
29 0.217395
"[DEBUG]index 78 centroid... "
0 0.208841
1 0.199171
2 0.19289
3 0.196095
4 0.212885
5 0.176622
6 0.197573
7 0.210422
8 0.167947
9 0.200001
10 0.197728
11 0.203993
12 0.180298
13 0.136984
14 0.175877
15 0.183399
16 0.177522
17 0.176925
18 0.193882
19 0.197697
20 0.196383
21 0.204144
22 0.227695
23 0.221928
24 0.226709
25 0.233412
26 0.22403
27 0.230429
28 0.235772
29 0.225748
"[DEBUG]index 79 centroid... "
0 0.163258
1 0.197365
2 0.157186
3 0.201961
4 0.18032
5 0.169261
6 0.209
7 0.171839
8 0.142952
9 0.19369
10 0.213098
11 0.17412
12 0.235046
13 0.216373
14 0.188319
15 0.204044
16 0.197959
17 0.177688
18 0.119822
19 0.219009
20 0.213752
21 0.146275
22 0.171514
23 0.210857
24 0.154661
25 0.170727
26 0.183998
27 0.162617
28 0.16971
29 0.216587
"[DEBUG]index 80 centroid... "
0 0.19458
1 0.206094
2 0.195347
3 0.216478
4 0.191864
5 0.178056
6 0.203349
7 0.195265
8 0.13361
9 0.196615
10 0.218564
11 0.224814
12 0.202487
13 0.172952
14 0.205415
15 0.199849
16 0.225778
17 0.214482
18 0.200522
19 0.23246
20 0.222171
21 0.232655
22 0.225976
23 0.223438
24 0.220643
25 0.207623
26 0.197298
27 0.224292
28 0.213982
29 0.211961
"[DEBUG]index 81 centroid... "
0 0.217806
1 0.220511
2 0.211068
3 0.237147
4 0.233606
5 0.194368
6 0.242305
7 0.20761
8 0.179208
9 0.208468
10 0.225051
11 0.231387
12 0.205533
13 0.185247
14 0.227902
15 0.233476
16 0.225693
17 0.188203
18 0.159948
19 0.203504
20 0.218747
21 0.200618
22 0.215674
23 0.199712
24 0.188637
25 0.208565
26 0.207308
27 0.234847
28 0.222755
29 0.223023
"[DEBUG]index 82 centroid... "
0 0.206769
1 0.214383
2 0.209562
3 0.250948
4 0.240944
5 0.169741
6 0.215498
7 0.176591
8 0.104849
9 0.157554
10 0.198733
11 0.187018
12 0.207448
13 0.21373
14 0.20616
15 0.198582
16 0.253415
17 0.246933
18 0.171687
19 0.208068
20 0.252843
21 0.169816
22 0.214607
23 0.227582
24 0.202746
25 0.224395
26 0.245042
27 0.220623
28 0.229645
29 0.226307
"[DEBUG]index 83 centroid... "
0 0.206606
1 0.206546
2 0.219235
3 0.21903
4 0.229951
5 0.203667
6 0.233867
7 0.19663
8 0.143884
9 0.177475
10 0.199353
11 0.222115
12 0.215865
13 0.213253
14 0.245758
15 0.225916
16 0.195065
17 0.229686
18 0.255968
19 0.234805
20 0.233968
21 0.240793
22 0.234537
23 0.202916
24 0.218549
25 0.223732
26 0.203633
27 0.208521
28 0.208707
29 0.206551
"[DEBUG]index 84 centroid... "
0 0.176314
1 0.186409
2 0.22844
3 0.232121
4 0.236893
5 0.18763
6 0.212277
7 0.197332
8 0.10024
9 0.16915
10 0.158392
11 0.214853
12 0.228928
13 0.175889
14 0.210945
15 0.194893
16 0.184851
17 0.248025
18 0.252486
19 0.253852
20 0.276578
21 0.276563
22 0.266931
23 0.231793
24 0.2258
25 0.244409
26 0.236992
27 0.258433
28 0.223137
29 0.206774
"[DEBUG]index 85 centroid... "
0 0.187087
1 0.223561
2 0.200762
3 0.192128
4 0.217301
5 0.210085
6 0.243667
7 0.242615
8 0.216042
9 0.129684
10 0.220736
11 0.214886
12 0.222583
13 0.219115
14 0.160614
15 0.198064
16 0.245375
17 0.187839
18 0.203848
19 0.225546
20 0.199552
21 0.203577
22 0.211676
23 0.237686
24 0.211046
25 0.201996
26 0.212271
27 0.214598
28 0.225638
29 0.171859
"[DEBUG]index 86 centroid... "
0 0.171753
1 0.17936
2 0.190104
3 0.196294
4 0.194697
5 0.169382
6 0.175962
7 0.170927
8 0.121434
9 0.164966
10 0.205847
11 0.19299
12 0.202349
13 0.188508
14 0.195891
15 0.211237
16 0.229175
17 0.236775
18 0.243116
19 0.224472
20 0.223906
21 0.233216
22 0.214786
23 0.216426
24 0.227195
25 0.204478
26 0.205351
27 0.199797
28 0.189021
29 0.188524
"[DEBUG]index 87 centroid... "
0 0.213421
1 0.21108
2 0.191759
3 0.183789
4 0.227741
5 0.175159
6 0.218528
7 0.25178
8 0.198566
9 0.208551
10 0.249268
11 0.18296
12 0.168859
13 0.225734
14 0.229789
15 0.217965
16 0.189198
17 0.20229
18 0.198419
19 0.265283
20 0.25074
21 0.199716
22 0.227926
23 0.250613
24 0.220655
25 0.225921
26 0.24127
27 0.252689
28 0.232497
29 0.205197
"[DEBUG]index 88 centroid... "
0 0.197479
1 0.224157
2 0.221691
3 0.214565
4 0.228597
5 0.209634
6 0.239051
7 0.219611
8 0.127686
9 0.113276
10 0.133319
11 0.220541
12 0.232921
13 0.208417
14 0.222926
15 0.216591
16 0.194462
17 0.176052
18 0.202263
19 0.209008
20 0.229865
21 0.246519
22 0.212292
23 0.222136
24 0.232244
25 0.222754
26 0.222427
27 0.20318
28 0.210036
29 0.21839
"[DEBUG]index 89 centroid... "
0 0.169722
1 0.182975
2 0.161851
3 0.172237
4 0.183459
5 0.16829
6 0.198398
7 0.217471
8 0.114953
9 0.123336
10 0.213863
11 0.186059
12 0.163881
13 0.150564
14 0.161913
15 0.166951
16 0.161222
17 0.21662
18 0.248131
19 0.183688
20 0.23571
21 0.234315
22 0.234442
23 0.224315
24 0.220982
25 0.22298
26 0.207798
27 0.202437
28 0.21445
29 0.196764
"[DEBUG]index 90 centroid... "
0 0.210361
1 0.18607
2 0.222239
3 0.221606
4 0.213436
5 0.203115
6 0.226136
7 0.206281
8 0.138098
9 0.108409
10 0.116749
11 0.117487
12 0.135275
13 0.140819
14 0.155452
15 0.231496
16 0.19894
17 0.2012
18 0.200653
19 0.228027
20 0.197716
21 0.202788
22 0.225934
23 0.214841
24 0.203927
25 0.223802
26 0.23591
27 0.200126
28 0.208746
29 0.220818
"[DEBUG]index 91 centroid... "
0 0.200265
1 0.194498
2 0.193474
3 0.189513
4 0.212329
5 0.179824
6 0.209123
7 0.203424
8 0.144288
9 0.204719
10 0.20376
11 0.217832
12 0.212126
13 0.206949
14 0.169529
15 0.108878
16 0.1145
17 0.0956349
18 0.10607
19 0.114734
20 0.178139
21 0.197701
22 0.200188
23 0.214486
24 0.209385
25 0.193427
26 0.171896
27 0.184998
28 0.219988
29 0.208469
"[DEBUG]index 92 centroid... "
0 0.208189
1 0.21304
2 0.219544
3 0.205758
4 0.206136
5 0.17889
6 0.189161
7 0.197963
8 0.149296
9 0.190952
10 0.212485
11 0.184056
12 0.240792
13 0.187455
14 0.122986
15 0.124954
16 0.102445
17 0.166933
18 0.198171
19 0.207993
20 0.19627
21 0.198138
22 0.188782
23 0.194797
24 0.197275
25 0.210101
26 0.215286
27 0.220509
28 0.223051
29 0.227316
"[DEBUG]index 93 centroid... "
0 0.222052
1 0.209618
2 0.197377
3 0.210597
4 0.206581
5 0.192037
6 0.251932
7 0.230605
8 0.185618
9 0.241009
10 0.246819
11 0.180536
12 0.190443
13 0.228613
14 0.163354
15 0.147744
16 0.249322
17 0.221645
18 0.189504
19 0.177996
20 0.197181
21 0.191651
22 0.184002
23 0.207421
24 0.208018
25 0.21085
26 0.230365
27 0.224183
28 0.220684
29 0.226216
"[DEBUG]index 94 centroid... "
0 0.207786
1 0.209894
2 0.206916
3 0.235572
4 0.218856
5 0.216977
6 0.222284
7 0.191661
8 0.106891
9 0.178929
10 0.187182
11 0.190532
12 0.249405
13 0.161568
14 0.167315
15 0.238236
16 0.221527
17 0.180272
18 0.185582
19 0.228209
20 0.253396
21 0.273303
22 0.282625
23 0.281654
24 0.274266
25 0.275726
26 0.281164
27 0.262799
28 0.249356
29 0.263585
"[DEBUG]index 95 centroid... "
0 0.179035
1 0.170501
2 0.203077
3 0.183744
4 0.217375
5 0.210448
6 0.216456
7 0.175
8 0.110117
9 0.113498
10 0.159707
11 0.236401
12 0.236371
13 0.184593
14 0.212043
15 0.181553
16 0.147819
17 0.202116
18 0.175205
19 0.17466
20 0.205574
21 0.218008
22 0.191484
23 0.192871
24 0.183425
25 0.188954
26 0.204527
27 0.203766
28 0.210997
29 0.210836
"[DEBUG]index 96 centroid... "
0 0.213534
1 0.208604
2 0.20782
3 0.230753
4 0.226198
5 0.197147
6 0.241653
7 0.23631
8 0.159095
9 0.178784
10 0.223802
11 0.220422
12 0.203599
13 0.230981
14 0.238163
15 0.196564
16 0.215961
17 0.23939
18 0.199897
19 0.163577
20 0.251442
21 0.23836
22 0.170223
23 0.209404
24 0.224284
25 0.210503
26 0.214172
27 0.209372
28 0.211152
29 0.219178
"[DEBUG]index 97 centroid... "
0 0.202912
1 0.157719
2 0.18936
3 0.187932
4 0.189159
5 0.18912
6 0.210741
7 0.202974
8 0.142849
9 0.216074
10 0.201098
11 0.165849
12 0.17265
13 0.150253
14 0.160566
15 0.176583
16 0.178076
17 0.191629
18 0.17554
19 0.155371
20 0.191736
21 0.160126
22 0.182937
23 0.226878
24 0.195184
25 0.190702
26 0.184095
27 0.177566
28 0.166984
29 0.1947
"[DEBUG]index 98 centroid... "
0 0.277033
1 0.263876
2 0.237751
3 0.274792
4 0.235582
5 0.214495
6 0.279008
7 0.251283
8 0.153088
9 0.228744
10 0.239212
11 0.196736
12 0.198159
13 0.272102
14 0.200293
15 0.192982
16 0.221952
17 0.172372
18 0.190533
19 0.263556
20 0.219049
21 0.227543
22 0.239826
23 0.190466
24 0.198734
25 0.246065
26 0.223769
27 0.250484
28 0.281743
29 0.253288
"[DEBUG]index 99 centroid... "
0 0.207308
1 0.198171
2 0.195968
3 0.22057
4 0.217281
5 0.193997
6 0.221895
7 0.221588
8 0.157419
9 0.17573
10 0.193329
11 0.188194
12 0.20014
13 0.217686
14 0.222436
15 0.180374
16 0.226122
17 0.189262
18 0.142986
19 0.222055
20 0.221127
21 0.191114
22 0.20922
23 0.214226
24 0.20233
25 0.197183
26 0.1959
27 0.196235
28 0.207909
29 0.215268
