correlation level (red against blue): 
-0.426092
-0.218454
-0.206807
-0.207889
-0.639924
-0.630438
-0.638853
-0.370624
-0.596295
-0.6613
-0.689591
-0.655206
-0.775011
-0.443415
-0.491791
-0.742764
-0.76308
-0.660301
-0.676402
-0.509929
-0.495231
-0.772328
-0.729831
-0.656437
-0.670546
-0.670315
-0.512763
-0.477008
-0.696799
-0.656297
-0.578126
-0.526179
-0.506872
-0.729665
-0.758724
-0.530796
-0.667706
-0.785455
-0.703513
-0.795457
-0.56551
-0.609497
-0.694501
-0.778437
-0.52679
-0.697705
-0.679212
-0.544986
-0.851372
-0.548085
-0.773278
-0.657396
-0.777596
-0.101578
-0.248634
-0.236781
-0.657229
-0.505703
-0.780229
-0.665829
-0.660179
-0.673711
-0.511313
-0.624341
-0.500414
-0.607998
-0.517859
-0.408632
-0.425215
-0.638205
-0.570917
-0.735592
-0.491626
-0.55053
-0.580178
-0.368999
-0.494894
-0.702332
-0.688485
-0.508988
-0.825724
-0.680345
-0.630565
-0.628731
-0.757598
-0.531127
-0.637962
-0.362583
-0.697477
-0.674351
-0.460642
-0.427772
-0.757305
-0.567461
-0.696775
-0.677329
-0.676433
-0.55423
-0.675984
-0.758998
