"[DEBUG]index 0 centroid... "
0 0.948905
1 1.90511
2 1.38686
3 1.28467
4 1.59124
5 1.22628
6 1.81022
7 1.61314
8 2.64964
9 2.9781
10 4.44526
11 5.35037
12 8.15329
13 7.60584
14 12.9051
15 13.1752
16 8.9781
17 7.23358
18 6.48175
19 4.26277
20 3.45985
21 2.62044
22 2.76642
23 1.52555
24 1.83942
25 1.59124
26 1.9854
27 1.75912
28 1.84672
29 1.18248
"[DEBUG]index 1 centroid... "
0 6.22069
1 5.98621
2 6.53793
3 5.4
4 4.38621
5 5.31724
6 5.11034
7 2.7931
8 9.42069
9 3.91034
10 2.97241
11 1.62759
12 1.65517
13 0.82069
14 0.613793
15 0.344828
16 0.482759
17 0.648276
18 0.627586
19 1.23448
20 2.02759
21 2.08966
22 3.28276
23 3.28276
24 3.96552
25 3.23448
26 4.16552
27 3.75862
28 3.64138
29 5.05517
"[DEBUG]index 2 centroid... "
0 2.65396
1 2.57967
2 2.38025
3 2.02933
4 2.31965
5 2.43793
6 2.32063
7 1.81427
8 9.5523
9 3.30303
10 2.02053
11 1.0782
12 0.652004
13 0.645161
14 1.15836
15 2.0479
16 4.75269
17 6.21701
18 17.2366
19 6.55914
20 4.58553
21 2.02737
22 1.29228
23 2.47801
24 2.51222
25 2.73118
26 2.47801
27 3.4868
28 2.57771
29 2.69306
"[DEBUG]index 3 centroid... "
0 4.75
1 4.79545
2 5.13636
3 3.80682
4 4.80682
5 4.19318
6 4.54545
7 3.19318
8 14.2045
9 3.375
10 3.05682
11 1.73864
12 1.46591
13 3.55682
14 8.52273
15 6.89773
16 8.82955
17 2.39773
18 1.46591
19 0.613636
20 0.329545
21 0.534091
22 0.75
23 3.22727
24 4.10227
25 3.625
26 4.04545
27 4.59091
28 3.84091
29 3.57955
"[DEBUG]index 4 centroid... "
0 3.0643
1 3.08831
2 2.62008
3 2.49225
4 2.87122
5 3.28971
6 3.20178
7 1.43608
8 21.2116
9 3.78347
10 2.98979
11 1.56694
12 3.56354
13 1.94705
14 6.67587
15 8.41717
16 2.14977
17 1.35987
18 3.55371
19 2.54009
20 3.78725
21 25.594
22 5.38162
23 3.42606
24 3.80806
25 3.68135
26 3.18835
27 3.06051
28 2.95859
29 3.20537
"[DEBUG]index 5 centroid... "
0 3.63514
1 3.7571
2 3.4484
3 3.41316
4 3.74756
5 3.27961
6 3.18084
7 1.77529
8 21.576
9 5.22619
10 3.40691
11 5.15981
12 24.9403
13 2.97318
14 2.64071
15 2.005
16 1.98409
17 2.50887
18 4.18015
19 23.3699
20 5.06399
21 2.97965
22 3.71914
23 3.74096
24 3.06251
25 2.87395
26 3.01353
27 3.51034
28 3.08411
29 3.37781
"[DEBUG]index 6 centroid... "
0 2.95813
1 2.7029
2 2.93987
3 2.40067
4 2.69376
5 2.71871
6 2.2363
7 1.98062
8 17.5568
9 2.62984
10 13.8261
11 15.5298
12 4.6931
13 2.66169
14 1.26682
15 2.14343
16 5.3216
17 5.2265
18 2.27617
19 1.14053
20 2.18708
21 5.7882
22 1.59421
23 2.20156
24 2.33831
25 2.31737
26 2.1882
27 2.1853
28 2.10379
29 2.09399
"[DEBUG]index 7 centroid... "
0 3.05134
1 3.57366
2 3.32143
3 3.17857
4 3.60045
5 3.58036
6 2.90625
7 2.09152
8 14.1696
9 2.94196
10 7.04241
11 3.88393
12 13.8415
13 11.7768
14 4.24777
15 2.11607
16 1.24107
17 0.589286
18 0.607143
19 1.27455
20 0.879464
21 1.79911
22 6.4442
23 2.36161
24 2.77455
25 2.6317
26 2.38393
27 2.66071
28 2.8192
29 2.6183
"[DEBUG]index 8 centroid... "
0 3.94641
1 3.95415
2 3.82528
3 3.32046
4 4.54606
5 4.30229
6 3.7537
7 2.21549
8 39.3713
9 4.53924
10 3.29523
11 3.69402
12 3.32879
13 10.6494
14 2.28617
15 13.2918
16 2.36294
17 14.2446
18 2.82349
19 2.65786
20 11.1207
21 2.96703
22 1.37358
23 4.15923
24 3.94469
25 3.36948
26 3.61572
27 3.52913
28 3.55165
29 3.32481
"[DEBUG]index 9 centroid... "
0 4.90635
1 4.60372
2 4.38579
3 3.88415
4 4.28063
5 4.42198
6 3.87993
7 2.6765
8 33.8756
9 4.65584
10 9.5294
11 12.0816
12 4.10927
13 1.43503
14 2.56486
15 14.2443
16 2.78012
17 1.49568
18 2.78526
19 13.5749
20 2.69151
21 1.46834
22 3.41776
23 4.51326
24 3.78248
25 3.72687
26 3.8051
27 3.90584
28 3.65337
29 3.47512
"[DEBUG]index 10 centroid... "
0 3.82416
1 4.09765
2 3.82181
3 3.56527
4 4.32785
5 4.51695
6 3.86393
7 2.26091
8 30.6676
9 5.63188
10 4.02064
11 1.80101
12 2.84497
13 13.7337
14 2.98154
15 1.4807
16 3.00738
17 11.8628
18 11.0319
19 3.02919
20 1.83423
21 2.79396
22 14.6003
23 3.00805
24 3.7245
25 4.29966
26 4.44211
27 3.87232
28 3.84581
29 3.59513
"[DEBUG]index 11 centroid... "
0 2.37128
1 2.4313
2 2.29213
3 1.90663
4 1.994
5 2.29257
6 2.89329
7 1.95576
8 11.5938
9 2.61694
10 12.0929
11 4.30013
12 2.13673
13 2.66341
14 1.23321
15 1.97643
16 6.17008
17 2.37105
18 5.01534
19 6.89017
20 27.4993
21 6.85193
22 5.74678
23 2.6434
24 2.9193
25 2.3924
26 2.3406
27 2.53179
28 2.75345
29 2.7341
"[DEBUG]index 12 centroid... "
0 3.60248
1 3.65628
2 3.34459
3 3.20572
4 4.48561
5 3.75508
6 3.89951
7 2.36573
8 27.4205
9 4.47102
10 3.08228
11 2.99133
12 10.1717
13 2.87654
14 3.04353
15 4.70983
16 32.4717
17 4.84513
18 2.90951
19 9.29652
20 3.72976
21 2.40566
22 8.22538
23 3.21178
24 3.56207
25 3.48801
26 3.54929
27 3.31529
28 3.23279
29 3.068
"[DEBUG]index 13 centroid... "
0 3.35302
1 3.35958
2 3.29921
3 2.99694
4 3.25634
5 2.78653
6 3.54112
7 2.05556
8 17.979
9 2.50481
10 19.0009
11 2.465
12 19.9821
13 3.63954
14 6.67104
15 2.13036
16 2.38364
17 4.52756
18 5.89414
19 1.92782
20 1.21916
21 0.774716
22 1.16579
23 2.40726
24 1.94357
25 2.23885
26 2.35433
27 2.03193
28 2.2371
29 2.03062
"[DEBUG]index 14 centroid... "
0 3.90352
1 4.06292
2 3.70302
3 3.47819
4 4.1703
5 4.07886
6 4.67534
7 2.11409
8 20.2164
9 3.99245
10 3.42198
11 1.39262
12 0.684564
13 1.7047
14 1.35403
15 2.44379
16 12.8985
17 3.11493
18 1.44379
19 1.67534
20 3.68289
21 1.85319
22 11.406
23 2.76007
24 4.4203
25 3.91191
26 4.7349
27 3.52349
28 4.05621
29 3.16946
"[DEBUG]index 15 centroid... "
0 1.94724
1 2.1039
2 2.05175
3 1.93511
4 1.78169
5 2.56115
6 2.66182
7 1.74651
8 8.08369
9 22.2236
10 6.63412
11 4.73155
12 1.97776
13 3.57206
14 12.3778
15 3.10754
16 1.41298
17 4.27795
18 1.78937
19 4.33738
20 1.54215
21 3.94623
22 3.61937
23 1.81059
24 2.01536
25 1.87103
26 1.91227
27 1.81908
28 1.85385
29 1.54781
"[DEBUG]index 16 centroid... "
0 3.88843
1 3.87199
2 3.65023
3 3.34747
4 4.36768
5 4.09064
6 3.73359
7 1.95847
8 35.3359
9 4.51183
10 3.13304
11 1.69484
12 1.7333
13 2.84129
14 3.67045
15 1.22109
16 3.63342
17 1.37516
18 2.53435
19 14.3939
20 1.91497
21 2.94558
22 1.30789
23 4.23867
24 3.2484
25 3.21098
26 3.3111
27 3.56918
28 3.48759
29 3.48136
"[DEBUG]index 17 centroid... "
0 3.71701
1 4.02821
2 3.74428
3 3.37446
4 3.53581
5 3.96785
6 3.4585
7 2.28474
8 27.1248
9 5.59327
10 2.60708
11 13.6476
12 3.10517
13 1.29124
14 1.69692
15 3.96494
16 1.2433
17 2.56518
18 12.8519
19 3.04005
20 2.59025
21 10.5249
22 10.5246
23 2.8368
24 3.86953
25 4.13012
26 3.64457
27 3.84875
28 3.83018
29 3.60801
"[DEBUG]index 18 centroid... "
0 3.30069
1 3.4443
2 3.15879
3 2.95342
4 3.18182
5 3.69086
6 3.52669
7 2.27841
8 21.9839
9 5.42472
10 2.79149
11 8.56459
12 3.07902
13 3.12769
14 7.89257
15 2.44954
16 4.18174
17 27.8771
18 6.06093
19 3.16784
20 5.98438
21 25.2644
22 4.8131
23 3.23535
24 3.85863
25 3.93832
26 3.59098
27 3.71748
28 3.48901
29 3.50299
"[DEBUG]index 19 centroid... "
0 2.74161
1 2.74161
2 2.41609
3 2.46219
4 2.52729
5 2.98585
6 2.95714
7 1.852
8 15.7149
9 3.84432
10 2.67853
11 1.68702
12 2.46907
13 3.16903
14 20.6688
15 4.1573
16 2.67408
17 5.34614
18 15.8848
19 14.9887
20 4.14759
21 2.25556
22 7.84675
23 2.87424
24 2.65629
25 3.11848
26 3.15123
27 3.08896
28 2.96806
29 2.93085
"[DEBUG]index 20 centroid... "
0 5.6066
1 5.45667
2 4.91334
3 4.59285
4 4.97799
5 5.45392
6 3.7978
7 2.4099
8 21.2338
9 7.72902
10 2.58047
11 4.18432
12 4.9436
13 1.31087
14 0.774415
15 1.46492
16 2.63411
17 13.8019
18 2.46905
19 3.30812
20 1.51719
21 0.861073
22 1.32737
23 4.51995
24 3.33838
25 4.12242
26 4.44704
27 3.96149
28 4.14305
29 3.51032
"[DEBUG]index 21 centroid... "
0 3.97476
1 4.04282
2 3.90385
3 3.40095
4 4.05129
5 4.27914
6 3.52639
7 2.21578
8 44.731
9 4.72137
10 2.80377
11 13.7638
12 3.51342
13 2.70463
14 3.49949
15 1.41584
16 2.85488
17 3.69861
18 1.34616
19 2.84557
20 10.8498
21 2.25508
22 2.90535
23 3.59081
24 3.53612
25 3.0283
26 3.25569
27 3.18896
28 3.22969
29 3.14429
"[DEBUG]index 22 centroid... "
0 6.05661
1 4.59671
2 4.05259
3 4.24915
4 4.59551
5 4.42068
6 3.91134
7 2.51417
8 29.7447
9 4.57409
10 2.9698
11 8.33057
12 10.1462
13 2.52988
14 4.90804
15 35.8487
16 4.12055
17 3.10404
18 2.70052
19 1.80359
20 2.62071
21 8.18852
22 2.10388
23 3.86318
24 3.38146
25 3.48969
26 3.09994
27 2.94597
28 2.9934
29 2.88178
"[DEBUG]index 23 centroid... "
0 3.43318
1 3.45499
2 3.20477
3 3.18122
4 3.66435
5 3.78566
6 3.3298
7 1.91425
8 24.2076
9 4.07674
10 3.01731
11 3.48313
12 8.03556
13 3.37936
14 28.5176
15 4.18747
16 3.08014
17 1.74567
18 2.49348
19 7.35154
20 2.1131
21 2.44669
22 1.35391
23 3.45957
24 2.85308
25 2.69904
26 2.70742
27 2.79262
28 2.74109
29 2.63155
"[DEBUG]index 24 centroid... "
0 4.15098
1 4.27119
2 4.16905
3 3.90482
4 4.23512
5 4.78852
6 4.3556
7 2.46692
8 40.5181
9 4.92269
10 2.84217
11 13.8373
12 3.02513
13 8.6058
14 2.5789
15 14.8165
16 2.4272
17 2.69697
18 11.1286
19 2.93972
20 1.46859
21 3.36321
22 3.01488
23 3.74581
24 3.45186
25 3.47086
26 3.45139
27 3.41431
28 3.45216
29 3.14599
"[DEBUG]index 25 centroid... "
0 4.44318
1 4.24653
2 4.05419
3 3.2563
4 4.21568
5 4.14314
6 3.51292
7 2.08526
8 40.336
9 3.8412
10 16.3383
11 2.59829
12 1.68081
13 1.42454
14 3.227
15 2.92926
16 1.23975
17 3.21574
18 3.41619
19 1.10222
20 2.81887
21 2.87802
22 1.07517
23 3.33592
24 3.12723
25 3.12313
26 2.97056
27 3.04632
28 3.03395
29 3.13198
"[DEBUG]index 26 centroid... "
0 6.19203
1 8.69243
2 5.00319
3 7.62789
4 4.53227
5 5.28845
6 3.95219
7 4.57131
8 26.0558
9 12.5243
10 3.36414
11 2.10837
12 5.45976
13 21.7434
14 2.52191
15 1.03347
16 0.871713
17 1.63108
18 3.58805
19 2.4008
20 18.1155
21 2.99124
22 13.792
23 4.44861
24 5.34502
25 4.61355
26 6.92271
27 4.08207
28 4.72271
29 12.3355
"[DEBUG]index 27 centroid... "
0 2.4818
1 2.51942
2 2.40264
3 2.11727
4 2.05302
5 2.46054
6 2.37479
7 1.98168
8 12.6531
9 3.20669
10 10.2822
11 11.2558
12 3.79013
13 2.02394
14 5.90936
15 2.1053
16 4.22258
17 5.6389
18 28.1864
19 6.93501
20 4.64525
21 2.11312
22 5.92817
23 2.05009
24 2.07012
25 2.21354
26 2.3936
27 2.36452
28 2.30638
29 2.10261
"[DEBUG]index 28 centroid... "
0 3.16321
1 3.40917
2 3.37298
3 3.02933
4 3.28075
5 3.39758
6 2.81986
7 2.13538
8 23.1753
9 4.50514
10 8.27692
11 7.49093
12 5.25444
13 29.2784
14 4.60444
15 1.98054
16 8.45161
17 2.23972
18 7.21149
19 2.34093
20 9.03226
21 1.95524
22 8.54476
23 2.63216
24 3.20161
25 2.84123
26 3.0256
27 2.77016
28 2.87198
29 2.58498
"[DEBUG]index 29 centroid... "
0 3.52772
1 3.2396
2 3.10358
3 2.92022
4 3.20955
5 4.06701
6 3.52692
7 3.18894
8 23.0968
9 2.85946
10 23.6415
11 4.40261
12 3.21287
13 3.41298
14 6.51017
15 3.09267
16 24.3059
17 4.57692
18 2.60311
19 5.95985
20 7.44156
21 2.08895
22 1.47055
23 3.02021
24 2.88685
25 2.70416
26 2.65098
27 2.9286
28 2.69685
29 2.73953
"[DEBUG]index 30 centroid... "
0 3.25027
1 3.371
2 3.19529
3 2.87867
4 3.47372
5 3.50562
6 3.31323
7 1.81051
8 25.9731
9 5.13366
10 2.87843
11 1.46562
12 3.83335
13 1.27311
14 3.06248
15 0.982356
16 2.93837
17 11.264
18 1.91903
19 10.0308
20 9.22465
21 1.81921
22 11.4669
23 2.97257
24 3.18248
25 3.5432
26 3.79577
27 3.29692
28 3.4603
29 3.50018
"[DEBUG]index 31 centroid... "
0 5.22191
1 4.84824
2 4.64881
3 4.26438
4 5.14086
5 4.60916
6 4.38818
7 2.17023
8 48.342
9 5.38347
10 4.21235
11 3.42681
12 20.1401
13 2.20744
14 1.58637
15 3.80619
16 3.63954
17 1.60318
18 3.5699
19 1.70909
20 3.77164
21 3.03443
22 1.62296
23 3.97774
24 3.7492
25 3.44561
26 3.43416
27 3.64044
28 3.43566
29 3.51471
"[DEBUG]index 32 centroid... "
0 2.32581
1 2.42607
2 1.97644
3 2.08221
4 1.94586
5 2.4802
6 2.73083
7 1.72381
8 14.7068
9 2.73283
10 1.89875
11 1.02707
12 1.19398
13 1.7203
14 3.20301
15 14.8135
16 11.818
17 3.75238
18 5.87018
19 1.7604
20 5.6015
21 5.15288
22 1.63158
23 2.40802
24 2.6817
25 2.30627
26 2.52281
27 2.21353
28 2.35388
29 2.14637
"[DEBUG]index 33 centroid... "
0 3.46638
1 3.29412
2 3.48538
3 2.8053
4 3.15396
5 3.13452
6 3.24205
7 1.85988
8 25.0538
9 2.81813
10 27.7754
11 4.14986
12 2.65372
13 3.27556
14 3.0436
15 1.25982
16 1.46078
17 1.24382
18 2.84203
19 6.76372
20 1.83788
21 7.15502
22 2.24928
23 2.95022
24 2.68776
25 2.76412
26 2.52709
27 2.65438
28 2.72448
29 2.60544
"[DEBUG]index 34 centroid... "
0 3.26452
1 3.34023
2 3.31321
3 3.30258
4 3.76127
5 4.11162
6 3.76242
7 2.17143
8 25.2507
9 3.99794
10 3.11269
11 2.09301
12 3.01293
13 4.60425
14 30.1346
15 4.28363
16 2.52311
17 9.3829
18 3.11525
19 1.45177
20 3.28281
21 2.489
22 7.80855
23 3.09053
24 3.47286
25 3.53876
26 3.41882
27 3.12686
28 3.07233
29 3.00601
"[DEBUG]index 35 centroid... "
0 3.03068
1 3.16861
2 2.95819
3 2.64336
4 2.93049
5 2.85175
6 2.9066
7 1.61037
8 21.4202
9 4.41868
10 6.78957
11 4.47746
12 24.2084
13 3.87225
14 2.2517
15 6.85542
16 2.27111
17 7.67201
18 2.13956
19 7.52892
20 4.08308
21 21.3746
22 4.97556
23 2.76093
24 3.37225
25 3.18395
26 2.70785
27 2.70961
28 2.98466
29 2.72061
"[DEBUG]index 36 centroid... "
0 3.764
1 3.43025
2 3.49944
3 3.07257
4 3.10271
5 3.83002
6 3.42562
7 2.08849
8 16.6065
9 19.4895
10 5.04345
11 2.28138
12 10.1885
13 2.07923
14 1.1579
15 1.22494
16 2.40079
17 2.32686
18 1.12314
19 3.02833
20 1.18826
21 1.95305
22 6.84176
23 1.99921
24 2.56716
25 2.59244
26 2.64447
27 2.42641
28 2.36885
29 2.59515
"[DEBUG]index 37 centroid... "
0 3.46577
1 3.61958
2 3.27679
3 3.07039
4 3.45513
5 3.73699
6 3.57194
7 2.07717
8 26.6821
9 4.56853
10 2.91651
11 3.08304
12 3.05297
13 2.89636
14 8.99557
15 2.55528
16 4.89182
17 28.4968
18 4.69974
19 2.85437
20 1.81817
21 3.14979
22 1.30776
23 3.22037
24 2.99481
25 3.08785
26 3.03821
27 3.06698
28 2.99417
29 2.69871
"[DEBUG]index 38 centroid... "
0 4.2762
1 4.11769
2 3.80014
3 3.61903
4 4.46266
5 4.47772
6 4.34272
7 2.41351
8 34.9948
9 4.75377
10 3.19115
11 1.99728
12 4.44967
13 1.35821
14 2.75446
15 16.1597
16 2.85276
17 2.71701
18 13.1135
19 3.59713
20 1.50358
21 2.94679
22 12.8095
23 3.02858
24 4.21605
25 4.33193
26 4.48119
27 3.88049
28 3.89256
29 3.67806
"[DEBUG]index 39 centroid... "
0 3.54686
1 3.54318
2 3.30454
3 3.05989
4 3.52515
5 3.5709
6 3.33382
7 2.03993
8 27.9754
9 4.86214
10 3.11193
11 8.63167
12 2.73538
13 7.83786
14 2.15167
15 8.92506
16 8.50551
17 3.08068
18 4.87343
19 33.0737
20 4.5419
21 2.85718
22 3.56953
23 3.90211
24 3.12129
25 3.21469
26 3.17402
27 3.36966
28 3.20262
29 2.99362
"[DEBUG]index 40 centroid... "
0 6.62277
1 6.18415
2 6.42578
3 6.46429
4 5.74665
5 6.06752
6 5.23103
7 3.30413
8 21.0229
9 7.32366
10 2.56641
11 13.4018
12 3.60045
13 3.23884
14 4.024
15 1.49107
16 0.679129
17 1.34821
18 1.24944
19 3.35491
20 0.99442
21 0.689174
22 1.20089
23 3.74833
24 3.09766
25 3.20312
26 3.08817
27 3.3817
28 3.33315
29 3.47935
"[DEBUG]index 41 centroid... "
0 2.46387
1 2.82705
2 2.60709
3 2.57166
4 2.36617
5 2.78653
6 2.7003
7 1.95479
8 8.18912
9 19.8725
10 3.51088
11 20.8829
12 7.07545
13 3.43393
14 4.27515
15 4.0518
16 1.84271
17 1.25948
18 1.81737
19 1.77066
20 3.10279
21 1.68343
22 0.950299
23 1.80359
24 1.77984
25 1.56597
26 1.64561
27 1.67695
28 1.6511
29 1.58932
"[DEBUG]index 42 centroid... "
0 3.73058
1 4.09334
2 3.16411
3 3.09048
4 3.16243
5 3.8
6 3.54507
7 2.11997
8 17.951
9 21.616
10 4.7235
11 2.45678
12 9.41752
13 1.98298
14 2.69553
15 1.45324
16 2.31238
17 8.46318
18 8.29638
19 1.74153
20 8.91828
21 2.77304
22 1.16108
23 3.12401
24 2.92233
25 2.52249
26 2.68441
27 2.94153
28 2.615
29 2.68559
"[DEBUG]index 43 centroid... "
0 4.3806
1 4.32472
2 4.19351
3 3.86386
4 5.0305
5 4.69444
6 4.49079
7 2.49935
8 32.9156
9 4.40841
10 3.13111
11 4.37177
12 1.56379
13 2.88962
14 15.5722
15 2.67445
16 1.59513
17 1.81784
18 1.65073
19 4.26409
20 1.23554
21 2.57597
22 11.7403
23 3.31551
24 3.93175
25 4.10973
26 4.12442
27 3.56863
28 3.70448
29 3.60368
"[DEBUG]index 44 centroid... "
0 3.32738
1 3.47587
2 3.24697
3 2.74329
4 3.26773
5 3.31604
6 3.00953
7 1.79562
8 30.9817
9 3.84666
10 10.9558
11 2.80381
12 1.53716
13 3.43549
14 1.32583
15 2.86098
16 1.95133
17 13.0423
18 1.97965
19 10.548
20 1.88488
21 10.8186
22 2.1195
23 3.37553
24 3.07257
25 3.36374
26 2.95735
27 3.23533
28 3.12665
29 3.28257
"[DEBUG]index 45 centroid... "
0 3.37358
1 3.47225
2 3.40036
3 2.87312
4 3.54658
5 3.48326
6 2.99224
7 1.8673
8 32.242
9 3.59601
10 12.0236
11 2.68879
12 2.87599
13 10.3275
14 1.7772
15 9.10474
16 2.56128
17 3.061
18 1.35794
19 2.67365
20 10.3387
21 1.78171
22 10.6782
23 3.0381
24 3.73359
25 3.28574
26 3.30357
27 3.01552
28 3.10042
29 3.0448
"[DEBUG]index 46 centroid... "
0 4.09488
1 4.10111
2 3.9559
3 3.60172
4 4.6506
5 4.31746
6 3.9234
7 1.91727
8 42.7883
9 5.40888
10 3.83654
11 3.71308
12 14.4818
13 1.82107
14 13.7301
15 3.13806
16 1.67311
17 3.64353
18 12.0028
19 2.7839
20 2.85695
21 11.4332
22 2.93699
23 3.89807
24 3.97763
25 3.87787
26 3.61028
27 3.72196
28 3.7019
29 3.65129
"[DEBUG]index 47 centroid... "
0 3.81271
1 3.89751
2 3.6685
3 3.26219
4 3.76532
5 4.09149
6 3.58992
7 2.29716
8 35.371
9 4.74552
10 2.76185
11 10.8625
12 3.52331
13 1.41325
14 3.51301
15 2.61762
16 12.4128
17 2.27419
18 13.8204
19 2.15309
20 11.8167
21 2.48263
22 3.22857
23 3.48349
24 3.71603
25 3.23724
26 3.58416
27 3.47937
28 3.5361
29 3.26969
"[DEBUG]index 48 centroid... "
0 3.45184
1 3.55323
2 3.31862
3 2.9752
4 4.2028
5 3.86692
6 3.57337
7 1.98886
8 56.0497
9 3.62281
10 3.41886
11 3.32305
12 3.39282
13 8.16339
14 2.71206
15 2.43079
16 9.3215
17 2.98653
18 3.08915
19 3.20229
20 2.48661
21 8.02567
22 2.49118
23 3.23815
24 3.27706
25 3.25544
26 3.01013
27 3.05316
28 2.99592
29 2.92394
"[DEBUG]index 49 centroid... "
0 5.13868
1 4.68273
2 4.87061
3 4.62251
4 5.30661
5 4.88025
6 4.94838
7 2.48933
8 28.4549
9 4.52409
10 2.72987
11 1.60255
12 3.77908
13 1.91741
14 14.8699
15 1.93634
16 4.06607
17 1.54714
18 0.758775
19 1.20509
20 3.33001
21 2.70303
22 0.839642
23 4.23916
24 3.6373
25 3.38162
26 3.34859
27 3.82175
28 3.52822
29 3.52237
"[DEBUG]index 50 centroid... "
0 4.14851
1 4.13834
2 4.06782
3 3.71367
4 4.16051
5 4.48893
6 3.78051
7 2.13583
8 38.9799
9 5.43863
10 2.72176
11 11.5225
12 13.4371
13 2.01787
14 11.3897
15 3.08796
16 2.62058
17 11.6859
18 2.7931
19 3.52675
20 1.74441
21 2.90973
22 11.1557
23 3.05206
24 3.56309
25 3.79556
26 3.95357
27 3.48166
28 3.44998
29 3.33608
"[DEBUG]index 51 centroid... "
0 3.53549
1 3.44589
2 3.54657
3 3.01749
4 3.73646
5 3.62569
6 3.61343
7 1.99515
8 33.6136
9 3.48651
10 12.7058
11 3.01823
12 1.6919
13 2.80332
14 11.9126
15 2.02226
16 3.30897
17 2.54155
18 13.3071
19 2.09315
20 10.3493
21 2.01494
22 11.636
23 2.82419
24 3.70883
25 3.35699
26 3.69415
27 3.15329
28 3.5202
29 3.19837
"[DEBUG]index 52 centroid... "
0 5.34334
1 5.47555
2 4.67648
3 4.31586
4 5.11664
5 5.40991
6 4.89356
7 3.05979
8 34.6909
9 5.91664
10 2.72269
11 15.5398
12 3.96686
13 1.44187
14 4.50439
15 3.1756
16 13.0052
17 3.1979
18 1.48092
19 4.53006
20 1.33524
21 3.70312
22 1.40878
23 4.46081
24 3.96086
25 3.94436
26 3.8162
27 4.02421
28 3.78043
29 3.66681
"[DEBUG]index 53 centroid... "
0 4.27656
1 3.3457
2 3.23946
3 3.1855
4 3.06408
5 3.73524
6 3.20236
7 1.68128
8 16.2917
9 4.06914
10 2.91231
11 1.2968
12 0.804384
13 0.563238
14 0.738617
15 2.58347
16 1.07083
17 1.34064
18 3.26307
19 4.62057
20 16.2816
21 5.90725
22 2.53794
23 4.20911
24 4.38954
25 3.92411
26 3.88027
27 3.94772
28 3.89713
29 3.49916
"[DEBUG]index 54 centroid... "
0 6.64151
1 7.02516
2 6.0283
3 6.77358
4 6.22642
5 5.77673
6 5.58491
7 2.96226
8 17.1384
9 6.0283
10 2.49371
11 11.8774
12 3.77044
13 1.7044
14 1.75157
15 6.01887
16 1.19182
17 1.79874
18 1.08176
19 0.537736
20 0.871069
21 1.43396
22 4.44025
23 3.61321
24 3.77673
25 3.85535
26 4.25472
27 3.67925
28 4.14465
29 4.13836
"[DEBUG]index 55 centroid... "
0 3.53879
1 3.69501
2 3.15515
3 2.96493
4 3.20723
5 3.55579
6 3.20404
7 1.71626
8 16.7779
9 4.98937
10 2.00213
11 7.83316
12 8.3475
13 1.84272
14 1.07014
15 3.00425
16 1.30818
17 0.589798
18 1.26886
19 2.54729
20 5.39639
21 17.6217
22 5.63868
23 3.14559
24 4.04145
25 3.90436
26 2.76939
27 3.22317
28 3.11371
29 3.3932
"[DEBUG]index 56 centroid... "
0 4.63021
1 4.46162
2 4.16287
3 4.01545
4 4.14361
5 4.83952
6 3.76762
7 2.66187
8 30.1318
9 5.60875
10 2.95032
11 13.0516
12 2.45971
13 12.6453
14 3.14351
15 2.54029
16 9.68504
17 13.3727
18 2.34366
19 1.55488
20 3.7372
21 1.19777
22 3.35282
23 3.46524
24 3.25842
25 3.53743
26 3.60685
27 3.40746
28 3.26309
29 3.20988
"[DEBUG]index 57 centroid... "
0 2.11242
1 2.32906
2 1.96304
3 1.89528
4 1.70021
5 2.34779
6 2.3306
7 1.73409
8 7.49564
9 19.6278
10 5.71484
11 3.84754
12 2.22998
13 1.14836
14 1.51668
15 2.88116
16 12.0518
17 2.62089
18 4.7346
19 1.79877
20 1.11448
21 1.577
22 3.85216
23 1.41196
24 2.05672
25 2.03414
26 1.98819
27 1.95252
28 1.66093
29 1.66735
"[DEBUG]index 58 centroid... "
0 3.94255
1 3.88476
2 3.46494
3 3.51217
4 4.17369
5 4.31548
6 4.12079
7 2.19247
8 28.6886
9 4.75886
10 3.35993
11 1.31126
12 3.45227
13 9.56484
14 2.12401
15 10.5527
16 12.1559
17 1.96989
18 14.0423
19 2.39138
20 3.18847
21 1.26792
22 3.14757
23 3.3656
24 3.75042
25 3.34348
26 3.66463
27 3.47016
28 3.41838
29 3.24569
"[DEBUG]index 59 centroid... "
0 3.56118
1 3.544
2 3.239
3 3.05049
4 3.55683
5 3.62522
6 3.41765
7 1.50536
8 28.2379
9 4.6808
10 3.49006
11 3.1613
12 11.8949
13 2.30758
14 8.01119
15 2.39436
16 10.5482
17 3.23207
18 3.39518
19 4.53245
20 31.3681
21 5.05484
22 3.23865
23 4.02133
24 4.30672
25 3.071
26 3.47859
27 3.24198
28 3.58646
29 2.89471
"[DEBUG]index 60 centroid... "
0 3.11273
1 2.88398
2 3.1525
3 2.74024
4 2.99343
5 3.20759
6 3.11237
7 2.16089
8 14.4371
9 3.08209
10 16.004
11 4.28055
12 4.26195
13 15.9507
14 3.54141
15 16.0708
16 3.86793
17 5.58373
18 2.46589
19 1.44765
20 1.13134
21 2.13134
22 4.96133
23 2.09996
24 2.24115
25 2.54615
26 2.29004
27 2.22911
28 2.15432
29 2.12039
"[DEBUG]index 61 centroid... "
0 2.86745
1 3.18772
2 2.83431
3 2.63633
4 2.94029
5 3.24003
6 3.11707
7 1.78301
8 17.9544
9 4.8947
10 3.16232
11 1.88696
12 3.17023
13 7.76283
14 2.43835
15 1.5423
16 3.47956
17 2.65299
18 4.65803
19 23.4126
20 3.03919
21 21.5399
22 5.52851
23 3.23431
24 3.4984
25 3.38251
26 3.12161
27 3.42321
28 3.31371
29 3.41833
"[DEBUG]index 62 centroid... "
0 4.38075
1 4.17956
2 3.77506
3 3.6586
4 4.52337
5 4.36594
6 4.18567
7 2.3875
8 31.7998
9 4.83939
10 3.0063
11 1.92872
12 4.84504
13 1.30375
14 2.64516
15 15.3133
16 2.38029
17 11.907
18 2.26279
19 13.7266
20 2.36075
21 1.60283
22 1.59569
23 4.56453
24 3.46657
25 4.02921
26 3.88341
27 4.12205
28 3.78499
29 3.58504
"[DEBUG]index 63 centroid... "
0 2.25261
1 2.15477
2 1.7923
3 1.81636
4 1.7482
5 2.06897
6 2.04892
7 1.67041
8 9.01203
9 3.65517
10 2.48757
11 2.26383
12 4.31596
13 4.64234
14 2.14916
15 3.48196
16 7.61828
17 18.0842
18 12.0882
19 12.8468
20 16.761
21 6.583
22 4.23176
23 2.55573
24 2.61508
25 2.52205
26 2.77225
27 3.02005
28 2.87731
29 2.36808
"[DEBUG]index 64 centroid... "
0 3.52162
1 3.57215
2 3.40683
3 2.96532
4 3.5352
5 3.48905
6 3.15862
7 2.0394
8 38.5908
9 4.00385
10 11.2284
11 2.55378
12 15.1272
13 2.42934
14 2.6394
15 9.51421
16 2.43588
17 9.1959
18 10.0267
19 2.40972
20 11.3104
21 2.334
22 10.643
23 3.17819
24 3.69083
25 3.77194
26 3.81134
27 3.26733
28 3.42413
29 3.16052
"[DEBUG]index 65 centroid... "
0 3.0322
1 2.94966
2 2.85286
3 2.63927
4 2.75717
5 2.85675
6 2.90265
7 1.83195
8 18.4568
9 2.4342
10 20.2634
11 3.50379
12 2.67833
13 1.36332
14 2.09143
15 7.65279
16 2.00111
17 1.07496
18 1.44512
19 1.21507
20 1.80992
21 5.3126
22 6.14362
23 2.04294
24 2.76846
25 2.71701
26 2.58319
27 2.335
28 2.39756
29 2.31131
"[DEBUG]index 66 centroid... "
0 3.51515
1 3.39238
2 3.62752
3 2.98003
4 3.82201
5 3.40071
6 3.51785
7 1.95859
8 36.2117
9 3.67541
10 13.287
11 2.41351
12 14.1942
13 2.17653
14 10.7789
15 2.1382
16 11.3766
17 2.04535
18 11.165
19 10.201
20 2.37495
21 8.22287
22 11.075
23 2.87599
24 3.7206
25 3.59621
26 3.50366
27 3.43688
28 3.76841
29 3.2531
"[DEBUG]index 67 centroid... "
0 4.2358
1 3.75626
2 3.50275
3 3.66707
4 3.26145
5 3.64386
6 3.20892
7 2.37141
8 17.9737
9 5.89126
10 2.13012
11 10.8516
12 3.16188
13 1.17104
14 0.765425
15 1.30238
16 3.0617
17 2.96213
18 4.94746
19 19.6054
20 5.15944
21 3.38057
22 1.2975
23 4.55406
24 3.22847
25 3.21686
26 3.64203
27 4.13684
28 3.41478
29 3.55834
"[DEBUG]index 68 centroid... "
0 3.75755
1 3.86368
2 3.59945
3 3.49186
4 3.78891
5 3.55591
6 3.29695
7 1.86131
8 30.1713
9 5.29222
10 3.42505
11 5.25444
12 34.9512
13 3.74976
14 2.90199
15 3.05972
16 7.83282
17 6.93072
18 2.14478
19 7.71394
20 2.78015
21 3.08429
22 1.65671
23 3.54612
24 2.92813
25 2.87713
26 2.96947
27 3.10307
28 3.00173
29 2.819
"[DEBUG]index 69 centroid... "
0 2.65758
1 2.88817
2 2.88979
3 2.46808
4 2.54168
5 3.22855
6 3.37251
7 2.56527
8 16.6344
9 2.93615
10 17.34
11 4.86011
12 3.01139
13 5.96218
14 3.96991
15 17.6527
16 4.3172
17 4.31354
18 19.1269
19 4.96909
20 3.77471
21 19.0858
22 4.6218
23 2.7381
24 3.33469
25 3.23424
26 3.25173
27 3.03457
28 3.00935
29 2.72997
"[DEBUG]index 70 centroid... "
0 2.8921
1 2.81979
2 2.69389
3 2.56156
4 2.44919
5 3.12018
6 2.95436
7 1.90745
8 14.8396
9 18.2561
10 5.16318
11 2.30221
12 2.05486
13 7.71985
14 1.48506
15 2.23088
16 1.02778
17 2.07761
18 5.85539
19 5.60288
20 1.8043
21 0.896147
22 2.08668
23 2.1368
24 1.99846
25 1.92755
26 2.14154
27 2.10609
28 2.14517
29 2.07635
"[DEBUG]index 71 centroid... "
0 3.91117
1 3.89685
2 3.6877
3 3.23232
4 4.30421
5 4.02967
6 3.88802
7 2.00128
8 40.5027
9 4.14317
10 3.03875
11 3.4141
12 4.49046
13 1.20854
14 3.58224
15 1.20859
16 3.38994
17 1.26438
18 3.79235
19 1.42711
20 3.17597
21 1.88027
22 14.2768
23 2.42091
24 3.62677
25 3.45048
26 3.89021
27 3.20898
28 3.34689
29 3.24686
"[DEBUG]index 72 centroid... "
0 4.6756
1 4.01175
2 4.27987
3 3.6154
4 4.51006
5 3.97059
6 4.00491
7 2.17184
8 31.8948
9 3.70931
10 13.6306
11 2.38567
12 14.9792
13 2.04046
14 10.6807
15 8.6316
16 3.02941
17 1.33131
18 3.20224
19 1.27073
20 3.08177
21 1.06657
22 2.96645
23 3.16569
24 3.22374
25 2.95178
26 3.16562
27 3.11763
28 3.02257
29 2.79169
"[DEBUG]index 73 centroid... "
0 2.87051
1 2.82676
2 3.0134
3 2.50329
4 2.81184
5 3.16085
6 2.86925
7 2.04527
8 16.6437
9 2.47547
10 18.0688
11 5.11609
12 2.84901
13 4.20739
14 19.8561
15 3.21219
16 2.49823
17 1.7997
18 2.5827
19 3.79919
20 15.829
21 4.18589
22 2.41401
23 3.25695
24 3.02276
25 2.66515
26 2.59206
27 2.54831
28 2.65023
29 2.50506
"[DEBUG]index 74 centroid... "
0 2.76932
1 2.77211
2 2.93989
3 2.62349
4 2.62549
5 2.76357
6 2.20202
7 1.9696
8 15.1261
9 3.1907
10 7.05244
11 26.0549
12 7.37826
13 3.50762
14 2.55196
15 1.403
16 1.1846
17 1.72707
18 4.34707
19 1.94398
20 1.2806
21 2.03014
22 4.07806
23 1.8107
24 1.89381
25 1.89137
26 2.0365
27 1.99625
28 1.96463
29 1.92194
"[DEBUG]index 75 centroid... "
0 4.57039
1 4.48112
2 4.1073
3 3.82275
4 4.39828
5 4.33004
6 4.10343
7 2.04893
8 23.0343
9 6.51202
10 2.72017
11 1.50429
12 5.11459
13 1.41245
14 0.787554
15 1.45751
16 2.27639
17 13.0275
18 2.78283
19 1.31459
20 3.27167
21 12.4627
22 2.33219
23 4.04506
24 4.2927
25 4.48884
26 4.25365
27 3.95794
28 3.96695
29 4.37639
"[DEBUG]index 76 centroid... "
0 2.90525
1 2.78196
2 2.65221
3 2.88965
4 3.27968
5 2.91857
6 3.02017
7 2.03615
8 11.4159
9 3.96233
10 1.89992
11 4.35198
12 13.7599
13 3.25457
14 7.22907
15 22.4201
16 7.25038
17 4.28957
18 2.40183
19 2.59589
20 1.19977
21 0.743531
22 1.20472
23 2.34551
24 2.1583
25 2.19977
26 2.25495
27 2.25342
28 2.23097
29 2.06279
"[DEBUG]index 77 centroid... "
0 3.58934
1 3.586
2 3.57845
3 3.4016
4 3.98333
5 4.34956
6 3.6591
7 2.5587
8 36.7029
9 5.14778
10 2.58482
11 13.6217
12 3.39058
13 2.33217
14 10.3496
15 10.885
16 2.39373
17 12.425
18 2.46092
19 11.8577
20 9.65831
21 2.26905
22 11.4251
23 3.7868
24 3.63613
25 3.81731
26 3.83614
27 3.65975
28 3.60778
29 3.30212
"[DEBUG]index 78 centroid... "
0 2.28092
1 2.40221
2 2.48351
3 2.45446
4 2.61024
5 2.57213
6 2.29027
7 1.61006
8 12.1607
9 3.97923
10 2.31015
11 4.71941
12 6.76842
13 29.1768
14 5.79488
15 3.87213
16 2.05959
17 5.39159
18 1.5367
19 2.01306
20 1.69652
21 4.22096
22 1.77378
23 2.15996
24 2.07448
25 1.98637
26 1.83412
27 1.9375
28 1.95033
29 1.85775
"[DEBUG]index 79 centroid... "
0 4.5921
1 4.099
2 4.0852
3 3.98477
4 4.15707
5 3.75059
6 4.02094
7 1.94479
8 25.1633
9 5.79343
10 2.79534
11 3.36364
12 0.964779
13 3.23798
14 1.08948
15 0.549738
16 1.06901
17 2.30033
18 13.3218
19 1.9386
20 3.307
21 2.96049
22 2.57449
23 3.54879
24 3.49119
25 3.64208
26 3.71252
27 3.92575
28 3.78058
29 3.55783
"[DEBUG]index 80 centroid... "
0 5.27111
1 5.12485
2 4.78286
3 4.34699
4 5.32134
5 5.14873
6 4.61905
7 2.45335
8 31.8864
9 5.81238
10 4.02939
11 1.69038
12 3.40426
13 14.7341
14 2.85963
15 3.26991
16 1.14955
17 4.24051
18 3.33464
19 1.2426
20 1.20815
21 2.99044
22 1.19712
23 4.1443
24 3.50174
25 3.6786
26 3.56249
27 3.61468
28 3.6321
29 3.5127
"[DEBUG]index 81 centroid... "
0 3.37461
1 3.61683
2 3.32343
3 3.2514
4 3.37881
5 3.6509
6 3.41957
7 2.16055
8 19.3097
9 5.42797
10 3.47962
11 3.06534
12 4.60501
13 22.0418
14 5.19104
15 2.92082
16 3.32467
17 5.27287
18 23.7181
19 4.64981
20 2.73584
21 3.51011
22 1.68451
23 3.36885
24 3.0767
25 2.81332
26 3.02178
27 3.04403
28 3.09848
29 2.85672
"[DEBUG]index 82 centroid... "
0 3.63995
1 3.71459
2 3.61304
3 3.03614
4 3.57867
5 3.92202
6 3.34708
7 2.39383
8 31.635
9 3.33098
10 13.0507
11 2.80456
12 1.46749
13 2.54154
14 11.0314
15 9.90375
16 2.59851
17 2.8519
18 10.7564
19 10.374
20 1.79965
21 3.28757
22 1.21666
23 3.93891
24 3.07228
25 3.28148
26 3.19053
27 3.56629
28 3.26498
29 3.08525
"[DEBUG]index 83 centroid... "
0 4.90783
1 4.73269
2 4.3732
3 3.78321
4 5.10195
5 4.62384
6 4.78272
7 2.27701
8 29.8211
9 5.07812
10 3.90454
11 1.54366
12 4.91317
13 1.70122
14 1.48197
15 2.77393
16 16.205
17 3.50012
18 1.68003
19 3.22558
20 14.2336
21 2.27676
22 1.50119
23 4.7529
24 4.73154
25 3.88984
26 4.25253
27 4.4395
28 4.50957
29 4.0911
"[DEBUG]index 84 centroid... "
0 6.04128
1 5.69718
2 5.49513
3 4.65333
4 5.6259
5 5.19333
6 4.97949
7 3.37718
8 23.9446
9 4.49077
10 13.9108
11 3.10231
12 1.63872
13 4.84
14 1.37231
15 1.24564
16 4.76051
17 1.01744
18 3.64051
19 1.35667
20 0.723077
21 1.43179
22 1.31282
23 3.53077
24 3.11359
25 3.37436
26 3.38949
27 3.49154
28 3.37872
29 3.59
"[DEBUG]index 85 centroid... "
0 1.92306
1 2.19278
2 1.91167
3 1.928
4 1.63615
5 2.30432
6 2.27917
7 1.52891
8 7.46572
9 18.4135
10 5.48506
11 4.16978
12 2.0331
13 0.929938
14 1.90845
15 0.752848
16 1.43284
17 4.51644
18 1.74361
19 1.69353
20 3.20546
21 9.7954
22 3.04341
23 1.66495
24 2.11133
25 1.93381
26 1.89147
27 1.8631
28 1.87234
29 1.64775
"[DEBUG]index 86 centroid... "
0 4.86982
1 4.59952
2 4.3356
3 4.00153
4 5.24655
5 4.76674
6 4.41134
7 2.36809
8 42.9122
9 4.69255
10 2.82805
11 1.63261
12 1.43329
13 2.65196
14 1.06717
15 3.49548
16 0.97835
17 3.58139
18 1.03001
19 2.99704
20 2.53147
21 0.883556
22 2.80921
23 3.16583
24 3.03709
25 3.21212
26 3.3532
27 3.3911
28 3.33725
29 3.4119
"[DEBUG]index 87 centroid... "
0 3.29818
1 3.34876
2 3.20764
3 3.2084
4 3.36646
5 3.32398
6 2.98887
7 1.74532
8 24.6568
9 4.77264
10 2.06196
11 10.2506
12 10.5258
13 8.7605
14 2.31942
15 1.06955
16 2.73293
17 2.68741
18 2.79944
19 1.0612
20 2.61912
21 9.14618
22 9.35862
23 2.609
24 3.32752
25 3.41705
26 3.05336
27 2.92514
28 2.85129
29 3.04274
"[DEBUG]index 88 centroid... "
0 3.9923
1 3.82563
2 3.82256
3 3.15662
4 3.5953
5 3.60287
6 3.81391
7 2.35753
8 27.7819
9 3.35811
10 30.5006
11 4.07687
12 3.06128
13 2.05429
14 3.8733
15 1.47932
16 3.12562
17 9.93471
18 2.2871
19 7.56659
20 3.05754
21 1.33248
22 3.22074
23 3.18852
24 2.80247
25 3.14094
26 3.15986
27 3.06326
28 3.16221
29 2.93931
"[DEBUG]index 89 centroid... "
0 3.26793
1 3.25553
2 2.88521
3 2.75495
4 2.69129
5 3.59312
6 3.56193
7 2.22894
8 15.9328
9 18.4966
10 4.30628
11 2.55056
12 1.32443
13 2.11901
14 6.86489
15 1.46747
16 6.95079
17 2.14419
18 1.06788
19 2.25591
20 2.16618
21 0.746644
22 1.88227
23 2.26141
24 2.28697
25 2.14419
26 2.15288
27 2.19545
28 2.14432
29 2.00499
"[DEBUG]index 90 centroid... "
0 4.15482
1 3.93904
2 3.73211
3 3.20422
4 3.98942
5 3.68576
6 3.63686
7 2.03134
8 34.0542
9 3.44437
10 13.4315
11 2.21529
12 14.3353
13 2.12767
14 11.8508
15 1.91081
16 9.17747
17 10.1224
18 2.59698
19 1.50862
20 3.03446
21 10.0031
22 2.25829
23 3.75509
24 3.70299
25 3.87693
26 3.38973
27 3.37578
28 3.31383
29 3.25944
"[DEBUG]index 91 centroid... "
0 3.27441
1 3.4584
2 3.04276
3 3.15838
4 3.49326
5 3.73131
6 3.41277
7 2.07626
8 29.0635
9 4.44096
10 3.1005
11 1.59948
12 3.08416
13 10.6917
14 1.93204
15 12.475
16 2.02547
17 13.8091
18 2.04072
19 12.3861
20 1.90467
21 9.583
22 9.0907
23 3.21953
24 3.65777
25 4.02016
26 3.62168
27 3.52499
28 3.28108
29 3.30532
"[DEBUG]index 92 centroid... "
0 3.15039
1 3.30981
2 3.08167
3 2.90289
4 3.25625
5 3.51244
6 3.64208
7 2.37625
8 21.0408
9 3.87015
10 2.7576
11 6.7148
12 2.83403
13 4.35233
14 25.2018
15 2.93983
16 24.2629
17 4.14894
18 7.47867
19 3.08402
20 3.07519
21 2.28582
22 6.22469
23 2.63244
24 3.19319
25 3.06293
26 3.08664
27 2.80964
28 2.85533
29 2.67985
"[DEBUG]index 93 centroid... "
0 3.33692
1 3.25317
2 3.31181
3 3.08527
4 3.17865
5 3.53786
6 3.2287
7 2.49936
8 20.508
9 4.39524
10 3.86082
11 24.7854
12 6.57019
13 2.42291
14 4.93374
15 24.3614
16 3.75028
17 2.45043
18 7.28814
19 2.44337
20 7.04372
21 2.27451
22 7.56819
23 2.85577
24 3.22926
25 2.95219
26 3.17103
27 2.92732
28 2.85015
29 2.66092
"[DEBUG]index 94 centroid... "
0 4.17126
1 3.9728
2 4.13858
3 3.85964
4 4.04014
5 4.20996
6 3.30251
7 2.26106
8 32.7258
9 4.04823
10 11.9719
11 11.5931
12 2.29018
13 9.26853
14 12.1088
15 1.97335
16 1.31333
17 3.17454
18 2.78881
19 1.15687
20 2.43951
21 2.59775
22 2.30943
23 2.83463
24 2.84601
25 2.74949
26 2.73866
27 2.59734
28 2.56624
29 2.61241
"[DEBUG]index 95 centroid... "
0 4.00909
1 3.9951
2 3.48959
3 3.07787
4 3.80873
5 3.73242
6 3.57967
7 2.26184
8 29.4793
9 3.75048
10 13.9551
11 2.37811
12 1.60299
13 3.35873
14 1.24605
15 2.56639
16 12.8108
17 2.01447
18 10.698
19 9.88002
20 2.56483
21 1.45191
22 3.50084
23 3.41268
24 3.35215
25 3.48445
26 3.74258
27 3.39043
28 3.47034
29 3.25132
"[DEBUG]index 96 centroid... "
0 4.17275
1 4.04351
2 4.01516
3 3.65331
4 4.36827
5 4.29066
6 3.71879
7 2.04507
8 40.4225
9 5.12523
10 3.69767
11 3.44334
12 14.944
13 7.81761
14 2.1643
15 13.3932
16 3.49733
17 1.5997
18 3.22089
19 14.0368
20 2.57613
21 2.76763
22 12.9205
23 3.85871
24 4.01356
25 4.14786
26 4.01753
27 3.83495
28 3.74671
29 3.639
"[DEBUG]index 97 centroid... "
0 3.70281
1 3.55185
2 3.77176
3 3.30028
4 3.67128
5 4.03513
6 3.0997
7 2.16112
8 31.5327
9 5.13876
10 2.90384
11 14.0899
12 2.52517
13 10.4997
14 2.67128
15 2.88922
16 1.55873
17 3.53939
18 2.51953
19 13.4776
20 2.06463
21 9.32741
22 11.1626
23 3.26042
24 3.56456
25 3.75203
26 3.48211
27 3.45176
28 3.4298
29 3.20838
"[DEBUG]index 98 centroid... "
0 3.04268
1 3.23748
2 3.04159
3 3.27852
4 3.15458
5 3.60821
6 3.31956
7 2.49767
8 18.62
9 4.6736
10 2.12394
11 7.25882
12 7.94391
13 1.74637
14 5.25581
15 24.1166
16 3.05171
17 17.6854
18 16.3067
19 4.42107
20 6.48673
21 3.45198
22 1.46019
23 3.42435
24 3.07907
25 3.08892
26 3.51436
27 3.37756
28 3.11956
29 2.78386
"[DEBUG]index 99 centroid... "
0 3.40737
1 3.62579
2 3.18436
3 3.09442
4 3.16016
5 3.24647
6 3.1128
7 1.83181
8 25.4071
9 5.09834
10 3.32711
11 2.88324
12 9.81949
13 2.41197
14 1.46661
15 3.6643
16 3.10521
17 4.63016
18 29.2919
19 4.78281
20 2.72488
21 8.64861
22 2.98316
23 2.95888
24 3.20647
25 3.24042
26 3.14335
27 3.35994
28 3.16561
29 3.07828
