"[DEBUG]index 0 centroid... "
0 0.501916
1 0.500513
2 0.36644
3 0.370696
4 0.362644
5 0.113565
6 0.186968
7 0.240702
8 0.0991047
9 0.230686
10 0.291723
11 0.142984
12 0.239335
13 0.28078
14 0.17056
15 0.0672199
16 0.207131
17 0.140827
18 0.242927
19 0.201372
20 0.232314
21 0.20889
22 0.237037
23 0.117974
24 0.223544
25 0.173518
26 0.330545
27 0.283058
28 0.247241
29 0.286728
"[DEBUG]index 1 centroid... "
0 0.147538
1 0.228882
2 0.140739
3 0.322395
4 0.258454
5 0.246134
6 0.128487
7 0.247891
8 0.119445
9 0.123311
10 0.153487
11 0.0948404
12 0.19542
13 0.212681
14 0.384109
15 0.211597
16 0.427403
17 0.353706
18 0.479387
19 0.398597
20 0.273101
21 0.201025
22 0.252151
23 0.117345
24 0.221109
25 0.281462
26 0.282815
27 0.132933
28 0.151941
29 0.11916
"[DEBUG]index 2 centroid... "
0 0.17146
1 0.117217
2 0.172292
3 0.166141
4 0.11885
5 0.149598
6 0.146785
7 0.165439
8 0.119623
9 0.156942
10 0.112691
11 0.142021
12 0.159665
13 0.168324
14 0.230726
15 0.146864
16 0.162709
17 0.155982
18 0.133414
19 0.146022
20 0.20633
21 0.154115
22 0.184947
23 0.142942
24 0.147251
25 0.141015
26 0.131844
27 0.135741
28 0.169146
29 0.151349
"[DEBUG]index 3 centroid... "
0 0.472051
1 0.0989743
2 0.241769
3 0.220179
4 0.20241
5 0.135385
6 0.327179
7 0.0611282
8 -0.00946156
9 0.124462
10 0.109795
11 0.000230759
12 0.114051
13 0.241872
14 0.507718
15 0.48
16 0.227718
17 0.093718
18 -0.0797179
19 -0.0173077
20 0.0986154
21 0.418641
22 0.385692
23 0.194308
24 0.332949
25 0.244205
26 0.349461
27 0.178974
28 0.260744
29 0.346256
"[DEBUG]index 4 centroid... "
0 0.107105
1 0.125047
2 0.152228
3 0.131658
4 0.163798
5 0.141939
6 0.149659
7 0.158252
8 0.0990288
9 0.122009
10 0.135807
11 0.133936
12 0.133734
13 0.159682
14 0.121466
15 0.136672
16 0.145807
17 0.152283
18 0.16436
19 0.190511
20 0.137131
21 0.106493
22 0.147322
23 0.15102
24 0.159376
25 0.142226
26 0.150865
27 0.137335
28 0.143908
29 0.149872
"[DEBUG]index 5 centroid... "
0 0.169053
1 0.160259
2 0.132216
3 0.157442
4 0.154817
5 0.160636
6 0.167143
7 0.185297
8 0.150497
9 0.122071
10 0.135946
11 0.143709
12 0.122193
13 0.193081
14 0.197291
15 0.180419
16 0.172795
17 0.164849
18 0.144059
19 0.0977236
20 0.155045
21 0.15945
22 0.157408
23 0.16219
24 0.16486
25 0.146922
26 0.13279
27 0.162539
28 0.162408
29 0.16368
"[DEBUG]index 6 centroid... "
0 0.141683
1 0.125283
2 0.147835
3 0.151843
4 0.144577
5 0.143941
6 0.194543
7 0.137406
8 0.0949524
9 0.133171
10 0.082838
11 0.118591
12 0.178853
13 0.170091
14 0.118791
15 0.117863
16 0.136914
17 0.139176
18 0.164903
19 0.181713
20 0.176514
21 0.193476
22 0.195273
23 0.200748
24 0.177033
25 0.178799
26 0.184847
27 0.174313
28 0.152189
29 0.170653
"[DEBUG]index 7 centroid... "
0 0.145563
1 0.0792978
2 0.156801
3 0.148702
4 0.195197
5 0.134822
6 0.166822
7 0.228098
8 0.104628
9 0.145792
10 0.218309
11 0.19194
12 0.239647
13 0.258566
14 0.168533
15 0.255565
16 0.214779
17 0.147167
18 0.230716
19 0.176098
20 0.161025
21 0.224749
22 0.22891
23 0.285598
24 0.324142
25 0.220172
26 0.223355
27 0.221232
28 0.133522
29 0.220751
"[DEBUG]index 8 centroid... "
0 0.142371
1 0.142463
2 0.14324
3 0.152237
4 0.1496
5 0.129729
6 0.138068
7 0.135329
8 0.0822408
9 0.143472
10 0.154824
11 0.145605
12 0.136516
13 0.126517
14 0.0843942
15 0.0699046
16 0.100783
17 0.102662
18 0.165021
19 0.15691
20 0.140746
21 0.158063
22 0.159152
23 0.138281
24 0.143476
25 0.148538
26 0.151116
27 0.148803
28 0.167764
29 0.163149
"[DEBUG]index 9 centroid... "
0 0.153485
1 0.141591
2 0.166308
3 0.16169
4 0.181023
5 0.147866
6 0.171573
7 0.16567
8 0.0911355
9 0.154747
10 0.150609
11 0.164246
12 0.185557
13 0.188304
14 0.167748
15 0.160671
16 0.180946
17 0.185694
18 0.165821
19 0.1747
20 0.216347
21 0.218438
22 0.202511
23 0.186374
24 0.201916
25 0.191692
26 0.191066
27 0.166637
28 0.189758
29 0.189544
"[DEBUG]index 10 centroid... "
0 0.174012
1 0.151217
2 0.176767
3 0.152576
4 0.147608
5 0.13857
6 0.187228
7 0.13978
8 0.0820634
9 0.137414
10 0.13518
11 0.177293
12 0.159527
13 0.134463
14 0.137873
15 0.146928
16 0.144228
17 0.142099
18 0.140109
19 0.161578
20 0.164685
21 0.175458
22 0.123502
23 0.128493
24 0.151204
25 0.135848
26 0.151147
27 0.147729
28 0.155289
29 0.156436
"[DEBUG]index 11 centroid... "
0 0.128435
1 0.135737
2 0.138596
3 0.152465
4 0.14958
5 0.143366
6 0.171207
7 0.155663
8 0.107458
9 0.0982266
10 0.0936903
11 0.146594
12 0.186965
13 0.170936
14 0.149639
15 0.153798
16 0.184309
17 0.14298
18 0.146675
19 0.154531
20 0.111827
21 0.100245
22 0.186494
23 0.175655
24 0.167032
25 0.163272
26 0.140357
27 0.105999
28 0.135811
29 0.163832
"[DEBUG]index 12 centroid... "
0 0.15898
1 0.160876
2 0.152849
3 0.167971
4 0.168568
5 0.127274
6 0.147575
7 0.150096
8 0.100891
9 0.106997
10 0.144254
11 0.149774
12 0.153461
13 0.145017
14 0.139701
15 0.125998
16 0.0947263
17 0.16134
18 0.159936
19 0.130624
20 0.149248
21 0.145419
22 0.132133
23 0.149015
24 0.159466
25 0.149758
26 0.16489
27 0.168925
28 0.182395
29 0.176179
"[DEBUG]index 13 centroid... "
0 0.133317
1 0.163326
2 0.180113
3 0.18593
4 0.143066
5 0.14505
6 0.171211
7 0.181414
8 0.109615
9 0.0715003
10 0.0349045
11 0.0724015
12 0.0642067
13 0.140287
14 0.114978
15 0.155032
16 0.0840938
17 0.0620201
18 0.103287
19 0.149398
20 0.149005
21 0.160422
22 0.172499
23 0.18405
24 0.170896
25 0.207687
26 0.179643
27 0.162783
28 0.115296
29 0.147251
"[DEBUG]index 14 centroid... "
0 0.115649
1 0.11491
2 0.0671132
3 0.158637
4 0.180479
5 0.156939
6 0.174216
7 0.168841
8 0.174213
9 0.138822
10 0.217774
11 0.159238
12 0.121145
13 0.0981271
14 0.198508
15 0.170173
16 0.181177
17 0.137948
18 0.150832
19 0.12241
20 0.170108
21 0.209985
22 0.15441
23 0.132447
24 0.167297
25 0.133351
26 0.107723
27 0.120307
28 0.128413
29 0.132886
"[DEBUG]index 15 centroid... "
0 0.173585
1 0.16064
2 0.130731
3 0.148054
4 0.169423
5 0.168737
6 0.157904
7 0.205178
8 0.148161
9 0.108013
10 0.156914
11 0.146633
12 0.133886
13 0.139502
14 0.109232
15 0.157478
16 0.143335
17 0.13822
18 0.111414
19 0.124912
20 0.124466
21 0.125373
22 0.174749
23 0.187886
24 0.184439
25 0.189182
26 0.196823
27 0.181055
28 0.179149
29 0.18427
"[DEBUG]index 16 centroid... "
0 0.136282
1 0.133039
2 0.134343
3 0.146915
4 0.159093
5 0.137148
6 0.137808
7 0.14722
8 0.0972977
9 0.121661
10 0.151221
11 0.149922
12 0.149247
13 0.147919
14 0.167744
15 0.169869
16 0.168972
17 0.193957
18 0.170482
19 0.126825
20 0.164004
21 0.151828
22 0.152445
23 0.17375
24 0.159743
25 0.162025
26 0.133387
27 0.164091
28 0.143806
29 0.145131
"[DEBUG]index 17 centroid... "
0 0.123888
1 0.111979
2 0.136107
3 0.170967
4 0.15577
5 0.156283
6 0.166891
7 0.15005
8 0.116117
9 0.140498
10 0.190096
11 0.124749
12 0.144128
13 0.179641
14 0.163966
15 0.166173
16 0.183309
17 0.171725
18 0.14136
19 0.167429
20 0.195582
21 0.139557
22 0.146599
23 0.19849
24 0.159137
25 0.139164
26 0.149518
27 0.146331
28 0.143302
29 0.132254
"[DEBUG]index 18 centroid... "
0 0.16025
1 0.157567
2 0.162566
3 0.1826
4 0.173176
5 0.14745
6 0.170071
7 0.16848
8 0.1021
9 0.159372
10 0.163538
11 0.143151
12 0.177069
13 0.142006
14 0.114904
15 0.19375
16 0.173813
17 0.113454
18 0.122076
19 0.159231
20 0.118482
21 0.12505
22 0.1802
23 0.170933
24 0.163049
25 0.161926
26 0.144196
27 0.142572
28 0.155303
29 0.169771
"[DEBUG]index 19 centroid... "
0 0.167671
1 0.156773
2 0.17651
3 0.180693
4 0.215275
5 0.145417
6 0.142756
7 0.174097
8 0.0954813
9 0.126309
10 0.183265
11 0.15776
12 0.173876
13 0.179815
14 0.124123
15 0.12648
16 0.166208
17 0.144694
18 0.149217
19 0.148853
20 0.192371
21 0.137597
22 0.178259
23 0.147448
24 0.183423
25 0.147092
26 0.138642
27 0.180068
28 0.176917
29 0.184244
"[DEBUG]index 20 centroid... "
0 0.148758
1 0.104886
2 0.159854
3 0.141254
4 0.099118
5 0.0950579
6 0.115148
7 0.11929
8 0.05283
9 0.171118
10 0.186998
11 0.142342
12 0.18592
13 0.170926
14 0.190274
15 0.135
16 0.105106
17 0.070722
18 0.138634
19 0.188772
20 0.1084
21 0.134348
22 0.166834
23 0.156186
24 0.127976
25 0.12686
26 0.220686
27 0.137192
28 0.20914
29 0.121556
"[DEBUG]index 21 centroid... "
0 0.144437
1 0.147393
2 0.15618
3 0.152617
4 0.158595
5 0.135821
6 0.150702
7 0.143931
8 0.0946667
9 0.14207
10 0.151051
11 0.123514
12 0.159032
13 0.160998
14 0.148547
15 0.158567
16 0.149373
17 0.148448
18 0.172729
19 0.163678
20 0.159436
21 0.168381
22 0.168637
23 0.170718
24 0.167659
25 0.164345
26 0.152571
27 0.142602
28 0.145264
29 0.152875
"[DEBUG]index 22 centroid... "
0 0.156841
1 0.159094
2 0.149593
3 0.149912
4 0.145624
5 0.133836
6 0.154264
7 0.133239
8 0.0995705
9 0.131125
10 0.150423
11 0.123819
12 0.130604
13 0.15298
14 0.137081
15 0.0930857
16 0.138123
17 0.170661
18 0.146387
19 0.161881
20 0.155925
21 0.138513
22 0.168001
23 0.181823
24 0.191298
25 0.211019
26 0.19332
27 0.192834
28 0.193387
29 0.179407
"[DEBUG]index 23 centroid... "
0 0.14796
1 0.140222
2 0.119713
3 0.147696
4 0.141757
5 0.14117
6 0.152922
7 0.156456
8 0.0990373
9 0.127748
10 0.12182
11 0.108572
12 0.117917
13 0.12413
14 0.0839259
15 0.142102
16 0.151602
17 0.140932
18 0.137383
19 0.147735
20 0.160421
21 0.159749
22 0.191407
23 0.185151
24 0.197799
25 0.198163
26 0.179915
27 0.170802
28 0.183094
29 0.19465
"[DEBUG]index 24 centroid... "
0 0.159413
1 0.154085
2 0.161517
3 0.170637
4 0.167467
5 0.142756
6 0.162352
7 0.146062
8 0.113071
9 0.160367
10 0.161986
11 0.124894
12 0.109864
13 0.112319
14 0.0946359
15 0.117522
16 0.156575
17 0.163761
18 0.122928
19 0.163765
20 0.16988
21 0.156613
22 0.172322
23 0.175979
24 0.171995
25 0.173266
26 0.187503
27 0.192658
28 0.174631
29 0.172326
"[DEBUG]index 25 centroid... "
0 0.139897
1 0.128469
2 0.147214
3 0.149824
4 0.148111
5 0.12959
6 0.164462
7 0.141796
8 0.0653697
9 0.0527955
10 0.0958626
11 0.156537
12 0.165384
13 0.143649
14 0.159793
15 0.157963
16 0.182539
17 0.178699
18 0.184946
19 0.219251
20 0.210648
21 0.220732
22 0.230484
23 0.20053
24 0.190608
25 0.175827
26 0.173845
27 0.171758
28 0.161442
29 0.1646
"[DEBUG]index 26 centroid... "
0 0.147731
1 0.148815
2 0.129098
3 0.124006
4 0.140557
5 0.160475
6 0.136587
7 0.135748
8 0.133351
9 0.17533
10 0.155823
11 0.171779
12 0.126498
13 0.160268
14 0.170781
15 0.133262
16 0.122432
17 0.0819186
18 0.143244
19 0.126172
20 0.124826
21 0.0889225
22 0.106926
23 0.171488
24 0.183884
25 0.126459
26 0.115022
27 0.128166
28 0.154413
29 0.175685
"[DEBUG]index 27 centroid... "
0 0.155021
1 0.166217
2 0.157712
3 0.193698
4 0.136651
5 0.15643
6 0.177476
7 0.13465
8 0.0782517
9 0.118906
10 0.113795
11 0.0917119
12 0.143628
13 0.172573
14 0.158211
15 0.137984
16 0.156939
17 0.147689
18 0.107492
19 0.144024
20 0.172328
21 0.177083
22 0.155433
23 0.153717
24 0.126629
25 0.151912
26 0.177788
27 0.185307
28 0.170567
29 0.169638
"[DEBUG]index 28 centroid... "
0 0.16104
1 0.160125
2 0.169202
3 0.183678
4 0.142287
5 0.162342
6 0.165271
7 0.165083
8 0.106152
9 0.135858
10 0.161256
11 0.14037
12 0.146551
13 0.093059
14 0.156871
15 0.14536
16 0.125877
17 0.132473
18 0.1272
19 0.0926254
20 0.112499
21 0.12541
22 0.132882
23 0.149977
24 0.159444
25 0.169816
26 0.163288
27 0.173393
28 0.177043
29 0.163144
"[DEBUG]index 29 centroid... "
0 0.144669
1 0.135652
2 0.132238
3 0.123022
4 0.166262
5 0.160018
6 0.170501
7 0.128437
8 0.0957911
9 0.0727345
10 0.0905963
11 0.136868
12 0.137569
13 0.0969807
14 0.136109
15 0.113895
16 0.099701
17 0.150645
18 0.16236
19 0.133929
20 0.171469
21 0.132213
22 0.16792
23 0.155124
24 0.158067
25 0.180932
26 0.169374
27 0.158879
28 0.178497
29 0.177128
"[DEBUG]index 30 centroid... "
0 0.148299
1 0.13303
2 0.134609
3 0.165421
4 0.168566
5 0.140727
6 0.17046
7 0.161529
8 0.0977812
9 0.120865
10 0.134227
11 0.129729
12 0.123359
13 0.129817
14 0.157963
15 0.165921
16 0.136685
17 0.124103
18 0.160391
19 0.116238
20 0.136392
21 0.147164
22 0.112513
23 0.128763
24 0.149982
25 0.119888
26 0.142766
27 0.143722
28 0.143873
29 0.136597
"[DEBUG]index 31 centroid... "
0 0.144458
1 0.141439
2 0.139428
3 0.160354
4 0.162502
5 0.137827
6 0.156404
7 0.174663
8 0.112282
9 0.112251
10 0.119283
11 0.122877
12 0.139911
13 0.182396
14 0.170253
15 0.140159
16 0.151707
17 0.152779
18 0.150145
19 0.177941
20 0.186362
21 0.19713
22 0.198732
23 0.186245
24 0.179963
25 0.173075
26 0.167132
27 0.170034
28 0.16663
29 0.158459
"[DEBUG]index 32 centroid... "
0 0.129028
1 0.163555
2 0.1473
3 0.173057
4 0.166121
5 0.144081
6 0.159115
7 0.116852
8 0.0893323
9 0.0986154
10 0.138683
11 0.157097
12 0.147481
13 0.182677
14 0.165136
15 0.106111
16 0.118836
17 0.162632
18 0.13877
19 0.109193
20 0.0964776
21 0.114877
22 0.168292
23 0.113973
24 0.113516
25 0.138624
26 0.108904
27 0.110255
28 0.116482
29 0.150698
"[DEBUG]index 33 centroid... "
0 0.146945
1 0.135507
2 0.13947
3 0.159482
4 0.16002
5 0.158356
6 0.167966
7 0.140652
8 0.0673364
9 0.0620718
10 0.0865409
11 0.144788
12 0.164452
13 0.150588
14 0.162159
15 0.171523
16 0.147197
17 0.169793
18 0.162628
19 0.152863
20 0.168095
21 0.170787
22 0.172045
23 0.170247
24 0.165594
25 0.177877
26 0.178175
27 0.160301
28 0.149676
29 0.166459
"[DEBUG]index 34 centroid... "
0 0.148804
1 0.143027
2 0.157597
3 0.159718
4 0.184457
5 0.152471
6 0.157168
7 0.146556
8 0.105304
9 0.120135
10 0.128174
11 0.130157
12 0.161345
13 0.147409
14 0.104128
15 0.164894
16 0.14582
17 0.133319
18 0.165388
19 0.169777
20 0.141775
21 0.15441
22 0.146121
23 0.138614
24 0.146054
25 0.13226
26 0.145872
27 0.142669
28 0.179514
29 0.160967
"[DEBUG]index 35 centroid... "
0 0.18736
1 0.195937
2 0.194173
3 0.170491
4 0.14482
5 0.164148
6 0.169618
7 0.14857
8 0.115251
9 0.0966929
10 0.104631
11 0.0989831
12 0.119169
13 0.175128
14 0.153594
15 0.140722
16 0.137409
17 0.135135
18 0.09911
19 0.125184
20 0.116706
21 0.101708
22 0.170645
23 0.176777
24 0.155607
25 0.15633
26 0.143436
27 0.155001
28 0.16995
29 0.173564
"[DEBUG]index 36 centroid... "
0 0.141396
1 0.136132
2 0.129822
3 0.118395
4 0.146681
5 0.131089
6 0.162809
7 0.177479
8 0.111606
9 0.0557028
10 0.1489
11 0.162659
12 0.141614
13 0.153338
14 0.17455
15 0.15249
16 0.139735
17 0.151829
18 0.198285
19 0.195217
20 0.200576
21 0.211693
22 0.186966
23 0.197172
24 0.195814
25 0.183735
26 0.188839
27 0.153896
28 0.162688
29 0.160969
"[DEBUG]index 37 centroid... "
0 0.140449
1 0.136151
2 0.151411
3 0.15461
4 0.146832
5 0.142729
6 0.16488
7 0.147879
8 0.10201
9 0.119493
10 0.128983
11 0.133866
12 0.157847
13 0.147765
14 0.130238
15 0.1462
16 0.137497
17 0.102987
18 0.134148
19 0.16405
20 0.146212
21 0.163711
22 0.158782
23 0.149568
24 0.139235
25 0.141911
26 0.166789
27 0.168323
28 0.17388
29 0.179963
"[DEBUG]index 38 centroid... "
0 0.13393
1 0.12827
2 0.132445
3 0.14681
4 0.14361
5 0.113805
6 0.133553
7 0.130313
8 0.0886817
9 0.123278
10 0.155202
11 0.128087
12 0.159079
13 0.189358
14 0.15794
15 0.107801
16 0.164677
17 0.166612
18 0.127982
19 0.165891
20 0.136093
21 0.0989008
22 0.115729
23 0.145392
24 0.129795
25 0.130628
26 0.140195
27 0.133733
28 0.132757
29 0.13053
"[DEBUG]index 39 centroid... "
0 0.148229
1 0.145833
2 0.149615
3 0.169519
4 0.163482
5 0.147464
6 0.151892
7 0.14981
8 0.101103
9 0.147377
10 0.147321
11 0.126351
12 0.120813
13 0.126003
14 0.142521
15 0.149153
16 0.103304
17 0.143674
18 0.117005
19 0.0935835
20 0.144716
21 0.161323
22 0.130963
23 0.144478
24 0.147459
25 0.143274
26 0.1397
27 0.148886
28 0.15991
29 0.165492
"[DEBUG]index 40 centroid... "
0 0.149396
1 0.129725
2 0.15352
3 0.163558
4 0.228464
5 0.162077
6 0.177697
7 0.163207
8 0.128747
9 0.159132
10 0.172149
11 0.12361
12 0.145178
13 0.202195
14 0.166678
15 0.166975
16 0.198757
17 0.212586
18 0.249424
19 0.285006
20 0.276489
21 0.273208
22 0.253623
23 0.270536
24 0.204283
25 0.242234
26 0.206502
27 0.179191
28 0.197475
29 0.19438
"[DEBUG]index 41 centroid... "
0 0.166252
1 0.168003
2 0.16383
3 0.149398
4 0.142237
5 0.146206
6 0.139359
7 0.200838
8 0.136722
9 0.106137
10 0.119204
11 0.0887315
12 0.116961
13 0.150853
14 0.134008
15 0.141434
16 0.146337
17 0.144759
18 0.141775
19 0.168371
20 0.1786
21 0.224838
22 0.252846
23 0.246008
24 0.246725
25 0.243026
26 0.233904
27 0.237143
28 0.199479
29 0.202314
"[DEBUG]index 42 centroid... "
0 0.157136
1 0.150081
2 0.143316
3 0.165765
4 0.136508
5 0.135903
6 0.166603
7 0.197224
8 0.106955
9 0.0830264
10 0.163747
11 0.166018
12 0.138777
13 0.174286
14 0.160111
15 0.142781
16 0.140838
17 0.127642
18 0.1803
19 0.183526
20 0.141491
21 0.164861
22 0.190088
23 0.171307
24 0.16555
25 0.179452
26 0.155206
27 0.168718
28 0.174551
29 0.193455
"[DEBUG]index 43 centroid... "
0 0.119631
1 0.138864
2 0.156415
3 0.152674
4 0.143446
5 0.104953
6 0.103864
7 0.11613
8 0.0987107
9 0.112921
10 0.149274
11 0.127679
12 0.156104
13 0.157317
14 0.0934434
15 0.129186
16 0.167583
17 0.173842
18 0.159696
19 0.142782
20 0.155053
21 0.166051
22 0.11389
23 0.137145
24 0.145601
25 0.137127
26 0.12423
27 0.127928
28 0.140425
29 0.135651
"[DEBUG]index 44 centroid... "
0 0.139025
1 0.13339
2 0.132533
3 0.159686
4 0.165483
5 0.142139
6 0.147699
7 0.133517
8 0.0775196
9 0.0809758
10 0.115643
11 0.160372
12 0.176601
13 0.153386
14 0.141928
15 0.148407
16 0.12335
17 0.107767
18 0.0707595
19 0.0619918
20 0.112105
21 0.110256
22 0.145318
23 0.143573
24 0.14162
25 0.143349
26 0.134665
27 0.135365
28 0.121865
29 0.151939
"[DEBUG]index 45 centroid... "
0 0.145935
1 0.125508
2 0.131354
3 0.164128
4 0.152427
5 0.138221
6 0.137569
7 0.120458
8 0.0813389
9 0.0796813
10 0.0935907
11 0.132687
12 0.149418
13 0.126887
14 0.114711
15 0.112825
16 0.115974
17 0.130075
18 0.146775
19 0.131355
20 0.128433
21 0.118068
22 0.107908
23 0.116192
24 0.152228
25 0.150143
26 0.146547
27 0.148321
28 0.149721
29 0.145299
"[DEBUG]index 46 centroid... "
0 0.146201
1 0.12988
2 0.156742
3 0.150682
4 0.153949
5 0.134857
6 0.165488
7 0.170462
8 0.102231
9 0.111461
10 0.111775
11 0.10408
12 0.125696
13 0.149216
14 0.131622
15 0.118668
16 0.13986
17 0.142882
18 0.132776
19 0.162701
20 0.151882
21 0.126127
22 0.153859
23 0.147944
24 0.149287
25 0.158145
26 0.160151
27 0.155725
28 0.156147
29 0.151547
"[DEBUG]index 47 centroid... "
0 0.132802
1 0.127238
2 0.127041
3 0.151169
4 0.134963
5 0.134009
6 0.152775
7 0.136476
8 0.0924518
9 0.130262
10 0.157764
11 0.127783
12 0.159838
13 0.151281
14 0.142314
15 0.128363
16 0.0937779
17 0.0798981
18 0.0563112
19 0.080168
20 0.107336
21 0.132247
22 0.145061
23 0.142029
24 0.138707
25 0.144389
26 0.137792
27 0.133317
28 0.140862
29 0.150584
"[DEBUG]index 48 centroid... "
0 0.148152
1 0.147461
2 0.148348
3 0.155088
4 0.154872
5 0.122593
6 0.127606
7 0.118494
8 0.0795613
9 0.110493
10 0.128031
11 0.13313
12 0.151741
13 0.139604
14 0.150768
15 0.152298
16 0.139974
17 0.162401
18 0.156913
19 0.15778
20 0.165629
21 0.150674
22 0.159678
23 0.16454
24 0.166667
25 0.162695
26 0.162079
27 0.154614
28 0.156604
29 0.153888
"[DEBUG]index 49 centroid... "
0 0.146335
1 0.140344
2 0.194059
3 0.199597
4 0.161899
5 0.106138
6 0.120071
7 0.166014
8 0.130698
9 0.144762
10 0.123772
11 0.143929
12 0.163027
13 0.137903
14 0.115264
15 0.136974
16 0.180927
17 0.159345
18 0.170562
19 0.22418
20 0.201172
21 0.217747
22 0.169456
23 0.212746
24 0.160337
25 0.175601
26 0.183588
27 0.161396
28 0.159591
29 0.093497
"[DEBUG]index 50 centroid... "
0 0.144514
1 0.140774
2 0.132258
3 0.146763
4 0.155174
5 0.13631
6 0.165043
7 0.17143
8 0.0873845
9 0.12606
10 0.147556
11 0.0933744
12 0.139558
13 0.184243
14 0.135045
15 0.133017
16 0.164796
17 0.111068
18 0.1592
19 0.143234
20 0.160924
21 0.162291
22 0.150256
23 0.170887
24 0.175715
25 0.152628
26 0.16218
27 0.156789
28 0.165473
29 0.161176
"[DEBUG]index 51 centroid... "
0 0.131247
1 0.13437
2 0.129172
3 0.130844
4 0.148344
5 0.119951
6 0.145989
7 0.127039
8 0.0833318
9 0.08635
10 0.106413
11 0.125017
12 0.157172
13 0.144332
14 0.151255
15 0.132859
16 0.126868
17 0.112085
18 0.118968
19 0.106469
20 0.0797632
21 0.103441
22 0.111716
23 0.122379
24 0.123275
25 0.142788
26 0.136408
27 0.141504
28 0.129663
29 0.123431
"[DEBUG]index 52 centroid... "
0 0.136815
1 0.13017
2 0.163922
3 0.150138
4 0.15243
5 0.139087
6 0.151566
7 0.135815
8 0.0834246
9 0.158923
10 0.158638
11 0.129088
12 0.15509
13 0.148845
14 0.121035
15 0.129249
16 0.116937
17 0.149364
18 0.158487
19 0.144843
20 0.161881
21 0.146096
22 0.163076
23 0.17854
24 0.179841
25 0.191526
26 0.166531
27 0.16812
28 0.158615
29 0.153511
"[DEBUG]index 53 centroid... "
0 0.18445
1 0.148324
2 0.248384
3 0.143964
4 0.14908
5 0.122107
6 0.180708
7 0.186185
8 0.159516
9 0.257231
10 0.184007
11 0.276683
12 0.133943
13 0.172651
14 0.0891758
15 0.210034
16 0.239005
17 0.169397
18 0.227445
19 0.0767488
20 0.135048
21 0.141411
22 0.238388
23 0.121094
24 0.0669726
25 0.113701
26 0.10795
27 0.165498
28 0.0992374
29 0.197436
"[DEBUG]index 54 centroid... "
0 0.203479
1 0.225389
2 0.242737
3 0.214616
4 0.242668
5 0.247153
6 0.115916
7 0.277442
8 0.2655
9 0.174289
10 0.185968
11 0.170558
12 0.202684
13 0.305553
14 0.190984
15 0.170716
16 0.181163
17 0.116753
18 0.2122
19 0.207358
20 0.2475
21 0.153221
22 0.180826
23 0.259526
24 0.198679
25 0.186989
26 0.219211
27 0.257147
28 0.1296
29 0.155889
"[DEBUG]index 55 centroid... "
0 0.182475
1 0.103259
2 0.204506
3 0.149822
4 0.110189
5 0.104898
6 0.16049
7 0.106364
8 0.122357
9 0.133223
10 0.182423
11 0.134378
12 0.142907
13 0.195477
14 0.161736
15 0.170677
16 0.12223
17 0.144143
18 0.204096
19 0.194537
20 0.106295
21 0.0646843
22 0.132099
23 0.153116
24 0.181955
25 0.159783
26 0.182679
27 0.138589
28 0.107587
29 0.117365
"[DEBUG]index 56 centroid... "
0 0.133195
1 0.148347
2 0.135306
3 0.153872
4 0.165989
5 0.133674
6 0.139211
7 0.164232
8 0.090963
9 0.137633
10 0.157043
11 0.113697
12 0.126812
13 0.11046
14 0.132363
15 0.129375
16 0.0869696
17 0.126938
18 0.191007
19 0.161685
20 0.144723
21 0.141868
22 0.16789
23 0.170101
24 0.175846
25 0.188537
26 0.179232
27 0.175943
28 0.190793
29 0.179953
"[DEBUG]index 57 centroid... "
0 0.139328
1 0.147319
2 0.141023
3 0.128574
4 0.134828
5 0.135763
6 0.135755
7 0.17299
8 0.10283
9 0.0898095
10 0.154253
11 0.175258
12 0.147358
13 0.11355
14 0.143375
15 0.0931741
16 0.0668116
17 0.0877723
18 0.137542
19 0.129291
20 0.138708
21 0.115648
22 0.107349
23 0.140641
24 0.126898
25 0.150373
26 0.169526
27 0.160803
28 0.146541
29 0.157981
"[DEBUG]index 58 centroid... "
0 0.160514
1 0.171826
2 0.117392
3 0.153713
4 0.173489
5 0.111022
6 0.151258
7 0.135572
8 0.0783211
9 0.13168
10 0.139217
11 0.159865
12 0.145778
13 0.135881
14 0.169896
15 0.111203
16 0.125187
17 0.125159
18 0.0772258
19 0.12376
20 0.121438
21 0.130872
22 0.129389
23 0.106059
24 0.148902
25 0.138447
26 0.154599
27 0.16637
28 0.148345
29 0.150447
"[DEBUG]index 59 centroid... "
0 0.148024
1 0.132877
2 0.15317
3 0.161034
4 0.142338
5 0.139357
6 0.160417
7 0.170929
8 0.127975
9 0.122037
10 0.132992
11 0.127792
12 0.14744
13 0.132561
14 0.141116
15 0.137838
16 0.134073
17 0.134891
18 0.151306
19 0.134422
20 0.136028
21 0.158167
22 0.156128
23 0.158896
24 0.164171
25 0.164564
26 0.160046
27 0.143516
28 0.157012
29 0.1689
"[DEBUG]index 60 centroid... "
0 0.170383
1 0.132828
2 0.160555
3 0.128517
4 0.139082
5 0.0986207
6 0.132827
7 0.120217
8 0.0954187
9 0.0708453
10 0.0682847
11 0.104223
12 0.119387
13 0.0799122
14 0.10874
15 0.0679789
16 0.119303
17 0.144346
18 0.112278
19 0.160682
20 0.113653
21 0.119302
22 0.133197
23 0.171966
24 0.177801
25 0.208594
26 0.216166
27 0.218085
28 0.187224
29 0.192791
"[DEBUG]index 61 centroid... "
0 0.130131
1 0.14165
2 0.137869
3 0.170509
4 0.162322
5 0.14397
6 0.167007
7 0.162658
8 0.117323
9 0.158369
10 0.193458
11 0.170079
12 0.169872
13 0.140637
14 0.170509
15 0.148624
16 0.16251
17 0.189736
18 0.145247
19 0.0900609
20 0.0884427
21 0.0878024
22 0.122882
23 0.197651
24 0.162333
25 0.140967
26 0.150236
27 0.142997
28 0.109944
29 0.157413
"[DEBUG]index 62 centroid... "
0 0.129799
1 0.140547
2 0.140726
3 0.148898
4 0.145215
5 0.124755
6 0.133815
7 0.116756
8 0.0901141
9 0.104729
10 0.124151
11 0.125888
12 0.144434
13 0.15893
14 0.140317
15 0.123854
16 0.0726935
17 0.0768733
18 0.068991
19 0.126656
20 0.144977
21 0.144291
22 0.142146
23 0.161358
24 0.153522
25 0.134656
26 0.13765
27 0.149664
28 0.154476
29 0.150759
"[DEBUG]index 63 centroid... "
0 0.188213
1 0.176541
2 0.151372
3 0.174245
4 0.204297
5 0.159116
6 0.259279
7 0.202139
8 0.161451
9 0.182242
10 0.139734
11 0.144797
12 0.10037
13 0.144119
14 0.135246
15 0.148154
16 0.137611
17 0.122238
18 0.149812
19 0.123971
20 0.134731
21 0.242799
22 0.187134
23 0.191242
24 0.135748
25 0.161504
26 0.121043
27 0.141224
28 0.161945
29 0.153718
"[DEBUG]index 64 centroid... "
0 0.130454
1 0.12657
2 0.127439
3 0.144902
4 0.151114
5 0.145485
6 0.159662
7 0.150435
8 0.0875939
9 0.0589508
10 0.0580068
11 0.108721
12 0.136497
13 0.140139
14 0.152842
15 0.128001
16 0.15146
17 0.124267
18 0.125384
19 0.129481
20 0.105678
21 0.120526
22 0.115568
23 0.124617
24 0.144321
25 0.144619
26 0.140245
27 0.161328
28 0.159862
29 0.14772
"[DEBUG]index 65 centroid... "
0 0.121913
1 0.113963
2 0.136842
3 0.129868
4 0.144254
5 0.12003
6 0.118038
7 0.0949532
8 0.0514316
9 0.0392514
10 0.0813078
11 0.141257
12 0.137977
13 0.112877
14 0.124869
15 0.114543
16 0.155185
17 0.129204
18 0.114635
19 0.139557
20 0.163351
21 0.161435
22 0.137347
23 0.134009
24 0.143853
25 0.161979
26 0.180649
27 0.165002
28 0.103011
29 0.104295
"[DEBUG]index 66 centroid... "
0 0.123239
1 0.11946
2 0.137227
3 0.132919
4 0.143991
5 0.1297
6 0.150234
7 0.139015
8 0.0723222
9 0.042185
10 0.0385251
11 0.08057
12 0.0773362
13 0.103815
14 0.0789695
15 0.0808768
16 0.0836395
17 0.121077
18 0.121353
19 0.0975717
20 0.144107
21 0.11306
22 0.114789
23 0.14335
24 0.140599
25 0.138805
26 0.135368
27 0.127833
28 0.143693
29 0.161577
"[DEBUG]index 67 centroid... "
0 0.143191
1 0.180847
2 0.159878
3 0.148155
4 0.135604
5 0.148903
6 0.141142
7 0.174969
8 0.124021
9 0.137009
10 0.154697
11 0.117253
12 0.155336
13 0.138407
14 0.119642
15 0.157033
16 0.207367
17 0.184037
18 0.163684
19 0.140737
20 0.123798
21 0.179986
22 0.17609
23 0.146109
24 0.17768
25 0.153042
26 0.15442
27 0.1112
28 0.137701
29 0.143375
"[DEBUG]index 68 centroid... "
0 0.151698
1 0.151994
2 0.158193
3 0.15952
4 0.164508
5 0.143097
6 0.167815
7 0.199024
8 0.145819
9 0.127629
10 0.128631
11 0.142962
12 0.15288
13 0.179791
14 0.167984
15 0.152386
16 0.129819
17 0.141047
18 0.153201
19 0.136383
20 0.16032
21 0.1618
22 0.185316
23 0.180111
24 0.196281
25 0.195303
26 0.180889
27 0.18899
28 0.180042
29 0.182954
"[DEBUG]index 69 centroid... "
0 0.158688
1 0.171121
2 0.192115
3 0.148245
4 0.168268
5 0.154987
6 0.19858
7 0.114597
8 0.0982661
9 0.127352
10 0.104521
11 0.136502
12 0.11996
13 0.115662
14 0.119143
15 0.105106
16 0.1432
17 0.0944396
18 0.0886098
19 0.128218
20 0.132504
21 0.126135
22 0.114571
23 0.180136
24 0.160215
25 0.158659
26 0.117515
27 0.111531
28 0.132833
29 0.177845
"[DEBUG]index 70 centroid... "
0 0.133001
1 0.123452
2 0.15596
3 0.152499
4 0.166724
5 0.159974
6 0.163063
7 0.174897
8 0.112806
9 0.0832446
10 0.140719
11 0.126777
12 0.124263
13 0.135527
14 0.156734
15 0.162219
16 0.169441
17 0.178708
18 0.146786
19 0.144116
20 0.197613
21 0.1883
22 0.186735
23 0.215367
24 0.204966
25 0.18585
26 0.190192
27 0.184735
28 0.172137
29 0.161217
"[DEBUG]index 71 centroid... "
0 0.130873
1 0.121555
2 0.146151
3 0.138131
4 0.143928
5 0.124746
6 0.122032
7 0.132145
8 0.0891419
9 0.121241
10 0.132155
11 0.142454
12 0.148574
13 0.151989
14 0.140921
15 0.121895
16 0.125839
17 0.143301
18 0.149923
19 0.139242
20 0.14658
21 0.121998
22 0.112733
23 0.133022
24 0.137094
25 0.125229
26 0.135089
27 0.126563
28 0.122381
29 0.126436
"[DEBUG]index 72 centroid... "
0 0.137613
1 0.111139
2 0.147519
3 0.147543
4 0.128695
5 0.112069
6 0.135086
7 0.134102
8 0.0819163
9 0.0454833
10 0.0363868
11 0.0549068
12 0.0759938
13 0.138666
14 0.111144
15 0.133701
16 0.173134
17 0.160713
18 0.127344
19 0.151577
20 0.16969
21 0.155119
22 0.195792
23 0.214962
24 0.221755
25 0.205583
26 0.19079
27 0.179449
28 0.175961
29 0.165666
"[DEBUG]index 73 centroid... "
0 0.171176
1 0.137483
2 0.149725
3 0.165414
4 0.172885
5 0.129346
6 0.150866
7 0.141981
8 0.0900398
9 0.110653
10 0.108327
11 0.106409
12 0.151284
13 0.118474
14 0.165126
15 0.173877
16 0.160433
17 0.121034
18 0.169961
19 0.139213
20 0.113033
21 0.170097
22 0.189849
23 0.170986
24 0.173953
25 0.149513
26 0.165843
27 0.138167
28 0.171575
29 0.180485
"[DEBUG]index 74 centroid... "
0 0.154694
1 0.147796
2 0.132546
3 0.149268
4 0.131712
5 0.134221
6 0.164105
7 0.147128
8 0.122503
9 0.152829
10 0.136489
11 0.0870779
12 0.138211
13 0.15715
14 0.164709
15 0.13762
16 0.148346
17 0.161564
18 0.169273
19 0.209143
20 0.211743
21 0.224803
22 0.221512
23 0.242301
24 0.217596
25 0.210528
26 0.217771
27 0.204143
28 0.1861
29 0.181669
"[DEBUG]index 75 centroid... "
0 0.11233
1 0.121253
2 0.157374
3 0.176037
4 0.148915
5 0.135657
6 0.121335
7 0.161806
8 0.0801792
9 0.131343
10 0.172682
11 0.146404
12 0.192088
13 0.174685
14 0.164109
15 0.108138
16 0.105818
17 0.149237
18 0.182818
19 0.188195
20 0.131889
21 0.141718
22 0.140175
23 0.133997
24 0.1325
25 0.167432
26 0.110511
27 0.109333
28 0.0981012
29 0.178176
"[DEBUG]index 76 centroid... "
0 0.134622
1 0.135271
2 0.147979
3 0.174928
4 0.133012
5 0.143807
6 0.151443
7 0.159213
8 0.116017
9 0.139801
10 0.104081
11 0.114892
12 0.135751
13 0.171704
14 0.169193
15 0.0599938
16 0.117971
17 0.148723
18 0.157743
19 0.135716
20 0.120863
21 0.121503
22 0.132255
23 0.179006
24 0.191331
25 0.213495
26 0.276149
27 0.235548
28 0.214746
29 0.232439
"[DEBUG]index 77 centroid... "
0 0.154657
1 0.153018
2 0.148681
3 0.168839
4 0.150514
5 0.136995
6 0.161691
7 0.156644
8 0.088335
9 0.131826
10 0.157916
11 0.104748
12 0.13918
13 0.14891
14 0.0949284
15 0.136149
16 0.117598
17 0.0966756
18 0.110804
19 0.105814
20 0.127854
21 0.14132
22 0.103956
23 0.13927
24 0.129087
25 0.129364
26 0.150971
27 0.145114
28 0.156339
29 0.163774
"[DEBUG]index 78 centroid... "
0 0.170433
1 0.166573
2 0.155546
3 0.156032
4 0.146537
5 0.143033
6 0.156158
7 0.157447
8 0.125346
9 0.139389
10 0.139724
11 0.144912
12 0.116501
13 0.0852494
14 0.111804
15 0.131757
16 0.121519
17 0.144993
18 0.146405
19 0.145899
20 0.17541
21 0.170797
22 0.192817
23 0.203003
24 0.211229
25 0.228061
26 0.22361
27 0.210563
28 0.227235
29 0.20609
"[DEBUG]index 79 centroid... "
0 0.116511
1 0.115443
2 0.144903
3 0.157449
4 0.179052
5 0.13481
6 0.130065
7 0.135066
8 0.120527
9 0.145615
10 0.19767
11 0.208446
12 0.181372
13 0.18106
14 0.141761
15 0.121578
16 0.14312
17 0.163127
18 0.102928
19 0.128925
20 0.114551
21 0.133333
22 0.165216
23 0.110987
24 0.159257
25 0.137292
26 0.168606
27 0.062837
28 0.108723
29 0.153783
"[DEBUG]index 80 centroid... "
0 0.13055
1 0.132214
2 0.130282
3 0.157887
4 0.143531
5 0.126613
6 0.126553
7 0.141632
8 0.0946754
9 0.128688
10 0.153023
11 0.144487
12 0.139556
13 0.114802
14 0.143719
15 0.116744
16 0.137202
17 0.153661
18 0.16577
19 0.181524
20 0.211068
21 0.184645
22 0.202416
23 0.183953
24 0.172595
25 0.17746
26 0.171696
27 0.154717
28 0.178376
29 0.176239
"[DEBUG]index 81 centroid... "
0 0.170678
1 0.16383
2 0.1483
3 0.164647
4 0.172836
5 0.120705
6 0.153996
7 0.141929
8 0.114295
9 0.151829
10 0.142824
11 0.184915
12 0.153186
13 0.121223
14 0.14907
15 0.149991
16 0.143811
17 0.137906
18 0.112836
19 0.158299
20 0.170988
21 0.12695
22 0.170461
23 0.138803
24 0.164954
25 0.165588
26 0.17994
27 0.182368
28 0.184735
29 0.171116
"[DEBUG]index 82 centroid... "
0 0.104787
1 0.113921
2 0.139717
3 0.160015
4 0.143509
5 0.104007
6 0.134992
7 0.107258
8 0.048582
9 0.0635361
10 0.0963548
11 0.106431
12 0.129754
13 0.133562
14 0.124596
15 0.136068
16 0.153669
17 0.152268
18 0.12647
19 0.143968
20 0.142993
21 0.125616
22 0.170077
23 0.129182
24 0.123959
25 0.144125
26 0.192362
27 0.148772
28 0.147944
29 0.158892
"[DEBUG]index 83 centroid... "
0 0.154189
1 0.138542
2 0.156301
3 0.152035
4 0.173334
5 0.151893
6 0.166078
7 0.164638
8 0.120033
9 0.130061
10 0.178798
11 0.180163
12 0.178825
13 0.163677
14 0.182172
15 0.183072
16 0.139684
17 0.164013
18 0.208816
19 0.16469
20 0.18255
21 0.204691
22 0.17233
23 0.156553
24 0.171767
25 0.178356
26 0.144759
27 0.16148
28 0.178257
29 0.150575
"[DEBUG]index 84 centroid... "
0 0.153946
1 0.12315
2 0.131215
3 0.128369
4 0.1819
5 0.116781
6 0.153436
7 0.133321
8 0.0649569
9 0.0685717
10 0.0907447
11 0.137631
12 0.15525
13 0.114734
14 0.124783
15 0.137021
16 0.126104
17 0.17286
18 0.192268
19 0.205035
20 0.209677
21 0.236841
22 0.21727
23 0.195286
24 0.147701
25 0.170598
26 0.177694
27 0.134652
28 0.152739
29 0.148626
"[DEBUG]index 85 centroid... "
0 0.155989
1 0.153
2 0.143353
3 0.145192
4 0.148447
5 0.165099
6 0.185648
7 0.178067
8 0.138483
9 0.0773735
10 0.125129
11 0.166165
12 0.154431
13 0.158658
14 0.129157
15 0.166873
16 0.186293
17 0.1686
18 0.14415
19 0.173463
20 0.176238
21 0.176471
22 0.168814
23 0.178402
24 0.174134
25 0.169385
26 0.177173
27 0.154218
28 0.133305
29 0.136831
"[DEBUG]index 86 centroid... "
0 0.131437
1 0.133621
2 0.14538
3 0.139021
4 0.138471
5 0.1078
6 0.117665
7 0.11536
8 0.0786341
9 0.108
10 0.137337
11 0.138227
12 0.14786
13 0.147781
14 0.170831
15 0.182325
16 0.198323
17 0.216843
18 0.215033
19 0.203679
20 0.213727
21 0.223429
22 0.189301
23 0.186635
24 0.176251
25 0.164085
26 0.152209
27 0.142898
28 0.145433
29 0.143969
"[DEBUG]index 87 centroid... "
0 0.154887
1 0.145394
2 0.113525
3 0.128606
4 0.134679
5 0.123173
6 0.161199
7 0.166449
8 0.100634
9 0.111479
10 0.145236
11 0.0954122
12 0.111068
13 0.153152
14 0.168079
15 0.148878
16 0.120453
17 0.130445
18 0.162913
19 0.147305
20 0.160628
21 0.106413
22 0.125076
23 0.152482
24 0.145225
25 0.153535
26 0.182525
27 0.154001
28 0.146723
29 0.13231
"[DEBUG]index 88 centroid... "
0 0.140009
1 0.136431
2 0.142005
3 0.139627
4 0.163773
5 0.157483
6 0.157092
7 0.146535
8 0.0763087
9 0.0754308
10 0.0914549
11 0.146384
12 0.160651
13 0.138756
14 0.149301
15 0.149748
16 0.118661
17 0.108934
18 0.131652
19 0.143338
20 0.161521
21 0.17568
22 0.170513
23 0.1719
24 0.156298
25 0.172742
26 0.159485
27 0.153817
28 0.158476
29 0.149779
"[DEBUG]index 89 centroid... "
0 0.133756
1 0.143382
2 0.157138
3 0.15996
4 0.16471
5 0.139172
6 0.138824
7 0.16554
8 0.0912704
9 0.094579
10 0.163127
11 0.156776
12 0.145459
13 0.125794
14 0.136221
15 0.185318
16 0.169887
17 0.19071
18 0.19987
19 0.189326
20 0.219096
21 0.228632
22 0.236148
23 0.217529
24 0.235474
25 0.218896
26 0.201709
27 0.185019
28 0.214812
29 0.203666
"[DEBUG]index 90 centroid... "
0 0.134454
1 0.132315
2 0.127857
3 0.160605
4 0.146149
5 0.129946
6 0.140117
7 0.151406
8 0.0798497
9 0.0440512
10 0.0322637
11 0.0546679
12 0.0820599
13 0.0904923
14 0.0953542
15 0.138542
16 0.128958
17 0.138858
18 0.152382
19 0.140335
20 0.121265
21 0.146069
22 0.164179
23 0.144759
24 0.142759
25 0.172202
26 0.144827
27 0.169319
28 0.160299
29 0.166082
"[DEBUG]index 91 centroid... "
0 0.169057
1 0.151966
2 0.151797
3 0.142003
4 0.144848
5 0.119957
6 0.132282
7 0.127106
8 0.0924201
9 0.124073
10 0.107268
11 0.150779
12 0.162068
13 0.10743
14 0.0868322
15 0.0626272
16 0.0499973
17 0.0395933
18 0.079324
19 0.0912195
20 0.122689
21 0.107036
22 0.115912
23 0.135427
24 0.116964
25 0.123382
26 0.130103
27 0.133083
28 0.125966
29 0.142622
"[DEBUG]index 92 centroid... "
0 0.157405
1 0.144465
2 0.158542
3 0.164991
4 0.14332
5 0.135227
6 0.133878
7 0.143743
8 0.095122
9 0.120677
10 0.135018
11 0.122054
12 0.173076
13 0.146054
14 0.0746831
15 0.0452692
16 0.0540741
17 0.101269
18 0.153776
19 0.142431
20 0.148788
21 0.137949
22 0.13029
23 0.14522
24 0.162945
25 0.150816
26 0.160465
27 0.172082
28 0.167768
29 0.178618
"[DEBUG]index 93 centroid... "
0 0.175973
1 0.153124
2 0.129305
3 0.165257
4 0.160454
5 0.147022
6 0.150716
7 0.163769
8 0.113737
9 0.15016
10 0.160826
11 0.10278
12 0.110409
13 0.142142
14 0.107456
15 0.0978309
16 0.159719
17 0.14713
18 0.124732
19 0.136345
20 0.133195
21 0.157724
22 0.129538
23 0.156871
24 0.178696
25 0.161656
26 0.164534
27 0.164539
28 0.178603
29 0.166369
"[DEBUG]index 94 centroid... "
0 0.152017
1 0.154401
2 0.169038
3 0.166276
4 0.154585
5 0.138058
6 0.155866
7 0.136501
8 0.0675835
9 0.1011
10 0.125752
11 0.123639
12 0.168825
13 0.13778
14 0.133336
15 0.168094
16 0.159017
17 0.122362
18 0.137072
19 0.168835
20 0.187931
21 0.22324
22 0.249699
23 0.239663
24 0.22822
25 0.2413
26 0.212757
27 0.193001
28 0.201685
29 0.197949
"[DEBUG]index 95 centroid... "
0 0.134827
1 0.110517
2 0.122322
3 0.139681
4 0.16207
5 0.118717
6 0.153102
7 0.130538
8 0.0686
9 0.0560082
10 0.0887599
11 0.153647
12 0.158596
13 0.167459
14 0.161231
15 0.135679
16 0.118405
17 0.133608
18 0.113683
19 0.0990926
20 0.157639
21 0.165891
22 0.163202
23 0.139201
24 0.142559
25 0.130982
26 0.131092
27 0.147326
28 0.128398
29 0.151534
"[DEBUG]index 96 centroid... "
0 0.157618
1 0.12297
2 0.150578
3 0.159207
4 0.150751
5 0.131005
6 0.148344
7 0.171225
8 0.108513
9 0.128656
10 0.151043
11 0.157188
12 0.123715
13 0.170396
14 0.183844
15 0.127619
16 0.148647
17 0.170935
18 0.148245
19 0.118897
20 0.170258
21 0.159208
22 0.127952
23 0.164387
24 0.16871
25 0.150116
26 0.16555
27 0.154629
28 0.157571
29 0.159346
"[DEBUG]index 97 centroid... "
0 0.150416
1 0.136399
2 0.14428
3 0.165603
4 0.162764
5 0.144433
6 0.143801
7 0.14422
8 0.104896
9 0.150608
10 0.140201
11 0.101027
12 0.122297
13 0.118575
14 0.12855
15 0.156765
16 0.137271
17 0.14909
18 0.121478
19 0.114567
20 0.147968
21 0.118812
22 0.118876
23 0.151243
24 0.153135
25 0.145958
26 0.124761
27 0.140456
28 0.150252
29 0.140368
"[DEBUG]index 98 centroid... "
0 0.184661
1 0.152309
2 0.175984
3 0.179815
4 0.169335
5 0.172257
6 0.19059
7 0.16386
8 0.0910654
9 0.160766
10 0.175603
11 0.147027
12 0.148008
13 0.17984
14 0.123359
15 0.101152
16 0.152976
17 0.0723772
18 0.141924
19 0.183053
20 0.157348
21 0.160627
22 0.184517
23 0.117383
24 0.139868
25 0.166475
26 0.188637
27 0.201287
28 0.195087
29 0.224683
"[DEBUG]index 99 centroid... "
0 0.149259
1 0.138593
2 0.15273
3 0.159336
4 0.164232
5 0.158143
6 0.161007
7 0.168189
8 0.103226
9 0.107002
10 0.133092
11 0.140692
12 0.153312
13 0.169117
14 0.158924
15 0.133826
16 0.164598
17 0.149276
18 0.100818
19 0.151989
20 0.155735
21 0.121456
22 0.158036
23 0.147189
24 0.153669
25 0.139004
26 0.141541
27 0.140326
28 0.156628
29 0.165196
