correlation level (red against blue): 
-0.410295
-0.451457
-0.245299
0.148845
-0.587596
-0.593996
-0.607742
-0.0123039
-0.590312
-0.699517
-0.717039
-0.44454
-0.695752
-0.595506
0.174224
-0.498962
-0.632761
-0.50866
-0.679788
-0.483112
-0.504747
-0.776334
-0.658735
-0.612494
-0.49892
-0.592983
-0.0168681
-0.622604
-0.613439
-0.540762
-0.632468
-0.469079
-0.454944
-0.690223
-0.641868
-0.479616
-0.680354
-0.699644
-0.579319
-0.721879
-0.578549
-0.580414
-0.758414
-0.584713
-0.556698
-0.58001
-0.519589
-0.51194
-0.672866
-0.29921
-0.712409
-0.495466
-0.694168
-0.153504
0.108643
-0.462221
-0.639589
-0.52145
-0.62915
-0.341372
-0.59554
-0.632087
-0.396482
-0.303344
-0.477535
-0.475006
-0.50569
-0.337154
-0.296229
-0.546838
-0.680752
-0.679558
-0.497275
-0.444398
-0.551201
-0.366435
-0.475128
-0.6816
-0.573022
-0.254512
-0.568037
-0.647884
-0.55449
-0.506059
-0.619194
-0.583682
-0.495927
-0.576044
-0.677703
-0.64078
-0.446905
-0.453592
-0.675455
-0.725312
-0.60286
-0.648993
-0.667843
-0.661355
-0.746668
-0.719517
