"[DEBUG]index 0 centroid... "
0 0.638743
1 1.36649
2 1.11518
3 0.926702
4 0.947644
5 1.3822
6 1.68586
7 1.1623
8 2.37173
9 2.90052
10 4.62304
11 5.34031
12 7.30366
13 9.35079
14 12.5288
15 12.3403
16 8.29843
17 6.58115
18 5.46073
19 4.53403
20 3.66492
21 2.62827
22 2.3822
23 1.28272
24 1.20419
25 1.43979
26 1.48691
27 1.31414
28 1.29843
29 0.905759
"[DEBUG]index 1 centroid... "
0 9.30252
1 8.36134
2 10.4874
3 12.7563
4 12.4034
5 8.13445
6 5.56302
7 5.20168
8 15.1345
9 5.94118
10 5.48739
11 2.71429
12 1.36134
13 0.680672
14 0.268908
15 0.319328
16 0.403361
17 0.310924
18 0.235294
19 0.563025
20 0.983193
21 0.857143
22 1.62185
23 6.86555
24 4.79832
25 9.33613
26 3.08403
27 8.42857
28 4.84874
29 10.9664
"[DEBUG]index 2 centroid... "
0 1.98301
1 2.14311
2 1.6771
3 1.76208
4 1.7585
5 2.05098
6 1.7585
7 1.63953
8 8.8703
9 2.89982
10 1.64311
11 0.860465
12 0.419499
13 0.563506
14 0.849732
15 1.76923
16 4.15653
17 6.83542
18 15.0966
19 6.75045
20 4.00447
21 1.5161
22 0.931127
23 1.98032
24 2.22004
25 1.90966
26 2.22898
27 2.39714
28 2.15116
29 2.20841
"[DEBUG]index 3 centroid... "
0 5.25641
1 3.79487
2 2.69231
3 4.30769
4 2.82051
5 3.89744
6 3.61538
7 1.87179
8 11.4615
9 2.74359
10 2.25641
11 1.30769
12 0.948718
13 2.4359
14 4.87179
15 6.53846
16 6.87179
17 1.94872
18 1.10256
19 0.461538
20 0.230769
21 0.333333
22 0.512821
23 2.15385
24 2.87179
25 2.89744
26 3.17949
27 2.94872
28 2.92308
29 2.48718
"[DEBUG]index 4 centroid... "
0 1.94896
1 2.07043
2 1.67975
3 1.62135
4 2.03411
5 2.10822
6 2.2189
7 1.1173
8 16.4464
9 2.97791
10 2.01791
11 0.985031
12 2.21865
13 1.30429
14 4.92172
15 5.5946
16 1.36049
17 0.862086
18 2.52393
19 1.76957
20 3.30307
21 19.2081
22 4.39387
23 2.33129
24 2.45791
25 2.37399
26 1.85006
27 1.88957
28 1.87804
29 2.04736
"[DEBUG]index 5 centroid... "
0 2.29629
1 2.24798
2 2.22927
3 2.15149
4 2.19771
5 2.08852
6 2.02192
7 1.24407
8 14.9455
9 3.93968
10 2.21488
11 3.80173
12 17.4201
13 2.0525
14 1.54007
15 1.19855
16 1.0733
17 1.63683
18 2.71391
19 16.1194
20 3.67523
21 1.93256
22 2.2685
23 2.3284
24 1.93619
25 1.77855
26 1.90198
27 2.15512
28 2.02192
29 1.97598
"[DEBUG]index 6 centroid... "
0 2.0693
1 1.94313
2 2.0055
3 1.64707
4 1.77109
5 1.78853
6 1.69391
7 1.54815
8 14.871
9 2.46356
10 11.7742
11 13.455
12 3.65902
13 1.71517
14 0.914217
15 1.44182
16 3.63297
17 4.14767
18 1.44779
19 0.691756
20 1.58686
21 3.81195
22 1.12401
23 1.52593
24 1.45639
25 1.53978
26 1.40454
27 1.50968
28 1.43297
29 1.32043
"[DEBUG]index 7 centroid... "
0 2.40164
1 2.43989
2 2.80874
3 2.50273
4 2.34973
5 2.25956
6 2.28415
7 1.27049
8 10.4672
9 2.9918
10 5.94809
11 2.73497
12 11.0628
13 9.07104
14 3.60383
15 1.33333
16 0.740437
17 0.336066
18 0.306011
19 0.745902
20 0.674863
21 1.18579
22 5.01639
23 1.53552
24 1.93169
25 1.84973
26 1.79235
27 1.95082
28 1.86885
29 1.4235
"[DEBUG]index 8 centroid... "
0 2.35478
1 2.3245
2 2.2191
3 2.01898
4 2.47486
5 2.67135
6 2.37494
7 1.47891
8 28.7749
9 3.36353
10 2.13181
11 2.34647
12 2.1511
13 6.79088
14 1.46687
15 8.93567
16 1.58902
17 10.4209
18 1.80658
19 1.66228
20 7.34895
21 1.78174
22 0.754771
23 2.44723
24 2.26648
25 2.10491
26 2.01615
27 2.22433
28 2.14559
29 1.98325
"[DEBUG]index 9 centroid... "
0 3.10833
1 2.92347
2 2.70126
3 2.38989
4 2.70098
5 2.72072
6 2.5492
7 1.83743
8 24.7446
9 3.62658
10 6.86881
11 8.75706
12 2.67571
13 0.839273
14 1.53344
15 9.77652
16 1.6794
17 0.853188
18 1.73804
19 9.49893
20 1.55417
21 0.761749
22 2.14298
23 2.51044
24 2.09016
25 2.28127
26 2.35908
27 2.31932
28 2.2861
29 2.16783
"[DEBUG]index 10 centroid... "
0 2.27901
1 2.45053
2 2.33032
3 2.01661
4 2.44735
5 2.59052
6 2.44075
7 1.46494
8 20.765
9 3.98901
10 2.5871
11 0.943074
12 1.64525
13 8.80699
14 1.65502
15 0.7613
16 1.81603
17 8.17444
18 7.34913
19 1.88444
20 1.0579
21 1.67921
22 9.90985
23 1.80015
24 2.18544
25 2.56804
26 2.5893
27 2.29245
28 2.3225
29 2.25727
"[DEBUG]index 11 centroid... "
0 1.61008
1 1.74465
2 1.45329
3 1.4463
4 1.35
5 1.61379
6 1.82695
7 1.28951
8 9.13724
9 2.27469
10 9.51049
11 2.91111
12 1.48498
13 1.69012
14 0.690741
15 1.28148
16 3.96152
17 1.54835
18 3.85206
19 5.9356
20 19.6798
21 5.94774
22 3.84465
23 1.82634
24 1.95267
25 1.49403
26 1.53765
27 1.58601
28 1.73086
29 1.63148
"[DEBUG]index 12 centroid... "
0 2.23279
1 2.1595
2 1.87051
3 1.78861
4 2.26196
5 2.3152
6 2.39184
7 1.57593
8 19.0233
9 3.12362
10 1.94964
11 1.84173
12 6.33561
13 1.80124
14 1.87007
15 3.44516
16 21.9537
17 3.65161
18 1.95712
19 6.11018
20 2.1174
21 1.43271
22 4.82703
23 1.90128
24 2.1007
25 2.12338
26 2.16824
27 2.01993
28 1.87081
29 1.82635
"[DEBUG]index 13 centroid... "
0 2.75712
1 2.55779
2 2.53043
3 2.21161
4 2.1703
5 2.02513
6 2.53434
7 1.58012
8 15.182
9 2.43719
10 16.2574
11 2.2909
12 17.2976
13 2.87046
14 5.52317
15 1.59911
16 1.87493
17 3.47627
18 4.31379
19 1.57398
20 0.965382
21 0.502513
22 0.786711
23 1.54886
24 1.43886
25 1.55891
26 1.58515
27 1.71357
28 1.62926
29 1.40704
"[DEBUG]index 14 centroid... "
0 3.11182
1 2.97713
2 2.34308
3 2.22999
4 2.80686
5 3.31004
6 2.74206
7 1.95172
8 15.6201
9 3.55019
10 2.32402
11 0.886912
12 0.41169
13 1.05464
14 0.898348
15 1.61245
16 9.82973
17 2.3507
18 1.02033
19 0.963151
20 2.91868
21 1.17662
22 8.50318
23 2.22872
24 2.9784
25 3.13723
26 3.03558
27 2.38501
28 2.77891
29 2.80305
"[DEBUG]index 15 centroid... "
0 1.66544
1 1.82816
2 1.90441
3 1.35021
4 1.69042
5 1.85814
6 1.88421
7 1.42342
8 7.2922
9 19.3774
10 7.77841
11 3.63046
12 1.69694
13 3.38431
14 11.4484
15 2.44254
16 1.04432
17 3.21986
18 1.37019
19 3.17814
20 1.06735
21 3.46035
22 2.68955
23 1.45297
24 1.3741
25 1.33196
26 1.3552
27 1.51944
28 1.2292
29 1.21312
"[DEBUG]index 16 centroid... "
0 2.51236
1 2.42091
2 2.22589
3 1.97676
4 2.73757
5 2.59617
6 2.52255
7 1.39693
8 25.2942
9 3.49546
10 2.06318
11 0.971608
12 0.980989
13 1.55883
14 2.07548
15 0.651963
16 2.20875
17 0.820328
18 1.62668
19 10.1625
20 1.32903
21 1.90979
22 0.770191
23 2.60481
24 1.93284
25 1.99025
26 2.06486
27 2.25938
28 2.20564
29 2.21216
"[DEBUG]index 17 centroid... "
0 2.52904
1 2.58841
2 2.34513
3 2.09564
4 2.23606
5 2.57281
6 2.29818
7 1.60719
8 20.4208
9 4.19084
10 1.90783
11 9.93196
12 2.08856
13 0.755706
14 0.971829
15 2.34643
16 0.744005
17 1.69835
18 9.4139
19 1.98021
20 1.84282
21 7.66036
22 7.75383
23 1.95204
24 2.55215
25 2.52355
26 2.33502
27 2.32693
28 2.4269
29 2.29962
"[DEBUG]index 18 centroid... "
0 2.04522
1 2.08633
2 1.88295
3 1.6935
4 1.90699
5 2.2547
6 2.22579
7 1.48335
8 16.0069
9 3.66632
10 1.81255
11 5.44873
12 1.90432
13 1.91768
14 4.90957
15 1.56692
16 2.84308
17 19.8284
18 4.24735
19 2.10217
20 4.35057
21 17.7078
22 3.42631
23 2.01364
24 2.38386
25 2.35314
26 2.09539
27 2.149
28 2.18573
29 2.16646
"[DEBUG]index 19 centroid... "
0 1.97535
1 1.89077
2 1.55776
3 1.70517
4 1.98212
5 1.87627
6 2.02755
7 1.37264
8 12.2924
9 2.69212
10 1.97438
11 1.21218
12 1.69067
13 2.35428
14 16.2856
15 3.15611
16 1.99662
17 4.50942
18 12.8516
19 12.1986
20 3.24601
21 1.62011
22 5.85742
23 1.9014
24 1.81247
25 1.98502
26 2.16771
27 2.09618
28 2.03528
29 1.87579
"[DEBUG]index 20 centroid... "
0 3.978
1 3.622
2 3.692
3 2.962
4 3.24
5 3.694
6 2.706
7 2.072
8 15.202
9 5.66
10 1.66
11 2.588
12 3.084
13 0.778
14 0.398
15 0.806
16 1.868
17 9.358
18 1.67
19 2.208
20 0.86
21 0.384
22 0.716
23 2.918
24 2.464
25 2.674
26 2.864
27 2.828
28 2.998
29 2.664
"[DEBUG]index 21 centroid... "
0 2.55091
1 2.57412
2 2.3537
3 2.09196
4 2.49513
5 2.64077
6 2.37165
7 1.67225
8 32.6185
9 3.91307
10 2.0393
11 10.2298
12 2.29215
13 1.63693
14 1.95625
15 0.780152
16 1.62133
17 2.28447
18 0.805736
19 1.84455
20 7.22975
21 1.47258
22 1.84512
23 2.22973
24 2.1708
25 1.86445
26 1.92899
27 1.98933
28 2.0185
29 1.97829
"[DEBUG]index 22 centroid... "
0 2.53543
1 2.28365
2 2.06227
3 2.10831
4 2.48164
5 2.58653
6 2.61177
7 1.47729
8 19.4752
9 2.9729
10 1.48929
11 5.40633
12 6.2403
13 1.58674
14 3.06683
15 22.5612
16 3.05224
17 1.76911
18 1.09631
19 1.00652
20 1.46767
21 4.85321
22 1.35275
23 2.24527
24 2.15103
25 1.98231
26 1.80873
27 1.72008
28 1.69142
29 1.59501
"[DEBUG]index 23 centroid... "
0 2.3033
1 2.18963
2 1.98796
3 2.04617
4 2.36383
5 2.5037
6 2.25945
7 1.38306
8 17.9195
9 3.1966
10 2.20368
11 2.35316
12 6.28291
13 2.70209
14 21.1756
15 3.10691
16 2.06212
17 1.01141
18 1.60142
19 4.60649
20 1.32379
21 1.43778
22 0.793577
23 2.15804
24 1.75681
25 1.63691
26 1.68561
27 1.69501
28 1.67917
29 1.61864
"[DEBUG]index 24 centroid... "
0 2.69875
1 2.60674
2 2.45029
3 2.28067
4 2.60991
5 2.90732
6 2.65293
7 1.67901
8 30.1923
9 3.72968
10 1.93559
11 9.83199
12 2.13792
13 5.98272
14 1.74625
15 10.2501
16 1.58185
17 1.78587
18 7.99222
19 1.83007
20 0.788229
21 1.96072
22 1.82872
23 2.2179
24 2.07728
25 2.08193
26 2.17997
27 2.12906
28 2.19179
29 1.90412
"[DEBUG]index 25 centroid... "
0 3.08573
1 2.8268
2 2.61343
3 2.0868
4 2.78657
5 2.91994
6 2.64114
7 1.75264
8 31.4405
9 3.63692
10 12.4806
11 1.86062
12 1.02533
13 0.839613
14 1.96353
15 1.69134
16 0.736839
17 2.11244
18 2.27806
19 0.622387
20 1.69547
21 1.73425
22 0.619636
23 2.0354
24 1.88488
25 1.96779
26 1.82381
27 2.05271
28 2.06808
29 2.06187
"[DEBUG]index 26 centroid... "
0 2.67598
1 2.80559
2 2.74206
3 2.47268
4 3.00508
5 2.77255
6 2.41677
7 1.66709
8 15.3202
9 4.31004
10 1.87166
11 1.00381
12 2.33926
13 9.68234
14 1.56163
15 0.599746
16 0.479034
17 0.950445
18 2.31131
19 1.37865
20 9.60356
21 1.60229
22 8.88056
23 2.44981
24 3.12961
25 2.60102
26 2.77382
27 2.26429
28 2.7662
29 2.59975
"[DEBUG]index 27 centroid... "
0 1.51731
1 1.66667
2 1.59948
3 1.39612
4 1.35917
5 1.54005
6 1.63643
7 1.47623
8 9.78114
9 2.29121
10 8.28372
11 8.16357
12 2.59535
13 1.33979
14 3.93747
15 1.63669
16 3.15607
17 5.24186
18 21.177
19 6.02093
20 3.53411
21 1.48036
22 4.09302
23 1.35711
24 1.23023
25 1.4491
26 1.57235
27 1.59845
28 1.67054
29 1.3832
"[DEBUG]index 28 centroid... "
0 1.964
1 2.10763
2 2.07999
3 1.86105
4 2.11879
5 2.2069
6 1.79779
7 1.37551
8 17.408
9 3.39731
10 6.19713
11 5.40314
12 4.21032
13 21.6405
14 3.24582
15 1.34495
16 5.47414
17 1.50266
18 4.78296
19 1.54475
20 6.19409
21 1.26762
22 5.94828
23 1.80413
24 1.88578
25 1.72693
26 1.88565
27 1.75482
28 1.78499
29 1.66658
"[DEBUG]index 29 centroid... "
0 2.3883
1 2.19022
2 2.02026
3 1.70812
4 2.1069
5 2.50952
6 2.39616
7 2.05397
8 16.3801
9 2.21729
10 17.2608
11 3.17747
12 2.2379
13 2.10917
14 4.48734
15 2.55598
16 17.731
17 3.51668
18 1.8414
19 4.3221
20 5.07738
21 1.33904
22 0.857293
23 1.93904
24 1.73293
25 1.70568
26 1.66707
27 1.83983
28 1.77834
29 1.5979
"[DEBUG]index 30 centroid... "
0 1.99332
1 2.23035
2 2.01243
3 1.84498
4 2.12939
5 2.4141
6 2.21187
7 1.35523
8 19.9349
9 4.06368
10 2.10718
11 0.8863
12 2.34545
13 0.71575
14 1.88133
15 0.567257
16 1.98913
17 8.47095
18 1.41519
19 7.45899
20 6.49441
21 1.40882
22 8.39034
23 2.08326
24 2.16884
25 2.25598
26 2.38242
27 2.29015
28 2.30009
29 2.23812
"[DEBUG]index 31 centroid... "
0 3.30376
1 2.97521
2 2.86024
3 2.56282
4 3.11797
5 3.07248
6 2.84186
7 1.6302
8 33.4044
9 4.47226
10 2.93283
11 2.36845
12 13.7308
13 1.35486
14 0.881417
15 2.25075
16 2.11827
17 0.90016
18 2.14136
19 0.980189
20 2.207
21 1.83506
22 0.913896
23 2.42058
24 2.23422
25 2.14861
26 2.13948
27 2.29349
28 2.23064
29 2.19141
"[DEBUG]index 32 centroid... "
0 1.88141
1 1.74199
2 1.51976
3 1.46955
4 1.73825
5 2.08761
6 1.98397
7 1.38194
8 12.8809
9 2.21474
10 1.41667
11 0.763355
12 0.762821
13 1.31944
14 2.5422
15 13.1774
16 10.5556
17 3.49092
18 4.96474
19 1.49947
20 4.54434
21 3.70299
22 1.22917
23 1.68643
24 2.10417
25 1.59455
26 1.83066
27 1.79327
28 1.79274
29 1.60203
"[DEBUG]index 33 centroid... "
0 2.40179
1 2.24426
2 2.27408
3 1.77893
4 2.05993
5 2.13336
6 2.21766
7 1.41734
8 19.3037
9 2.51752
10 21.582
11 3.35653
12 1.95883
13 2.21975
14 1.87141
15 0.727282
16 0.864055
17 0.754568
18 1.8987
19 4.81932
20 1.28875
21 5.05886
22 1.55879
23 1.99323
24 1.81065
25 1.83097
26 1.6253
27 1.68801
28 1.7725
29 1.80027
"[DEBUG]index 34 centroid... "
0 2.21101
1 2.11031
2 2.0562
3 1.90579
4 2.32572
5 2.57462
6 2.41495
7 1.49606
8 18.081
9 2.71472
10 2.09479
11 1.25585
12 2.04554
13 3.55365
14 21.7101
15 3.30464
16 1.67775
17 6.51437
18 1.9854
19 0.805794
20 2.0416
21 1.55295
22 5.09189
23 2.01054
24 2.27404
25 2.22225
26 2.10614
27 1.9861
28 1.86976
29 1.95724
"[DEBUG]index 35 centroid... "
0 2.06003
1 2.08782
2 1.82759
3 1.69901
4 1.82009
5 1.84584
6 1.82128
7 1.18793
8 16.3237
9 3.20532
10 5.25648
11 3.44441
12 18.8041
13 2.91985
14 1.4954
15 4.39512
16 1.55611
17 5.33322
18 1.58271
19 5.71726
20 3.22186
21 16.3603
22 3.76143
23 1.99847
24 2.21385
25 2.00921
26 1.71982
27 1.81003
28 1.83868
29 1.8235
"[DEBUG]index 36 centroid... "
0 2.5705
1 2.46596
2 2.30738
3 1.95497
4 1.99802
5 2.56293
6 2.34022
7 1.64112
8 13.6889
9 16.3095
10 4.25005
11 1.72293
12 7.80947
13 1.45904
14 0.688777
15 0.809466
16 1.56172
17 1.4955
18 0.691851
19 2.03613
20 0.708873
21 1.3635
22 4.73435
23 1.43224
24 1.67296
25 1.75664
26 1.78849
27 1.55041
28 1.61256
29 1.70723
"[DEBUG]index 37 centroid... "
0 2.32155
1 2.31041
2 2.15918
3 1.95497
4 2.23333
5 2.58905
6 2.36702
7 1.45581
8 20.0854
9 3.41812
10 1.99666
11 2.06819
12 1.9792
13 1.96293
14 5.95522
15 1.98515
16 3.8522
17 22.0879
18 3.75032
19 1.86427
20 1.129
21 2.00644
22 0.778825
23 1.93091
24 1.88425
25 2.00269
26 1.99074
27 2.05343
28 1.89335
29 1.72837
"[DEBUG]index 38 centroid... "
0 2.57234
1 2.50568
2 2.16096
3 2.17394
4 2.64098
5 2.80861
6 2.8408
7 1.51617
8 24.4199
9 3.37134
10 1.85715
11 1.0781
12 2.43089
13 0.712987
14 1.70389
15 11.0756
16 1.75398
17 1.73799
18 9.07201
19 2.17086
20 0.861113
21 1.81198
22 8.51558
23 2.01298
24 2.55357
25 2.72333
26 2.81206
27 2.30381
28 2.4952
29 2.25533
"[DEBUG]index 39 centroid... "
0 2.12106
1 2.20871
2 1.89219
3 1.83936
4 2.06812
5 2.20843
6 2.00385
7 1.39381
8 19.93
9 3.33339
10 1.99887
11 5.60795
12 1.79526
13 4.63502
14 1.30615
15 5.79695
16 5.62748
17 2.1774
18 3.55557
19 23.471
20 3.33311
21 1.78914
22 2.06602
23 2.22502
24 1.77255
25 1.79367
26 1.80488
27 1.97611
28 1.89661
29 1.75794
"[DEBUG]index 40 centroid... "
0 4.82602
1 4.47154
2 4.05772
3 4.01626
4 4.12602
5 4.41707
6 3.65041
7 2.61463
8 15.5
9 5.50244
10 1.75772
11 10.0797
12 2.43252
13 2.12195
14 2.6439
15 0.873984
16 0.336585
17 0.843902
18 0.770732
19 2.45366
20 0.530081
21 0.373171
22 0.757724
23 2.60976
24 2.12846
25 2.17805
26 2.15935
27 2.4878
28 2.33577
29 2.31138
"[DEBUG]index 41 centroid... "
0 1.90844
1 2.349
2 2.04771
3 2.05348
4 1.64601
5 2.22138
6 2.13305
7 1.67586
8 7.19879
9 17.8878
10 3.73188
11 19.497
12 6.22847
13 2.98906
14 3.316
15 3.01873
16 1.31723
17 0.870623
18 1.26033
19 1.25079
20 2.40336
21 1.18304
22 0.650385
23 1.33771
24 1.28746
25 1.15748
26 1.17586
27 1.21446
28 1.16483
29 1.14697
"[DEBUG]index 42 centroid... "
0 2.22478
1 2.27437
2 2.04113
3 1.68974
4 1.78504
5 2.37678
6 2.19211
7 1.46395
8 13.9304
9 16.4047
10 3.91825
11 1.6867
12 6.7329
13 1.17908
14 1.55027
15 0.761171
16 1.57854
17 5.75762
18 4.90792
19 1.20836
20 6.06618
21 1.56432
22 0.69499
23 1.80552
24 1.73053
25 1.43771
26 1.61933
27 1.78588
28 1.6894
29 1.55603
"[DEBUG]index 43 centroid... "
0 2.74336
1 2.84088
2 2.53116
3 2.51039
4 3.0238
5 3.37926
6 3.04559
7 1.84117
8 23.4789
9 3.39758
10 2.18883
11 2.77525
12 0.945903
13 1.81939
14 10.604
15 1.75404
16 0.925851
17 1.0378
18 0.895268
19 2.65912
20 0.701385
21 1.64253
22 8.52178
23 2.25981
24 2.69821
25 2.63272
26 2.63474
27 2.26414
28 2.24452
29 2.353
"[DEBUG]index 44 centroid... "
0 2.20906
1 2.24577
2 2.06247
3 1.74365
4 2.04519
5 2.26457
6 2.16539
7 1.40509
8 23.9635
9 3.31977
10 8.15071
11 1.87898
12 0.952149
13 2.19318
14 0.816001
15 1.85221
16 1.46326
17 9.70099
18 1.50997
19 8.07481
20 1.46421
21 7.85797
22 1.5325
23 2.25128
24 2.09045
25 2.17716
26 1.94898
27 2.32173
28 2.08899
29 2.23736
"[DEBUG]index 45 centroid... "
0 2.21774
1 2.11185
2 2.06527
3 1.77305
4 2.17431
5 2.26818
6 2.0357
7 1.31415
8 24.2979
9 2.97359
10 8.8213
11 1.8642
12 1.89973
13 7.50408
14 1.17923
15 6.30985
16 1.67409
17 1.91438
18 0.812527
19 1.7698
20 7.5954
21 1.28941
22 7.9371
23 2.12677
24 2.39582
25 2.17502
26 2.0572
27 1.87929
28 1.95649
29 1.92166
"[DEBUG]index 46 centroid... "
0 2.54747
1 2.49623
2 2.29543
3 2.09582
4 2.64527
5 2.65655
6 2.42133
7 1.29148
8 29.7772
9 3.7281
10 2.57028
11 2.42859
12 9.39254
13 1.18338
14 8.76544
15 1.87122
16 0.935094
17 2.16436
18 8.30122
19 1.70845
20 1.76785
21 7.82166
22 1.89186
23 2.46139
24 2.3936
25 2.42007
26 2.21251
27 2.32976
28 2.29615
29 2.2849
"[DEBUG]index 47 centroid... "
0 2.39968
1 2.43511
2 2.1585
3 1.93873
4 2.35429
5 2.51308
6 2.37266
7 1.56963
8 26.3758
9 3.5632
10 1.92468
11 7.41709
12 2.23303
13 0.812296
14 2.10269
15 1.67763
16 8.53878
17 1.62494
18 10.1433
19 1.53575
20 8.25946
21 1.59095
22 1.97678
23 2.15117
24 2.34106
25 1.98589
26 2.19273
27 2.28297
28 2.32068
29 2.06758
"[DEBUG]index 48 centroid... "
0 2.09584
1 2.08204
2 1.86675
3 1.72445
4 2.44895
5 2.47915
6 2.34134
7 1.42806
8 40.2888
9 2.87913
10 2.21255
11 2.04625
12 2.06632
13 5.1801
14 1.62268
15 1.47353
16 6.00843
17 1.87525
18 1.89493
19 1.91825
20 1.52742
21 5.13889
22 1.50076
23 1.97008
24 1.95271
25 1.97161
26 1.80851
27 1.81788
28 1.82095
29 1.78689
"[DEBUG]index 49 centroid... "
0 3.39921
1 3.40824
2 3.36702
3 3.24224
4 3.81592
5 3.60192
6 3.53303
7 1.87973
8 21.2434
9 3.393
10 1.89385
11 0.995483
12 2.56409
13 1.22868
14 10.7758
15 1.22756
16 2.53924
17 0.912479
18 0.422925
19 0.623941
20 2.06832
21 1.75099
22 0.548278
23 2.69622
24 2.56861
25 2.38792
26 2.29644
27 2.45003
28 2.51835
29 2.2716
"[DEBUG]index 50 centroid... "
0 2.50098
1 2.45625
2 2.44197
3 2.13151
4 2.41898
5 2.67504
6 2.23689
7 1.39409
8 27.7084
9 4.04344
10 1.86236
11 8.11544
12 9.18906
13 1.31439
14 7.57101
15 1.93031
16 1.57348
17 7.90238
18 1.65565
19 2.06227
20 0.949587
21 1.67307
22 7.38088
23 1.92261
24 2.23402
25 2.23408
26 2.3661
27 2.16939
28 2.02518
29 2.00298
"[DEBUG]index 51 centroid... "
0 2.1784
1 2.17045
2 2.00451
3 1.70884
4 2.21124
5 2.26828
6 2.3182
7 1.38519
8 24.5336
9 2.66117
10 9.15136
11 1.89583
12 1.01423
13 1.73445
14 7.45687
15 1.20685
16 2.12415
17 1.65762
18 9.54058
19 1.43137
20 7.39136
21 1.399
22 7.97557
23 1.85682
24 2.33776
25 2.05235
26 2.26602
27 2.00883
28 2.18889
29 1.96905
"[DEBUG]index 52 centroid... "
0 3.36523
1 3.29123
2 2.90659
3 2.65377
4 3.12866
5 3.29486
6 3.15827
7 2.15115
8 24.3177
9 4.27062
10 1.80325
11 10.8022
12 2.53096
13 0.725826
14 2.70911
15 2.08407
16 8.8199
17 1.92788
18 0.821448
19 2.66391
20 0.701383
21 2.02458
22 0.698832
23 2.66116
24 2.40774
25 2.3569
26 2.34502
27 2.44292
28 2.21542
29 2.22905
"[DEBUG]index 53 centroid... "
0 2.93379
1 2.61644
2 2.25571
3 2.01142
4 2.47945
5 2.34932
6 2.49772
7 1.1621
8 11.6096
9 3.68265
10 1.78082
11 0.821918
12 0.385845
13 0.289954
14 0.504566
15 2.15753
16 0.614155
17 0.815068
18 2.23516
19 4.06849
20 12.0114
21 4.37671
22 1.75342
23 2.59589
24 2.52055
25 2.33105
26 2.08447
27 2.18493
28 2.66895
29 2.50913
"[DEBUG]index 54 centroid... "
0 4.64211
1 4.93158
2 4.06316
3 4.48421
4 4.02632
5 4.75789
6 4.69474
7 2.45789
8 12.5
9 5.16316
10 1.87895
11 9.19474
12 2.85789
13 1.16316
14 1.13158
15 4.53684
16 0.863158
17 1.20526
18 0.463158
19 0.336842
20 0.515789
21 0.8
22 3.08947
23 2.75263
24 2.45263
25 2.63158
26 2.80526
27 3.29474
28 2.44211
29 2.67368
"[DEBUG]index 55 centroid... "
0 2.40723
1 2.56988
2 2.16265
3 1.80241
4 2.0012
5 2.21446
6 2.16386
7 1.1747
8 12.8253
9 3.90964
10 1.58795
11 5.84096
12 5.92169
13 1.04819
14 0.645783
15 1.95422
16 0.625301
17 0.368675
18 0.724096
19 1.80482
20 3.91566
21 13.4602
22 4.07711
23 2.33855
24 2.77349
25 2.47349
26 1.95663
27 2.06386
28 2.21807
29 2.18916
"[DEBUG]index 56 centroid... "
0 2.77372
1 2.79362
2 2.52194
3 2.41811
4 2.54796
5 3.08151
6 2.3625
7 1.78495
8 22.3682
9 4.06033
10 2.11505
11 9.46263
12 1.78431
13 9.04286
14 1.94885
15 1.73163
16 6.54707
17 9.93559
18 1.37117
19 0.885714
20 2.12526
21 0.672194
22 1.83852
23 2.05434
24 2.1273
25 2.19082
26 2.15038
27 2.16709
28 1.9889
29 1.87895
"[DEBUG]index 57 centroid... "
0 1.43352
1 1.74121
2 1.42919
3 1.25802
4 1.18543
5 1.63933
6 1.83214
7 1.48268
8 6.59195
9 17.0644
10 5.21498
11 2.82756
12 1.68492
13 0.821447
14 1.04559
15 2.26643
16 9.83189
17 2.07234
18 3.73357
19 1.33673
20 0.669638
21 1.11971
22 2.55884
23 1.08125
24 1.31661
25 1.37697
26 1.43199
27 1.28604
28 1.22262
29 1.18569
"[DEBUG]index 58 centroid... "
0 2.59104
1 2.4984
2 2.16974
3 2.23084
4 2.57596
5 2.79674
6 2.6465
7 1.53116
8 22.0785
9 3.32211
10 2.19442
11 0.768551
12 2.23313
13 6.34283
14 1.51028
15 8.05683
16 9.1929
17 1.51806
18 10.4902
19 1.58342
20 1.98857
21 0.709279
22 1.79704
23 2.28417
24 2.33186
25 2.23861
26 2.33613
27 2.20494
28 2.13927
29 2.13363
"[DEBUG]index 59 centroid... "
0 2.17949
1 2.22403
2 1.94936
3 1.80104
4 2.10052
5 2.23242
6 2.13083
7 1.01841
8 20.0844
9 3.3421
10 2.25596
11 2.08842
12 7.67001
13 1.49158
14 4.8259
15 1.49103
16 6.88626
17 2.09783
18 2.27391
19 3.38038
20 22.2263
21 3.73575
22 2.12722
23 2.47313
24 2.54772
25 1.85026
26 1.9282
27 1.91158
28 2.19378
29 1.76224
"[DEBUG]index 60 centroid... "
0 2.00663
1 1.97392
2 2.03006
3 1.81079
4 2.00133
5 2.20601
6 2.3183
7 1.54819
8 11.4766
9 2.44695
10 12.7414
11 3.25597
12 3.36914
13 12.5623
14 2.70115
15 12.9483
16 2.75774
17 3.86737
18 1.41556
19 0.904951
20 0.681256
21 1.40363
22 3.28559
23 1.45402
24 1.45137
25 1.6313
26 1.542
27 1.51724
28 1.50133
29 1.41733
"[DEBUG]index 61 centroid... "
0 1.79344
1 2.05055
2 1.66686
3 1.62974
4 1.94964
5 2.0156
6 2.10328
7 1.29878
8 13.6935
9 3.6722
10 2.03712
11 1.14889
12 2.09479
13 4.89514
14 1.43148
15 0.91173
16 2.12994
17 1.71465
18 3.50592
19 17.0357
20 2.54463
21 15.7314
22 4.35269
23 2.21663
24 2.21919
25 2.03495
26 1.81102
27 2.09913
28 2.18602
29 2.18246
"[DEBUG]index 62 centroid... "
0 2.95786
1 2.56596
2 2.4617
3 2.25989
4 2.86359
5 2.77553
6 2.77992
7 1.70142
8 23.6786
9 3.70788
10 1.9495
11 1.19707
12 2.88901
13 0.716932
14 1.67204
15 10.7062
16 1.70151
17 8.79336
18 1.56424
19 9.7695
20 1.50211
21 0.922016
22 0.887118
23 2.77923
24 2.24981
25 2.52452
26 2.54149
27 2.81318
28 2.34899
29 2.31047
"[DEBUG]index 63 centroid... "
0 1.30664
1 1.37695
2 1.27148
3 1.17057
4 1.25781
5 1.6263
6 1.49154
7 1.19596
8 7.02214
9 2.71875
10 1.70052
11 1.39583
12 3.02344
13 2.73698
14 1.27148
15 2.7168
16 5.73763
17 14.6257
18 10.1654
19 11.2148
20 13.4668
21 5.29948
22 3.23177
23 1.86003
24 1.65951
25 1.50911
26 1.82617
27 1.77799
28 1.87305
29 1.40104
"[DEBUG]index 64 centroid... "
0 2.19828
1 2.10485
2 1.97573
3 1.69076
4 2.1158
5 2.14525
6 1.9853
7 1.25806
8 27.358
9 2.95781
10 7.84374
11 1.72142
12 10.0058
13 1.44008
14 1.55058
15 5.97285
16 1.48683
17 6.3195
18 7.01625
19 1.60413
20 7.76915
21 1.4723
22 7.28555
23 1.92466
24 2.22289
25 2.09563
26 2.15332
27 2.00121
28 2.04502
29 1.94582
"[DEBUG]index 65 centroid... "
0 2.17351
1 2.05702
2 2.03957
3 1.66724
4 1.86803
5 1.96756
6 2.05333
7 1.38068
8 14.8791
9 2.04694
10 15.9435
11 3.16515
12 1.90096
13 0.932907
14 1.51389
15 5.83878
16 1.35758
17 0.677316
18 0.908086
19 0.825264
20 1.30573
21 3.95453
22 5.05898
23 1.58688
24 1.99459
25 1.95822
26 1.73679
27 1.50184
28 1.49275
29 1.61342
"[DEBUG]index 66 centroid... "
0 2.24019
1 2.17552
2 2.04811
3 1.76356
4 2.10665
5 2.17393
6 2.23474
7 1.29612
8 25.805
9 2.90538
10 9.32165
11 1.63002
12 9.74132
13 1.39415
14 7.18266
15 1.31076
16 7.62117
17 1.35897
18 7.63955
19 7.36363
20 1.57862
21 5.64783
22 7.9258
23 1.80293
24 2.28443
25 2.21784
26 2.13944
27 2.00953
28 2.0944
29 2.05298
"[DEBUG]index 67 centroid... "
0 2.80775
1 2.51096
2 2.33918
3 2.33553
4 2.15497
5 2.26827
6 2.42909
7 1.53655
8 13.3692
9 4.07749
10 1.75877
11 7.5614
12 1.85599
13 0.51462
14 0.379386
15 0.780702
16 1.87573
17 1.87281
18 3.75146
19 14.5417
20 3.96345
21 2.12719
22 0.785088
23 2.69883
24 2.0614
25 1.95395
26 2.28216
27 2.60746
28 2.33845
29 2.2712
"[DEBUG]index 68 centroid... "
0 2.43546
1 2.38992
2 2.26097
3 2.08776
4 2.25283
5 2.1888
6 2.02863
7 1.30276
8 21.4264
9 4.03536
10 2.46856
11 4.19068
12 24.9954
13 2.91701
14 1.86061
15 2.09662
16 5.13496
17 4.64927
18 1.38903
19 4.97836
20 1.81286
21 1.85005
22 0.936312
23 2.09406
24 1.78644
25 1.75185
26 1.75684
27 1.86163
28 1.84191
29 1.72297
"[DEBUG]index 69 centroid... "
0 1.64135
1 1.65909
2 1.55266
3 1.53548
4 1.60809
5 1.82871
6 2.21452
7 1.69069
8 11.9784
9 2.01164
10 11.4728
11 3.19235
12 1.65521
13 3.83204
14 2.77716
15 11.944
16 2.72838
17 2.91297
18 13.8786
19 3.35033
20 2.52716
21 13.0072
22 3.06707
23 1.59313
24 1.98503
25 2.00222
26 1.74335
27 1.60477
28 1.66685
29 1.54823
"[DEBUG]index 70 centroid... "
0 2.08197
1 1.99477
2 1.82364
3 1.6793
4 1.64963
5 2.24944
6 2.12002
7 1.46987
8 13.6606
9 17.0979
10 4.27533
11 1.72663
12 1.60871
13 5.50242
14 0.980651
15 1.50033
16 0.720486
17 1.35979
18 4.64937
19 4.37325
20 1.30605
21 0.636554
22 1.53445
23 1.50464
24 1.39482
25 1.29167
26 1.4126
27 1.44463
28 1.60831
29 1.42685
"[DEBUG]index 71 centroid... "
0 2.4419
1 2.35856
2 2.17845
3 1.96762
4 2.65928
5 2.61116
6 2.64169
7 1.47844
8 28.9552
9 3.36895
10 2.04992
11 2.19019
12 2.69248
13 0.701454
14 2.11327
15 0.672437
16 2.06231
17 0.72553
18 2.45978
19 0.843457
20 2.02404
21 1.29143
22 10.061
23 1.62236
24 2.39054
25 2.21269
26 2.46755
27 2.02027
28 2.1415
29 2.09807
"[DEBUG]index 72 centroid... "
0 3.22662
1 2.7383
2 2.78821
3 2.36387
4 2.90647
5 2.81839
6 2.77359
7 1.59902
8 24.5356
9 3.28709
10 10.4298
11 1.87267
12 11.2387
13 1.59657
14 8.14834
15 6.54964
16 2.08969
17 0.782126
18 2.00789
19 0.766983
20 1.90775
21 0.61043
22 1.85432
23 2.07497
24 2.15911
25 1.98048
26 1.98454
27 1.96971
28 1.97473
29 1.81081
"[DEBUG]index 73 centroid... "
0 2.07605
1 1.98801
2 1.94656
3 1.5591
4 1.86399
5 2.20692
6 2.0161
7 1.46351
8 12.6026
9 1.97157
10 14.3118
11 3.80576
12 2.19013
13 3.48681
14 15.1031
15 2.27852
16 1.70401
17 1.21617
18 1.75471
19 2.8174
20 11.9705
21 3.13292
22 1.8174
23 2.13703
24 2.23878
25 1.77561
26 1.77869
27 1.61733
28 1.73313
29 1.78075
"[DEBUG]index 74 centroid... "
0 1.96591
1 2.04124
2 1.95114
3 1.79782
4 1.74802
5 1.85571
6 1.53224
7 1.54528
8 11.9735
9 2.62234
10 6.12026
11 21.449
12 6.49211
13 2.70372
14 1.788
15 0.961197
16 0.72618
17 1.16872
18 2.95491
19 1.34734
20 0.843296
21 1.36219
22 2.9612
23 1.23282
24 1.27665
25 1.33407
26 1.40924
27 1.39274
28 1.3248
29 1.3065
"[DEBUG]index 75 centroid... "
0 3.21252
1 3.00266
2 2.52831
3 2.38974
4 2.86942
5 3.21719
6 2.75217
7 1.52165
8 17.1306
9 5.24917
10 1.74284
11 0.912725
12 3.11193
13 0.828781
14 0.412392
15 0.806795
16 1.2545
17 9.86342
18 1.88408
19 0.832778
20 2.37841
21 9.07728
22 1.6016
23 2.52831
24 2.85476
25 2.92272
26 2.47568
27 3.01599
28 2.55963
29 3.03264
"[DEBUG]index 76 centroid... "
0 2.24452
1 2.2766
2 2.01369
3 2.06299
4 2.22105
5 2.41002
6 2.22105
7 1.55516
8 9.58607
9 3.25469
10 1.57981
11 3.6205
12 11.5614
13 2.9644
14 6.35172
15 19.5786
16 6.75078
17 3.4464
18 1.83998
19 1.88146
20 0.820423
21 0.492175
22 0.809077
23 1.63146
24 1.63693
25 1.56495
26 1.58881
27 1.58412
28 1.65297
29 1.44171
"[DEBUG]index 77 centroid... "
0 2.10489
1 2.11577
2 1.98922
3 1.82159
4 2.2289
5 2.57494
6 2.17704
7 1.57524
8 26.0191
9 3.5074
10 1.56975
11 8.99559
12 2.06088
13 1.40839
14 6.57455
15 7.10038
16 1.55416
17 8.59984
18 1.64513
19 7.9952
20 6.24772
21 1.46731
22 7.61278
23 2.24703
24 2.15871
25 2.24233
26 2.1841
27 2.05725
28 2.0347
29 1.94902
"[DEBUG]index 78 centroid... "
0 1.60201
1 1.76916
2 1.68687
3 1.63744
4 1.93751
5 1.81966
6 1.56078
7 1.19296
8 9.1162
9 3.22532
10 1.79438
11 3.92877
12 6.39122
13 23.9533
14 5.35717
15 2.94825
16 1.48946
17 3.62777
18 1.04502
19 1.26022
20 1.11491
21 2.94397
22 1.23927
23 1.45269
24 1.3577
25 1.30586
26 1.21877
27 1.20825
28 1.2723
29 1.20254
"[DEBUG]index 79 centroid... "
0 3.05662
1 2.94769
2 2.49231
3 2.61354
4 2.85538
5 2.51323
6 2.72923
7 1.35877
8 19.7883
9 4.06092
10 1.99631
11 2.02523
12 0.569846
13 1.95138
14 0.646154
15 0.271385
16 0.634462
17 1.47754
18 10.4929
19 1.33169
20 2.10831
21 1.936
22 1.81292
23 2.49662
24 2.36738
25 2.51815
26 2.45354
27 2.60369
28 2.79323
29 2.59877
"[DEBUG]index 80 centroid... "
0 3.51849
1 3.27165
2 2.99802
3 2.73927
4 3.46627
5 3.41973
6 3.14971
7 1.75514
8 23.0106
9 4.68867
10 2.69228
11 0.980069
12 2.22403
13 10.347
14 1.87707
15 1.92596
16 0.611382
17 2.71699
18 2.0827
19 0.631313
20 0.65368
21 1.74468
22 0.652597
23 2.55231
24 2.23647
25 2.31944
26 2.31953
27 2.3088
28 2.36679
29 2.28066
"[DEBUG]index 81 centroid... "
0 2.391
1 2.46307
2 2.11089
3 1.98885
4 2.39598
5 2.44037
6 2.13239
7 1.35596
8 14.744
9 4.1515
10 2.44674
11 2.05017
12 3.5208
13 16.5258
14 4.05395
15 2.03743
16 2.35258
17 3.91061
18 18.5777
19 3.12542
20 1.63309
21 2.18813
22 0.919769
23 1.999
24 1.91718
25 1.86263
26 1.89548
27 1.9134
28 1.87677
29 1.827
"[DEBUG]index 82 centroid... "
0 2.54968
1 2.34464
2 2.35936
3 1.91456
4 2.25342
5 2.59306
6 2.26945
7 1.57702
8 22.8018
9 2.55967
10 8.9377
11 1.86619
12 0.890641
13 1.51367
14 7.8888
15 6.97424
16 1.86172
17 2.00578
18 8.23396
19 7.32492
20 1.16614
21 1.88801
22 0.681388
23 2.28864
24 2.11593
25 1.93665
26 1.90168
27 2.09911
28 2.10331
29 1.8888
"[DEBUG]index 83 centroid... "
0 3.33945
1 3.19989
2 2.71908
3 2.49759
4 3.82485
5 3.58646
6 3.33095
7 1.81198
8 24.2592
9 3.89815
10 2.66905
11 0.939452
12 3.18926
13 1.04745
14 0.863458
15 1.7587
16 12.4481
17 2.56027
18 1.17101
19 2.29804
20 10.8292
21 1.57012
22 0.9615
23 3.20672
24 3.24734
25 2.86055
26 2.70118
27 3.7887
28 2.99709
29 3.03436
"[DEBUG]index 84 centroid... "
0 4.47489
1 3.98242
2 3.7292
3 3.41499
4 3.79376
5 3.79053
6 3.70014
7 2.55344
8 17.8992
9 3.76471
10 10.59
11 2.01686
12 1.01793
13 3.1406
14 0.790531
15 0.652798
16 3.03659
17 0.560617
18 2.46485
19 0.747848
20 0.343257
21 0.755739
22 0.731349
23 2.26973
24 2.00933
25 2.23171
26 2.39598
27 2.22669
28 2.41176
29 2.25897
"[DEBUG]index 85 centroid... "
0 1.4602
1 1.59417
2 1.34929
3 1.26221
4 1.16371
5 1.6712
6 1.71198
7 1.30654
8 6.75867
9 16.1101
10 5.22715
11 3.42849
12 1.41824
13 0.657998
14 1.36446
15 0.488771
16 1.01084
17 3.34062
18 1.47833
19 1.38692
20 2.67179
21 8.05496
22 2.49133
23 1.39243
24 1.49665
25 1.47537
26 1.34574
27 1.33983
28 1.3487
29 1.29846
"[DEBUG]index 86 centroid... "
0 3.22738
1 3.02856
2 2.80221
3 2.56836
4 3.44876
5 3.35719
6 3.25591
7 1.91377
8 31.9658
9 4.24317
10 1.8295
11 0.947342
12 0.80439
13 1.50699
14 0.597606
15 2.07694
16 0.554768
17 2.32603
18 0.575922
19 1.81989
20 1.50983
21 0.507047
22 1.6754
23 1.95748
24 1.9135
25 2.00491
26 2.14064
27 2.27287
28 2.23356
29 2.2803
"[DEBUG]index 87 centroid... "
0 2.28777
1 2.23334
2 2.13075
3 1.81013
4 2.19518
5 2.20676
6 1.78636
7 1.03065
8 19.4439
9 3.52549
10 1.59931
11 7.73475
12 8.22552
13 6.67595
14 1.51048
15 0.649359
16 1.69252
17 1.66656
18 1.71755
19 0.604629
20 1.9853
21 6.16953
22 7.21114
23 1.85205
24 2.2884
25 2.26525
26 1.98467
27 1.95183
28 1.93588
29 1.88051
"[DEBUG]index 88 centroid... "
0 2.67593
1 2.55864
2 2.50122
3 2.0737
4 2.24836
5 2.42502
6 2.62714
7 1.79305
8 21.0149
9 2.88917
10 23.3464
11 3.41313
12 2.00917
13 1.25134
14 2.35159
15 0.874084
16 2.04488
17 7.08988
18 1.58963
19 5.42893
20 2.01058
21 0.83962
22 1.99978
23 2.01802
24 1.77004
25 1.89585
26 2.0908
27 2.14426
28 1.97748
29 1.87056
"[DEBUG]index 89 centroid... "
0 2.16883
1 2.00244
2 1.85109
3 1.59643
4 1.71335
5 2.37029
6 2.19067
7 1.58756
8 13.1253
9 15.5074
10 3.32712
11 1.68598
12 0.826802
13 1.25774
14 4.62714
15 0.98137
16 4.63395
17 1.31903
18 0.621611
19 1.34922
20 1.36387
21 0.448413
22 1.08544
23 1.37775
24 1.41758
25 1.36156
26 1.39483
27 1.28871
28 1.35064
29 1.24258
"[DEBUG]index 90 centroid... "
0 2.45258
1 2.39856
2 2.20036
3 1.8377
4 2.32089
5 2.34502
6 2.31008
7 1.37779
8 24.8409
9 2.67227
10 9.71176
11 1.4916
12 9.97203
13 1.52509
14 8.08451
15 1.33217
16 6.43001
17 7.22065
18 1.65894
19 0.834574
20 1.87131
21 6.46327
22 1.33685
23 2.20096
24 2.30696
25 2.38703
26 2.0958
27 2.12137
28 2.00312
29 2.09484
"[DEBUG]index 91 centroid... "
0 2.06981
1 2.18339
2 1.88887
3 1.80195
4 2.30185
5 2.45899
6 2.3047
7 1.42744
8 21.6888
9 3.26766
10 2.03623
11 0.973336
12 1.91472
13 7.36739
14 1.29269
15 8.86729
16 1.39792
17 10.1282
18 1.51883
19 9.09974
20 1.30246
21 7.0517
22 6.65255
23 2.2359
24 2.24059
25 2.62039
26 2.12559
27 2.11032
28 2.14248
29 2.18339
"[DEBUG]index 92 centroid... "
0 2.02633
1 2.08876
2 1.8304
3 1.76227
4 2.05114
5 2.27046
6 2.34152
7 1.54536
8 14.5066
9 2.72883
10 1.74102
11 4.55434
12 1.86935
13 2.88394
14 18.3871
15 2.46362
16 17.5046
17 2.91604
18 5.26503
19 1.76957
20 1.78317
21 1.3939
22 3.76058
23 1.59667
24 2.11224
25 1.80354
26 1.94539
27 1.72723
28 1.70811
29 1.61464
"[DEBUG]index 93 centroid... "
0 2.01797
1 2.0295
2 1.91732
3 1.82639
4 1.98002
5 2.20501
6 1.98435
7 1.65638
8 14.9861
9 3.13428
10 2.98805
11 17.9375
12 4.73589
13 1.69465
14 3.67953
15 17.5972
16 2.67414
17 1.52622
18 4.73906
19 1.66991
20 4.43022
21 1.40209
22 4.73652
23 1.84658
24 1.93963
25 1.82713
26 1.86054
27 1.69708
28 1.6938
29 1.60446
"[DEBUG]index 94 centroid... "
0 2.82495
1 2.67639
2 2.67555
3 2.34289
4 2.61628
5 2.76635
6 2.22384
7 1.66734
8 24.6094
9 3.39973
10 9.01408
11 8.3755
12 1.85354
13 7.3335
14 8.62181
15 1.28244
16 0.766264
17 1.99237
18 1.70029
19 0.626761
20 1.49623
21 1.58358
22 1.40921
23 1.79033
24 1.69953
25 1.69576
26 1.70615
27 1.53471
28 1.62861
29 1.62081
"[DEBUG]index 95 centroid... "
0 2.56723
1 2.39722
2 2.02238
3 1.80219
4 2.30198
5 2.42999
6 2.39824
7 1.56372
8 21.2852
9 2.91485
10 9.54996
11 1.5147
12 0.907974
13 1.94835
14 0.697732
15 1.44199
16 8.97264
17 1.47198
18 8.08837
19 6.67432
20 1.74221
21 0.85267
22 2.09042
23 2.09027
24 2.05794
25 2.02765
26 2.32026
27 2.23058
28 2.22721
29 2.12319
"[DEBUG]index 96 centroid... "
0 2.51959
1 2.48678
2 2.20733
3 2.15853
4 2.56293
5 2.63534
6 2.36141
7 1.35419
8 28.0467
9 3.6982
10 2.32739
11 2.29769
12 10.1626
13 5.31707
14 1.33432
15 8.78348
16 2.01075
17 0.866497
18 1.95057
19 9.22401
20 1.64864
21 1.70301
22 8.75548
23 2.55204
24 2.49463
25 2.43763
26 2.48112
27 2.33015
28 2.15571
29 2.19036
"[DEBUG]index 97 centroid... "
0 2.22728
1 2.28148
2 2.09698
3 1.91067
4 2.17394
5 2.30493
6 2.15556
7 1.47595
8 23.0393
9 3.96702
10 1.94623
11 9.72144
12 1.78629
13 7.15058
14 1.5859
15 1.72702
16 0.8313
17 2.11871
18 1.62171
19 9.30149
20 1.46049
21 6.86927
22 7.43042
23 2.34607
24 2.39796
25 2.33843
26 2.10179
27 1.99991
28 2.08048
29 2.11716
"[DEBUG]index 98 centroid... "
0 2.17678
1 2.1549
2 1.9755
3 2.01517
4 2.07205
5 2.31418
6 2.264
7 1.61494
8 14.3603
9 3.12048
10 1.48191
11 4.8909
12 5.35706
13 1.29376
14 4.00175
15 17.6094
16 2.89236
17 13.5563
18 13.0204
19 3.39119
20 4.6196
21 2.07585
22 0.854142
23 2.02771
24 2.03501
25 1.81389
26 2.05338
27 2.06068
28 1.90023
29 1.7395
"[DEBUG]index 99 centroid... "
0 2.14907
1 2.13795
2 1.90293
3 1.78043
4 1.93575
5 2.05703
6 1.90713
7 1.26423
8 19.0875
9 3.64164
10 2.29067
11 1.92933
12 6.0959
13 1.47977
14 0.855884
15 2.28504
16 2.08473
17 3.46223
18 21.8349
19 3.55863
20 1.84506
21 5.78672
22 1.93856
23 1.84258
24 1.89231
25 1.9898
26 1.96651
27 2.13295
28 2.15062
29 1.96047
