"[DEBUG]index 0 centroid... "
0 0.534142
1 0.45488
2 0.444776
3 0.393962
4 0.37301
5 0.304965
6 0.219571
7 0.317886
8 0.247621
9 0.240634
10 0.227476
11 0.325704
12 0.154555
13 0.220568
14 0.158918
15 0.0756656
16 0.229312
17 0.286189
18 0.289946
19 0.27964
20 0.279946
21 0.230274
22 0.235454
23 0.340183
24 0.287483
25 0.420745
26 0.406618
27 0.388372
28 0.424786
29 0.388558
"[DEBUG]index 1 centroid... "
0 0.215374
1 0.254783
2 0.3746
3 0.383256
4 0.338887
5 0.318713
6 0.357383
7 0.395591
8 0.217791
9 0.379944
10 0.321165
11 0.339
12 0.274752
13 0.2577
14 0.28577
15 0.334939
16 0.309326
17 0.281891
18 0.458826
19 0.452622
20 0.298513
21 0.274652
22 0.269065
23 0.310783
24 0.202683
25 0.259683
26 0.360991
27 0.353352
28 0.358761
29 0.32707
"[DEBUG]index 2 centroid... "
0 0.19159
1 0.188825
2 0.248531
3 0.237816
4 0.215879
5 0.149808
6 0.240394
7 0.226711
8 0.159493
9 0.199105
10 0.20268
11 0.246867
12 0.208264
13 0.209262
14 0.214578
15 0.266794
16 0.180279
17 0.190557
18 0.190587
19 0.208147
20 0.199195
21 0.242185
22 0.244731
23 0.228632
24 0.187076
25 0.183478
26 0.266288
27 0.255674
28 0.283005
29 0.270769
"[DEBUG]index 3 centroid... "
0 -0.00145044
1 0.209225
2 0.204811
3 0.226513
4 0.239477
5 0.215252
6 0.313243
7 0.352541
8 0.344865
9 0.328928
10 0.198441
11 0.309649
12 0.0658919
13 0.168468
14 0.292189
15 0.290721
16 0.307613
17 0.474171
18 0.417973
19 0.366856
20 0.316838
21 0.464532
22 0.405604
23 0.348451
24 0.334189
25 0.400532
26 0.445243
27 0.520694
28 0.432667
29 0.31864
"[DEBUG]index 4 centroid... "
0 0.198674
1 0.164614
2 0.207522
3 0.198533
4 0.203996
5 0.173671
6 0.213965
7 0.218783
8 0.143151
9 0.206519
10 0.220733
11 0.178276
12 0.196773
13 0.213096
14 0.139496
15 0.167603
16 0.206546
17 0.21072
18 0.213764
19 0.283599
20 0.210533
21 0.169383
22 0.216878
23 0.206495
24 0.156753
25 0.223394
26 0.202857
27 0.190693
28 0.21008
29 0.214263
"[DEBUG]index 5 centroid... "
0 0.185911
1 0.20073
2 0.194947
3 0.225021
4 0.172513
5 0.168407
6 0.205
7 0.269039
8 0.173117
9 0.186444
10 0.26988
11 0.150059
12 0.139059
13 0.217037
14 0.201507
15 0.21691
16 0.200419
17 0.205165
18 0.176615
19 0.16596
20 0.199943
21 0.209889
22 0.201514
23 0.221553
24 0.21739
25 0.213049
26 0.223753
27 0.193644
28 0.220425
29 0.251206
"[DEBUG]index 6 centroid... "
0 0.196494
1 0.197123
2 0.200851
3 0.217827
4 0.227808
5 0.173722
6 0.198611
7 0.1905
8 0.133024
9 0.243816
10 0.169868
11 0.138793
12 0.192834
13 0.216177
14 0.183262
15 0.167401
16 0.210654
17 0.245556
18 0.246177
19 0.274147
20 0.241866
21 0.239637
22 0.292221
23 0.311437
24 0.250633
25 0.295386
26 0.289884
27 0.243564
28 0.271379
29 0.276865
"[DEBUG]index 7 centroid... "
0 0.251864
1 0.278054
2 0.253435
3 0.210876
4 0.194891
5 0.202435
6 0.215452
7 0.184089
8 0.191664
9 0.14261
10 0.295472
11 0.254608
12 0.200906
13 0.200237
14 0.208845
15 0.245575
16 0.212375
17 0.231271
18 0.182608
19 0.292541
20 0.381912
21 0.410936
22 0.301376
23 0.339765
24 0.378659
25 0.378014
26 0.351392
27 0.389709
28 0.324257
29 0.393982
"[DEBUG]index 8 centroid... "
0 0.220314
1 0.228641
2 0.225484
3 0.233834
4 0.219565
5 0.197205
6 0.23246
7 0.229979
8 0.14968
9 0.221627
10 0.240143
11 0.213222
12 0.202369
13 0.191967
14 0.177342
15 0.158529
16 0.190628
17 0.199905
18 0.253702
19 0.255028
20 0.192189
21 0.238824
22 0.24711
23 0.208948
24 0.210759
25 0.220108
26 0.228439
27 0.221362
28 0.24634
29 0.251355
"[DEBUG]index 9 centroid... "
0 0.236401
1 0.202714
2 0.240446
3 0.220705
4 0.244878
5 0.207656
6 0.226107
7 0.212782
8 0.138515
9 0.212585
10 0.26448
11 0.187799
12 0.257245
13 0.267026
14 0.219681
15 0.202895
16 0.260267
17 0.289892
18 0.23785
19 0.249248
20 0.276377
21 0.305375
22 0.236181
23 0.256536
24 0.267794
25 0.238706
26 0.248342
27 0.243607
28 0.260607
29 0.263837
"[DEBUG]index 10 centroid... "
0 0.235217
1 0.21039
2 0.219794
3 0.177271
4 0.23014
5 0.211034
6 0.27189
7 0.263295
8 0.149581
9 0.207621
10 0.209934
11 0.240005
12 0.25017
13 0.208467
14 0.231486
15 0.224863
16 0.245271
17 0.194877
18 0.236087
19 0.275228
20 0.295392
21 0.229354
22 0.193443
23 0.250721
24 0.286108
25 0.241723
26 0.244635
27 0.241451
28 0.248868
29 0.259927
"[DEBUG]index 11 centroid... "
0 0.20658
1 0.196169
2 0.199232
3 0.168587
4 0.226375
5 0.201352
6 0.234195
7 0.165698
8 0.175809
9 0.216094
10 0.169232
11 0.217177
12 0.19823
13 0.171968
14 0.226075
15 0.199172
16 0.172837
17 0.187633
18 0.192196
19 0.175293
20 0.171349
21 0.190455
22 0.196533
23 0.205175
24 0.216125
25 0.179755
26 0.195434
27 0.195327
28 0.207309
29 0.240095
"[DEBUG]index 12 centroid... "
0 0.223072
1 0.209949
2 0.206367
3 0.218749
4 0.227773
5 0.186508
6 0.228639
7 0.23032
8 0.136422
9 0.170491
10 0.233552
11 0.206254
12 0.183979
13 0.195221
14 0.231625
15 0.175522
16 0.134295
17 0.244515
18 0.241867
19 0.174268
20 0.238158
21 0.209083
22 0.175768
23 0.204474
24 0.228958
25 0.221598
26 0.214081
27 0.222003
28 0.256007
29 0.229637
"[DEBUG]index 13 centroid... "
0 0.221062
1 0.184798
2 0.181549
3 0.234448
4 0.268493
5 0.222314
6 0.266756
7 0.234616
8 0.16425
9 0.161918
10 0.117314
11 0.157196
12 0.159766
13 0.182864
14 0.187355
15 0.238513
16 0.222249
17 0.238622
18 0.213939
19 0.217195
20 0.287833
21 0.285149
22 0.285309
23 0.304321
24 0.298616
25 0.338542
26 0.326471
27 0.284597
28 0.300904
29 0.283733
"[DEBUG]index 14 centroid... "
0 0.189085
1 0.129909
2 0.2023
3 0.246658
4 0.305625
5 0.194138
6 0.197093
7 0.196441
8 0.166916
9 0.0947337
10 0.177992
11 0.234495
12 0.213825
13 0.172646
14 0.172335
15 0.175133
16 0.163736
17 0.252402
18 0.212046
19 0.203055
20 0.226207
21 0.203872
22 0.144576
23 0.159173
24 0.225083
25 0.257134
26 0.207623
27 0.200027
28 0.240095
29 0.162955
"[DEBUG]index 15 centroid... "
0 0.214978
1 0.203498
2 0.204131
3 0.195157
4 0.216945
5 0.197947
6 0.206272
7 0.247257
8 0.150323
9 0.125476
10 0.15468
11 0.167223
12 0.200293
13 0.133409
14 0.150698
15 0.229903
16 0.201289
17 0.208219
18 0.192143
19 0.208434
20 0.199183
21 0.222948
22 0.244795
23 0.267645
24 0.240749
25 0.22467
26 0.25587
27 0.212501
28 0.248068
29 0.244881
"[DEBUG]index 16 centroid... "
0 0.191223
1 0.17361
2 0.197515
3 0.198594
4 0.18403
5 0.173454
6 0.180819
7 0.193037
8 0.111885
9 0.162515
10 0.230093
11 0.207009
12 0.187404
13 0.164369
14 0.211551
15 0.256192
16 0.224378
17 0.262082
18 0.247998
19 0.203974
20 0.221766
21 0.2141
22 0.217063
23 0.220287
24 0.216664
25 0.206528
26 0.204201
27 0.21595
28 0.206634
29 0.209492
"[DEBUG]index 17 centroid... "
0 0.220106
1 0.206212
2 0.210497
3 0.240212
4 0.222718
5 0.195576
6 0.235458
7 0.240143
8 0.171193
9 0.268574
10 0.28791
11 0.20581
12 0.232388
13 0.256396
14 0.18726
15 0.178215
16 0.254426
17 0.255228
18 0.183242
19 0.264782
20 0.287835
21 0.170534
22 0.205721
23 0.23812
24 0.216149
25 0.185202
26 0.204632
27 0.222758
28 0.202087
29 0.232791
"[DEBUG]index 18 centroid... "
0 0.252849
1 0.244961
2 0.281233
3 0.260661
4 0.234986
5 0.219849
6 0.298383
7 0.273579
8 0.206882
9 0.27725
10 0.264846
11 0.21612
12 0.28082
13 0.22754
14 0.209266
15 0.283553
16 0.269703
17 0.172427
18 0.233065
19 0.290948
20 0.209037
21 0.185659
22 0.268204
23 0.256189
24 0.21142
25 0.237571
26 0.227191
27 0.239858
28 0.249847
29 0.294793
"[DEBUG]index 19 centroid... "
0 0.193966
1 0.207729
2 0.210274
3 0.257633
4 0.226633
5 0.192022
6 0.236077
7 0.256096
8 0.126659
9 0.184202
10 0.199779
11 0.193898
12 0.222011
13 0.169139
14 0.176599
15 0.206637
16 0.184622
17 0.225539
18 0.159657
19 0.152088
20 0.260495
21 0.248275
22 0.163438
23 0.171561
24 0.19637
25 0.208392
26 0.2453
27 0.239263
28 0.285378
29 0.252543
"[DEBUG]index 20 centroid... "
0 0.185139
1 0.273814
2 0.251706
3 0.296375
4 0.207796
5 0.292483
6 0.212171
7 0.182504
8 0.168331
9 0.238405
10 0.265546
11 0.196821
12 0.221355
13 0.256378
14 0.328383
15 0.213619
16 0.347265
17 0.308856
18 0.347101
19 0.220241
20 0.322856
21 0.303259
22 0.228999
23 0.266008
24 0.307866
25 0.336187
26 0.278088
27 0.270353
28 0.274521
29 0.258509
"[DEBUG]index 21 centroid... "
0 0.239214
1 0.230843
2 0.241391
3 0.230401
4 0.223107
5 0.200324
6 0.213111
7 0.223167
8 0.145116
9 0.225212
10 0.260942
11 0.177783
12 0.231539
13 0.236673
14 0.220325
15 0.248113
16 0.227471
17 0.231404
18 0.293387
19 0.275131
20 0.267045
21 0.303825
22 0.282947
23 0.27246
24 0.258981
25 0.254244
26 0.251607
27 0.242712
28 0.251472
29 0.262897
"[DEBUG]index 22 centroid... "
0 0.23537
1 0.233837
2 0.235169
3 0.234831
4 0.214936
5 0.191635
6 0.240858
7 0.23464
8 0.141486
9 0.205325
10 0.27183
11 0.190726
12 0.176064
13 0.282542
14 0.205371
15 0.156886
16 0.216102
17 0.215309
18 0.212373
19 0.222692
20 0.215498
21 0.21201
22 0.266998
23 0.283839
24 0.261249
25 0.27638
26 0.28146
27 0.268913
28 0.261628
29 0.261757
"[DEBUG]index 23 centroid... "
0 0.210797
1 0.234653
2 0.235331
3 0.232093
4 0.237862
5 0.225112
6 0.217808
7 0.244134
8 0.17369
9 0.221758
10 0.256455
11 0.187358
12 0.2147
13 0.196848
14 0.128387
15 0.189617
16 0.208153
17 0.210582
18 0.187885
19 0.191976
20 0.244593
21 0.268895
22 0.28731
23 0.284929
24 0.297511
25 0.309391
26 0.308263
27 0.293751
28 0.318815
29 0.29496
"[DEBUG]index 24 centroid... "
0 0.225288
1 0.215324
2 0.206452
3 0.232093
4 0.218767
5 0.186658
6 0.225728
7 0.229322
8 0.133371
9 0.227456
10 0.244064
11 0.170772
12 0.182525
13 0.178541
14 0.176199
15 0.155356
16 0.243194
17 0.251346
18 0.16346
19 0.229208
20 0.268132
21 0.210348
22 0.232504
23 0.259386
24 0.250479
25 0.255205
26 0.267534
27 0.261501
28 0.260822
29 0.255039
"[DEBUG]index 25 centroid... "
0 0.202435
1 0.194674
2 0.20029
3 0.217339
4 0.21272
5 0.185325
6 0.210819
7 0.189829
8 0.110735
9 0.135927
10 0.166155
11 0.181997
12 0.230818
13 0.200603
14 0.20588
15 0.226731
16 0.291419
17 0.278702
18 0.28466
19 0.310116
20 0.279201
21 0.28901
22 0.313496
23 0.26634
24 0.261314
25 0.267558
26 0.269373
27 0.260072
28 0.268468
29 0.251538
"[DEBUG]index 26 centroid... "
0 0.195232
1 0.242307
2 0.180902
3 0.257607
4 0.258794
5 0.198915
6 0.235137
7 0.303479
8 0.229493
9 0.234738
10 0.309651
11 0.317533
12 0.206928
13 0.190649
14 0.242125
15 0.236841
16 0.238692
17 0.237268
18 0.325481
19 0.238785
20 0.187811
21 0.171716
22 0.206632
23 0.248202
24 0.231129
25 0.204681
26 0.23236
27 0.140754
28 0.149546
29 0.166386
"[DEBUG]index 27 centroid... "
0 0.246025
1 0.224063
2 0.230588
3 0.235649
4 0.23421
5 0.236572
6 0.258804
7 0.251471
8 0.193726
9 0.251242
10 0.180462
11 0.168722
12 0.243226
13 0.209976
14 0.173639
15 0.194121
16 0.217541
17 0.198512
18 0.176866
19 0.203321
20 0.239201
21 0.220421
22 0.240974
23 0.233437
24 0.248771
25 0.219575
26 0.265404
27 0.243778
28 0.293821
29 0.25496
"[DEBUG]index 28 centroid... "
0 0.267508
1 0.257576
2 0.229564
3 0.241944
4 0.224522
5 0.214662
6 0.267993
7 0.225859
8 0.185091
9 0.251123
10 0.205847
11 0.252448
12 0.22174
13 0.152416
14 0.251526
15 0.251438
16 0.202088
17 0.21276
18 0.21461
19 0.204198
20 0.21088
21 0.243522
22 0.226111
23 0.255076
24 0.274474
25 0.284068
26 0.281861
27 0.276215
28 0.284222
29 0.281621
"[DEBUG]index 29 centroid... "
0 0.232827
1 0.232602
2 0.225625
3 0.226673
4 0.224736
5 0.207827
6 0.266887
7 0.215792
8 0.196629
9 0.195237
10 0.167346
11 0.198887
12 0.251677
13 0.198549
14 0.21767
15 0.205969
16 0.150402
17 0.230309
18 0.256182
19 0.206779
20 0.198702
21 0.243013
22 0.262153
23 0.222644
24 0.219738
25 0.232889
26 0.261747
27 0.244555
28 0.26746
29 0.261026
"[DEBUG]index 30 centroid... "
0 0.1957
1 0.201957
2 0.219104
3 0.234823
4 0.199733
5 0.221262
6 0.238902
7 0.256895
8 0.167175
9 0.17714
10 0.244081
11 0.206965
12 0.184196
13 0.191106
14 0.180392
15 0.216304
16 0.173255
17 0.170856
18 0.263931
19 0.198741
20 0.220754
21 0.252326
22 0.150803
23 0.204257
24 0.225951
25 0.194378
26 0.204531
27 0.203663
28 0.218899
29 0.220045
"[DEBUG]index 31 centroid... "
0 0.223796
1 0.224085
2 0.214172
3 0.235273
4 0.23237
5 0.197608
6 0.240336
7 0.259571
8 0.15927
9 0.172661
10 0.234689
11 0.210327
12 0.186388
13 0.260793
14 0.265623
15 0.210191
16 0.232307
17 0.249742
18 0.259719
19 0.295869
20 0.31145
21 0.310918
22 0.32691
23 0.286349
24 0.291141
25 0.29132
26 0.284065
27 0.285139
28 0.279564
29 0.293692
"[DEBUG]index 32 centroid... "
0 0.190645
1 0.158613
2 0.210723
3 0.198708
4 0.218752
5 0.190308
6 0.157932
7 0.199219
8 0.147134
9 0.172228
10 0.170149
11 0.12649
12 0.180473
13 0.142542
14 0.195714
15 0.0989965
16 0.114215
17 0.152085
18 0.143188
19 0.184225
20 0.165924
21 0.141921
22 0.179365
23 0.117377
24 0.121432
25 0.131273
26 0.158594
27 0.184022
28 0.190544
29 0.265091
"[DEBUG]index 33 centroid... "
0 0.220057
1 0.189027
2 0.199604
3 0.199397
4 0.20423
5 0.185563
6 0.218339
7 0.172733
8 0.111446
9 0.145459
10 0.130334
11 0.177545
12 0.205628
13 0.174921
14 0.178068
15 0.19624
16 0.210882
17 0.231355
18 0.228518
19 0.238364
20 0.270218
21 0.233725
22 0.26284
23 0.261831
24 0.2249
25 0.246978
26 0.256819
27 0.227256
28 0.235258
29 0.229313
"[DEBUG]index 34 centroid... "
0 0.201281
1 0.185701
2 0.215369
3 0.230229
4 0.246229
5 0.216683
6 0.234319
7 0.230871
8 0.16501
9 0.172121
10 0.224222
11 0.198764
12 0.197326
13 0.190117
14 0.135818
15 0.242242
16 0.217438
17 0.156946
18 0.213462
19 0.227315
20 0.223455
21 0.216855
22 0.231459
23 0.252654
24 0.230676
25 0.223772
26 0.243957
27 0.218133
28 0.208467
29 0.226596
"[DEBUG]index 35 centroid... "
0 0.270731
1 0.269594
2 0.20823
3 0.231358
4 0.221942
5 0.204949
6 0.240343
7 0.24185
8 0.171385
9 0.215022
10 0.216324
11 0.208294
12 0.167338
13 0.270226
14 0.226239
15 0.223207
16 0.231323
17 0.181797
18 0.185154
19 0.193503
20 0.181336
21 0.190697
22 0.241015
23 0.262688
24 0.234053
25 0.249671
26 0.257137
27 0.239839
28 0.255235
29 0.262454
"[DEBUG]index 36 centroid... "
0 0.207404
1 0.193693
2 0.194864
3 0.207253
4 0.204331
5 0.193673
6 0.209927
7 0.250407
8 0.148612
9 0.119133
10 0.24441
11 0.217713
12 0.182751
13 0.193546
14 0.238993
15 0.221327
16 0.193058
17 0.231158
18 0.285492
19 0.282576
20 0.301431
21 0.30266
22 0.256939
23 0.289561
24 0.268333
25 0.261556
26 0.259746
27 0.262628
28 0.273262
29 0.262108
"[DEBUG]index 37 centroid... "
0 0.203134
1 0.191395
2 0.212344
3 0.227734
4 0.225233
5 0.202249
6 0.230129
7 0.206482
8 0.154424
9 0.184643
10 0.214082
11 0.186688
12 0.235998
13 0.220948
14 0.18263
15 0.253885
16 0.212859
17 0.159124
18 0.199617
19 0.232712
20 0.213383
21 0.200274
22 0.215496
23 0.23084
24 0.235206
25 0.23107
26 0.269214
27 0.23469
28 0.250822
29 0.259343
"[DEBUG]index 38 centroid... "
0 0.198217
1 0.175786
2 0.190049
3 0.227588
4 0.214655
5 0.182821
6 0.236962
7 0.236597
8 0.135564
9 0.189527
10 0.243366
11 0.191872
12 0.197771
13 0.270285
14 0.21178
15 0.161776
16 0.256471
17 0.275281
18 0.175483
19 0.217444
20 0.250159
21 0.207533
22 0.158988
23 0.21608
24 0.220895
25 0.198812
26 0.217252
27 0.202071
28 0.181391
29 0.211077
"[DEBUG]index 39 centroid... "
0 0.235423
1 0.217185
2 0.194216
3 0.232923
4 0.208502
5 0.189206
6 0.236899
7 0.219795
8 0.13614
9 0.242435
10 0.226378
11 0.174357
12 0.176703
13 0.176457
14 0.231193
15 0.158214
16 0.162156
17 0.26409
18 0.176558
19 0.124862
20 0.209253
21 0.214797
22 0.19173
23 0.191382
24 0.227973
25 0.221269
26 0.231024
27 0.240588
28 0.256709
29 0.268504
"[DEBUG]index 40 centroid... "
0 0.212305
1 0.23198
2 0.2244
3 0.231164
4 0.218242
5 0.225066
6 0.233158
7 0.278479
8 0.173152
9 0.242921
10 0.286296
11 0.162223
12 0.245402
13 0.245129
14 0.167554
15 0.198102
16 0.251357
17 0.279889
18 0.329645
19 0.365575
20 0.378833
21 0.372813
22 0.366696
23 0.343678
24 0.302653
25 0.293278
26 0.327017
27 0.332249
28 0.291997
29 0.305659
"[DEBUG]index 41 centroid... "
0 0.238934
1 0.215071
2 0.205466
3 0.204536
4 0.182387
5 0.190404
6 0.227939
7 0.249747
8 0.169462
9 0.172459
10 0.213654
11 0.145487
12 0.163658
13 0.190924
14 0.163293
15 0.165199
16 0.188504
17 0.229239
18 0.246048
19 0.290025
20 0.30671
21 0.354513
22 0.375616
23 0.370331
24 0.349918
25 0.331284
26 0.319462
27 0.339575
28 0.330269
29 0.333095
"[DEBUG]index 42 centroid... "
0 0.244242
1 0.214845
2 0.220318
3 0.208438
4 0.198757
5 0.179543
6 0.231093
7 0.266098
8 0.14171
9 0.115191
10 0.257865
11 0.236286
12 0.182873
13 0.186968
14 0.195312
15 0.247306
16 0.238958
17 0.208979
18 0.239053
19 0.282907
20 0.21771
21 0.237854
22 0.245324
23 0.219462
24 0.230016
25 0.259222
26 0.248246
27 0.260688
28 0.258962
29 0.249971
"[DEBUG]index 43 centroid... "
0 0.183767
1 0.212487
2 0.228098
3 0.248731
4 0.245158
5 0.185139
6 0.213984
7 0.205348
8 0.128395
9 0.207231
10 0.269443
11 0.196141
12 0.256537
13 0.229961
14 0.178774
15 0.227407
16 0.245372
17 0.232866
18 0.199889
19 0.189244
20 0.255698
21 0.256669
22 0.191864
23 0.245678
24 0.258171
25 0.225077
26 0.216854
27 0.217759
28 0.230841
29 0.223744
"[DEBUG]index 44 centroid... "
0 0.203956
1 0.211404
2 0.201977
3 0.199898
4 0.221088
5 0.191261
6 0.228324
7 0.201551
8 0.139717
9 0.171229
10 0.185028
11 0.230216
12 0.251642
13 0.214705
14 0.204349
15 0.220729
16 0.202817
17 0.185579
18 0.168548
19 0.163744
20 0.191549
21 0.192478
22 0.221404
23 0.220326
24 0.212288
25 0.202937
26 0.212903
27 0.202031
28 0.222256
29 0.211806
"[DEBUG]index 45 centroid... "
0 0.223637
1 0.212708
2 0.200923
3 0.214197
4 0.212847
5 0.180807
6 0.213049
7 0.192024
8 0.112712
9 0.154927
10 0.16636
11 0.243653
12 0.210795
13 0.176432
14 0.197154
15 0.179626
16 0.180411
17 0.207957
18 0.23321
19 0.203261
20 0.201173
21 0.21248
22 0.179923
23 0.201098
24 0.212975
25 0.191049
26 0.194745
27 0.203854
28 0.204195
29 0.222011
"[DEBUG]index 46 centroid... "
0 0.230701
1 0.232259
2 0.228335
3 0.237112
4 0.242118
5 0.208325
6 0.253958
7 0.267016
8 0.160339
9 0.213497
10 0.250293
11 0.193035
12 0.221026
13 0.264354
14 0.199289
15 0.205433
16 0.266859
17 0.212264
18 0.197453
19 0.293365
20 0.269438
21 0.205506
22 0.250633
23 0.248401
24 0.235063
25 0.239875
26 0.253731
27 0.246785
28 0.251908
29 0.268426
"[DEBUG]index 47 centroid... "
0 0.221184
1 0.216284
2 0.210346
3 0.222719
4 0.220805
5 0.196431
6 0.247794
7 0.241252
8 0.155461
9 0.224502
10 0.247807
11 0.197146
12 0.230324
13 0.245506
14 0.213915
15 0.196608
16 0.188331
17 0.186904
18 0.163274
19 0.192792
20 0.225418
21 0.228271
22 0.222438
23 0.216604
24 0.217163
25 0.207516
26 0.21061
27 0.209021
28 0.223578
29 0.237716
"[DEBUG]index 48 centroid... "
0 0.213371
1 0.212853
2 0.210822
3 0.210234
4 0.201181
5 0.161965
6 0.178805
7 0.180988
8 0.0879439
9 0.151017
10 0.178143
11 0.180294
12 0.194955
13 0.160144
14 0.236573
15 0.245084
16 0.203384
17 0.243225
18 0.229198
19 0.240064
20 0.252593
21 0.220558
22 0.249478
23 0.255433
24 0.253182
25 0.248381
26 0.233914
27 0.223647
28 0.223295
29 0.22621
"[DEBUG]index 49 centroid... "
0 0.20991
1 0.210694
2 0.20797
3 0.221882
4 0.23408
5 0.208669
6 0.204506
7 0.225113
8 0.147776
9 0.196514
10 0.186287
11 0.193871
12 0.194386
13 0.172047
14 0.170188
15 0.239712
16 0.211443
17 0.217232
18 0.243785
19 0.27698
20 0.219144
21 0.241828
22 0.300512
23 0.29168
24 0.261039
25 0.265341
26 0.264843
27 0.30316
28 0.257713
29 0.25969
"[DEBUG]index 50 centroid... "
0 0.246544
1 0.218836
2 0.220187
3 0.227622
4 0.229132
5 0.205807
6 0.244406
7 0.251729
8 0.119573
9 0.190739
10 0.283365
11 0.172383
12 0.212455
13 0.257587
14 0.195442
15 0.228055
16 0.23435
17 0.178553
18 0.217524
19 0.216246
20 0.263476
21 0.24151
22 0.209516
23 0.272308
24 0.276172
25 0.263186
26 0.258591
27 0.249708
28 0.253901
29 0.264738
"[DEBUG]index 51 centroid... "
0 0.216133
1 0.212613
2 0.201555
3 0.228313
4 0.217221
5 0.207161
6 0.227543
7 0.205202
8 0.144016
9 0.197997
10 0.204859
11 0.216391
12 0.240663
13 0.215989
14 0.202953
15 0.20483
16 0.22764
17 0.211688
18 0.216227
19 0.201537
20 0.178641
21 0.204605
22 0.197284
23 0.223123
24 0.223851
25 0.213177
26 0.204283
27 0.202258
28 0.212203
29 0.221748
"[DEBUG]index 52 centroid... "
0 0.216058
1 0.225072
2 0.2068
3 0.222115
4 0.221894
5 0.18488
6 0.215052
7 0.226268
8 0.149814
9 0.227302
10 0.261659
11 0.171022
12 0.207779
13 0.229735
14 0.207547
15 0.205895
16 0.189373
17 0.259443
18 0.251735
19 0.218231
20 0.262754
21 0.258184
22 0.266813
23 0.271967
24 0.242835
25 0.274246
26 0.275262
27 0.256751
28 0.262867
29 0.263178
"[DEBUG]index 53 centroid... "
0 0.237068
1 0.176789
2 0.134632
3 0.117333
4 0.185433
5 0.171551
6 0.226055
7 0.236421
8 0.226328
9 0.284823
10 0.248259
11 0.170388
12 0.251596
13 0.308864
14 0.247762
15 0.213447
16 0.244649
17 0.259609
18 0.186447
19 0.191249
20 0.184003
21 0.271253
22 0.237505
23 0.214097
24 0.263437
25 0.30677
26 0.286851
27 0.264109
28 0.250442
29 0.192727
"[DEBUG]index 54 centroid... "
0 0.305998
1 0.22847
2 0.263983
3 0.303838
4 0.321943
5 0.313903
6 0.249563
7 0.269819
8 0.255548
9 0.298196
10 0.355994
11 0.240281
12 0.255672
13 0.349626
14 0.353065
15 0.322082
16 0.311307
17 0.345752
18 0.316044
19 0.368807
20 0.376893
21 0.33905
22 0.309473
23 0.326817
24 0.328521
25 0.275233
26 0.345155
27 0.254284
28 0.286263
29 0.254966
"[DEBUG]index 55 centroid... "
0 0.260225
1 0.215056
2 0.236418
3 0.287912
4 0.213741
5 0.186367
6 0.276442
7 0.277496
8 0.184095
9 0.236783
10 0.352069
11 0.241781
12 0.206354
13 0.282739
14 0.257352
15 0.239221
16 0.240564
17 0.304401
18 0.280336
19 0.301732
20 0.304746
21 0.265741
22 0.294953
23 0.277564
24 0.217728
25 0.259084
26 0.215662
27 0.218257
28 0.219615
29 0.25321
"[DEBUG]index 56 centroid... "
0 0.241072
1 0.248288
2 0.247906
3 0.253424
4 0.239572
5 0.219589
6 0.274106
7 0.267974
8 0.162358
9 0.270727
10 0.254012
11 0.192398
12 0.217161
13 0.177427
14 0.249459
15 0.256626
16 0.17205
17 0.194006
18 0.28489
19 0.248808
20 0.216275
21 0.257919
22 0.248808
23 0.275274
24 0.291333
25 0.301845
26 0.290844
27 0.291525
28 0.271176
29 0.289569
"[DEBUG]index 57 centroid... "
0 0.22675
1 0.219498
2 0.194702
3 0.206924
4 0.185208
5 0.199109
6 0.200556
7 0.226935
8 0.203196
9 0.11829
10 0.21429
11 0.197174
12 0.17782
13 0.180153
14 0.194872
15 0.183933
16 0.162877
17 0.226684
18 0.215468
19 0.213065
20 0.216685
21 0.22693
22 0.187151
23 0.189154
24 0.214888
25 0.163476
26 0.201989
27 0.21357
28 0.245897
29 0.20099
"[DEBUG]index 58 centroid... "
0 0.211833
1 0.177938
2 0.1906
3 0.213321
4 0.20611
5 0.178003
6 0.202117
7 0.215874
8 0.114002
9 0.165914
10 0.171305
11 0.207482
12 0.173542
13 0.192828
14 0.254627
15 0.202619
16 0.207565
17 0.235968
18 0.186554
19 0.190581
20 0.22032
21 0.195117
22 0.195849
23 0.187148
24 0.239917
25 0.230348
26 0.24244
27 0.250105
28 0.2538
29 0.245891
"[DEBUG]index 59 centroid... "
0 0.238374
1 0.218357
2 0.251758
3 0.232454
4 0.235801
5 0.234225
6 0.254884
7 0.269871
8 0.189539
9 0.226612
10 0.253746
11 0.209543
12 0.221337
13 0.222507
14 0.204637
15 0.217408
16 0.218159
17 0.2219
18 0.260246
19 0.20088
20 0.183866
21 0.236114
22 0.225478
23 0.215906
24 0.239555
25 0.246775
26 0.239639
27 0.237512
28 0.263702
29 0.265726
"[DEBUG]index 60 centroid... "
0 0.232963
1 0.222496
2 0.211566
3 0.204127
4 0.210777
5 0.172795
6 0.239255
7 0.200125
8 0.171347
9 0.206721
10 0.185285
11 0.233561
12 0.204631
13 0.135639
14 0.173233
15 0.139618
16 0.17297
17 0.164459
18 0.153371
19 0.181888
20 0.221716
21 0.22945
22 0.284112
23 0.30229
24 0.300269
25 0.343349
26 0.28145
27 0.272783
28 0.265848
29 0.274211
"[DEBUG]index 61 centroid... "
0 0.219324
1 0.201921
2 0.204511
3 0.220831
4 0.217167
5 0.207615
6 0.223287
7 0.230902
8 0.181247
9 0.21742
10 0.195534
11 0.212946
12 0.220284
13 0.191654
14 0.21171
15 0.195214
16 0.172229
17 0.22794
18 0.136328
19 0.136437
20 0.171378
21 0.136885
22 0.191227
23 0.200889
24 0.186164
25 0.236018
26 0.180745
27 0.155043
28 0.195656
29 0.221213
"[DEBUG]index 62 centroid... "
0 0.202025
1 0.211032
2 0.206761
3 0.231971
4 0.228827
5 0.201931
6 0.222438
7 0.203236
8 0.157062
9 0.18826
10 0.229021
11 0.210697
12 0.214809
13 0.265702
14 0.210177
15 0.191435
16 0.181224
17 0.182039
18 0.211422
19 0.215512
20 0.225218
21 0.248732
22 0.227501
23 0.219555
24 0.227148
25 0.218995
26 0.231957
27 0.250594
28 0.248966
29 0.233847
"[DEBUG]index 63 centroid... "
0 0.248402
1 0.321419
2 0.298003
3 0.284645
4 0.318775
5 0.282957
6 0.343926
7 0.298088
8 0.219921
9 0.242557
10 0.247455
11 0.202571
12 0.15211
13 0.177785
14 0.16155
15 0.164291
16 0.146142
17 0.12272
18 0.171712
19 0.19637
20 0.115911
21 0.182174
22 0.210724
23 0.207957
24 0.207178
25 0.191333
26 0.212455
27 0.220843
28 0.217549
29 0.257838
"[DEBUG]index 64 centroid... "
0 0.222578
1 0.219085
2 0.208246
3 0.212815
4 0.21564
5 0.211495
6 0.24819
7 0.234671
8 0.157465
9 0.165452
10 0.174844
11 0.177643
12 0.172955
13 0.238029
14 0.229763
15 0.185547
16 0.242718
17 0.203283
18 0.210363
19 0.212004
20 0.179553
21 0.184873
22 0.174074
23 0.21352
24 0.22389
25 0.211127
26 0.231037
27 0.21907
28 0.224855
29 0.238753
"[DEBUG]index 65 centroid... "
0 0.180508
1 0.185298
2 0.188989
3 0.206945
4 0.201784
5 0.21546
6 0.181681
7 0.18924
8 0.11297
9 0.142214
10 0.138535
11 0.176814
12 0.201114
13 0.216782
14 0.163932
15 0.14049
16 0.243808
17 0.254804
18 0.199813
19 0.215844
20 0.26529
21 0.216918
22 0.241699
23 0.224287
24 0.216279
25 0.208003
26 0.256729
27 0.197382
28 0.200088
29 0.199571
"[DEBUG]index 66 centroid... "
0 0.243309
1 0.22061
2 0.227611
3 0.240012
4 0.242779
5 0.201644
6 0.270842
7 0.249023
8 0.169427
9 0.166054
10 0.196289
11 0.193426
12 0.195004
13 0.188423
14 0.195821
15 0.185638
16 0.167812
17 0.248111
18 0.204282
19 0.223326
20 0.278705
21 0.184267
22 0.200496
23 0.253772
24 0.238892
25 0.217983
26 0.22903
27 0.233252
28 0.259039
29 0.274746
"[DEBUG]index 67 centroid... "
0 0.232724
1 0.202849
2 0.167201
3 0.160507
4 0.241893
5 0.189549
6 0.233948
7 0.233712
8 0.16271
9 0.234594
10 0.263886
11 0.207319
12 0.149121
13 0.193974
14 0.197461
15 0.192366
16 0.215964
17 0.235697
18 0.201124
19 0.147461
20 0.229425
21 0.189668
22 0.206443
23 0.183715
24 0.195892
25 0.195367
26 0.169865
27 0.175724
28 0.194516
29 0.16682
"[DEBUG]index 68 centroid... "
0 0.258266
1 0.244364
2 0.229684
3 0.242197
4 0.23911
5 0.21793
6 0.263498
7 0.277316
8 0.180176
9 0.184869
10 0.25066
11 0.1968
12 0.163949
13 0.243004
14 0.241408
15 0.21866
16 0.175642
17 0.239535
18 0.255429
19 0.221557
20 0.238112
21 0.26129
22 0.259357
23 0.272338
24 0.303032
25 0.315915
26 0.299535
27 0.307579
28 0.310255
29 0.304548
"[DEBUG]index 69 centroid... "
0 0.290901
1 0.252092
2 0.250634
3 0.218133
4 0.259028
5 0.21846
6 0.28297
7 0.215165
8 0.18465
9 0.242394
10 0.193647
11 0.24571
12 0.231567
13 0.242538
14 0.205279
15 0.143578
16 0.254109
17 0.191715
18 0.17281
19 0.27959
20 0.241796
21 0.147254
22 0.228732
23 0.257205
24 0.194497
25 0.201181
26 0.202593
27 0.218636
28 0.233763
29 0.239608
"[DEBUG]index 70 centroid... "
0 0.189275
1 0.181135
2 0.20132
3 0.197696
4 0.215242
5 0.178032
6 0.184628
7 0.24957
8 0.186591
9 0.164147
10 0.201077
11 0.170684
12 0.123555
13 0.157464
14 0.179876
15 0.206444
16 0.171198
17 0.21793
18 0.214894
19 0.225584
20 0.254291
21 0.237143
22 0.225289
23 0.236776
24 0.224891
25 0.224346
26 0.226166
27 0.227184
28 0.229474
29 0.209588
"[DEBUG]index 71 centroid... "
0 0.208691
1 0.212028
2 0.207057
3 0.200124
4 0.219122
5 0.185065
6 0.211846
7 0.225239
8 0.122592
9 0.179518
10 0.242497
11 0.21344
12 0.221927
13 0.230651
14 0.203628
15 0.198008
16 0.22161
17 0.238894
18 0.23326
19 0.228867
20 0.245934
21 0.224635
22 0.194992
23 0.223266
24 0.220273
25 0.199171
26 0.225079
27 0.213202
28 0.190928
29 0.211824
"[DEBUG]index 72 centroid... "
0 0.230368
1 0.22349
2 0.226876
3 0.23721
4 0.242115
5 0.217184
6 0.263014
7 0.239383
8 0.16429
9 0.16415
10 0.196993
11 0.200526
12 0.202607
13 0.238351
14 0.229113
15 0.219894
16 0.262881
17 0.249115
18 0.232375
19 0.226508
20 0.269779
21 0.312756
22 0.320242
23 0.331624
24 0.350315
25 0.317933
26 0.313605
27 0.290794
28 0.301032
29 0.299792
"[DEBUG]index 73 centroid... "
0 0.242049
1 0.228303
2 0.227658
3 0.206259
4 0.22569
5 0.215512
6 0.22221
7 0.192948
8 0.137237
9 0.195679
10 0.16337
11 0.173812
12 0.246253
13 0.183287
14 0.211809
15 0.242158
16 0.229151
17 0.202039
18 0.261329
19 0.227849
20 0.203101
21 0.239128
22 0.27692
23 0.228727
24 0.211706
25 0.223446
26 0.224076
27 0.191396
28 0.238542
29 0.248786
"[DEBUG]index 74 centroid... "
0 0.201075
1 0.193399
2 0.178854
3 0.169666
4 0.166587
5 0.167372
6 0.192379
7 0.181123
8 0.139796
9 0.178204
10 0.166685
11 0.0949465
12 0.123303
13 0.135239
14 0.12278
15 0.148562
16 0.165161
17 0.253748
18 0.299925
19 0.336994
20 0.353137
21 0.321074
22 0.321207
23 0.38122
24 0.35925
25 0.334785
26 0.364575
27 0.375485
28 0.309882
29 0.285057
"[DEBUG]index 75 centroid... "
0 0.183227
1 0.259437
2 0.258722
3 0.221911
4 0.270127
5 0.213844
6 0.261659
7 0.306234
8 0.15538
9 0.212537
10 0.242333
11 0.262736
12 0.222272
13 0.276693
14 0.248528
15 0.255414
16 0.235165
17 0.196417
18 0.272636
19 0.340671
20 0.245278
21 0.302485
22 0.298513
23 0.270575
24 0.226141
25 0.230381
26 0.23807
27 0.254646
28 0.216412
29 0.248859
"[DEBUG]index 76 centroid... "
0 0.229817
1 0.21406
2 0.203326
3 0.245997
4 0.243682
5 0.222578
6 0.285966
7 0.238799
8 0.162729
9 0.217654
10 0.283578
11 0.194501
12 0.163485
13 0.259955
14 0.217824
15 0.132299
16 0.205963
17 0.219329
18 0.194851
19 0.188851
20 0.167138
21 0.230973
22 0.26658
23 0.295651
24 0.294992
25 0.358421
26 0.337802
27 0.333721
28 0.345397
29 0.303984
"[DEBUG]index 77 centroid... "
0 0.257287
1 0.226266
2 0.233882
3 0.245219
4 0.2422
5 0.217619
6 0.255687
7 0.24753
8 0.159286
9 0.258593
10 0.263364
11 0.191393
12 0.250957
13 0.268758
14 0.156118
15 0.201523
16 0.222014
17 0.197124
18 0.241444
19 0.170285
20 0.245027
21 0.2601
22 0.199406
23 0.242103
24 0.242681
25 0.220039
26 0.23984
27 0.243463
28 0.259999
29 0.258764
"[DEBUG]index 78 centroid... "
0 0.205151
1 0.201236
2 0.216634
3 0.247486
4 0.229635
5 0.180308
6 0.221921
7 0.219611
8 0.172136
9 0.196762
10 0.205639
11 0.187012
12 0.143926
13 0.0964306
14 0.138249
15 0.163707
16 0.14215
17 0.162758
18 0.201235
19 0.255085
20 0.303883
21 0.299627
22 0.325931
23 0.309272
24 0.320559
25 0.358686
26 0.331276
27 0.317528
28 0.360924
29 0.33651
"[DEBUG]index 79 centroid... "
0 0.24449
1 0.225439
2 0.220479
3 0.246251
4 0.250278
5 0.219597
6 0.263798
7 0.283459
8 0.135887
9 0.250748
10 0.248298
11 0.233127
12 0.291744
13 0.22475
14 0.260858
15 0.237425
16 0.246744
17 0.221362
18 0.256505
19 0.283062
20 0.309476
21 0.285809
22 0.307789
23 0.271126
24 0.20095
25 0.223534
26 0.277779
27 0.221623
28 0.199556
29 0.278625
"[DEBUG]index 80 centroid... "
0 0.203577
1 0.209582
2 0.21345
3 0.235701
4 0.214613
5 0.192571
6 0.2175
7 0.240466
8 0.151305
9 0.208714
10 0.230366
11 0.244608
12 0.20965
13 0.187155
14 0.227842
15 0.230329
16 0.224753
17 0.238699
18 0.228448
19 0.291495
20 0.291562
21 0.26891
22 0.303697
23 0.258535
24 0.265694
25 0.277159
26 0.274099
27 0.262288
28 0.270689
29 0.284332
"[DEBUG]index 81 centroid... "
0 0.209105
1 0.214092
2 0.199002
3 0.210852
4 0.212287
5 0.197575
6 0.236088
7 0.206025
8 0.152793
9 0.185217
10 0.203998
11 0.233579
12 0.185791
13 0.139068
14 0.190051
15 0.211859
16 0.224698
17 0.192139
18 0.137774
19 0.224477
20 0.207878
21 0.200308
22 0.225833
23 0.194929
24 0.215025
25 0.264539
26 0.229554
27 0.252556
28 0.248771
29 0.238545
"[DEBUG]index 82 centroid... "
0 0.235324
1 0.228567
2 0.256071
3 0.243068
4 0.237863
5 0.184681
6 0.254485
7 0.20349
8 0.141546
9 0.166073
10 0.223999
11 0.169538
12 0.244158
13 0.239449
14 0.210144
15 0.235417
16 0.271116
17 0.249037
18 0.178757
19 0.243267
20 0.260574
21 0.210593
22 0.200737
23 0.222063
24 0.207058
25 0.25398
26 0.228075
27 0.279237
28 0.251654
29 0.259197
"[DEBUG]index 83 centroid... "
0 0.193389
1 0.182449
2 0.19805
3 0.210007
4 0.21014
5 0.14458
6 0.214472
7 0.197921
8 0.142898
9 0.154363
10 0.207558
11 0.203007
12 0.17676
13 0.193214
14 0.220684
15 0.230107
16 0.186892
17 0.224156
18 0.27653
19 0.219059
20 0.199242
21 0.239163
22 0.218168
23 0.169619
24 0.212309
25 0.220474
26 0.228194
27 0.21088
28 0.176778
29 0.214661
"[DEBUG]index 84 centroid... "
0 0.198251
1 0.213474
2 0.2122
3 0.238572
4 0.202605
5 0.196258
6 0.23442
7 0.197488
8 0.163737
9 0.190061
10 0.186917
11 0.221502
12 0.221162
13 0.178051
14 0.224
15 0.272347
16 0.242736
17 0.311485
18 0.310806
19 0.314817
20 0.348156
21 0.309992
22 0.297621
23 0.315528
24 0.319761
25 0.306287
26 0.293156
27 0.297545
28 0.277296
29 0.293895
"[DEBUG]index 85 centroid... "
0 0.230482
1 0.193999
2 0.211548
3 0.200093
4 0.186484
5 0.196679
6 0.215961
7 0.248192
8 0.16542
9 0.180927
10 0.22627
11 0.227436
12 0.18302
13 0.178581
14 0.163903
15 0.215182
16 0.228035
17 0.210476
18 0.238472
19 0.229475
20 0.223363
21 0.217675
22 0.238573
23 0.257477
24 0.233716
25 0.187579
26 0.204498
27 0.2048
28 0.207996
29 0.213797
"[DEBUG]index 86 centroid... "
0 0.191802
1 0.188788
2 0.198192
3 0.194269
4 0.195969
5 0.16195
6 0.172655
7 0.182201
8 0.102176
9 0.131692
10 0.187576
11 0.162877
12 0.162549
13 0.18999
14 0.266784
15 0.325708
16 0.358021
17 0.370534
18 0.363956
19 0.313666
20 0.3426
21 0.371559
22 0.318217
23 0.321009
24 0.337245
25 0.300147
26 0.26344
27 0.245672
28 0.24462
29 0.237659
"[DEBUG]index 87 centroid... "
0 0.2384
1 0.220547
2 0.20088
3 0.214861
4 0.21194
5 0.199119
6 0.256073
7 0.251123
8 0.184483
9 0.216707
10 0.302152
11 0.230137
12 0.202635
13 0.202082
14 0.246363
15 0.220208
16 0.174291
17 0.198668
18 0.233805
19 0.279344
20 0.291575
21 0.212392
22 0.244172
23 0.323477
24 0.27558
25 0.259218
26 0.211517
27 0.208488
28 0.233005
29 0.246935
"[DEBUG]index 88 centroid... "
0 0.21572
1 0.196644
2 0.186175
3 0.210673
4 0.232706
5 0.208594
6 0.21726
7 0.206293
8 0.136878
9 0.145616
10 0.142493
11 0.191335
12 0.240531
13 0.207792
14 0.201862
15 0.217324
16 0.192958
17 0.196833
18 0.238808
19 0.219858
20 0.229234
21 0.261634
22 0.227491
23 0.240856
24 0.243888
25 0.238983
26 0.244258
27 0.239604
28 0.24322
29 0.231901
"[DEBUG]index 89 centroid... "
0 0.180833
1 0.192762
2 0.201355
3 0.184522
4 0.198307
5 0.151924
6 0.181979
7 0.21523
8 0.135183
9 0.11209
10 0.187283
11 0.168356
12 0.166851
13 0.145436
14 0.162142
15 0.224891
16 0.243601
17 0.247938
18 0.275386
19 0.228831
20 0.261286
21 0.293414
22 0.286873
23 0.26383
24 0.298029
25 0.289377
26 0.247235
27 0.244635
28 0.24742
29 0.248518
"[DEBUG]index 90 centroid... "
0 0.250799
1 0.218539
2 0.212332
3 0.220983
4 0.233074
5 0.197421
6 0.243907
7 0.237936
8 0.176296
9 0.153979
10 0.156615
11 0.160797
12 0.192075
13 0.19739
14 0.178809
15 0.239135
16 0.219039
17 0.197055
18 0.240015
19 0.249544
20 0.199063
21 0.220138
22 0.282787
23 0.255818
24 0.249613
25 0.279201
26 0.263347
27 0.255577
28 0.271673
29 0.278581
"[DEBUG]index 91 centroid... "
0 0.215294
1 0.224951
2 0.241659
3 0.210334
4 0.234678
5 0.169625
6 0.241555
7 0.245391
8 0.161284
9 0.168036
10 0.238737
11 0.254875
12 0.205617
13 0.206995
14 0.193914
15 0.154976
16 0.177538
17 0.165768
18 0.161922
19 0.198678
20 0.229287
21 0.194414
22 0.217591
23 0.242526
24 0.202644
25 0.223466
26 0.209759
27 0.211036
28 0.221762
29 0.232906
"[DEBUG]index 92 centroid... "
0 0.215186
1 0.2203
2 0.219941
3 0.223654
4 0.202808
5 0.182998
6 0.229072
7 0.218712
8 0.132525
9 0.207773
10 0.21734
11 0.179264
12 0.264496
13 0.185895
14 0.143795
15 0.15925
16 0.133331
17 0.191346
18 0.200167
19 0.203336
20 0.22548
21 0.2117
22 0.188509
23 0.213621
24 0.237933
25 0.256775
26 0.246453
27 0.2437
28 0.256134
29 0.24632
"[DEBUG]index 93 centroid... "
0 0.268354
1 0.255661
2 0.254894
3 0.267842
4 0.238571
5 0.215451
6 0.276671
7 0.258667
8 0.180294
9 0.293693
10 0.270462
11 0.164575
12 0.208267
13 0.2612
14 0.177294
15 0.151838
16 0.295301
17 0.24959
18 0.193224
19 0.229466
20 0.239975
21 0.222268
22 0.230677
23 0.26456
24 0.282237
25 0.270936
26 0.277765
27 0.279545
28 0.276977
29 0.284572
"[DEBUG]index 94 centroid... "
0 0.242546
1 0.231687
2 0.229369
3 0.235716
4 0.227569
5 0.207954
6 0.226268
7 0.19222
8 0.126431
9 0.2189
10 0.215114
11 0.19891
12 0.298939
13 0.199643
14 0.166957
15 0.223492
16 0.22531
17 0.172789
18 0.215234
19 0.271821
20 0.302659
21 0.33494
22 0.36039
23 0.35101
24 0.316826
25 0.316684
26 0.310539
27 0.300549
28 0.308922
29 0.33442
"[DEBUG]index 95 centroid... "
0 0.20152
1 0.201614
2 0.174025
3 0.185592
4 0.220889
5 0.198856
6 0.209775
7 0.213468
8 0.151638
9 0.163855
10 0.163212
11 0.209096
12 0.214706
13 0.197344
14 0.223019
15 0.199196
16 0.179684
17 0.232679
18 0.195719
19 0.212668
20 0.234065
21 0.231576
22 0.181837
23 0.187811
24 0.203011
25 0.216962
26 0.219958
27 0.209987
28 0.238276
29 0.214878
"[DEBUG]index 96 centroid... "
0 0.252089
1 0.242083
2 0.224445
3 0.249692
4 0.234473
5 0.20156
6 0.238269
7 0.269231
8 0.144232
9 0.19513
10 0.241328
11 0.238336
12 0.194181
13 0.259286
14 0.276479
15 0.186185
16 0.199572
17 0.270048
18 0.193432
19 0.178337
20 0.284449
21 0.254914
22 0.202084
23 0.257142
24 0.267166
25 0.240845
26 0.247012
27 0.250887
28 0.237399
29 0.237341
"[DEBUG]index 97 centroid... "
0 0.244855
1 0.21683
2 0.213137
3 0.236534
4 0.201828
5 0.188524
6 0.207252
7 0.227635
8 0.138183
9 0.227686
10 0.240371
11 0.184005
12 0.198662
13 0.16853
14 0.190455
15 0.200072
16 0.183131
17 0.215142
18 0.182122
19 0.17738
20 0.252934
21 0.197242
22 0.209085
23 0.26888
24 0.214925
25 0.20231
26 0.21012
27 0.211983
28 0.188149
29 0.222215
"[DEBUG]index 98 centroid... "
0 0.27602
1 0.288072
2 0.282908
3 0.276971
4 0.270498
5 0.23502
6 0.30429
7 0.300539
8 0.181802
9 0.280487
10 0.313515
11 0.188445
12 0.225423
13 0.326536
14 0.179532
15 0.19446
16 0.308921
17 0.181004
18 0.227837
19 0.30513
20 0.230916
21 0.229101
22 0.236051
23 0.242452
24 0.232666
25 0.308744
26 0.305468
27 0.327834
28 0.371294
29 0.359861
"[DEBUG]index 99 centroid... "
0 0.218234
1 0.204618
2 0.197344
3 0.216595
4 0.218102
5 0.21643
6 0.257489
7 0.234811
8 0.167647
9 0.196512
10 0.228431
11 0.194383
12 0.178229
13 0.229288
14 0.224548
15 0.192876
16 0.22241
17 0.206253
18 0.154806
19 0.249639
20 0.253377
21 0.179076
22 0.212059
23 0.220578
24 0.213638
25 0.210043
26 0.208203
27 0.229493
28 0.245942
29 0.251554
