correlation level (red against blue): 
-0.740252
-0.202713
-0.368408
-0.146781
-0.472104
-0.583092
-0.611902
-0.354424
-0.679484
-0.700853
-0.657713
-0.451593
-0.769637
-0.654101
-0.274616
-0.710741
-0.642083
-0.511025
-0.709676
-0.606343
-0.329539
-0.679583
-0.744812
-0.622062
-0.734356
-0.622018
-0.210099
-0.661528
-0.709011
-0.715841
-0.515609
-0.622774
-0.479288
-0.610925
-0.695179
-0.636013
-0.694348
-0.69087
-0.689586
-0.747898
-0.643175
-0.576983
-0.753499
-0.730944
-0.677732
-0.75643
-0.709629
-0.64156
-0.675041
-0.555799
-0.829522
-0.729233
-0.72487
-0.130822
-0.610007
-0.311241
-0.750242
-0.629571
-0.581808
-0.658538
-0.543851
-0.629721
-0.628248
-0.645083
-0.653801
-0.61376
-0.544791
-0.327938
-0.65996
-0.678341
-0.346215
-0.782178
-0.578672
-0.561792
-0.4969
-0.521275
-0.603843
-0.779215
-0.58427
-0.554226
-0.698679
-0.817709
-0.494647
-0.522469
-0.637199
-0.21756
-0.476743
-0.385472
-0.697776
-0.618595
-0.503049
-0.523428
-0.7716
-0.774852
-0.62208
-0.623867
-0.749525
-0.60268
-0.671256
-0.688579
