"[DEBUG]index 0 centroid... "
0 1.53628
1 1.77603
2 1.90536
3 1.75079
4 1.88644
5 2.33754
6 2.49527
7 1.82019
8 4.5142
9 5.02524
10 6.23659
11 8.74763
12 11.9905
13 11.6372
14 18.2776
15 17.9338
16 12.8107
17 10.959
18 9.46372
19 6.7571
20 6.14826
21 4.81073
22 3.25868
23 2.80126
24 2.47634
25 2.68454
26 2.11041
27 2.21767
28 2.29653
29 1.5836
"[DEBUG]index 1 centroid... "
0 9.07391
1 8.6913
2 8.21739
3 7.20435
4 7.46957
5 7.22174
6 6.26957
7 3.96087
8 12.4
9 6.17391
10 4.66522
11 3.27826
12 1.93913
13 1.50435
14 1.01739
15 0.734783
16 0.926087
17 1.40435
18 1.24783
19 1.90435
20 3.15217
21 3.07826
22 4.15217
23 4.18696
24 4.78696
25 4.93913
26 5.97826
27 5.28696
28 6.01739
29 7.17826
"[DEBUG]index 2 centroid... "
0 1.8246
1 1.83367
2 1.92339
3 1.70161
4 1.7127
5 2.25706
6 2.08468
7 1.55948
8 7.00403
9 2.56956
10 1.78427
11 1.0131
12 0.475806
13 0.441532
14 0.882056
15 1.75202
16 3.86996
17 4.99093
18 11.6784
19 5.48286
20 3.59577
21 1.71573
22 0.914315
23 1.91734
24 2.06552
25 1.94758
26 2.14113
27 2.26613
28 2.32964
29 1.95363
"[DEBUG]index 3 centroid... "
0 3.77477
1 4.96396
2 3.53153
3 3.56757
4 3.91892
5 4.30631
6 3.81081
7 2.53153
8 10.6486
9 3.24324
10 2.84685
11 1.61261
12 1.62162
13 2.61261
14 6.42342
15 4.77477
16 6.89189
17 2.6036
18 1.43243
19 0.576577
20 0.252252
21 0.540541
22 0.864865
23 3.41441
24 2.91892
25 2.46847
26 3.51351
27 3.21622
28 3.23423
29 3.44144
"[DEBUG]index 4 centroid... "
0 2.06904
1 1.87623
2 1.71895
3 1.82353
4 1.80188
5 2.404
6 2.47426
7 1.07966
8 12.4926
9 3.10907
10 2.20997
11 1.07475
12 2.29657
13 1.36193
14 4.28145
15 5.02819
16 1.56699
17 0.89951
18 2.66993
19 1.94322
20 3.29657
21 13.7843
22 4.19567
23 2.35825
24 2.74918
25 2.69404
26 2.02819
27 2.16912
28 2.0866
29 2.29003
"[DEBUG]index 5 centroid... "
0 2.59071
1 2.79488
2 2.63691
3 2.45596
4 2.51412
5 2.56845
6 2.57492
7 1.3291
8 12.7183
9 4.57946
10 2.48636
11 4.60053
12 14.0462
13 2.54069
14 2.09885
15 1.41264
16 1.33174
17 2.02034
18 2.89445
19 12.9998
20 4.11656
21 2.26544
22 2.77884
23 2.66515
24 2.16635
25 2.04428
26 2.14146
27 2.1898
28 2.29033
29 2.11297
"[DEBUG]index 6 centroid... "
0 2.55876
1 2.65319
2 2.63687
3 2.27273
4 2.35234
5 2.67428
6 2.59819
7 1.9224
8 13.9769
9 2.54571
10 11.6931
11 11.6145
12 4.46936
13 2.70442
14 1.23606
15 2.1881
16 4.51482
17 4.45429
18 2.03692
19 1.07936
20 2.07132
21 4.6223
22 1.49824
23 1.93747
24 1.95254
25 2.06228
26 1.89026
27 1.96032
28 1.8551
29 1.92315
"[DEBUG]index 7 centroid... "
0 3.77983
1 3.62185
2 3.62521
3 3.6521
4 3.54958
5 4
6 3.06555
7 2.26723
8 12.6168
9 3.89076
10 7.28067
11 4.32941
12 11.958
13 11.1429
14 4.10924
15 2.17647
16 1.30756
17 0.640336
18 0.631933
19 1.26387
20 1.04034
21 1.91933
22 5.2521
23 2.09916
24 2.53445
25 2.56303
26 2.27227
27 2.31933
28 2.46387
29 2.37311
"[DEBUG]index 8 centroid... "
0 3.41725
1 3.26351
2 3.11205
3 3.07128
4 3.3834
5 4.04175
6 3.74398
7 2.07508
8 23.4106
9 4.58462
10 3.21068
11 3.77814
12 2.9362
13 8.63901
14 2.16737
15 9.46691
16 2.09094
17 10.8832
18 2.7822
19 2.24744
20 8.60084
21 2.67135
22 1.18484
23 3.61795
24 3.03525
25 2.73545
26 2.91546
27 2.92196
28 2.94208
29 2.84246
"[DEBUG]index 9 centroid... "
0 4.37052
1 4.04732
2 3.79705
3 3.62498
4 3.79659
5 4.32785
6 4.17719
7 2.59907
8 22.7151
9 4.57393
10 7.64205
11 9.68906
12 3.59953
13 1.46517
14 2.38278
15 9.97517
16 2.53297
17 1.39317
18 2.61815
19 9.74321
20 2.27199
21 1.36012
22 3.22358
23 3.46346
24 3.01831
25 3.00124
26 3.16928
27 3.09589
28 3.0166
29 3.00186
"[DEBUG]index 10 centroid... "
0 3.45878
1 3.34995
2 3.02998
3 3.12903
4 3.25904
5 3.62854
6 3.69013
7 1.89703
8 18.8736
9 4.74063
10 3.43141
11 1.46432
12 2.46008
13 9.00098
14 2.55295
15 1.15738
16 2.5927
17 8.17367
18 7.73998
19 2.67286
20 1.53666
21 2.33561
22 9.97165
23 2.377
24 3.00228
25 3.41121
26 3.27827
27 3.21342
28 3.07006
29 2.90616
"[DEBUG]index 11 centroid... "
0 1.81823
1 1.83747
2 1.65797
3 1.59949
4 1.52658
5 1.8643
6 2.01873
7 1.49291
8 8.62557
9 2.21089
10 8.41139
11 3.32304
12 1.77595
13 2.14633
14 0.891646
15 1.55139
16 4.16228
17 1.79468
18 4.15848
19 5.60962
20 14.9944
21 5.78405
22 4.17975
23 2.19848
24 2.31899
25 1.96354
26 1.88127
27 1.87595
28 2.11696
29 1.87089
"[DEBUG]index 12 centroid... "
0 3.12703
1 3.08052
2 3.04932
3 3.01391
4 4.19575
5 3.48176
6 3.97817
7 2.10961
8 19.2756
9 4.41885
10 2.7925
11 2.85231
12 8.40719
13 2.73128
14 2.87761
15 4.65244
16 21.9277
17 4.92618
18 2.64916
19 8.57319
20 3.47183
21 2.29214
22 7.04234
23 2.59862
24 3.07668
25 2.96805
26 2.95775
27 2.82725
28 2.67418
29 2.54827
"[DEBUG]index 13 centroid... "
0 3.81438
1 3.63066
2 4.00571
3 3.31153
4 3.40129
5 3.78889
6 3.92469
7 2.35565
8 16.0612
9 3.14454
10 16.8094
11 3.16204
12 17.3933
13 4.21833
14 6.99886
15 2.73792
16 2.63636
17 5.1803
18 4.77368
19 2.1822
20 1.39293
21 0.855458
22 1.26626
23 2.25751
24 1.91023
25 1.9574
26 2.08596
27 2.23317
28 2.07988
29 2.01217
"[DEBUG]index 14 centroid... "
0 2.70737
1 2.68
2 2.65368
3 2.46737
4 2.65684
5 2.89789
6 3.09053
7 1.74421
8 12.2326
9 3.39684
10 2.11474
11 0.882105
12 0.454737
13 1.11053
14 0.792632
15 1.58316
16 7.68947
17 2.13895
18 1.03579
19 1.09579
20 2.73474
21 1.34632
22 6.95895
23 1.85263
24 2.74211
25 2.81474
26 2.79579
27 2.47368
28 2.51789
29 2.50316
"[DEBUG]index 15 centroid... "
0 1.66253
1 1.84636
2 1.64609
3 1.6496
4 1.56819
5 2.17035
6 2.48571
7 1.65984
8 7.52318
9 15.3806
10 5.97143
11 4.67305
12 2.06065
13 3.50997
14 9.28787
15 2.77116
16 1.4469
17 4.01941
18 1.52938
19 3.67089
20 1.30728
21 3.28221
22 2.8504
23 1.46119
24 1.66334
25 1.59784
26 1.47412
27 1.48167
28 1.52426
29 1.46873
"[DEBUG]index 16 centroid... "
0 3.2571
1 3.05285
2 2.88054
3 2.84281
4 3.16603
5 3.28991
6 3.18902
7 1.65016
8 19.2104
9 4.10197
10 2.55212
11 1.30583
12 1.16308
13 2.06769
14 2.42313
15 0.797033
16 2.87749
17 1.01375
18 2.06248
19 8.56224
20 1.56656
21 2.65036
22 0.952353
23 2.95363
24 2.38265
25 2.32508
26 2.35838
27 2.60271
28 2.62108
29 2.69447
"[DEBUG]index 17 centroid... "
0 3.29394
1 3.37303
2 3.20319
3 2.88358
4 2.97683
5 3.56928
6 3.45861
7 1.92504
8 17.7458
9 5.04633
10 2.2932
11 9.72274
12 2.63391
13 1.19802
14 1.40387
15 3.28154
16 1.0934
17 2.1629
18 9.2237
19 2.68777
20 2.43854
21 8.05283
22 7.44253
23 2.57976
24 3.43205
25 3.29025
26 3.03497
27 3.01815
28 3.0332
29 3.09931
"[DEBUG]index 18 centroid... "
0 2.95538
1 2.86753
2 2.65859
3 2.53221
4 2.80757
5 3.43277
6 3.526
7 2.04626
8 15.5247
9 5.21305
10 2.88065
11 8.85887
12 3.28742
13 3.44999
14 8.05458
15 2.63223
16 4.45093
17 20.6711
18 6.57379
19 3.28203
20 7.23413
21 18.0846
22 4.94366
23 3.36788
24 3.95889
25 3.50527
26 3.27301
27 3.32853
28 3.15613
29 3.22359
"[DEBUG]index 19 centroid... "
0 2.38612
1 2.33502
2 2.04164
3 2.0448
4 2.43659
5 2.42461
6 2.77729
7 1.75773
8 11.3464
9 3.66435
10 2.63091
11 1.71356
12 2.62397
13 3.55205
14 13.482
15 4.32808
16 2.65741
17 5.44038
18 11.5438
19 11.465
20 4.23218
21 2.12618
22 7.23722
23 2.40883
24 2.64543
25 2.64038
26 2.81199
27 2.8082
28 2.50032
29 2.39495
"[DEBUG]index 20 centroid... "
0 4.70315
1 4.56551
2 4.17745
3 4.1675
4 4.14428
5 4.38972
6 3.95688
7 2.28192
8 15.8159
9 6.53897
10 2.50249
11 3.31343
12 3.7529
13 1.22554
14 0.766169
15 1.14925
16 2.46434
17 9.48259
18 2.13101
19 3.04643
20 1.36318
21 0.572139
22 1.06799
23 3.15589
24 2.7131
25 3.33665
26 3.24046
27 3.59038
28 3.33002
29 3.72305
"[DEBUG]index 21 centroid... "
0 3.64628
1 3.57728
2 3.58327
3 3.32376
4 3.52506
5 4.18856
6 3.73369
7 2.13996
8 26.9486
9 5.30847
10 2.66159
11 11.1986
12 3.00297
13 2.78296
14 3.21284
15 1.18706
16 2.66961
17 3.22199
18 1.17455
19 2.50961
20 7.97318
21 2.05878
22 2.70156
23 3.15746
24 2.8395
25 2.6678
26 2.7572
27 2.67496
28 2.78393
29 2.85652
"[DEBUG]index 22 centroid... "
0 3.56316
1 3.27454
2 3.09383
3 3.03896
4 3.42556
5 3.81764
6 3.89688
7 1.88478
8 17.0751
9 4.91247
10 2.0383
11 7.67739
12 8.37517
13 2.19397
14 4.73226
15 19.0698
16 3.88611
17 2.93485
18 1.82527
19 1.4884
20 2.26061
21 5.91595
22 1.70375
23 2.96419
24 2.8687
25 2.77404
26 2.56001
27 2.45391
28 2.48408
29 2.41495
"[DEBUG]index 23 centroid... "
0 2.96364
1 2.85536
2 2.74886
3 2.78831
4 3.07192
5 3.4888
6 3.12841
7 1.71315
8 15.9011
9 4.30942
10 2.74302
11 3.49984
12 7.37468
13 3.34789
14 18.4839
15 3.9086
16 3.01981
17 1.56867
18 2.08523
19 5.46802
20 1.69692
21 2.02175
22 1.05666
23 2.70747
24 2.14269
25 2.10227
26 2.09026
27 2.16558
28 2.12581
29 2.10471
"[DEBUG]index 24 centroid... "
0 4.05653
1 4.09647
2 3.96999
3 3.97035
4 4.145
5 4.92408
6 4.79966
7 2.55554
8 25.7605
9 5.79246
10 3.13142
11 12.6242
12 3.04533
13 9.40662
14 2.55898
15 11.1988
16 2.78877
17 2.73343
18 9.01132
19 2.93298
20 1.49949
21 3.37143
22 2.84111
23 3.15581
24 3.10138
25 3.03305
26 3.10094
27 3.08036
28 3.09453
29 2.88307
"[DEBUG]index 25 centroid... "
0 4.1684
1 3.88868
2 3.67684
3 3.41963
4 3.86579
5 4.24884
6 4.06696
7 2.36046
8 24.6355
9 3.77025
10 10.4481
11 2.785
12 1.45712
13 1.18232
14 2.75038
15 2.38529
16 0.92598
17 2.65138
18 2.78033
19 0.875189
20 2.39693
21 2.48337
22 0.806379
23 2.63565
24 2.26973
25 2.2766
26 2.38076
27 2.4765
28 2.484
29 2.63803
"[DEBUG]index 26 centroid... "
0 3.44783
1 3.39022
2 3.07391
3 3.19674
4 3.21196
5 3.61413
6 2.94022
7 1.82609
8 14.0011
9 4.74783
10 2.88913
11 1.38043
12 2.79891
13 8.54348
14 1.6837
15 0.917391
16 0.669565
17 1.4087
18 2.98587
19 1.88587
20 9.05435
21 1.5663
22 8.47283
23 2.78261
24 3.39348
25 3.1
26 2.98152
27 3.09022
28 2.93696
29 2.96304
"[DEBUG]index 27 centroid... "
0 2.18443
1 2.34076
2 2.00733
3 1.88855
4 1.93527
5 2.24366
6 2.37466
7 2.13863
8 10.3447
9 2.93924
10 8.82076
11 9.13527
12 3.75573
13 2.21344
14 5.97008
15 2.32244
16 4.20763
17 5.89191
18 18.9915
19 6.8626
20 4.69893
21 2.28763
22 5.37313
23 1.9084
24 1.91939
25 2.0174
26 2.17985
27 2.23298
28 2.18443
29 2.19817
"[DEBUG]index 28 centroid... "
0 3.09598
1 3.15538
2 3.1318
3 2.91069
4 3.23045
5 3.63675
6 3.22044
7 2.21666
8 18.0968
9 4.18886
10 8.29719
11 7.85252
12 5.23902
13 21.0898
14 5.14203
15 2.37771
16 8.7919
17 2.45267
18 7.39751
19 2.553
20 7.88856
21 2.0981
22 7.31676
23 2.78356
24 3.13881
25 2.83539
26 2.9029
27 2.68602
28 2.80147
29 2.62796
"[DEBUG]index 29 centroid... "
0 3.00603
1 2.90953
2 2.80557
3 2.53876
4 2.72166
5 3.18432
6 3.33777
7 2.90012
8 18.2015
9 2.71119
10 17.1809
11 5.51783
12 3.89817
13 4.93046
14 9.13784
15 3.32216
16 21.4877
17 6.55561
18 2.83076
19 8.16161
20 5.97268
21 2.57584
22 1.24871
23 2.81231
24 2.4176
25 2.31613
26 2.32624
27 2.31346
28 2.31754
29 2.39826
"[DEBUG]index 30 centroid... "
0 2.73859
1 2.7462
2 2.67626
3 2.54943
4 2.8365
5 3.22338
6 3.0641
7 1.65209
8 16.7605
9 4.64123
10 2.53042
11 1.25896
12 3.23221
13 1.06097
14 2.68957
15 0.877105
16 2.55744
17 8.47501
18 1.74511
19 7.57021
20 7.0258
21 1.65087
22 8.66119
23 2.53843
24 2.74077
25 3.02363
26 2.99593
27 2.88077
28 3.00489
29 2.9097
"[DEBUG]index 31 centroid... "
0 4.93014
1 4.55005
2 4.51194
3 4.41997
4 4.73239
5 5.16684
6 4.73036
7 2.33134
8 29.1976
9 6.42321
10 4.25522
11 3.51693
12 14.1583
13 2.42009
14 1.55504
15 3.56049
16 3.16993
17 1.39321
18 3.16038
19 1.4042
20 3.04312
21 2.81228
22 1.31916
23 3.26073
24 2.88619
25 2.75507
26 2.86471
27 2.98845
28 2.90442
29 2.93051
"[DEBUG]index 32 centroid... "
0 1.99454
1 2.0362
2 1.81011
3 2.0362
4 1.89959
5 2.47883
6 2.48087
7 1.43648
8 11.0546
9 2.4679
10 1.74249
11 1.00478
12 0.934426
13 1.67213
14 3.00273
15 10.4051
16 9.44399
17 3.27049
18 5.93989
19 1.50751
20 4.84085
21 4.13798
22 1.39959
23 2.1168
24 2.10451
25 2.07377
26 1.96858
27 2.08811
28 1.77322
29 1.73634
"[DEBUG]index 33 centroid... "
0 2.89154
1 2.82268
2 2.73325
3 2.45327
4 2.69548
5 2.9293
6 3.12352
7 1.80538
8 15.3945
9 2.40643
10 16.1217
11 4.22221
12 2.39401
13 2.75382
14 2.43821
15 1.02753
16 1.23692
17 1.00092
18 2.20364
19 5.24181
20 1.48914
21 5.63042
22 1.91252
23 2.39763
24 2.23376
25 2.08012
26 2.05845
27 2.04179
28 2.23187
29 2.1699
"[DEBUG]index 34 centroid... "
0 2.5779
1 2.5779
2 2.55281
3 2.55969
4 2.80433
5 3.21894
6 2.94739
7 1.78592
8 14.4407
9 3.68919
10 2.68758
11 1.58357
12 2.76022
13 4.20012
14 17.1372
15 3.97815
16 1.90287
17 7.10745
18 2.30696
19 1.07467
20 2.7501
21 1.74059
22 5.52975
23 2.29199
24 2.62404
25 2.68758
26 2.53804
27 2.34783
28 2.31445
29 2.30251
"[DEBUG]index 35 centroid... "
0 2.70969
1 2.71414
2 2.59908
3 2.46555
4 2.62301
5 2.74491
6 2.92443
7 1.68849
8 15.8073
9 4.16208
10 6.86784
11 4.4941
12 17.7162
13 4.02308
14 2.27013
15 6.5642
16 2.14909
17 6.74816
18 2.27988
19 6.96546
20 3.77124
21 14.979
22 4.60831
23 2.72628
24 3.3127
25 2.78543
26 2.46025
27 2.51906
28 2.55787
29 2.41187
"[DEBUG]index 36 centroid... "
0 3.40433
1 3.28259
2 3.1896
3 2.99933
4 2.7678
5 3.62927
6 3.55832
7 2.147
8 13.2853
9 14.4831
10 5.16393
11 2.29804
12 8.28998
13 2.09917
14 1.08748
15 1.10924
16 2.23058
17 2.13545
18 0.904999
19 2.85044
20 1.05684
21 1.85313
22 5.16071
23 1.80677
24 2.31793
25 2.25087
26 2.24321
27 2.14136
28 2.12644
29 2.2756
"[DEBUG]index 37 centroid... "
0 2.96464
1 3.1768
2 2.69292
3 2.54258
4 2.69495
5 3.3038
6 3.30973
7 2.08875
8 17.3659
9 4.59987
10 2.94715
11 3.11935
12 2.75053
13 2.50129
14 8.39443
15 2.39365
16 4.52752
17 18.7253
18 5.06377
19 2.86558
20 1.56834
21 2.67489
22 1.01054
23 2.59699
24 2.24354
25 2.40676
26 2.54992
27 2.38069
28 2.6126
29 2.15666
"[DEBUG]index 38 centroid... "
0 3.36721
1 3.23477
2 3.01004
3 2.93304
4 3.40452
5 3.70169
6 3.65583
7 1.96213
8 19.9176
9 4.28531
10 2.62594
11 1.53844
12 3.74686
13 1.08271
14 2.26751
15 10.0765
16 2.41866
17 2.3193
18 9.23842
19 2.99852
20 1.1969
21 2.61875
22 8.74378
23 2.3266
24 3.3574
25 3.45859
26 3.32318
27 3.17887
28 3.09537
29 3.04734
"[DEBUG]index 39 centroid... "
0 2.80936
1 2.92459
2 2.71885
3 2.59449
4 2.86486
5 3.23519
6 3.24316
7 1.88303
8 17.5394
9 4.60088
10 2.76207
11 8.06056
12 2.38444
13 6.93695
14 2.10046
15 6.69927
16 7.71868
17 2.62859
18 5.06098
19 19.953
20 4.28795
21 2.90601
22 3.19396
23 3.28347
24 2.67355
25 2.58379
26 2.54803
27 2.76141
28 2.71453
29 2.52248
"[DEBUG]index 40 centroid... "
0 7.0126
1 6.90725
2 7.20649
3 6.5916
4 6.65305
5 7.42405
6 6.78473
7 3.77977
8 20.9294
9 8.69275
10 3.21221
11 13.7286
12 4.02824
13 3.99122
14 4.42023
15 1.94885
16 0.857634
17 1.83702
18 1.4626
19 3.54618
20 1.35649
21 0.891985
22 1.65573
23 3.76107
24 3.16031
25 3.15153
26 3.56565
27 3.58817
28 3.71794
29 3.78397
"[DEBUG]index 41 centroid... "
0 2.87587
1 3.37416
2 3.21401
3 3.0808
4 2.69698
5 3.39719
6 3.70177
7 2.42588
8 9.17839
9 17.8727
10 4.20016
11 18.8579
12 7.97346
13 4.26496
14 4.68635
15 4.24241
16 2.03377
17 1.41544
18 1.87577
19 1.64946
20 2.99512
21 1.64829
22 1.02947
23 1.81907
24 1.65102
25 1.50873
26 1.54026
27 1.59676
28 1.61111
29 1.51761
"[DEBUG]index 42 centroid... "
0 3.13269
1 3.18425
2 2.64309
3 2.60651
4 2.80815
5 3.21563
6 3.44125
7 1.99321
8 13.2152
9 14.9105
10 4.6229
11 2.43345
12 7.39109
13 1.95544
14 2.65148
15 1.19604
16 2.09932
17 6.7534
18 5.8727
19 1.6237
20 6.92426
21 2.3765
22 0.969424
23 2.83553
24 2.47042
25 2.07494
26 2.34392
27 2.38449
28 2.28397
29 2.31455
"[DEBUG]index 43 centroid... "
0 3.61772
1 3.38434
2 3.32406
3 3.36304
4 3.67096
5 4.20642
6 3.93491
7 2.15301
8 18.922
9 4.28095
10 2.74652
11 4.08844
12 1.26996
13 2.44496
14 9.25811
15 2.12622
16 1.20385
17 1.3682
18 1.30551
19 3.39808
20 0.931307
21 2.22274
22 8.18736
23 2.53443
24 3.29778
25 3.27804
26 3.17105
27 2.84956
28 2.93371
29 2.87807
"[DEBUG]index 44 centroid... "
0 2.79163
1 2.71442
2 2.61097
3 2.3597
4 2.57412
5 2.941
6 3.07391
7 1.65872
8 18.1956
9 3.26392
10 7.65295
11 2.43537
12 1.18636
13 3.00999
14 1.09191
15 2.35148
16 1.77194
17 8.63361
18 1.72236
19 8.1621
20 1.5936
21 7.9064
22 1.90499
23 2.73523
24 2.46892
25 2.57257
26 2.35675
27 2.55563
28 2.56723
29 2.48917
"[DEBUG]index 45 centroid... "
0 3.0023
1 2.90125
2 2.83757
3 2.67486
4 3.01647
5 3.40401
6 3.2425
7 1.84198
8 20.1878
9 3.28529
10 9.43816
11 2.70688
12 2.58936
13 8.57905
14 1.53451
15 6.51693
16 2.40098
17 2.86269
18 1.22409
19 2.50929
20 7.90263
21 1.5369
22 7.87337
23 2.57731
24 3.05126
25 2.89094
26 2.66059
27 2.53635
28 2.63059
29 2.53092
"[DEBUG]index 46 centroid... "
0 3.60585
1 3.45806
2 3.38006
3 3.29192
4 3.60948
5 4.06148
6 3.8925
7 1.75822
8 24.4063
9 5.58298
10 3.41718
11 3.79287
12 10.7752
13 1.63169
14 9.7766
15 3.02991
16 1.41496
17 3.23337
18 9.06605
19 2.38368
20 2.61961
21 9.00173
22 2.44718
23 3.43807
24 3.54372
25 3.10964
26 3.04821
27 3.18665
28 3.08673
29 3.09172
"[DEBUG]index 47 centroid... "
0 3.33752
1 3.2237
2 3.01676
3 2.89395
4 3.06903
5 3.68944
6 3.61305
7 2.01974
8 21.5567
9 4.66985
10 2.38983
11 8.41587
12 3.02564
13 1.34806
14 3.26798
15 2.34194
16 9.09282
17 2.05256
18 10.2449
19 1.95547
20 9.0971
21 2.38828
22 2.81549
23 3.05201
24 2.95735
25 2.6708
26 2.91484
27 2.87458
28 2.96073
29 2.73033
"[DEBUG]index 48 centroid... "
0 2.9453
1 2.86944
2 2.70448
3 2.69274
4 3.19498
5 3.49484
6 3.37367
7 1.87742
8 34.1044
9 4.04943
10 3.03672
11 3.20689
12 2.69164
13 7.07748
14 2.21883
15 1.97311
16 7.65263
17 2.38734
18 2.7628
19 2.85805
20 2.00186
21 6.42669
22 2.01351
23 2.6564
24 2.69214
25 2.59214
26 2.42095
27 2.43689
28 2.43109
29 2.38058
"[DEBUG]index 49 centroid... "
0 4.41304
1 4.42642
2 4.37291
3 4.16054
4 4.35284
5 5.0223
6 4.72241
7 2.36734
8 19.437
9 4.71795
10 2.96488
11 1.63266
12 4.03623
13 1.98328
14 10.5892
15 1.66054
16 3.4097
17 1.38517
18 0.57971
19 1.10647
20 2.67391
21 2.33501
22 0.851728
23 3.4136
24 2.72687
25 2.76644
26 3.12207
27 2.83055
28 3.05407
29 3.07581
"[DEBUG]index 50 centroid... "
0 3.93123
1 3.93034
2 3.83569
3 3.75977
4 3.9652
5 4.77617
6 4.40817
7 2.22433
8 25.8736
9 6.42138
10 2.69708
11 10.8627
12 11.3145
13 2.11239
14 10.9992
15 3.2815
16 2.69692
17 9.30297
18 2.75888
19 3.66222
20 1.7499
21 2.85437
22 8.29076
23 2.82431
24 3.37197
25 3.48424
26 3.42679
27 3.20927
28 3.13537
29 3.09755
"[DEBUG]index 51 centroid... "
0 2.77898
1 2.70014
2 2.75189
3 2.51921
4 2.86425
5 3.17229
6 3.4395
7 1.88744
8 19.078
9 2.88409
10 9.08842
11 2.70912
12 1.33512
13 2.35235
14 7.62627
15 1.75142
16 2.7649
17 2.25085
18 9.47898
19 1.76691
20 8.23356
21 1.72166
22 8.21573
23 2.32808
24 2.88188
25 2.73808
26 2.80244
27 2.51947
28 2.76544
29 2.56801
"[DEBUG]index 52 centroid... "
0 4.8451
1 4.73755
2 4.49637
3 4.34565
4 4.57061
5 5.4595
6 5.13465
7 2.84455
8 24.6484
9 6.21251
10 2.69554
11 12.5191
12 3.89703
13 1.59202
14 4.53996
15 2.91024
16 9.4311
17 2.9727
18 1.45963
19 4.12705
20 1.21853
21 3.41222
22 1.29153
23 3.56424
24 3.14532
25 3.19314
26 3.28161
27 3.33128
28 3.22339
29 3.18288
"[DEBUG]index 53 centroid... "
0 2.55788
1 2.27492
2 2.16399
3 1.96302
4 2.21061
5 2.36495
6 2.3135
7 1.15273
8 9.83119
9 3.38264
10 2.0627
11 0.967846
12 0.406752
13 0.318328
14 0.652733
15 2.09486
16 0.762058
17 0.951769
18 2.38585
19 3.13826
20 9.47749
21 4
22 1.85691
23 2.77331
24 2.68328
25 2.12862
26 2.59003
27 2.59486
28 2.73633
29 2.52733
"[DEBUG]index 54 centroid... "
0 6.69958
1 6.89916
2 6.75
3 6.95798
4 6.53151
5 7.16597
6 6.48739
7 3.75
8 16.4076
9 7.72269
10 2.78361
11 11.874
12 4.38866
13 2.15336
14 2.16807
15 5.93067
16 1.28151
17 2.11765
18 1.21429
19 0.810924
20 1.15546
21 2.02311
22 4.28992
23 4.02101
24 4.59454
25 4.65126
26 4.18698
27 4.42227
28 4.30462
29 4.82353
"[DEBUG]index 55 centroid... "
0 2.94537
1 3.17951
2 3.21366
3 2.85366
4 2.78634
5 3.58829
6 3.06732
7 1.46439
8 12.9249
9 5.05073
10 2.30341
11 6.88098
12 6.80488
13 1.72098
14 1.02244
15 2.78537
16 0.869268
17 0.560976
18 1.51512
19 2.37463
20 5.08098
21 11.9737
22 4.22927
23 3.33756
24 3.11805
25 2.93171
26 2.32585
27 2.82146
28 2.62146
29 2.78049
"[DEBUG]index 56 centroid... "
0 4.5251
1 4.53421
2 4.24032
3 4.05747
4 4.33036
5 5.33825
6 4.74974
7 3.0378
8 23.342
9 6.41805
10 3.36683
11 12.7448
12 2.58656
13 12.2558
14 3.69545
15 2.80168
16 9.08154
17 10.4163
18 2.48197
19 1.66595
20 3.75845
21 1.21317
22 3.05829
23 3.07324
24 3.25845
25 3.14669
26 3.24247
27 3.11668
28 3.32237
29 3.20692
"[DEBUG]index 57 centroid... "
0 1.74798
1 1.91175
2 1.72126
3 1.37378
4 1.53203
5 1.84345
6 2.13789
7 1.5664
8 6.43275
9 14.0441
10 4.77726
11 3.51252
12 2.02588
13 1.05728
14 1.41663
15 2.63471
16 8.32753
17 2.0997
18 3.7378
19 1.58422
20 0.805261
21 1.2762
22 2.972
23 1.17098
24 1.72465
25 1.56216
26 1.57785
27 1.67077
28 1.39754
29 1.30081
"[DEBUG]index 58 centroid... "
0 3.66267
1 3.55075
2 3.22384
3 3.40221
4 3.58137
5 4.17096
6 3.91144
7 2.13923
8 19.9705
9 4.80663
10 3.31886
11 1.33639
12 3.40789
13 8.58453
14 1.87751
15 8.59653
16 9.70071
17 1.94665
18 10.7998
19 2.33181
20 3.1809
21 1.15801
22 2.77995
23 2.97806
24 2.93212
25 2.94996
26 3.06835
27 2.94128
28 3.01768
29 2.82052
"[DEBUG]index 59 centroid... "
0 2.88501
1 2.66613
2 2.5383
3 2.35397
4 2.58115
5 3.05785
6 2.93201
7 1.38238
8 16.7694
9 4.30171
10 2.81838
11 2.87727
12 8.75255
13 1.829
14 6.24976
15 1.94366
16 7.78503
17 2.86866
18 2.84847
19 4.32644
20 18.1539
21 4.44957
22 2.83793
23 3.39619
24 3.24098
25 2.49378
26 2.53934
27 2.50303
28 2.71593
29 2.37975
"[DEBUG]index 60 centroid... "
0 3.29194
1 3.19919
2 3.42419
3 3.13548
4 3.52849
5 3.88522
6 3.61962
7 2.76425
8 14.3462
9 3.27312
10 15.2366
11 4.99516
12 5.31828
13 15.6245
14 3.44462
15 13.9242
16 4.42016
17 5.99032
18 2.70323
19 1.65
20 1.30591
21 2.15027
22 4.15296
23 2.15887
24 2.19059
25 2.48602
26 2.35995
27 2.30161
28 2.24892
29 2.11828
"[DEBUG]index 61 centroid... "
0 2.14315
1 2.03624
2 1.89579
3 1.98132
4 2.00675
5 2.4551
6 2.38915
7 1.48368
8 11.0639
9 3.71438
10 2.43147
11 1.26806
12 2.09948
13 4.90772
14 1.89602
15 1.06144
16 2.95296
17 2.20459
18 3.79563
19 13.7216
20 2.46815
21 12.9635
22 4.66217
23 2.49133
24 3.04772
25 2.55436
26 2.23498
27 2.46478
28 2.51767
29 2.51834
"[DEBUG]index 62 centroid... "
0 3.47799
1 3.2228
2 3.02088
3 3.01388
4 3.38715
5 3.73695
6 3.48025
7 1.9591
8 19.0714
9 4.48251
10 2.70843
11 1.56808
12 4.05091
13 1.08384
14 2.33333
15 9.56646
16 1.97191
17 9.14832
18 1.79077
19 9.25024
20 2.11786
21 1.32332
22 1.29459
23 3.36788
24 2.52201
25 2.94231
26 3.02658
27 3.16618
28 3.10365
29 2.77634
"[DEBUG]index 63 centroid... "
0 1.87195
1 1.84824
2 1.70528
3 1.55962
4 1.68428
5 2.22832
6 2.24255
7 1.62602
8 6.99797
9 3.57317
10 2.17818
11 2.00813
12 3.96545
13 3.91463
14 1.79539
15 3.77642
16 7.38618
17 14
18 10.54
19 11.0501
20 13.5196
21 6.94309
22 4.58333
23 2.64702
24 2.57046
25 2.42547
26 2.37263
27 2.43564
28 2.69783
29 2.06843
"[DEBUG]index 64 centroid... "
0 3.18526
1 3.23705
2 2.96017
3 2.90667
4 3.185
5 3.71997
6 3.57373
7 2.19413
8 24.9122
9 4.14768
10 9.60758
11 2.6228
12 12.2681
13 2.46749
14 2.79989
15 8.44528
16 2.29146
17 7.93641
18 8.57475
19 2.38377
20 9.89317
21 2.19963
22 8.33075
23 2.85489
24 3.27907
25 3.41821
26 3.29568
27 2.92605
28 3.06989
29 2.83561
"[DEBUG]index 65 centroid... "
0 2.39676
1 2.28556
2 2.37919
3 2.06425
4 2.11862
5 2.4838
6 2.65266
7 1.56617
8 12.1584
9 1.94289
10 12.6428
11 3.38825
12 2.25947
13 1.10159
14 1.63948
15 5.07825
16 1.53515
17 0.777595
18 1.09116
19 0.926414
20 1.50329
21 3.90335
22 4.4039
23 1.6804
24 2.18342
25 2.07743
26 1.84514
27 1.80121
28 1.75481
29 1.7743
"[DEBUG]index 66 centroid... "
0 3.25839
1 3.23267
2 3.01095
3 2.87948
4 3.17775
5 3.51144
6 3.72799
7 1.9441
8 25.6707
9 3.8737
10 11.6505
11 2.69657
12 12.1643
13 2.45127
14 8.7012
15 2.37454
16 10.4604
17 2.08616
18 9.07005
19 9.24388
20 2.28474
21 7.55541
22 9.02964
23 2.68883
24 3.41308
25 3.35105
26 3.00098
27 2.96119
28 2.9806
29 2.84237
"[DEBUG]index 67 centroid... "
0 2.75202
1 2.69003
2 2.4562
3 2.44407
4 2.60849
5 2.68059
6 2.66105
7 1.61658
8 11.2372
9 3.99663
10 1.66981
11 6.80863
12 1.99259
13 0.780323
14 0.427224
15 1.02089
16 2.04987
17 2.01482
18 3.60512
19 11.7547
20 4.0438
21 2.71968
22 0.966307
23 3.1934
24 2.06402
25 2.01685
26 2.42857
27 2.67318
28 2.53774
29 2.59164
"[DEBUG]index 68 centroid... "
0 3.72724
1 3.68943
2 3.51605
3 3.49459
4 3.51368
5 3.78016
6 3.62933
7 1.93003
8 20.6982
9 5.94541
10 3.46069
11 5.9802
12 23.2207
13 4.31057
14 3.32889
15 3.38399
16 7.13449
17 6.31877
18 2.10662
19 6.55033
20 2.68937
21 2.86807
22 1.48869
23 3.05369
24 2.53297
25 2.49689
26 2.59345
27 2.69776
28 2.55136
29 2.57128
"[DEBUG]index 69 centroid... "
0 2.52275
1 2.66986
2 2.51283
3 2.35683
4 2.36606
5 2.98426
6 3.2884
7 2.36469
8 13.376
9 2.94116
10 13.5706
11 5.24769
12 3.0325
13 6.73076
14 4.16832
15 13.9976
16 4.79063
17 4.43414
18 15.8484
19 4.69347
20 4.25419
21 14.4362
22 4.47178
23 2.99932
24 3.38659
25 3.00855
26 2.7807
27 2.83886
28 2.87752
29 2.54601
"[DEBUG]index 70 centroid... "
0 2.30393
1 2.41255
2 2.21318
3 2.15313
4 2.09328
5 2.60532
6 2.80082
7 1.56763
8 11.3236
9 13.5521
10 4.43024
11 2.15818
12 1.85581
13 5.90633
14 1.30082
15 1.98815
16 0.869607
17 1.72153
18 4.48426
19 4.37369
20 1.54916
21 0.78663
22 1.80393
23 1.75865
24 1.65643
25 1.5513
26 1.59405
27 1.73649
28 1.70501
29 1.67023
"[DEBUG]index 71 centroid... "
0 3.40004
1 3.23874
2 3.17665
3 2.96526
4 3.36966
5 3.59024
6 3.67612
7 1.7842
8 22.6609
9 4.38687
10 2.59571
11 3.07749
12 3.5162
13 0.975143
14 2.85931
15 0.868706
16 2.78713
17 0.953898
18 3.0742
19 1.14059
20 2.77194
21 1.75377
22 8.8063
23 2.06581
24 3.0119
25 2.9557
26 2.95156
27 2.72769
28 2.8166
29 2.7269
"[DEBUG]index 72 centroid... "
0 5.48832
1 4.59938
2 4.62899
3 4.17276
4 4.70172
5 4.81398
6 4.57979
7 2.81757
8 26.0533
9 4.89835
10 13.125
11 2.96312
12 14.8259
13 2.51818
14 9.47215
15 9.03602
16 3.14828
17 1.4517
18 3.6941
19 1.22914
20 2.68332
21 1.03996
22 2.6366
23 2.70865
24 2.69633
25 2.63806
26 2.6094
27 2.62993
28 2.51964
29 2.48841
"[DEBUG]index 73 centroid... "
0 2.29529
1 2.31488
2 2.44407
3 2.0678
4 2.37024
5 2.65198
6 2.48362
7 1.73522
8 12.4102
9 2.15443
10 14.2561
11 4.8919
12 2.56196
13 4.69077
14 13.1002
15 2.89492
16 2.56083
17 1.70282
18 2.51299
19 3.85198
20 10.9981
21 4.07533
22 2.26591
23 2.83616
24 2.50546
25 2.03428
26 2.10998
27 2.16347
28 2.1548
29 2.19284
"[DEBUG]index 74 centroid... "
0 2.77363
1 2.80029
2 2.76212
3 2.53707
4 2.40776
5 2.80752
6 2.58587
7 2.07414
8 12.0973
9 3.35962
10 7.09092
11 19.4408
12 7.17515
13 3.74227
14 2.39614
15 1.25817
16 1.09355
17 1.53027
18 3.25905
19 1.67932
20 1.05034
21 1.69193
22 3.31882
23 1.47083
24 1.63808
25 1.66813
26 1.65113
27 1.61768
28 1.65574
29 1.56887
"[DEBUG]index 75 centroid... "
0 3.7635
1 3.51507
2 3.34224
3 3.44059
4 3.25583
5 3.80273
6 3.57078
7 1.8141
8 15.8516
9 5.27345
10 2.44798
11 1.32348
12 3.81865
13 1.12393
14 0.670267
15 1.14269
16 1.82206
17 9.21603
18 2.41558
19 1.14326
20 2.76862
21 9.16941
22 2.07504
23 3.63673
24 3.3917
25 3.4963
26 3.33769
27 3.3303
28 3.25298
29 3.48778
"[DEBUG]index 76 centroid... "
0 3.25232
1 3.37113
2 3.13158
3 3.42183
4 3.44814
5 3.68344
6 3.96517
7 2.48297
8 11.3777
9 5.36184
10 2.62732
11 5.58591
12 13.5801
13 4.04218
14 8.65325
15 19.6807
16 7.89048
17 5.51393
18 2.81734
19 3.10062
20 1.45472
21 0.840944
22 1.26277
23 2.18073
24 2.21749
25 2.05844
26 2.57856
27 2.31927
28 2.2411
29 2.44195
"[DEBUG]index 77 centroid... "
0 3.2349
1 3.33734
2 3.08907
3 3.06231
4 3.37345
5 4.09683
6 3.82321
7 2.35231
8 23.0159
9 5.2771
10 2.49165
11 11.5143
12 3.39356
13 2.52632
14 8.71491
15 8.33687
16 2.45198
17 11.1358
18 2.40796
19 9.4808
20 8.25271
21 2.27401
22 9.11575
23 3.35761
24 3.40036
25 3.45452
26 3.27417
27 3.13483
28 3.15019
29 2.98773
"[DEBUG]index 78 centroid... "
0 2.11653
1 2.29701
2 2.17575
3 2.173
4 2.36181
5 2.47498
6 2.26125
7 1.55406
8 9.49591
9 3.90044
10 2.551
11 4.99503
12 6.96019
13 21.1341
14 6.32047
15 3.96241
16 2.11019
17 4.55307
18 1.50745
19 1.75969
20 1.45266
21 3.40414
22 1.51012
23 1.78658
24 1.8027
25 1.70077
26 1.58424
27 1.63254
28 1.5805
29 1.54229
"[DEBUG]index 79 centroid... "
0 3.93839
1 3.49782
2 3.47791
3 3.59116
4 3.01618
5 3.73864
6 3.66024
7 1.76789
8 17.061
9 4.82141
10 2.63099
11 3.03547
12 0.815806
13 2.88986
14 0.878656
15 0.458619
16 0.939017
17 2.22153
18 9.32483
19 1.73118
20 2.98444
21 2.65712
22 2.38643
23 3.13877
24 2.94524
25 2.72309
26 2.93279
27 3.01058
28 3.24393
29 3.16055
"[DEBUG]index 80 centroid... "
0 4.90322
1 4.61119
2 4.42185
3 4.36802
4 4.71198
5 5.1866
6 4.73077
7 2.47135
8 22.8874
9 5.90924
10 4.3866
11 1.78195
12 3.33309
13 10.9582
14 2.54449
15 3.08865
16 1.07736
17 3.51409
18 2.77309
19 1.17689
20 1.05879
21 2.98892
22 1.05752
23 3.33129
24 2.82016
25 2.82491
26 2.81298
27 3.03018
28 3.04792
29 3.02945
"[DEBUG]index 81 centroid... "
0 3.11733
1 3.014
2 2.7835
3 2.85497
4 3.0399
5 3.45146
6 3.09738
7 2.10363
8 14.0992
9 5.07266
10 3.40441
11 3.03722
12 4.50179
13 15.9124
14 4.89637
15 2.92287
16 3.3377
17 5.13848
18 15.9324
19 4.41007
20 2.53335
21 3.24896
22 1.21828
23 3.09291
24 2.41811
25 2.26921
26 2.38922
27 2.57207
28 2.41602
29 2.38326
"[DEBUG]index 82 centroid... "
0 3.1121
1 2.86683
2 2.77367
3 2.71503
4 3.02291
5 3.5788
6 3.31032
7 2.01649
8 19.5996
9 3.07514
10 9.28467
11 2.63836
12 1.19517
13 2.21869
14 7.84606
15 7.08369
16 2.60202
17 2.49756
18 7.86408
19 6.9829
20 1.6463
21 2.89279
22 0.908064
23 2.88424
24 2.47312
25 2.40104
26 2.51191
27 2.70617
28 2.61423
29 2.4887
"[DEBUG]index 83 centroid... "
0 3.83542
1 3.61346
2 3.31468
3 3.25859
4 3.78642
5 4.02073
6 4.2363
7 2.00099
8 18.77
9 4.50412
10 3.18858
11 1.29423
12 3.90415
13 1.37603
14 1.19171
15 2.18631
16 10.426
17 2.96691
18 1.39392
19 2.88995
20 9.24027
21 2.05354
22 1.2123
23 3.87617
24 3.50895
25 3.10423
26 3.32249
27 3.42602
28 3.3161
29 3.29565
"[DEBUG]index 84 centroid... "
0 6.43949
1 5.88884
2 5.77476
3 5.40811
4 5.78238
5 6.22255
6 5.83953
7 3.67122
8 21.1033
9 4.66428
10 12.3268
11 3.83124
12 1.84558
13 5.20596
14 1.60511
15 1.42896
16 4.19363
17 1.08113
18 3.40789
19 1.57194
20 0.795831
21 1.60264
22 1.42627
23 3.15285
24 2.76065
25 3.20551
26 3.10937
27 3.15666
28 3.24003
29 3.15442
"[DEBUG]index 85 centroid... "
0 1.57163
1 1.66816
2 1.3934
3 1.35115
4 1.29631
5 1.70369
6 1.88892
7 1.37577
8 6.06575
9 12.4264
10 4.74734
11 3.39675
12 1.60576
13 0.667599
14 1.5277
15 0.510912
16 1.08226
17 3.37829
18 1.49552
19 1.56128
20 2.76329
21 6.78064
22 2.40851
23 1.56072
24 1.67963
25 1.54085
26 1.49412
27 1.51119
28 1.60073
29 1.48573
"[DEBUG]index 86 centroid... "
0 4.59711
1 4.22908
2 4.14535
3 3.9994
4 4.60649
5 4.80743
6 4.59592
7 2.47043
8 29.1855
9 5.55375
10 2.88776
11 1.51927
12 1.23639
13 2.53522
14 0.87162
15 2.50368
16 0.912268
17 2.87277
18 0.832352
19 2.59665
20 2.20512
21 0.813776
22 2.4491
23 2.36711
24 2.24885
25 2.55274
26 2.61068
27 2.61233
28 2.88509
29 3.01637
"[DEBUG]index 87 centroid... "
0 3.02558
1 3.11195
2 3.09449
3 2.79567
4 2.85074
5 3.32952
6 2.99789
7 1.56335
8 17.486
9 4.87361
10 2.12188
11 8.74661
12 7.71652
13 7.70027
14 2.18176
15 0.969606
16 2.67078
17 2.42462
18 2.64971
19 0.966897
20 2.35992
21 7.16551
22 7.05447
23 2.34367
24 3.12669
25 2.97141
26 2.66356
27 2.58712
28 2.52784
29 2.52874
"[DEBUG]index 88 centroid... "
0 3.14952
1 2.96565
2 3.07469
3 2.62219
4 2.88892
5 3.10106
6 3.44608
7 2.09472
8 16.1181
9 2.50652
10 16.2789
11 3.99944
12 2.61506
13 1.57211
14 3.26398
15 1.07173
16 2.27759
17 6.64532
18 1.71451
19 5.95373
20 2.46301
21 1.01248
22 2.64264
23 2.26765
24 2.07039
25 2.22526
26 2.28923
27 2.31793
28 2.2886
29 2.23387
"[DEBUG]index 89 centroid... "
0 3.03546
1 2.93821
2 2.66454
3 2.57608
4 2.61429
5 3.49725
6 3.63322
7 2.09294
8 13.8
9 15.3303
10 4.18916
11 2.60413
12 1.3284
13 2.23959
14 6.12909
15 1.22633
16 5.68434
17 2.11222
18 0.874355
19 2.10034
20 1.98434
21 0.663167
22 1.65508
23 1.81549
24 1.82341
25 1.80637
26 1.92255
27 1.91704
28 1.88571
29 1.82014
"[DEBUG]index 90 centroid... "
0 3.51201
1 3.33481
2 3.26371
3 3.04718
4 3.43359
5 3.64246
6 3.74114
7 1.89906
8 22.2291
9 3.47377
10 10.4853
11 2.32317
12 11.4465
13 2.28622
14 9.73748
15 1.90079
16 7.2873
17 7.55025
18 2.57277
19 1.37208
20 2.75708
21 7.2747
22 1.95422
23 3.09113
24 3.00948
25 3.0084
26 2.9289
27 2.83454
28 2.70387
29 2.67995
"[DEBUG]index 91 centroid... "
0 2.78877
1 2.74921
2 2.50574
3 2.51879
4 2.94917
5 3.21737
6 3.3121
7 1.80083
8 17.9472
9 3.87045
10 2.82911
11 1.38825
12 2.71242
13 7.75099
14 1.67326
15 9.20115
16 1.89636
17 10.3352
18 1.96657
19 9.75257
20 1.72251
21 7.06507
22 6.91891
23 2.67445
24 3.1343
25 3.23675
26 2.85957
27 2.87658
28 2.73081
29 2.67286
"[DEBUG]index 92 centroid... "
0 2.86149
1 2.93435
2 2.69576
3 2.68517
4 2.91869
5 3.3642
6 3.37194
7 2.21359
8 14.3179
9 4.15879
10 2.67725
11 7.82528
12 2.84877
13 4.69994
14 17.8388
15 2.81541
16 17.0768
17 4.04279
18 6.73365
19 2.8203
20 2.86336
21 2.22302
22 5.24179
23 2.24224
24 2.77582
25 2.67138
26 2.64087
27 2.51348
28 2.49373
29 2.34543
"[DEBUG]index 93 centroid... "
0 3.15677
1 3.25048
2 3.18434
3 2.98162
4 3.06592
5 3.84228
6 3.55261
7 2.50232
8 16.3232
9 5.06265
10 4.28925
11 19.0478
12 7.18825
13 2.85907
14 5.98468
15 18.1384
16 4.09687
17 2.77593
18 7.67938
19 2.54046
20 6.75703
21 2.32728
22 6.43323
23 2.8146
24 3.15603
25 3.04659
26 2.93672
27 2.68677
28 2.78206
29 2.61969
"[DEBUG]index 94 centroid... "
0 4.53689
1 4.43859
2 4.52635
3 4.16339
4 4.45829
5 4.99545
6 4.40704
7 2.86554
8 25.945
9 4.64965
10 10.5509
11 11.5949
12 2.67893
13 9.7164
14 10.2036
15 2.26672
16 1.50486
17 3.39678
18 2.7071
19 1.13329
20 2.5061
21 2.50995
22 2.2185
23 2.67211
24 2.63849
25 2.52036
26 2.40952
27 2.45533
28 2.46993
29 2.38617
"[DEBUG]index 95 centroid... "
0 3.38329
1 3.09684
2 2.80941
3 2.89408
4 3.06894
5 3.30251
6 3.39189
7 2.00584
8 18.3281
9 3.1575
10 9.30624
11 2.25807
12 1.32003
13 3.25677
14 1.05742
15 2.09992
16 9.06829
17 1.65255
18 7.5429
19 7.15069
20 2.38719
21 1.18946
22 2.82092
23 2.81119
24 2.38621
25 2.64623
26 2.77048
27 2.8232
28 2.71971
29 2.62336
"[DEBUG]index 96 centroid... "
0 3.86203
1 3.49555
2 3.49722
3 3.30442
4 3.76396
5 4.08573
6 3.88857
7 1.95862
8 24.276
9 5.25914
10 3.64084
11 3.44869
12 11.2708
13 7.02449
14 1.92698
15 10.1285
16 3.35665
17 1.392
18 3.12358
19 10.0866
20 2.36472
21 2.55966
22 9.50798
23 3.33207
24 3.4627
25 3.55186
26 3.3972
27 3.27834
28 3.22323
29 3.12006
"[DEBUG]index 97 centroid... "
0 3.28783
1 3.25704
2 3.20753
3 3.00008
4 3.51374
5 3.67012
6 3.45712
7 2.13717
8 21.4131
9 5.28055
10 2.75687
11 11.7025
12 2.24346
13 8.57012
14 2.50182
15 2.73609
16 1.44776
17 3.52384
18 2.18866
19 10.3248
20 1.95315
21 8.18841
22 8.06887
23 2.92343
24 3.41267
25 3.29677
26 2.87401
27 2.91151
28 2.90406
29 2.78949
"[DEBUG]index 98 centroid... "
0 3.28319
1 3.32284
2 3.2287
3 3.02098
4 3.23714
5 3.74009
6 3.64799
7 2.50166
8 14.6086
9 5.16756
10 2.3098
11 7.49169
12 7.99309
13 1.98644
14 6.29061
15 18.2348
16 3.42236
17 14.7895
18 13.9041
19 4.19391
20 6.95625
21 3.49322
22 1.53722
23 3.37913
24 3.06421
25 2.74137
26 3.03684
27 3.15272
28 2.90918
29 2.65771
"[DEBUG]index 99 centroid... "
0 2.69477
1 2.68579
2 2.46773
3 2.45379
4 2.4916
5 2.87903
6 2.90685
7 1.54103
8 15.6991
9 4.64973
10 2.83092
11 2.39568
12 6.81815
13 2.04548
14 1.15411
15 3.29647
16 2.71492
17 4.27544
18 17.2139
19 4.50796
20 2.32326
21 7.25208
22 2.25836
23 2.57089
24 2.68236
25 2.55935
26 2.57804
27 2.78953
28 2.53964
29 2.52986
