AG10803	AoAF	CD20+	GM06990	GM12865	H7-hESC	HAEpiC	HA-h	HCF	HCM	HCPEpiC	HEEpiC	HepG2	HFF	HIPEpiC	HMF	HMVEC-dBl-Ad	HPAF	HPdLF	HPF	HRCEpiC	HSMM	HVMF	K562	NB4	NH-A	NHDF-Ad	NHDF-neo	NHLF	SAEC	SKMC	Th1	
-0.275628	-0.404549	-0.65137	-0.528351	-0.739264	-0.49619	0.233761	-0.740252	-0.573318	-0.517092	-0.485191	-0.431091	-0.517975	-0.489517	-0.633358	-0.408776	-0.652179	-0.288608	-0.509464	-0.347607	-0.402068	-0.303782	-0.483096	-0.70446	-0.144776	0.0399045	-0.362457	-0.586635	-0.426092	-0.410295	-0.185376	-0.600979	
-0.179826	-0.338131	-0.622219	-0.7274	-0.405153	-0.337528	-0.2664	-0.202713	0.064953	-0.401449	0.116571	-0.399352	-0.533372	-0.148472	-0.197904	-0.160588	-0.397942	-0.600236	-0.487032	-0.547075	-0.262301	0.180856	-0.162606	-0.366525	-0.681258	0.0156276	-0.560317	0.0366056	-0.218454	-0.451457	0.008261	-0.733577	
-0.559317	-0.461662	-0.513498	-0.436015	-0.447632	-0.530626	-0.473862	-0.368408	-0.332664	-0.270406	-0.382922	-0.309061	-0.350554	-0.177524	-0.384752	-0.571343	-0.52194	-0.111916	-0.483563	-0.66183	-0.179566	-0.493448	-0.614349	-0.350094	-0.545846	-0.345123	-0.679434	-0.4163	-0.206807	-0.245299	-0.461538	0.104898	
-0.166202	0.147038	-0.136909	0.36992	-0.083554	-0.0673646	-0.125358	-0.146781	0.448017	0.23167	-0.387553	0.135346	-0.193851	0.0389321	-0.0942803	-0.332992	-0.331115	-0.174217	-0.41126	-0.185944	0.0709046	-0.171116	-0.356043	-0.149682	-0.371912	-0.0435495	-0.194754	-0.0193312	-0.207889	0.148845	-0.30134	-0.258682	
-0.683296	-0.765461	-0.30177	-0.572819	-0.812758	-0.878545	-0.68487	-0.472104	-0.754408	-0.742882	-0.679855	-0.722759	-0.611791	-0.319886	-0.640898	-0.745257	-0.744293	-0.740858	-0.664543	-0.711957	-0.633893	-0.620955	-0.695004	-0.43823	-0.698341	-0.698939	-0.817202	-0.585955	-0.639924	-0.587596	-0.777412	0.470738	
-0.572121	-0.606828	-0.454066	-0.567551	-0.736765	-0.668704	-0.597748	-0.583092	-0.721751	-0.757706	-0.636555	-0.528153	-0.628969	-0.360206	-0.620916	-0.686019	-0.675122	-0.638649	-0.673903	-0.696914	-0.365538	-0.575374	-0.49886	-0.593455	-0.656134	-0.440663	-0.695531	-0.542395	-0.630438	-0.593996	-0.553497	0.0192016	
-0.701144	-0.692665	-0.509387	-0.705694	-0.814624	-0.802317	-0.570445	-0.611902	-0.70464	-0.633996	-0.696874	-0.640119	-0.712722	-0.490746	-0.601296	-0.644367	-0.606901	-0.747718	-0.638647	-0.776367	-0.673837	-0.628007	-0.781675	-0.704265	-0.745967	-0.486123	-0.697625	-0.819747	-0.638853	-0.607742	-0.639468	-0.105132	
-0.410232	-0.254359	-0.276284	-0.386647	-0.167785	-0.239178	-0.346159	-0.354424	-0.276112	0.199539	0.00398949	-0.107657	-0.353649	-0.292907	-0.149805	-0.0464189	-0.096221	-0.149638	-0.409062	-0.373492	-0.27849	-0.300861	-0.0505702	0.010611	-0.216595	-0.324961	-0.386236	-0.454095	-0.370624	-0.0123039	-0.454366	-0.157033	
-0.676739	-0.653363	-0.784262	-0.72177	-0.782074	-0.794529	-0.609032	-0.679484	-0.713959	-0.695945	-0.712402	-0.693568	-0.704489	-0.762714	-0.545041	-0.63337	-0.686837	-0.685454	-0.58116	-0.620235	-0.559241	-0.563245	-0.61687	-0.676331	-0.781256	-0.586005	-0.697163	-0.612661	-0.596295	-0.590312	-0.538342	0.109096	
-0.711027	-0.72787	-0.753326	-0.705751	-0.813116	-0.826091	-0.679143	-0.700853	-0.76463	-0.733811	-0.765673	-0.626312	-0.769291	-0.657275	-0.62226	-0.789619	-0.811316	-0.768157	-0.78173	-0.741688	-0.716679	-0.740397	-0.765266	-0.619265	-0.763852	-0.692982	-0.702731	-0.752628	-0.6613	-0.699517	-0.72705	-0.0789241	
-0.632228	-0.580711	-0.709763	-0.586877	-0.845457	-0.865768	-0.735545	-0.657713	-0.702289	-0.662557	-0.725429	-0.681238	-0.43776	-0.693177	-0.76335	-0.640399	-0.821663	-0.731884	-0.677772	-0.732807	-0.487453	-0.544318	-0.768327	-0.378888	-0.826756	-0.664307	-0.769781	-0.512398	-0.689591	-0.717039	-0.741639	0.129811	
-0.617311	-0.666478	-0.501744	-0.489762	-0.307674	-0.597683	-0.523168	-0.451593	-0.554304	-0.580873	-0.452595	-0.583415	-0.477237	-0.455715	-0.382792	-0.648367	-0.583972	-0.685422	-0.755244	-0.65962	-0.609551	-0.70856	-0.617042	-0.532477	-0.602103	-0.702043	-0.672403	-0.48354	-0.655206	-0.44454	-0.545704	-0.281851	
-0.810535	-0.805407	-0.775517	-0.728159	-0.84909	-0.871105	-0.772509	-0.769637	-0.805592	-0.818909	-0.813577	-0.754011	-0.688269	-0.7896	-0.792245	-0.824968	-0.808312	-0.851042	-0.81414	-0.886944	-0.784415	-0.778562	-0.797511	-0.645287	-0.819673	-0.761254	-0.830042	-0.838318	-0.775011	-0.695752	-0.789678	-0.0559376	
-0.596351	-0.439393	-0.446791	-0.445906	-0.458133	-0.449805	-0.470446	-0.654101	-0.572885	-0.539388	-0.455279	-0.517503	-0.313706	-0.571492	-0.60613	-0.490399	-0.603828	-0.544993	-0.554676	-0.566804	-0.64675	-0.53865	-0.557309	-0.404313	-0.659179	-0.575142	-0.561906	-0.599717	-0.443415	-0.595506	-0.446587	-0.322378	
-0.323244	-0.684172	-0.308433	-0.491879	-0.584992	-0.595399	-0.477555	-0.274616	-0.462161	-0.593198	-0.421172	-0.312849	-0.405925	-0.318978	-0.397861	-0.521836	-0.547643	-0.382994	-0.39088	-0.51266	-0.375246	-0.659481	-0.528215	0.0779414	-0.568075	-0.137625	-0.582833	-0.54976	-0.491791	0.174224	-0.557932	0.168183	
-0.667466	-0.806676	-0.732496	-0.578428	-0.720746	-0.800974	-0.708623	-0.710741	-0.687335	-0.760126	-0.591463	-0.777886	-0.673979	-0.632639	-0.66897	-0.796853	-0.796571	-0.779456	-0.560899	-0.733523	-0.55562	-0.755784	-0.776304	-0.527679	-0.770599	-0.672576	-0.77978	-0.701083	-0.742764	-0.498962	-0.723911	-0.237167	
-0.661427	-0.802123	-0.637236	-0.567559	-0.772044	-0.751621	-0.743727	-0.642083	-0.756426	-0.710206	-0.702332	-0.729362	-0.58487	-0.500595	-0.6326	-0.721347	-0.742758	-0.760472	-0.71978	-0.762972	-0.684564	-0.721496	-0.689236	-0.586594	-0.73307	-0.67585	-0.781752	-0.735933	-0.76308	-0.632761	-0.764302	0.148243	
-0.569684	-0.724287	-0.564346	-0.787336	-0.669967	-0.764425	-0.710986	-0.511025	-0.730559	-0.682467	-0.617432	-0.508283	-0.697609	-0.579512	-0.691067	-0.666836	-0.650961	-0.769447	-0.614907	-0.695918	-0.592432	-0.605129	-0.607099	-0.52943	-0.646743	-0.60597	-0.729949	-0.735638	-0.660301	-0.50866	-0.666611	0.222314	
-0.642107	-0.76883	-0.740724	-0.568217	-0.782842	-0.8476	-0.726988	-0.709676	-0.732542	-0.750215	-0.763302	-0.753375	-0.503944	-0.784301	-0.59288	-0.657479	-0.769892	-0.752088	-0.673315	-0.782297	-0.578798	-0.689582	-0.701201	-0.684615	-0.670509	-0.652721	-0.772042	-0.672169	-0.676402	-0.679788	-0.732634	-0.084983	
-0.406839	-0.447899	-0.403464	-0.467221	-0.59957	-0.523714	-0.724578	-0.606343	-0.699326	-0.778696	-0.501464	-0.721315	-0.545388	-0.639187	-0.422301	-0.687048	-0.638971	-0.650594	-0.501897	-0.468405	-0.23931	-0.450658	-0.664807	-0.376775	-0.792931	-0.560072	-0.731324	-0.497698	-0.509929	-0.483112	-0.439714	-0.157229	
-0.590409	-0.595862	-0.548633	-0.506942	-0.750426	-0.282731	-0.274676	-0.329539	-0.625235	-0.382465	-0.352595	-0.366703	-0.30021	-0.269551	0.000272785	-0.449262	-0.329917	-0.369299	-0.648146	-0.0864675	-0.206456	-0.445301	-0.495705	-0.455502	-0.389347	-0.259831	-0.498007	-0.383536	-0.495231	-0.504747	-0.525315	0.198268	
-0.764239	-0.87885	-0.740715	-0.709701	-0.833012	-0.904713	-0.832019	-0.679583	-0.811611	-0.770587	-0.852043	-0.761554	-0.641918	-0.70993	-0.782418	-0.844494	-0.849754	-0.867545	-0.848239	-0.841155	-0.769419	-0.804484	-0.823777	-0.702766	-0.849073	-0.800987	-0.848339	-0.84598	-0.772328	-0.776334	-0.864643	-0.0505308	
-0.82733	-0.811793	-0.800584	-0.782982	-0.803419	-0.79392	-0.842408	-0.744812	-0.848436	-0.833943	-0.853863	-0.821944	-0.635844	-0.717064	-0.820143	-0.840108	-0.930784	-0.865945	-0.815297	-0.828971	-0.660603	-0.791231	-0.834644	-0.628806	-0.883959	-0.740723	-0.785013	-0.866293	-0.729831	-0.658735	-0.839994	0.146236	
-0.799034	-0.749314	-0.649447	-0.595727	-0.774593	-0.842491	-0.777287	-0.622062	-0.708357	-0.695799	-0.784513	-0.69619	-0.514338	-0.564534	-0.777477	-0.792799	-0.779748	-0.757829	-0.843555	-0.721318	-0.624031	-0.725254	-0.687948	-0.595503	-0.782062	-0.708515	-0.789719	-0.734853	-0.656437	-0.612494	-0.763143	-0.255899	
-0.679593	-0.728588	-0.774634	-0.779084	-0.827943	-0.840599	-0.72032	-0.734356	-0.764149	-0.726415	-0.802925	-0.66148	-0.803515	-0.74408	-0.656893	-0.789261	-0.754316	-0.768898	-0.747553	-0.762569	-0.644324	-0.649814	-0.682017	-0.695606	-0.758936	-0.744109	-0.745607	-0.706302	-0.670546	-0.49892	-0.698633	0.0732387	
-0.676156	-0.703702	-0.570548	-0.672212	-0.631481	-0.706533	-0.646676	-0.622018	-0.635122	-0.630963	-0.659398	-0.684821	-0.601963	-0.563932	-0.640175	-0.69232	-0.693426	-0.655539	-0.685022	-0.684824	-0.613523	-0.691089	-0.651028	-0.579724	-0.683351	-0.661575	-0.667304	-0.6871	-0.670315	-0.592983	-0.69807	-0.38689	
-0.135509	-0.3252	-0.381559	-0.249608	-0.32485	-0.518732	-0.235205	-0.210099	-0.535019	-0.136314	-0.0881678	-0.292138	-0.504664	-0.363048	-0.543134	-0.461505	-0.462649	-0.27854	-0.189652	-0.45563	-0.121478	-0.384119	-0.365298	-0.39057	-0.470436	-0.331194	-0.550875	-0.304108	-0.512763	-0.0168681	-0.543362	-0.0578422	
-0.586246	-0.788029	-0.730689	-0.587462	-0.686318	-0.70458	-0.71292	-0.661528	-0.678046	-0.79595	-0.522035	-0.672098	-0.544198	-0.708666	-0.600897	-0.787143	-0.788324	-0.684466	-0.650669	-0.757707	-0.515455	-0.773813	-0.660963	-0.443128	-0.623793	-0.471268	-0.708779	-0.636184	-0.477008	-0.622604	-0.74934	-0.461069	
-0.694232	-0.766572	-0.729704	-0.814095	-0.907105	-0.799591	-0.702554	-0.709011	-0.812167	-0.827018	-0.706377	-0.712207	-0.805226	-0.765521	-0.64623	-0.758931	-0.70884	-0.795125	-0.651353	-0.621943	-0.618348	-0.654028	-0.678512	-0.781126	-0.866399	-0.660045	-0.663189	-0.779894	-0.696799	-0.613439	-0.6607	-0.0471729	
-0.764077	-0.724094	-0.62407	-0.752256	-0.755179	-0.706936	-0.772593	-0.715841	-0.690316	-0.705253	-0.709112	-0.61094	-0.658056	-0.591978	-0.598462	-0.637788	-0.742435	-0.709781	-0.7052	-0.753205	-0.679403	-0.688957	-0.663611	-0.517065	-0.698561	-0.598947	-0.729041	-0.676541	-0.656297	-0.540762	-0.706293	-0.0637977	
-0.667915	-0.703211	-0.500317	-0.602611	-0.748644	-0.766625	-0.620289	-0.515609	-0.598767	-0.545222	-0.718286	-0.624288	-0.64394	-0.486828	-0.607137	-0.631428	-0.773538	-0.688499	-0.774827	-0.737144	-0.60291	-0.583623	-0.386973	-0.500787	-0.685715	-0.488305	-0.672626	-0.676264	-0.578126	-0.632468	-0.718143	0.319205	
-0.575869	-0.565101	-0.645846	-0.490988	-0.703388	-0.709743	-0.522508	-0.622774	-0.621776	-0.625165	-0.608251	-0.599149	-0.474117	-0.604319	-0.518116	-0.62264	-0.684445	-0.613857	-0.549142	-0.615178	-0.448105	-0.527464	-0.601369	-0.516206	-0.656831	-0.501555	-0.600902	-0.527467	-0.526179	-0.469079	-0.517211	-0.396336	
-0.492806	-0.648142	-0.570103	-0.749332	-0.43266	-0.703579	-0.538306	-0.479288	-0.377765	-0.48314	-0.263461	-0.554622	-0.425657	-0.516007	-0.208352	-0.750222	-0.566479	-0.486195	-0.641493	-0.539916	-0.687608	-0.537293	-0.636922	-0.49353	-0.677491	-0.371471	-0.666092	-0.400397	-0.506872	-0.454944	-0.67552	0.0466258	
-0.647925	-0.707332	-0.589065	-0.724081	-0.738278	-0.742254	-0.724343	-0.610925	-0.679563	-0.657083	-0.630941	-0.642136	-0.614056	-0.616369	-0.717878	-0.659496	-0.70803	-0.709258	-0.682235	-0.660656	-0.678341	-0.680752	-0.669953	-0.714928	-0.688118	-0.694351	-0.726236	-0.685532	-0.729665	-0.690223	-0.683248	-0.41955	
-0.826602	-0.828498	-0.635141	-0.649084	-0.744131	-0.856007	-0.736665	-0.695179	-0.790643	-0.802081	-0.743336	-0.712597	-0.524526	-0.662225	-0.723224	-0.840905	-0.85433	-0.774922	-0.84094	-0.832098	-0.684557	-0.834106	-0.742123	-0.627562	-0.796151	-0.79805	-0.915756	-0.756359	-0.758724	-0.641868	-0.800769	0.15538	
-0.605684	-0.454122	-0.442639	-0.750767	-0.77286	-0.547996	-0.494491	-0.636013	-0.560173	-0.47144	-0.56849	-0.396076	-0.566642	-0.533861	-0.316787	-0.509213	-0.56548	-0.493325	-0.423606	-0.536267	-0.294762	-0.664777	-0.51272	-0.513994	-0.682823	-0.559066	-0.565895	-0.502212	-0.530796	-0.479616	-0.474275	0.237481	
-0.684974	-0.800871	-0.713937	-0.595572	-0.755843	-0.805117	-0.735959	-0.694348	-0.74455	-0.708506	-0.769918	-0.775935	-0.647853	-0.613022	-0.73954	-0.813503	-0.823692	-0.775436	-0.779437	-0.762054	-0.714918	-0.764322	-0.717864	-0.520296	-0.740959	-0.735919	-0.80627	-0.743171	-0.667706	-0.680354	-0.689606	-0.496813	
-0.825984	-0.84445	-0.70694	-0.680335	-0.852917	-0.8974	-0.840698	-0.69087	-0.851042	-0.838489	-0.796711	-0.788529	-0.697519	-0.64015	-0.782844	-0.836165	-0.86861	-0.854503	-0.853487	-0.844567	-0.736771	-0.793887	-0.822047	-0.598561	-0.820042	-0.715378	-0.820965	-0.787865	-0.785455	-0.699644	-0.857771	-0.266153	
-0.685018	-0.736398	-0.66543	-0.651504	-0.795188	-0.870033	-0.745075	-0.689586	-0.708205	-0.718028	-0.794676	-0.677835	-0.579977	-0.603514	-0.774792	-0.783363	-0.748902	-0.832899	-0.76125	-0.784425	-0.736201	-0.728032	-0.774675	-0.562919	-0.754309	-0.743357	-0.783376	-0.725936	-0.703513	-0.579319	-0.785765	0.150365	
-0.769274	-0.884768	-0.716551	-0.729024	-0.847371	-0.864673	-0.832374	-0.747898	-0.810629	-0.827172	-0.792846	-0.723641	-0.653493	-0.794213	-0.766548	-0.78599	-0.882859	-0.847299	-0.858056	-0.854531	-0.738481	-0.747505	-0.7504	-0.715577	-0.839007	-0.800203	-0.853378	-0.804666	-0.795457	-0.721879	-0.78356	0.0469646	
-0.575844	-0.716269	-0.635984	-0.761155	-0.827688	-0.613884	-0.609211	-0.643175	-0.663875	-0.651581	-0.680278	-0.580845	-0.717772	-0.670637	-0.639057	-0.723234	-0.601938	-0.69426	-0.66767	-0.710195	-0.570555	-0.350636	-0.654251	-0.719328	-0.627024	-0.56675	-0.64417	-0.67909	-0.56551	-0.578549	-0.507422	-0.333726	
-0.641377	-0.690794	-0.578321	-0.760005	-0.625104	-0.732481	-0.697275	-0.576983	-0.634993	-0.5815	-0.605927	-0.606733	-0.807784	-0.586057	-0.620675	-0.693842	-0.623359	-0.657614	-0.65952	-0.583817	-0.635843	-0.637357	-0.643045	-0.646178	-0.574378	-0.705873	-0.597826	-0.568051	-0.609497	-0.580414	-0.556266	-0.492487	
-0.683516	-0.910075	-0.643472	-0.587477	-0.778626	-0.926971	-0.774168	-0.753499	-0.761883	-0.760584	-0.865364	-0.639231	-0.685071	-0.73033	-0.770876	-0.880339	-0.741394	-0.851323	-0.777082	-0.829522	-0.754833	-0.718146	-0.741953	-0.556676	-0.817311	-0.821513	-0.81518	-0.818342	-0.694501	-0.758414	-0.798131	-0.174495	
-0.794601	-0.752934	-0.811004	-0.649218	-0.785345	-0.847186	-0.844258	-0.730944	-0.826742	-0.781396	-0.867588	-0.825246	-0.471301	-0.800999	-0.728836	-0.844603	-0.762098	-0.824514	-0.802836	-0.822664	-0.615964	-0.800387	-0.825373	-0.553141	-0.757366	-0.786013	-0.838321	-0.783008	-0.778437	-0.584713	-0.805644	0.245359	
-0.636089	-0.572032	-0.699863	-0.740155	-0.676424	-0.695111	-0.562895	-0.677732	-0.621234	-0.658438	-0.68635	-0.611561	-0.496655	-0.653502	-0.549763	-0.615499	-0.663146	-0.573608	-0.597229	-0.623443	-0.53103	-0.617359	-0.52865	-0.720551	-0.678816	-0.594473	-0.590137	-0.583325	-0.52679	-0.556698	-0.48528	-0.321284	
-0.718096	-0.680802	-0.757793	-0.67214	-0.757209	-0.67046	-0.723026	-0.75643	-0.732531	-0.744461	-0.67404	-0.700676	-0.680967	-0.697219	-0.734646	-0.690749	-0.745319	-0.782139	-0.71739	-0.788133	-0.64916	-0.711381	-0.675462	-0.735413	-0.734916	-0.665736	-0.715178	-0.681876	-0.697705	-0.58001	-0.689708	0.0942199	
-0.671277	-0.682831	-0.670187	-0.49321	-0.772094	-0.809797	-0.603953	-0.709629	-0.747617	-0.743768	-0.711454	-0.685359	-0.353192	-0.733195	-0.683712	-0.709673	-0.765952	-0.740522	-0.658124	-0.747929	-0.51142	-0.633389	-0.659067	-0.457352	-0.752667	-0.638359	-0.664038	-0.69684	-0.679212	-0.519589	-0.670897	0.181871	
-0.603655	-0.604103	-0.658983	-0.765742	-0.688332	-0.706442	-0.55245	-0.64156	-0.634501	-0.665221	-0.58308	-0.549786	-0.700812	-0.705313	-0.540409	-0.642701	-0.708445	-0.681851	-0.519366	-0.640292	-0.483642	-0.589348	-0.580521	-0.698928	-0.708483	-0.529505	-0.622465	-0.603885	-0.544986	-0.51194	-0.544076	0.0461457	
-0.791502	-0.816958	-0.651136	-0.604374	-0.820866	-0.8171	-0.841008	-0.675041	-0.817947	-0.802839	-0.807447	-0.802663	-0.602875	-0.567046	-0.803384	-0.829048	-0.847245	-0.785938	-0.785067	-0.813066	-0.718297	-0.845127	-0.838546	-0.630785	-0.869207	-0.826223	-0.80716	-0.830344	-0.851372	-0.672866	-0.818264	-0.31909	
-0.543434	-0.582454	-0.475004	-0.482594	-0.476319	-0.621499	-0.717773	-0.555799	-0.660462	-0.55582	-0.595796	-0.662373	-0.296326	-0.633051	-0.619501	-0.530633	-0.531607	-0.741512	-0.535392	-0.677047	-0.452857	-0.719661	-0.353757	-0.374872	-0.791903	-0.50215	-0.752923	-0.670533	-0.548085	-0.29921	-0.59392	0.0535207	
-0.807441	-0.79142	-0.802309	-0.628644	-0.774867	-0.827867	-0.754907	-0.829522	-0.858158	-0.810143	-0.777728	-0.712425	-0.615656	-0.805966	-0.779528	-0.734545	-0.770152	-0.798372	-0.772347	-0.839959	-0.660396	-0.764401	-0.795711	-0.632365	-0.774869	-0.669063	-0.750903	-0.77889	-0.773278	-0.712409	-0.759832	0.343719	
-0.651109	-0.632859	-0.530195	-0.674187	-0.687383	-0.658947	-0.57024	-0.729233	-0.784551	-0.735391	-0.703694	-0.631051	-0.57397	-0.676811	-0.712825	-0.662957	-0.71193	-0.642761	-0.590511	-0.589822	-0.608701	-0.613228	-0.635265	-0.52906	-0.691731	-0.683072	-0.685458	-0.604372	-0.657396	-0.495466	-0.547385	0.136007	
-0.794752	-0.824738	-0.820206	-0.78388	-0.789306	-0.825308	-0.79539	-0.72487	-0.771244	-0.798776	-0.808816	-0.848686	-0.759705	-0.778648	-0.77704	-0.798446	-0.764191	-0.825894	-0.782899	-0.874314	-0.745972	-0.766532	-0.765379	-0.68485	-0.766667	-0.762093	-0.901955	-0.828573	-0.777596	-0.694168	-0.745744	0.104539	
-0.0860543	-0.699122	0.0815964	-0.0950585	-0.106285	-0.744697	-0.388851	-0.130822	-0.445006	-0.200819	-0.161687	-0.343811	-0.366475	-0.268758	-0.196257	-0.730782	-0.192451	-0.21938	-0.539531	-0.603796	-0.276947	-0.374004	-0.301193	-0.0287194	-0.394141	-0.0567334	-0.646684	-0.486918	-0.101578	-0.153504	-0.348369	-0.0645938	
-0.560289	-0.600454	-0.550655	-0.628505	-0.50068	-0.718148	-0.271809	-0.610007	-0.28626	-0.112475	-0.518295	-0.523889	-0.198632	-0.647836	-0.218919	-0.27696	-0.441947	-0.492749	-0.343561	-0.406366	-0.48583	-0.220846	-0.394126	-0.324731	-0.504592	-0.187865	-0.245082	-0.381483	-0.248634	0.108643	-0.367668	-0.482064	
-0.458713	-0.416796	-0.51149	-0.24765	-0.431145	-0.712127	-0.450063	-0.311241	-0.639233	-0.259336	-0.316783	-0.296193	-0.339868	-0.265195	-0.333149	-0.411946	-0.162072	-0.329509	-0.528538	-0.55127	-0.304622	-0.371463	-0.3055	-0.538483	-0.38076	-0.219267	-0.420622	-0.502525	-0.236781	-0.462221	-0.495551	-0.083748	
-0.782827	-0.753056	-0.823735	-0.73313	-0.765752	-0.865546	-0.765514	-0.750242	-0.736135	-0.772165	-0.775304	-0.707949	-0.779891	-0.722464	-0.724956	-0.800761	-0.805837	-0.805387	-0.682735	-0.762993	-0.686413	-0.787978	-0.790607	-0.732969	-0.864233	-0.651749	-0.777474	-0.790844	-0.657229	-0.639589	-0.765913	-0.00671677	
-0.608366	-0.615463	-0.535139	-0.59626	-0.785006	-0.744231	-0.672996	-0.629571	-0.449905	-0.664694	-0.664468	-0.573325	-0.567473	-0.513149	-0.695362	-0.777174	-0.7356	-0.779078	-0.639418	-0.583709	-0.573742	-0.615361	-0.535195	-0.386245	-0.63262	-0.595012	-0.764733	-0.61851	-0.505703	-0.52145	-0.667696	-0.13896	
-0.694397	-0.751157	-0.745055	-0.684098	-0.734658	-0.819837	-0.775207	-0.581808	-0.741673	-0.735425	-0.710581	-0.737047	-0.643761	-0.58541	-0.763083	-0.747844	-0.773654	-0.784432	-0.786095	-0.73123	-0.630832	-0.68018	-0.60228	-0.624821	-0.753761	-0.762613	-0.73161	-0.821305	-0.780229	-0.62915	-0.744733	0.207773	
-0.74003	-0.712073	-0.697726	-0.416826	-0.742882	-0.745485	-0.62165	-0.658538	-0.764338	-0.766763	-0.69167	-0.715468	-0.47947	-0.720856	-0.641294	-0.654974	-0.690065	-0.75596	-0.688595	-0.797593	-0.427667	-0.612008	-0.725591	-0.492344	-0.704873	-0.52843	-0.709404	-0.749084	-0.665829	-0.341372	-0.644324	0.0810775	
-0.442361	-0.709797	-0.484069	-0.872173	-0.562417	-0.650752	-0.604926	-0.543851	-0.53216	-0.583744	-0.59438	-0.718319	-0.802786	-0.502814	-0.666414	-0.587697	-0.461423	-0.48315	-0.539578	-0.533537	-0.64871	-0.588874	-0.561034	-0.660986	-0.582465	-0.577231	-0.619403	-0.534383	-0.660179	-0.59554	-0.541036	-0.360906	
-0.571688	-0.661733	-0.500336	-0.646742	-0.670127	-0.709015	-0.635359	-0.629721	-0.682356	-0.768185	-0.770357	-0.730774	-0.662085	-0.68058	-0.640839	-0.630969	-0.721354	-0.746945	-0.629043	-0.748502	-0.542642	-0.740433	-0.712333	-0.776241	-0.815545	-0.692583	-0.660276	-0.738941	-0.673711	-0.632087	-0.681841	-0.206942	
-0.572587	-0.524054	-0.721593	-0.586678	-0.688495	-0.760206	-0.483079	-0.628248	-0.533398	-0.702419	-0.55472	-0.47837	-0.496904	-0.665162	-0.594988	-0.586173	-0.64732	-0.643556	-0.486231	-0.576268	-0.477108	-0.56785	-0.565071	-0.564907	-0.670186	-0.542826	-0.716701	-0.575351	-0.511313	-0.396482	-0.48564	0.156332	
-0.32622	-0.553688	-0.623735	-0.76755	-0.529254	-0.419615	-0.479887	-0.645083	-0.541947	-0.607146	-0.661231	-0.645791	-0.657854	-0.476652	-0.374111	-0.634587	-0.680063	-0.768248	-0.501544	-0.614366	-0.531	-0.476888	-0.642338	-0.642898	-0.597579	-0.197755	-0.581347	-0.589024	-0.624341	-0.303344	-0.423753	-0.63972	
-0.537609	-0.534749	-0.675109	-0.485049	-0.724284	-0.612161	-0.472462	-0.653801	-0.604409	-0.618759	-0.558425	-0.62446	-0.585287	-0.654205	-0.581056	-0.581454	-0.485956	-0.57205	-0.515781	-0.557589	-0.445016	-0.520911	-0.523382	-0.654724	-0.647563	-0.50015	-0.553614	-0.523639	-0.500414	-0.477535	-0.487476	-0.14211	
-0.564921	-0.605798	-0.587014	-0.586994	-0.628674	-0.696889	-0.516799	-0.61376	-0.7031	-0.668129	-0.654255	-0.545005	-0.670518	-0.460648	-0.666411	-0.741091	-0.679993	-0.746495	-0.646343	-0.608813	-0.592513	-0.680004	-0.677426	-0.633857	-0.623807	-0.528881	-0.628909	-0.649713	-0.607998	-0.475006	-0.584887	-0.193986	
-0.58635	-0.527509	-0.589782	-0.482315	-0.504743	-0.600705	-0.476839	-0.544791	-0.574038	-0.64621	-0.550747	-0.49566	-0.457311	-0.577413	-0.529978	-0.611106	-0.515828	-0.593153	-0.471655	-0.65609	-0.487903	-0.473463	-0.51261	-0.520309	-0.594809	-0.491306	-0.521249	-0.665936	-0.517859	-0.50569	-0.480136	0.0392562	
-0.526739	-0.689489	-0.224419	-0.429962	-0.20669	-0.710604	-0.493945	-0.327938	-0.491676	-0.522311	-0.667365	0.0732813	-0.443628	-0.106187	-0.537675	-0.579879	-0.545369	-0.174998	-0.663427	-0.580565	-0.389823	-0.341808	-0.291633	-0.469914	-0.218171	-0.0401655	-0.515045	-0.591459	-0.408632	-0.337154	-0.408202	0.112818	
-0.465383	-0.493284	-0.635295	-0.501093	-0.614285	-0.693249	-0.471368	-0.65996	-0.647022	-0.64535	-0.474263	-0.588584	-0.401878	-0.602792	-0.490368	-0.563499	-0.59566	-0.690363	-0.452568	-0.559383	-0.357082	-0.559158	-0.541029	-0.290795	-0.72904	-0.449057	-0.505803	-0.49516	-0.425215	-0.296229	-0.381458	-0.394226	
-0.562184	-0.641856	-0.721669	-0.877446	-0.57037	-0.579546	-0.529614	-0.678341	-0.618048	-0.664767	-0.675152	-0.577222	-0.791122	-0.764972	-0.660632	-0.586054	-0.689299	-0.632393	-0.587011	-0.711218	-0.623219	-0.704714	-0.590397	-0.77982	-0.693404	-0.602639	-0.638534	-0.581249	-0.638205	-0.546838	-0.759062	-0.0625475	
-0.730342	-0.888163	-0.594076	-0.515825	-0.838581	-0.855875	-0.802926	-0.346215	-0.757086	-0.700763	-0.875158	-0.790184	-0.447957	-0.734123	-0.727438	-0.819727	-0.80538	-0.832547	-0.768489	-0.845218	-0.655125	-0.680111	-0.752902	-0.525077	-0.821194	-0.724172	-0.784914	-0.65808	-0.570917	-0.680752	-0.809646	-0.134859	
-0.759713	-0.740474	-0.72233	-0.590376	-0.795308	-0.832605	-0.735974	-0.782178	-0.753085	-0.795506	-0.753772	-0.802431	-0.535368	-0.80127	-0.766862	-0.786086	-0.767325	-0.817	-0.668287	-0.800774	-0.737768	-0.751014	-0.783665	-0.587408	-0.779612	-0.687793	-0.823353	-0.766816	-0.735592	-0.679558	-0.719877	-0.359031	
-0.594655	-0.512811	-0.601793	-0.449712	-0.563641	-0.509864	-0.479622	-0.578672	-0.559631	-0.599355	-0.555669	-0.571464	-0.529545	-0.613618	-0.589626	-0.552757	-0.580404	-0.566971	-0.546423	-0.598171	-0.454685	-0.543378	-0.556126	-0.571768	-0.651063	-0.45406	-0.535683	-0.584284	-0.491626	-0.497275	-0.609811	-0.287376	
-0.586767	-0.596784	-0.381725	-0.503764	-0.617804	-0.723935	-0.606628	-0.561792	-0.684046	-0.736252	-0.484985	-0.426521	-0.451398	-0.611433	-0.238684	-0.648051	-0.623728	-0.547159	-0.595279	-0.629432	-0.650103	-0.461685	-0.635099	-0.598058	-0.562406	-0.388197	-0.606866	-0.644295	-0.55053	-0.444398	-0.541911	0.100918	
-0.608678	-0.753736	-0.515754	-0.743609	-0.621577	-0.747539	-0.737566	-0.4969	-0.590416	-0.587512	-0.607124	-0.580585	-0.761413	-0.525349	-0.572983	-0.658513	-0.689996	-0.645641	-0.651152	-0.678593	-0.640948	-0.681082	-0.584143	-0.593719	-0.607446	-0.589464	-0.71418	-0.59224	-0.580178	-0.551201	-0.707415	-0.31169	
-0.480001	-0.442015	-0.362115	-0.171758	-0.483276	-0.637986	-0.430014	-0.521275	-0.414366	-0.394633	-0.608453	-0.153559	-0.363646	-0.604374	-0.338549	-0.6505	-0.437593	-0.422671	-0.470357	-0.444496	-0.507393	-0.298473	-0.331461	-0.513194	-0.709065	-0.423349	-0.547929	-0.282079	-0.368999	-0.366435	-0.665308	-0.101743	
-0.518987	-0.578039	-0.545078	-0.736384	-0.577751	-0.836761	-0.651843	-0.603843	-0.606041	-0.554266	-0.723698	-0.644518	-0.70125	-0.582873	-0.743124	-0.580504	-0.609973	-0.582081	-0.689217	-0.589442	-0.669601	-0.706226	-0.592575	-0.516702	-0.557647	-0.264625	-0.709698	-0.600161	-0.494894	-0.475128	-0.509828	-0.623368	
-0.764608	-0.77393	-0.793661	-0.676232	-0.811795	-0.839773	-0.693264	-0.779215	-0.751998	-0.720894	-0.741908	-0.714684	-0.688017	-0.697358	-0.704102	-0.778831	-0.732309	-0.743433	-0.728405	-0.751041	-0.609928	-0.788018	-0.733456	-0.766357	-0.715672	-0.711157	-0.776753	-0.826891	-0.702332	-0.6816	-0.712196	0.367522	
-0.608513	-0.710857	-0.561343	-0.563282	-0.617343	-0.762763	-0.696078	-0.58427	-0.603428	-0.642612	-0.568599	-0.591756	-0.633818	-0.539874	-0.540127	-0.757955	-0.717748	-0.67949	-0.626818	-0.646761	-0.573755	-0.677681	-0.61343	-0.545911	-0.593534	-0.536075	-0.701245	-0.613872	-0.688485	-0.573022	-0.749276	-0.513147	
-0.740677	-0.751987	-0.370997	-0.484651	-0.605937	-0.698801	-0.58992	-0.554226	-0.692787	-0.442423	-0.604018	-0.63509	-0.445141	-0.311493	-0.696354	-0.633991	-0.552881	-0.63778	-0.376518	-0.67747	-0.426881	-0.486951	-0.346444	-0.586105	-0.558555	-0.435646	-0.66319	-0.505169	-0.508988	-0.254512	-0.578991	-0.147322	
-0.817002	-0.798002	-0.76227	-0.661869	-0.836399	-0.861574	-0.748897	-0.698679	-0.75755	-0.741437	-0.705985	-0.704798	-0.558242	-0.618145	-0.713629	-0.787758	-0.753044	-0.74197	-0.739549	-0.82818	-0.705022	-0.734618	-0.831056	-0.605167	-0.730886	-0.770122	-0.805888	-0.803033	-0.825724	-0.568037	-0.776146	-0.0284558	
-0.701603	-0.709682	-0.690559	-0.653095	-0.721292	-0.79112	-0.674709	-0.817709	-0.794942	-0.789935	-0.762326	-0.653171	-0.701656	-0.565989	-0.704696	-0.760854	-0.751428	-0.779685	-0.549363	-0.741132	-0.565998	-0.702165	-0.651138	-0.57153	-0.763397	-0.728847	-0.752964	-0.69357	-0.680345	-0.647884	-0.677169	0.254666	
-0.672618	-0.743534	-0.721676	-0.495191	-0.735664	-0.738303	-0.769233	-0.494647	-0.67425	-0.662422	-0.65196	-0.704633	-0.498507	-0.605497	-0.626797	-0.678487	-0.754132	-0.69995	-0.533506	-0.549547	-0.638752	-0.701718	-0.542796	-0.405063	-0.768686	-0.639431	-0.71118	-0.660139	-0.630565	-0.55449	-0.683939	0.0952776	
-0.568018	-0.654734	-0.636845	-0.53406	-0.739484	-0.710221	-0.659087	-0.522469	-0.693994	-0.64071	-0.631816	-0.653709	-0.620171	-0.5738	-0.688959	-0.722699	-0.748464	-0.681764	-0.647993	-0.672042	-0.57723	-0.736718	-0.701431	-0.417516	-0.71622	-0.623424	-0.682317	-0.6195	-0.628731	-0.506059	-0.712822	0.089492	
-0.743935	-0.717732	-0.705467	-0.690479	-0.602307	-0.612305	-0.72532	-0.637199	-0.732405	-0.616269	-0.712767	-0.720799	-0.72603	-0.681346	-0.649473	-0.664235	-0.670065	-0.690286	-0.654403	-0.743254	-0.635705	-0.758144	-0.686233	-0.610229	-0.739223	-0.756159	-0.731254	-0.757789	-0.757598	-0.619194	-0.697562	-0.496977	
-0.540876	-0.662697	-0.393128	-0.474874	-0.614745	-0.747989	-0.558399	-0.21756	-0.648313	-0.703978	-0.575447	-0.594891	-0.392905	-0.348434	-0.474166	-0.684726	-0.732048	-0.626009	-0.735646	-0.7309	-0.59031	-0.451031	-0.386793	-0.473533	-0.61643	-0.434401	-0.687128	-0.42477	-0.531127	-0.583682	-0.629454	-0.343673	
-0.621608	-0.679051	-0.49539	-0.552719	-0.638155	-0.720241	-0.688134	-0.476743	-0.626687	-0.604856	-0.638911	-0.612881	-0.552637	-0.493631	-0.588953	-0.711043	-0.685161	-0.6558	-0.632254	-0.652683	-0.529531	-0.734486	-0.6276	-0.511261	-0.602893	-0.598804	-0.640004	-0.623488	-0.637962	-0.495927	-0.707729	-0.356264	
-0.49778	-0.568561	-0.530235	-0.588561	-0.689656	-0.741811	-0.617119	-0.385472	-0.644415	-0.473326	-0.636977	-0.413962	-0.355019	-0.680846	-0.453799	-0.528518	-0.659214	-0.520748	-0.581966	-0.410438	-0.380116	-0.369818	-0.393491	-0.4061	-0.701624	-0.653148	-0.771658	-0.496235	-0.362583	-0.576044	-0.611135	0.386827	
-0.688077	-0.681776	-0.803218	-0.761198	-0.675118	-0.714156	-0.63245	-0.697776	-0.74048	-0.725985	-0.752348	-0.675812	-0.710626	-0.637265	-0.672262	-0.707412	-0.760231	-0.722503	-0.711684	-0.68769	-0.64342	-0.709591	-0.724688	-0.627974	-0.702575	-0.643437	-0.677215	-0.705403	-0.697477	-0.677703	-0.685441	-0.45161	
-0.585683	-0.82911	-0.603292	-0.610573	-0.758806	-0.837339	-0.765148	-0.618595	-0.691679	-0.738504	-0.701165	-0.708703	-0.601284	-0.610581	-0.621293	-0.811855	-0.727001	-0.794303	-0.753984	-0.812172	-0.572319	-0.759081	-0.62555	-0.669381	-0.772285	-0.682475	-0.786954	-0.741234	-0.674351	-0.64078	-0.626178	-0.325654	
-0.565401	-0.435626	-0.448043	-0.542711	-0.572402	-0.568305	-0.4472	-0.503049	-0.564401	-0.592841	-0.439521	-0.475736	-0.498829	-0.637566	-0.45547	-0.512758	-0.427645	-0.53881	-0.464754	-0.502876	-0.453211	-0.4617	-0.418185	-0.42874	-0.594823	-0.560831	-0.562494	-0.525244	-0.460642	-0.446905	-0.431637	-0.216554	
-0.482386	-0.407157	-0.718697	-0.594098	-0.605858	-0.523275	-0.287951	-0.523428	-0.417341	-0.422066	-0.480924	-0.504678	-0.647711	-0.375517	-0.300338	-0.536683	-0.482259	-0.531766	-0.382654	-0.37287	-0.394901	-0.503811	-0.388943	-0.534828	-0.556802	-0.573918	-0.436765	-0.386561	-0.427772	-0.453592	-0.413935	0.385153	
-0.735505	-0.685175	-0.75125	-0.743137	-0.849061	-0.765446	-0.715584	-0.7716	-0.760878	-0.794656	-0.748635	-0.762432	-0.774552	-0.738599	-0.77138	-0.75123	-0.783061	-0.776407	-0.729598	-0.760618	-0.735634	-0.729319	-0.773699	-0.725817	-0.83135	-0.746031	-0.75653	-0.797847	-0.757305	-0.675455	-0.709947	-0.275784	
-0.576914	-0.663689	-0.837701	-0.820687	-0.716889	-0.804537	-0.671938	-0.774852	-0.710802	-0.661532	-0.620791	-0.771667	-0.620813	-0.748361	-0.597424	-0.666572	-0.719328	-0.740338	-0.731062	-0.684378	-0.551811	-0.601188	-0.651164	-0.730728	-0.70661	-0.610332	-0.738844	-0.595586	-0.567461	-0.725312	-0.652416	0.0687189	
-0.638339	-0.718092	-0.661853	-0.789993	-0.72496	-0.787056	-0.68458	-0.62208	-0.701697	-0.693234	-0.692012	-0.665844	-0.797618	-0.643427	-0.704949	-0.735908	-0.781438	-0.748757	-0.726882	-0.718027	-0.625571	-0.812383	-0.70701	-0.674086	-0.682665	-0.675378	-0.721094	-0.710261	-0.696775	-0.60286	-0.733193	-0.240028	
-0.647242	-0.712543	-0.641219	-0.666977	-0.676991	-0.752171	-0.650948	-0.623867	-0.673471	-0.696929	-0.719532	-0.679555	-0.636063	-0.554424	-0.711881	-0.765375	-0.803423	-0.749234	-0.630143	-0.676927	-0.631389	-0.675092	-0.637742	-0.523806	-0.716728	-0.687077	-0.715271	-0.644311	-0.677329	-0.648993	-0.696524	-0.0123559	
-0.749091	-0.6208	-0.758913	-0.601339	-0.756135	-0.838412	-0.680737	-0.749525	-0.703403	-0.748595	-0.698689	-0.657951	-0.571379	-0.747888	-0.596402	-0.681601	-0.72601	-0.719546	-0.671708	-0.786531	-0.609498	-0.674229	-0.702565	-0.524557	-0.750275	-0.702639	-0.717017	-0.759273	-0.676433	-0.667843	-0.727121	0.166498	
-0.550584	-0.696002	-0.49596	-0.778996	-0.63832	-0.815114	-0.702589	-0.60268	-0.732783	-0.484582	-0.733575	-0.53256	-0.739431	-0.563317	-0.573912	-0.698991	-0.728546	-0.761803	-0.696546	-0.757128	-0.62648	-0.55106	-0.596157	-0.739179	-0.593001	-0.568264	-0.769247	-0.542069	-0.55423	-0.661355	-0.692042	0.465396	
-0.707099	-0.717544	-0.633052	-0.811462	-0.749304	-0.772817	-0.756683	-0.671256	-0.827556	-0.731757	-0.809225	-0.798564	-0.669851	-0.745945	-0.727654	-0.873832	-0.815491	-0.811994	-0.652397	-0.820812	-0.628017	-0.743614	-0.663072	-0.784505	-0.726393	-0.804847	-0.638322	-0.663886	-0.675984	-0.746668	-0.705208	-0.180889	
-0.830276	-0.828204	-0.717034	-0.566393	-0.857638	-0.860969	-0.755446	-0.688579	-0.826225	-0.856612	-0.832974	-0.796788	-0.659928	-0.721872	-0.739577	-0.776839	-0.791035	-0.846194	-0.810489	-0.809667	-0.750919	-0.814688	-0.767786	-0.682019	-0.828381	-0.769548	-0.846274	-0.773591	-0.758998	-0.719517	-0.725449	0.186708	
