AG10803	AoAF	CD20+	GM06990	GM12865	H7-hESC	HAEpiC	HA-h	HCF	HCM	HCPEpiC	HEEpiC	HepG2	HFF	HIPEpiC	HMF	HMVEC-dBl-Ad	HPAF	HPdLF	HPF	HRCEpiC	HSMM	HVMF	K562	NB4	NH-A	NHDF-Ad	NHDF-neo	NHLF	SAEC	SKMC	Th1	
0.0115823	0.0104893	0.0426815	0.052927	0.0113389	0.0117254	0.0091005	0.0343964	0.00917795	0.0124842	0.00811844	0.00935219	0.0646914	0.0391267	0.00908467	0.0109459	0.00736829	0.00927163	0.0101884	0.00860054	0.00936276	0.00906122	0.00803926	0.0214565	0.00983917	0.0112498	0.0120331	0.0097297	0.00874297	0.0152314	0.00911907	0.089854	
0.0109489	0.009279	0.024336	0.025543	0.0139271	0.0075824	0.00823695	0.0249564	0.011638	0.0111561	0.00927822	0.0103825	0.0258766	0.0264232	0.00807526	0.00899379	0.00635515	0.00982242	0.00769472	0.0101333	0.00961581	0.00756101	0.0078752	0.0118312	0.0134536	0.00787486	0.0111236	0.0101868	0.00925351	0.00948969	0.0106389	0.0342699	
0.0704889	0.0979674	0.109512	0.133928	0.0629802	0.105919	0.0938614	0.107638	0.0620694	0.0579055	0.0674455	0.0592041	0.143436	0.096377	0.0604727	0.112806	0.0836301	0.0877592	0.101884	0.0822586	0.0971703	0.07477	0.0633297	0.128138	0.056525	0.0755782	0.0894086	0.075748	0.0652851	0.0891553	0.0880666	0.168215	
0.00551967	0.00490845	0.00861118	0.011736	0.00492996	0.00672254	0.00730697	0.0120442	0.00501476	0.00424995	0.00695866	0.00348726	0.0140537	0.0132116	0.00376234	0.00745997	0.00488149	0.0052325	0.00626978	0.00527954	0.0048079	0.00474064	0.0036915	0.00601585	0.00421679	0.00623853	0.00664618	0.0049628	0.00561592	0.00311007	0.00781032	0.0150453	
0.321951	0.406057	0.273499	0.430319	0.33117	0.469718	0.476016	0.265623	0.320661	0.31246	0.360334	0.300142	0.41581	0.21579	0.336959	0.451014	0.482623	0.363246	0.391932	0.387535	0.363376	0.357708	0.361275	0.483473	0.306319	0.374414	0.41717	0.33956	0.337466	0.324962	0.428976	0.362133	
0.548167	0.676761	0.48129	0.526048	0.532559	0.700786	0.755674	0.453339	0.533646	0.560462	0.60014	0.569057	0.496116	0.417521	0.551137	0.737561	0.738395	0.603023	0.635599	0.582027	0.619039	0.548354	0.57735	0.582334	0.573182	0.588774	0.744162	0.550479	0.561465	0.571136	0.684268	0.46139	
0.284851	0.320462	0.441791	0.516383	0.307999	0.360125	0.289555	0.432071	0.292275	0.302897	0.285127	0.291662	0.519985	0.429038	0.291627	0.315619	0.27014	0.319917	0.303443	0.295143	0.302054	0.281558	0.263245	0.394639	0.321179	0.287586	0.300057	0.286536	0.28654	0.333734	0.286829	0.587186	
0.0286842	0.0296524	0.0512927	0.0421115	0.0283473	0.0346289	0.0308221	0.0645611	0.0291424	0.0314319	0.0283699	0.0259167	0.0432763	0.0697844	0.0217481	0.0324892	0.027539	0.0303852	0.0301377	0.0258016	0.0276665	0.0259235	0.0239537	0.0312824	0.0312243	0.030579	0.0296629	0.0275566	0.0285902	0.0291868	0.0347454	0.0587186	
2.4378	2.2008	2.10937	2.03009	2.40471	2.19303	2.30987	2.0869	2.36555	2.33641	2.34498	2.41857	1.93517	1.99021	2.43249	2.29516	2.35399	2.23924	2.31305	2.28808	2.33436	2.50576	2.52359	2.26055	2.37897	2.3645	2.164	2.38698	2.42314	2.28574	2.34968	2.00688	
0.622456	0.647512	0.679909	0.52904	0.662956	0.62676	0.640091	0.699322	0.641794	0.644044	0.642784	0.643637	0.473809	0.7534	0.62519	0.627265	0.682396	0.65443	0.612087	0.613704	0.598879	0.610642	0.612297	0.479663	0.669064	0.637352	0.656013	0.60618	0.620815	0.561646	0.65898	0.506317	
0.368642	0.387499	0.333964	0.269928	0.411775	0.409606	0.538125	0.333005	0.365699	0.399849	0.492994	0.439315	0.231774	0.325886	0.359166	0.539209	0.590385	0.379861	0.391647	0.400989	0.405382	0.380391	0.41312	0.243642	0.383025	0.4008	0.497764	0.372798	0.380351	0.326398	0.516747	0.230068	
0.279603	0.369412	0.473802	0.466908	0.274106	0.375681	0.360167	0.428599	0.276001	0.281293	0.290926	0.268836	0.46734	0.380257	0.2741	0.433654	0.3126	0.345437	0.401622	0.330312	0.369196	0.312522	0.281538	0.499115	0.267164	0.329721	0.315099	0.315203	0.28705	0.387562	0.350535	0.580708	
2.60121	2.77502	2.3823	2.49861	2.56407	2.84285	2.96185	2.3165	2.6265	2.58229	2.75554	2.64199	2.36012	2.28036	2.65676	2.75036	3.08262	2.71493	2.67598	2.64565	2.73781	2.58605	2.62219	2.78895	2.57003	2.72388	2.92292	2.62734	2.64185	2.66485	2.77684	2.10091	
0.156903	0.137369	0.245419	0.169827	0.132616	0.114987	0.107678	0.285263	0.13256	0.156008	0.128022	0.154945	0.179574	0.336218	0.14095	0.135813	0.0961562	0.128701	0.145274	0.124495	0.117414	0.132378	0.129038	0.107283	0.161342	0.135611	0.136212	0.147186	0.145886	0.142824	0.127794	0.280219	
0.0832475	0.0870074	0.0954718	0.113448	0.0794956	0.0968515	0.105088	0.103081	0.0738967	0.0728689	0.0879646	0.0714096	0.112429	0.0858754	0.0744209	0.0975373	0.0946826	0.0825267	0.0832883	0.0791931	0.0785291	0.081971	0.0805567	0.110892	0.0693762	0.0842712	0.0960548	0.0812985	0.0760702	0.0627596	0.100436	0.119109	
0.309373	0.397383	0.372715	0.621087	0.322912	0.422973	0.421081	0.402558	0.325013	0.351772	0.345524	0.318688	0.679483	0.397873	0.32558	0.425357	0.404611	0.368203	0.376472	0.361223	0.336469	0.313182	0.315008	0.48989	0.332122	0.349153	0.439557	0.3233	0.315704	0.367068	0.354968	0.654054	
1.29423	1.35601	1.13668	1.32962	1.25689	1.36014	1.39922	1.10448	1.27233	1.25418	1.30341	1.23956	1.27107	0.950727	1.33279	1.36775	1.43424	1.30427	1.38526	1.35718	1.37514	1.33122	1.36659	1.55309	1.16584	1.39048	1.41801	1.30718	1.33212	1.28358	1.37934	1.3733	
0.569069	0.601319	0.801963	0.481405	0.645208	0.697659	0.578646	0.735346	0.591741	0.569936	0.589078	0.508506	0.410233	0.773387	0.540767	0.545275	0.66462	0.604675	0.56029	0.577513	0.627136	0.589699	0.564143	0.528592	0.605711	0.575274	0.519731	0.539051	0.549786	0.551997	0.631622	0.40288	
0.85754	0.937515	0.958837	0.726941	0.972064	0.963434	1.04536	0.926425	0.884395	0.933483	1.02756	0.887032	0.649145	0.963431	0.840102	0.93891	1.10617	0.897236	0.853117	0.921961	0.886257	0.871137	0.898019	0.682197	0.943958	0.856008	1.01442	0.884619	0.85362	0.83597	1.04886	0.582797	
0.155818	0.18558	0.154627	0.15602	0.162935	0.207383	0.234687	0.171982	0.153754	0.175487	0.194129	0.175393	0.170875	0.166669	0.149209	0.200652	0.22418	0.172948	0.179686	0.162048	0.159504	0.158121	0.165133	0.134354	0.166161	0.166906	0.222612	0.165274	0.15782	0.164993	0.204293	0.178872	
0.0523012	0.0531189	0.0720719	0.0752484	0.0547225	0.0528423	0.0591201	0.0654292	0.0536484	0.0432963	0.056383	0.0481876	0.0769605	0.0730026	0.043221	0.0584248	0.0516702	0.0465417	0.0462396	0.0481119	0.0431868	0.0425457	0.0471692	0.0683801	0.0472883	0.0517491	0.0615646	0.0542643	0.0463952	0.0398727	0.0650156	0.0846299	
5.20704	5.22945	4.92204	5.16199	5.54472	5.03057	4.75026	4.56333	5.51869	5.22088	5.20579	4.87202	5.00154	4.58443	5.32426	4.5114	4.99561	5.42032	5.04674	5.45019	5.60062	5.32253	5.22158	5.21213	5.23062	5.04482	4.52696	5.24294	5.16225	5.46088	4.85882	4.52655	
0.79429	0.862409	0.666618	0.74489	0.788423	0.848291	0.912508	0.654509	0.828854	0.825375	0.868762	0.803972	0.714059	0.654483	0.795138	0.822897	0.95226	0.837935	0.778806	0.825652	0.784026	0.789226	0.799661	0.763611	0.83653	0.806304	0.935572	0.795354	0.792483	0.770898	0.856728	0.599514	
0.780265	0.796111	0.649396	0.793214	0.739863	0.776532	0.894108	0.668398	0.798198	0.820948	0.800692	0.788438	0.801281	0.620268	0.769077	0.799541	0.836393	0.754123	0.791844	0.803852	0.743538	0.767563	0.821564	0.793089	0.771672	0.810702	0.899543	0.807369	0.80748	0.754869	0.815397	0.804925	
2.67849	2.35175	2.70972	2.25216	2.71554	2.14551	2.1622	2.74108	2.70626	2.6471	2.4358	2.58477	2.26331	2.89825	2.58482	2.06536	2.23609	2.50169	2.31511	2.38848	2.32272	2.57693	2.55345	2.26817	2.6614	2.45041	2.21185	2.51235	2.55984	2.36708	2.28703	2.30988	
2.17439	2.34893	2.12827	2.47031	2.07514	2.23634	1.99002	2.22817	2.15511	2.24946	2.03603	2.12747	2.58877	2.20143	2.16087	2.31238	1.85414	2.30854	2.40318	2.29583	2.22454	2.17127	2.14074	2.02513	2.18731	2.24986	2.28552	2.25416	2.16328	2.37665	1.96871	2.59239	
0.0784517	0.0757112	0.0848014	0.0699557	0.0684032	0.0852043	0.0930643	0.0998256	0.0735182	0.0710981	0.0776159	0.0756894	0.0649145	0.0885855	0.0723103	0.0871491	0.0833538	0.0743566	0.0747386	0.0699113	0.0722872	0.0787306	0.081295	0.0760002	0.0701794	0.0840667	0.0824126	0.0767275	0.0800907	0.0627596	0.092795	0.0752266	
0.253	0.297735	0.352684	0.420654	0.244526	0.329092	0.288825	0.355358	0.248845	0.262611	0.252831	0.24712	0.48407	0.362134	0.260152	0.339742	0.264706	0.300089	0.300308	0.275898	0.287378	0.251854	0.242983	0.396645	0.240658	0.277359	0.302576	0.272693	0.261204	0.308614	0.294175	0.507153	
0.652226	0.582358	0.965014	0.620626	0.678855	0.570478	0.554666	0.975579	0.678506	0.674325	0.6104	0.678589	0.67346	1.0283	0.62776	0.564866	0.540004	0.609724	0.592209	0.572064	0.577708	0.67035	0.640844	0.567495	0.722677	0.620989	0.547505	0.652151	0.633068	0.629031	0.584212	0.833971	
0.47623	0.472287	0.563097	0.462996	0.410789	0.481912	0.469971	0.611649	0.448016	0.468911	0.438039	0.46119	0.47314	0.610105	0.454509	0.498563	0.415756	0.452749	0.496595	0.449016	0.444183	0.478564	0.477106	0.412687	0.458224	0.48681	0.468171	0.495562	0.47997	0.456542	0.470097	0.538706	
0.559116	0.522717	0.815067	0.551361	0.559427	0.610032	0.506705	0.799039	0.558719	0.522566	0.544649	0.479815	0.504147	0.71529	0.518836	0.536769	0.532543	0.547118	0.542193	0.548817	0.560332	0.584598	0.554873	0.62264	0.528604	0.546843	0.455998	0.565433	0.528088	0.5134	0.581383	0.608709	
5.41987	5.14419	4.40462	4.33403	5.46868	4.72915	5.11495	4.41598	5.36295	5.79932	5.60663	6.09153	4.37738	5.06225	5.53054	4.72048	5.13892	5.23012	4.9133	5.13452	4.89833	4.91784	5.13094	3.74145	6.00199	5.18585	5.63617	5.21251	5.42096	5.07994	5.163	4.09943	
0.126591	0.167224	0.172598	0.27545	0.13656	0.197142	0.173441	0.158853	0.127545	0.132103	0.137657	0.12031	0.274604	0.140246	0.120762	0.193192	0.17205	0.149998	0.159951	0.141951	0.14584	0.137598	0.131335	0.252465	0.121182	0.149009	0.172591	0.136216	0.127316	0.149283	0.158022	0.262875	
1.44661	1.51611	1.7462	1.31926	1.33158	1.50593	1.29911	1.88779	1.38521	1.38637	1.32777	1.35496	1.29874	1.7463	1.45208	1.51395	1.13416	1.50825	1.68115	1.55695	1.60196	1.53417	1.48415	1.37322	1.36845	1.50819	1.28229	1.5352	1.44744	1.63661	1.3077	1.61236	
0.755109	0.798733	0.50001	0.740517	0.721992	0.83383	0.943862	0.536237	0.722976	0.709741	0.769646	0.702366	0.748636	0.474432	0.743475	0.857478	0.913761	0.752103	0.774959	0.770387	0.761842	0.771824	0.767996	0.810334	0.705609	0.759873	0.855678	0.750101	0.774678	0.688202	0.860908	0.637128	
0.477225	0.485332	0.58425	0.373941	0.455282	0.4705	0.488837	0.634652	0.439501	0.478119	0.479791	0.513895	0.368741	0.658209	0.458271	0.511531	0.467887	0.483226	0.48434	0.463663	0.449412	0.474304	0.466605	0.391231	0.476798	0.472594	0.481393	0.47571	0.470078	0.467627	0.522531	0.460763	
0.596125	0.761752	0.843896	0.986283	0.648166	0.83469	0.752087	0.807503	0.597324	0.653518	0.674009	0.624853	1.05202	0.86824	0.554807	0.78741	0.756447	0.73916	0.699151	0.675951	0.676818	0.577938	0.543061	0.70606	0.685931	0.637352	0.7995	0.586198	0.565421	0.726161	0.697482	0.978991	
1.69273	1.88821	1.51295	2.02227	1.66793	1.96681	2.02762	1.39007	1.68751	1.6589	1.83673	1.63838	2.05563	1.26069	1.66681	2.14136	2.05364	1.87094	1.8981	1.86581	1.98204	1.74653	1.66282	2.27038	1.5814	1.75006	2.01568	1.79862	1.68542	1.95528	1.91387	1.78747	
1.21125	1.21024	0.937496	0.929214	1.18948	1.32567	1.31951	0.951165	1.18925	1.12464	1.19627	1.13122	0.859281	0.897204	1.18605	1.27238	1.39528	1.17695	1.14609	1.17759	1.21353	1.20592	1.2095	1.13539	1.1804	1.25231	1.29265	1.1581	1.19453	1.08749	1.30892	0.70713	
1.4029	1.43771	1.40362	1.37104	1.38704	1.38953	1.45249	1.30793	1.40375	1.36246	1.38192	1.33649	1.36967	1.29812	1.33581	1.34119	1.54439	1.398	1.3594	1.38162	1.41504	1.36854	1.36323	1.53264	1.36132	1.36204	1.41606	1.35439	1.39058	1.40838	1.39332	1.34321	
0.126862	0.108995	0.259646	0.172128	0.141367	0.103574	0.0976478	0.284286	0.13256	0.131748	0.109019	0.112623	0.172213	0.307085	0.102042	0.100954	0.0915511	0.114013	0.0986777	0.102696	0.0944711	0.089232	0.1073	0.099462	0.143772	0.103907	0.111026	0.121131	0.114361	0.0980868	0.12239	0.219411	
0.654126	0.69579	1.17449	1.39336	0.6669	0.71212	0.569147	1.11186	0.701403	0.770923	0.621997	0.661311	1.5459	1.25764	0.629962	0.655292	0.546912	0.747605	0.680556	0.66718	0.715281	0.580518	0.56201	0.855453	0.820466	0.655761	0.669725	0.653196	0.639449	0.911011	0.570238	1.62803	
0.40357	0.511891	0.592487	0.737986	0.451707	0.580015	0.526235	0.542965	0.415657	0.42588	0.484876	0.401035	0.729452	0.552347	0.381189	0.601399	0.524623	0.489377	0.476859	0.472519	0.457594	0.381171	0.367181	0.603189	0.440453	0.417777	0.567863	0.419356	0.378756	0.471135	0.511512	0.706085	
0.688873	0.729141	0.637602	0.653533	0.680581	0.727832	0.760988	0.631831	0.719192	0.649445	0.713085	0.603454	0.650706	0.591304	0.64492	0.69552	0.77975	0.683163	0.677207	0.712397	0.64021	0.700234	0.717217	0.652519	0.633422	0.709965	0.723734	0.689111	0.686291	0.552795	0.758318	0.562737	
1.23559	1.18603	1.39501	0.906662	1.0661	1.2339	1.11956	1.54296	1.13494	1.10313	1.09412	1.16673	0.866196	1.36181	1.2256	1.35046	1.00927	1.16061	1.38868	1.20535	1.29417	1.34178	1.32558	1.18231	1.05831	1.28401	1.04688	1.3472	1.23901	1.2599	1.21486	1.20781	
1.03598	0.958359	1.06535	0.936807	0.939403	0.97727	0.903009	1.17903	0.962549	0.935962	0.914529	0.971836	0.885157	1.06895	1.01611	1.02278	0.855827	0.95562	1.05232	0.992979	0.929022	1.12551	1.09597	1.01166	0.981909	1.0401	0.844065	1.0478	1.01999	0.909017	0.954547	1.09497	
3.04351	2.72022	2.61948	1.72542	3.10735	2.72544	2.91608	2.63344	3.02305	3.00374	3.04772	3.1612	1.5807	2.55594	3.04006	2.59544	3.056	2.83519	2.68582	2.8627	2.65295	3.01955	3.14631	1.77808	3.13418	2.97547	2.86128	3.00145	3.04166	2.54571	3.09601	1.52355	
2.74382	2.52019	2.88699	2.37918	2.65207	2.62398	2.43296	2.94572	2.61326	2.51437	2.49076	2.65166	2.25617	2.84083	2.69659	2.55786	2.37545	2.53758	2.66622	2.57684	2.74278	2.80454	2.73384	2.86434	2.57997	2.77758	2.28517	2.76474	2.73923	2.73048	2.6699	2.53702	
13.28	13.0206	8.70516	13.944	13.389	12.6499	13.0111	8.18429	13.7102	13.2259	13.7398	13.4178	14.0313	7.99336	14.4229	13.2399	13.15	13.5482	13.5928	13.9249	14.5245	13.7712	13.8922	15.4932	12.5237	13.2703	12.7896	13.0911	13.7772	14.2585	12.4616	11.7853	
0.186854	0.185311	0.183643	0.204114	0.185243	0.189169	0.199813	0.19466	0.181383	0.173185	0.179676	0.17785	0.18872	0.184116	0.177656	0.192286	0.192681	0.170653	0.176622	0.173373	0.143225	0.179304	0.184657	0.162628	0.181021	0.182554	0.203093	0.19048	0.185453	0.141229	0.206192	0.207918	
1.68133	1.52626	1.94276	1.32156	1.81731	1.46075	1.52164	1.94541	1.76718	1.72149	1.70532	1.65605	1.28669	2.04407	1.62928	1.33931	1.64414	1.58389	1.43991	1.58752	1.47299	1.63138	1.68792	1.29682	1.79354	1.59093	1.50225	1.66757	1.63168	1.41891	1.63231	1.23581	
1.45376	1.31231	1.46727	0.873295	1.29818	1.33161	1.38261	1.61859	1.32569	1.31376	1.31421	1.44048	0.826712	1.47648	1.41602	1.38511	1.29295	1.27783	1.47076	1.39593	1.36241	1.55325	1.54395	1.00505	1.3307	1.46749	1.28362	1.55936	1.47373	1.34506	1.45998	1.02768	
1.32807	1.30377	1.58876	1.5381	1.41354	1.28752	1.25056	1.58593	1.41662	1.33749	1.32732	1.299	1.50062	1.65196	1.29764	1.19666	1.28779	1.32318	1.19176	1.27756	1.20737	1.30764	1.32713	1.366	1.41905	1.28023	1.23038	1.31939	1.30762	1.18757	1.31167	1.49199	
0.0437049	0.0477398	0.0597167	0.0467138	0.0398094	0.0526078	0.055998	0.0674908	0.038888	0.036036	0.0444284	0.0363785	0.0550992	0.0609766	0.0391834	0.0552177	0.053328	0.0413092	0.0475933	0.0436839	0.0431024	0.0402654	0.0427394	0.0503326	0.0362443	0.0424424	0.0460335	0.0403554	0.0378437	0.0349285	0.0543345	0.0660323	
0.0259696	0.0197011	0.0569087	0.0393501	0.0248963	0.0211838	0.0180017	0.0516489	0.0243168	0.022932	0.022571	0.0203688	0.0401533	0.0663968	0.0158752	0.0201489	0.0159339	0.0193694	0.0173844	0.0176268	0.0172072	0.0163822	0.0174731	0.0128338	0.0274091	0.0176929	0.01742	0.0198512	0.0202939	0.0151516	0.0215734	0.0432553	
0.0694031	0.0746354	0.110822	0.0833025	0.0695124	0.0911452	0.0850266	0.111219	0.0638672	0.0659627	0.0763669	0.0565094	0.0758451	0.107725	0.0615739	0.0845695	0.0878669	0.0726124	0.0793697	0.0729769	0.0765047	0.067029	0.0682517	0.0745965	0.068071	0.0790554	0.0773055	0.0679773	0.0600521	0.0661886	0.0958769	0.0775252	
0.735293	0.66486	1.07995	0.797356	0.772031	0.684918	0.665599	1.05924	0.757796	0.741084	0.713263	0.716077	0.803066	1.14619	0.661896	0.660381	0.702014	0.691425	0.637807	0.674504	0.609592	0.687032	0.690556	0.643495	0.801892	0.662511	0.690643	0.717451	0.669252	0.625203	0.711583	0.806597	
0.23816	0.336666	0.273124	0.601527	0.244772	0.392956	0.362625	0.255749	0.236072	0.244726	0.26773	0.23436	0.637991	0.219855	0.248314	0.418107	0.325126	0.308534	0.334008	0.293951	0.298343	0.255634	0.241096	0.555664	0.231923	0.293518	0.373725	0.264269	0.248632	0.31308	0.299874	0.577364	
0.554953	0.533206	0.709674	0.698406	0.556592	0.585487	0.565493	0.687386	0.581144	0.55028	0.549645	0.544963	0.718298	0.673114	0.539299	0.589686	0.545346	0.542895	0.536707	0.514074	0.538991	0.567256	0.539697	0.788878	0.554005	0.570467	0.544707	0.557923	0.574292	0.523369	0.58113	0.777342	
1.57636	1.61091	1.45754	1.33882	1.57611	1.67555	1.85777	1.3598	1.55666	1.54663	1.69096	1.67698	1.23204	1.28424	1.59422	1.70938	1.8721	1.55433	1.61846	1.62601	1.63595	1.60264	1.65469	1.5196	1.57387	1.67919	1.74892	1.63812	1.6304	1.56835	1.79755	1.29975	
0.185407	0.150616	0.36635	0.271999	0.163921	0.147192	0.127274	0.403643	0.177977	0.181951	0.151396	0.164773	0.312303	0.415827	0.163891	0.148572	0.116695	0.152752	0.158454	0.141866	0.146768	0.170903	0.15373	0.196919	0.186342	0.169258	0.13908	0.173176	0.174923	0.180384	0.142865	0.449479	
0.368099	0.42838	0.461447	0.402475	0.362105	0.428679	0.404873	0.482093	0.37535	0.364433	0.388882	0.372503	0.384802	0.423957	0.366874	0.429541	0.380204	0.400424	0.432045	0.403459	0.426469	0.399354	0.394744	0.412085	0.357323	0.428822	0.370857	0.3918	0.379394	0.40383	0.406516	0.4453	
1.00666	0.930118	0.925515	0.739137	0.846227	0.950927	0.968905	1.00813	0.920633	0.884077	0.880182	0.946949	0.722536	0.884669	0.968022	1.08936	0.890274	0.902561	1.05475	0.914467	0.934336	0.959769	0.993998	0.961733	0.897674	0.973926	0.958589	1.00993	0.983042	0.925445	1.03164	0.82206	
0.0788137	0.0957485	0.181022	0.239782	0.083193	0.0991966	0.0827681	0.160155	0.0803307	0.0908426	0.0806491	0.0815543	0.298919	0.177002	0.0746962	0.107089	0.0718409	0.0974898	0.101171	0.0866015	0.0963268	0.0719497	0.0656266	0.136159	0.0914641	0.0838622	0.0935362	0.0912894	0.0795802	0.122489	0.0854491	0.306757	
1.58125	1.35978	1.79581	1.19638	1.50216	1.34115	1.25049	2.03232	1.49875	1.49501	1.39789	1.64242	1.21129	2.07253	1.51274	1.35207	1.1898	1.38239	1.45437	1.40972	1.30927	1.60522	1.57389	1.35316	1.51483	1.48518	1.20988	1.56994	1.54215	1.3835	1.42042	1.51895	
0.335705	0.371362	0.369345	0.35254	0.318722	0.386233	0.339509	0.395179	0.320187	0.314053	0.322507	0.332875	0.347549	0.35485	0.334756	0.377669	0.317021	0.340663	0.392075	0.351771	0.342795	0.364429	0.36349	0.353932	0.330817	0.352017	0.338116	0.34289	0.344805	0.324484	0.332719	0.435061	
0.851296	0.667886	1.12769	0.552742	0.791381	0.672254	0.646003	1.21907	0.774449	0.782256	0.713887	0.852873	0.53917	1.25697	0.774583	0.649017	0.603279	0.700146	0.71048	0.708225	0.639535	0.807828	0.813114	0.590957	0.81123	0.77235	0.62628	0.845961	0.827519	0.702875	0.783058	0.763759	
0.110212	0.126678	0.175968	0.150036	0.10735	0.149772	0.140028	0.161023	0.109284	0.106072	0.115799	0.0878155	0.136075	0.142279	0.100298	0.14418	0.139905	0.115666	0.122546	0.112488	0.127199	0.113175	0.102788	0.164433	0.104616	0.117407	0.122639	0.110422	0.104469	0.109092	0.137335	0.151498	
1.89587	1.93238	1.64586	1.47436	1.98751	1.81985	2.06196	1.69346	1.9023	2.13285	2.12212	2.31451	1.54166	1.94312	1.96587	1.818	2.11387	1.89876	1.77485	1.82868	1.81368	1.78542	1.89407	1.35537	2.15408	1.88782	2.22815	1.81691	1.91701	1.87194	1.93291	1.50767	
0.169391	0.14759	0.297273	0.199512	0.176616	0.160325	0.137305	0.317163	0.159053	0.166545	0.149611	0.153519	0.185374	0.309795	0.150402	0.137277	0.139169	0.151467	0.137294	0.152851	0.136224	0.167062	0.15209	0.176064	0.166463	0.159134	0.132434	0.161226	0.156927	0.143861	0.158148	0.243651	
0.474782	0.667953	0.589679	0.878818	0.515797	0.697346	0.72711	0.558372	0.488891	0.539655	0.599962	0.526338	0.889172	0.557259	0.453224	0.82457	0.705422	0.605777	0.62541	0.603741	0.558729	0.454741	0.452332	0.671168	0.490352	0.54582	0.83392	0.497847	0.457187	0.609972	0.640657	0.83606	
2.46621	2.48011	2.01296	2.41531	2.39386	2.45576	2.46537	2.04295	2.40954	2.35978	2.40431	2.41952	2.3135	1.95312	2.59078	2.3685	2.41238	2.43752	2.54631	2.52975	2.6225	2.58935	2.58093	2.57659	2.37636	2.58735	2.31105	2.51366	2.59417	2.53383	2.45649	2.25325	
0.854192	0.764845	1.06797	0.758236	0.791628	0.702818	0.673437	1.26811	0.823082	0.865041	0.767416	0.888538	0.844781	1.36469	0.802938	0.706257	0.605121	0.751644	0.783366	0.769621	0.639704	0.74224	0.766027	0.63006	0.851389	0.779509	0.761792	0.860001	0.831157	0.747772	0.780947	1.05568	
0.248566	0.260283	0.293342	0.226666	0.246868	0.271716	0.294338	0.288084	0.250643	0.252429	0.256846	0.261624	0.234897	0.266095	0.253361	0.264864	0.275298	0.245469	0.248012	0.260145	0.237612	0.258935	0.26989	0.213964	0.249895	0.263041	0.281518	0.269493	0.252334	0.232777	0.284253	0.270607	
0.76832	0.926219	1.11403	1.4907	0.809869	0.940374	0.798918	0.989359	0.810877	0.856895	0.750554	0.752218	1.53096	1.10605	0.75522	0.887248	0.786105	0.927163	0.86644	0.839958	0.896379	0.733958	0.686865	1.1396	0.865345	0.76468	0.862744	0.772172	0.732559	1.01524	0.749073	1.48886	
0.147221	0.146043	0.187761	0.124954	0.159484	0.16095	0.180549	0.190862	0.14363	0.145384	0.168614	0.153915	0.125368	0.207829	0.138014	0.183431	0.178221	0.135402	0.151116	0.148934	0.147105	0.14672	0.152172	0.111895	0.151604	0.146452	0.169792	0.146598	0.148694	0.119698	0.196144	0.135826	
0.167762	0.176301	0.271065	0.283044	0.174274	0.191045	0.185996	0.28038	0.171921	0.181862	0.167811	0.15875	0.31208	0.295398	0.16123	0.179946	0.175365	0.187177	0.178332	0.164773	0.184893	0.156801	0.144625	0.20895	0.195679	0.17069	0.193928	0.168409	0.167712	0.203829	0.175036	0.330997	
1.01951	0.863484	1.42721	0.799427	1.06487	0.882998	0.804764	1.37054	1.06729	0.973149	0.941561	0.864523	0.784105	1.37926	0.939116	0.749761	0.882077	0.905865	0.842501	0.923153	0.816416	1.0142	1.00704	0.85786	0.990343	0.920234	0.746751	1.02194	0.972512	0.813482	0.931159	0.842329	
1.32789	1.55511	1.51276	2.4397	1.36769	1.54368	1.52377	1.42002	1.34869	1.49262	1.42421	1.4316	2.70678	1.50697	1.37426	1.60048	1.5082	1.53597	1.49456	1.43374	1.48927	1.33104	1.24527	1.9369	1.40921	1.42617	1.64832	1.3269	1.35803	1.78909	1.33822	2.57484	
0.137177	0.148329	0.170352	0.169596	0.132739	0.15454	0.14966	0.174369	0.131898	0.126879	0.146043	0.136716	0.165967	0.178357	0.124799	0.155195	0.156208	0.134484	0.147268	0.13548	0.134706	0.138739	0.130515	0.16704	0.127909	0.139498	0.135792	0.132102	0.13408	0.129586	0.164945	0.188902	
0.994808	1.0018	0.956216	0.977998	1.04306	0.961323	1.09877	1.0281	1.00816	1.07435	1.05959	1.11996	1.05157	1.10317	0.972243	1.07654	1.10534	0.976458	0.933555	0.969988	0.866857	0.925624	0.966763	0.823569	1.05129	0.97546	1.18575	0.973231	1.00748	0.884216	1.08897	1.05317	
0.396512	0.436651	0.358675	0.388438	0.426688	0.44275	0.560777	0.364364	0.403641	0.429333	0.465071	0.449936	0.406441	0.343163	0.387062	0.506859	0.572609	0.407768	0.419719	0.416402	0.395766	0.398754	0.433956	0.366365	0.421578	0.414197	0.53981	0.393236	0.410218	0.400561	0.479933	0.40894	
0.332176	0.35899	0.323855	0.271078	0.302699	0.362705	0.413708	0.355249	0.317538	0.347167	0.356141	0.323364	0.269473	0.332831	0.303281	0.422778	0.386283	0.324782	0.346975	0.342148	0.310995	0.331184	0.32961	0.264497	0.322283	0.358153	0.41745	0.341454	0.324894	0.303351	0.385492	0.29422	
0.811211	0.835177	0.752917	0.58933	0.793723	0.882764	0.940607	0.7641	0.777382	0.782787	0.871706	0.825212	0.532923	0.767289	0.795138	0.911928	1.01664	0.798737	0.810867	0.796359	0.816837	0.770443	0.804173	0.594967	0.810326	0.818576	0.962297	0.785755	0.776848	0.712524	0.942473	0.551035	
0.278427	0.242666	0.440481	0.361744	0.256111	0.240761	0.224258	0.484154	0.241938	0.267038	0.220268	0.253857	0.395956	0.54049	0.229778	0.261099	0.189826	0.239869	0.236542	0.232555	0.215597	0.227911	0.215419	0.23141	0.285236	0.243916	0.248147	0.25787	0.248888	0.22233	0.248621	0.490018	
0.291276	0.44519	0.438234	0.599686	0.295797	0.485586	0.438153	0.387801	0.292654	0.305908	0.353286	0.272006	0.609438	0.342824	0.299978	0.502118	0.419256	0.391703	0.454986	0.381489	0.424614	0.311142	0.29048	0.573511	0.265457	0.351505	0.41703	0.315921	0.296942	0.404787	0.393387	0.633157	
2.77658	2.79889	2.4671	3.61882	2.77914	2.69894	2.69069	2.35979	2.76644	2.80355	2.65883	2.72886	3.75545	2.43619	2.77202	2.83932	2.56417	2.82454	2.79896	2.84227	2.81937	2.62175	2.62966	3.59006	2.71782	2.72511	2.99197	2.75168	2.75614	3.00456	2.60653	3.70178	
0.265306	0.302105	0.337147	0.241163	0.283473	0.347227	0.346948	0.360566	0.26124	0.282444	0.317957	0.257502	0.245827	0.385	0.257124	0.353268	0.351652	0.290266	0.296247	0.28203	0.291426	0.264816	0.251104	0.23141	0.275999	0.273779	0.337836	0.252319	0.252334	0.254946	0.338334	0.24574	
1.40136	1.45438	1.46184	1.28797	1.27821	1.50812	1.25049	1.53851	1.29551	1.32527	1.23695	1.32048	1.30253	1.44515	1.3661	1.50357	1.13195	1.40828	1.56559	1.41951	1.43782	1.48658	1.39859	1.24207	1.36393	1.47884	1.30713	1.49576	1.41636	1.46931	1.27836	1.45668	
0.518759	0.670307	0.693013	1.18994	0.568794	0.722126	0.680611	0.630421	0.543486	0.579852	0.558834	0.503037	1.24386	0.661088	0.4858	0.758407	0.635976	0.608255	0.617858	0.595311	0.55856	0.453001	0.467754	0.920825	0.548986	0.546331	0.815871	0.527428	0.499243	0.620658	0.589447	1.14679	
0.795376	0.675618	0.874222	0.498894	0.728401	0.641143	0.662012	1.00726	0.72695	0.761891	0.7204	0.8287	0.517531	1.01763	0.769719	0.669096	0.6147	0.690048	0.708556	0.679443	0.606977	0.772724	0.761433	0.481268	0.765447	0.758237	0.67889	0.792938	0.777805	0.664279	0.727795	0.70713	
0.472792	0.388373	0.506937	0.350699	0.432111	0.388579	0.423207	0.548607	0.415373	0.430307	0.425192	0.464202	0.373203	0.527279	0.449921	0.432399	0.410046	0.386104	0.439027	0.408142	0.393067	0.480244	0.493512	0.445774	0.428205	0.450503	0.392544	0.475057	0.46861	0.391789	0.482678	0.45742	
0.902512	0.872629	1.15877	0.959589	0.829958	0.831641	0.774008	1.21972	0.874365	0.889744	0.790879	0.858262	1.04443	1.15229	0.885893	0.820596	0.71629	0.853173	0.898217	0.843619	0.858843	0.942186	0.890882	0.874503	0.879903	0.899882	0.780751	0.950441	0.925925	0.896656	0.780272	1.16037	
0.823065	0.784411	1.00751	0.708301	0.892322	0.758709	0.774141	1.02712	0.850616	0.881244	0.833077	0.856122	0.701344	1.13213	0.812298	0.63835	0.801762	0.811589	0.708485	0.753101	0.737043	0.796547	0.766683	0.663548	0.912734	0.781554	0.766549	0.751472	0.795547	0.754231	0.769295	0.759371	
0.999604	0.918486	1.54103	1.07764	1.04725	0.924662	0.786762	1.57518	1.10079	1.10614	0.918811	0.948772	1.1524	1.73072	0.919754	0.830775	0.811157	0.977468	0.851122	0.928518	0.84889	0.874557	0.897691	0.8354	1.16413	0.895382	0.88653	0.992625	0.931605	0.951202	0.871125	1.2101	
0.534865	0.580341	0.6391	0.593242	0.495954	0.623633	0.56463	0.66894	0.512451	0.50477	0.516725	0.486314	0.561031	0.615525	0.537372	0.664007	0.507215	0.534817	0.624769	0.567125	0.57543	0.582498	0.558155	0.622841	0.499488	0.557172	0.529456	0.596254	0.533513	0.545059	0.580285	0.617276	
1.33296	1.28124	1.15371	0.822899	1.43782	1.29034	1.3763	1.16948	1.38663	1.39584	1.3837	1.39371	0.759343	1.22394	1.35692	1.16947	1.49503	1.3163	1.1857	1.28667	1.24567	1.34346	1.37693	0.8731	1.46694	1.35171	1.31916	1.25023	1.35095	1.12776	1.39252	0.714444	
1.00612	0.910888	1.30122	0.870304	0.955672	0.921379	0.857175	1.31075	0.985163	0.906655	0.883304	0.87229	0.807974	1.19294	0.941961	0.830496	0.86559	0.927805	0.951581	0.941972	0.988319	1.0481	0.982103	1.03292	0.922874	0.955517	0.760253	0.980675	0.973597	0.928395	0.938251	0.93678	
0.235355	0.244885	0.456954	0.305366	0.259809	0.271794	0.215157	0.42415	0.264457	0.267127	0.236684	0.225721	0.335726	0.447331	0.224456	0.224357	0.22897	0.246478	0.231768	0.220208	0.232888	0.231931	0.221736	0.247853	0.305014	0.21978	0.221912	0.241871	0.233252	0.273367	0.222488	0.3264	
1.67816	1.8911	1.65878	1.62256	1.73411	2.00347	2.03094	1.48632	1.69082	1.6697	1.82888	1.74315	1.54858	1.40907	1.69388	1.97117	2.11378	1.83633	1.85927	1.82357	1.95395	1.75158	1.75354	1.8966	1.66864	1.76683	1.91571	1.67612	1.70864	1.90017	1.95363	1.46755	
