"[DEBUG]index 0 centroid... "
0 0.289688
1 0.168446
2 0.261446
3 0.302745
4 0.205892
5 0.22014
6 0.150127
7 0.224389
8 0.214019
9 0.155217
10 0.105713
11 0.0457516
12 0.12014
13 0.121783
14 0.124522
15 0.162159
16 0.0699682
17 0.223828
18 0.068535
19 0.179204
20 0.324096
21 0.219981
22 0.22893
23 0.225561
24 0.224618
25 0.112624
26 0.257853
27 0.242911
28 0.235051
29 0.0287325
"[DEBUG]index 1 centroid... "
0 0.256256
1 0.256527
2 0.225736
3 0.303264
4 0.280566
5 0.370752
6 0.327698
7 0.199015
8 0.117985
9 0.222457
10 0.314279
11 0.0771628
12 0.0990465
13 0.424085
14 0.313992
15 0.312109
16 0.262892
17 0.320767
18 0.322295
19 0.11014
20 0.279023
21 0.248891
22 0.293527
23 0.320698
24 0.314698
25 0.235434
26 0.250186
27 0.29038
28 0.313674
29 0.219946
"[DEBUG]index 2 centroid... "
0 0.113251
1 0.1717
2 0.22237
3 0.23259
4 0.19352
5 0.24692
6 0.221305
7 0.177317
8 0.157983
9 0.158274
10 0.193054
11 0.159453
12 0.161381
13 0.220594
14 0.182937
15 0.204271
16 0.217077
17 0.101491
18 0.0868072
19 0.196018
20 0.218311
21 0.255852
22 0.221862
23 0.212097
24 0.200781
25 0.170021
26 0.189385
27 0.206989
28 0.211942
29 0.16273
"[DEBUG]index 3 centroid... "
0 0.253159
1 0.376598
2 0.267336
3 0.182514
4 0.420551
5 0.197206
6 0.332776
7 0.232897
8 0.252093
9 0.169822
10 0.291561
11 0.257636
12 0.391028
13 0.25614
14 0.361804
15 0.160561
16 0.244028
17 0.381392
18 0.454364
19 0.384561
20 0.353673
21 0.307037
22 0.401346
23 0.377785
24 0.329888
25 0.217112
26 0.201579
27 0.380336
28 0.298308
29 0.438224
"[DEBUG]index 4 centroid... "
0 0.175447
1 0.177082
2 0.164144
3 0.190227
4 0.187279
5 0.193336
6 0.19858
7 0.185602
8 0.107472
9 0.161596
10 0.203413
11 0.182866
12 0.191915
13 0.167484
14 0.116325
15 0.166648
16 0.214162
17 0.221944
18 0.21111
19 0.244849
20 0.180369
21 0.0956055
22 0.180911
23 0.207084
24 0.203009
25 0.206889
26 0.191946
27 0.16016
28 0.165314
29 0.162694
"[DEBUG]index 5 centroid... "
0 0.194247
1 0.186295
2 0.174402
3 0.193502
4 0.204947
5 0.199097
6 0.231427
7 0.21793
8 0.16722
9 0.175917
10 0.188741
11 0.169046
12 0.161047
13 0.224509
14 0.212406
15 0.208614
16 0.21454
17 0.22234
18 0.17765
19 0.140867
20 0.181469
21 0.201549
22 0.197432
23 0.211576
24 0.200762
25 0.183119
26 0.176485
27 0.20076
28 0.209865
29 0.188712
"[DEBUG]index 6 centroid... "
0 0.232126
1 0.20313
2 0.158753
3 0.175481
4 0.165118
5 0.169893
6 0.231575
7 0.200012
8 0.168288
9 0.153717
10 0.0944055
11 0.0913918
12 0.208498
13 0.224643
14 0.158288
15 0.175509
16 0.158747
17 0.168443
18 0.209865
19 0.209598
20 0.193729
21 0.186215
22 0.220325
23 0.21531
24 0.226835
25 0.232121
26 0.181621
27 0.21057
28 0.242584
29 0.22303
"[DEBUG]index 7 centroid... "
0 0.191865
1 0.253528
2 0.249331
3 0.1822
4 0.239732
5 0.1108
6 0.227981
7 0.300425
8 0.253515
9 0.139762
10 0.178341
11 0.124333
12 0.183262
13 0.152241
14 0.204562
15 0.238831
16 0.160588
17 0.160762
18 0.180897
19 0.177822
20 0.168305
21 0.232009
22 0.207052
23 0.198082
24 0.271528
25 0.229745
26 0.182491
27 0.283689
28 0.160933
29 0.240612
"[DEBUG]index 8 centroid... "
0 0.186732
1 0.188779
2 0.187499
3 0.20059
4 0.208582
5 0.163712
6 0.195362
7 0.172745
8 0.11276
9 0.17842
10 0.207981
11 0.199543
12 0.201144
13 0.172935
14 0.139593
15 0.0956774
16 0.13161
17 0.145047
18 0.197145
19 0.208449
20 0.162022
21 0.198928
22 0.204434
23 0.176659
24 0.17244
25 0.190171
26 0.187762
27 0.177198
28 0.192581
29 0.206062
"[DEBUG]index 9 centroid... "
0 0.20236
1 0.220569
2 0.200954
3 0.203895
4 0.230471
5 0.216133
6 0.232396
7 0.218995
8 0.125555
9 0.168328
10 0.191944
11 0.186351
12 0.247776
13 0.219718
14 0.207413
15 0.16546
16 0.230316
17 0.263992
18 0.206377
19 0.173234
20 0.232072
21 0.249051
22 0.229825
23 0.237151
24 0.230813
25 0.196804
26 0.208208
27 0.222015
28 0.197163
29 0.205267
"[DEBUG]index 10 centroid... "
0 0.244312
1 0.226647
2 0.214844
3 0.199167
4 0.238249
5 0.209155
6 0.238525
7 0.209937
8 0.144162
9 0.183625
10 0.230102
11 0.254359
12 0.231627
13 0.224133
14 0.199907
15 0.213635
16 0.207924
17 0.187926
18 0.212015
19 0.236916
20 0.240168
21 0.206947
22 0.172056
23 0.199837
24 0.217694
25 0.188805
26 0.202873
27 0.199118
28 0.198343
29 0.199603
"[DEBUG]index 11 centroid... "
0 0.176976
1 0.165312
2 0.155321
3 0.17679
4 0.183935
5 0.18507
6 0.184996
7 0.164626
8 0.1377
9 0.136043
10 0.130236
11 0.175474
12 0.17587
13 0.174156
14 0.178908
15 0.169487
16 0.194511
17 0.178838
18 0.189533
19 0.122794
20 0.11419
21 0.174628
22 0.19879
23 0.226658
24 0.203051
25 0.207751
26 0.194722
27 0.176788
28 0.197333
29 0.192825
"[DEBUG]index 12 centroid... "
0 0.200408
1 0.191552
2 0.19109
3 0.198312
4 0.203326
5 0.181104
6 0.207748
7 0.198499
8 0.128757
9 0.148506
10 0.197873
11 0.206794
12 0.216942
13 0.202023
14 0.200135
15 0.158384
16 0.099975
17 0.185719
18 0.209307
19 0.182649
20 0.207868
21 0.201367
22 0.168549
23 0.18059
24 0.190807
25 0.184254
26 0.194778
27 0.19905
28 0.204494
29 0.198745
"[DEBUG]index 13 centroid... "
0 0.203676
1 0.158823
2 0.122185
3 0.153285
4 0.16413
5 0.163977
6 0.237473
7 0.214479
8 0.139507
9 0.0474794
10 0.0102859
11 0.0581068
12 0.123331
13 0.157931
14 0.209014
15 0.136377
16 0.152254
17 0.145805
18 0.112332
19 0.128303
20 0.174548
21 0.217986
22 0.227133
23 0.239121
24 0.221506
25 0.231974
26 0.247529
27 0.207099
28 0.240604
29 0.235472
"[DEBUG]index 14 centroid... "
0 0.100143
1 0.161999
2 0.15167
3 0.157647
4 0.169252
5 0.137483
6 0.129049
7 0.105769
8 0.0601965
9 0.110599
10 0.157105
11 0.134569
12 0.180979
13 0.149016
14 0.191507
15 0.0987155
16 0.110071
17 0.145724
18 0.16641
19 0.12631
20 0.208315
21 0.117418
22 0.107442
23 0.153447
24 0.149037
25 0.172934
26 0.207826
27 0.159105
28 0.136133
29 0.102291
"[DEBUG]index 15 centroid... "
0 0.21829
1 0.223684
2 0.197012
3 0.198441
4 0.201145
5 0.201003
6 0.232576
7 0.245943
8 0.149274
9 0.117862
10 0.179005
11 0.215852
12 0.198909
13 0.183348
14 0.145529
15 0.205912
16 0.19881
17 0.17358
18 0.168606
19 0.178809
20 0.216471
21 0.187188
22 0.199427
23 0.21872
24 0.224804
25 0.205267
26 0.236443
27 0.197534
28 0.204444
29 0.218537
"[DEBUG]index 16 centroid... "
0 0.18395
1 0.169976
2 0.194598
3 0.200569
4 0.211034
5 0.167805
6 0.18773
7 0.177259
8 0.100107
9 0.149773
10 0.217309
11 0.195031
12 0.207118
13 0.175681
14 0.203134
15 0.222305
16 0.231057
17 0.244953
18 0.215996
19 0.159764
20 0.210813
21 0.185749
22 0.203133
23 0.214173
24 0.203522
25 0.192219
26 0.181286
27 0.17324
28 0.171895
29 0.182883
"[DEBUG]index 17 centroid... "
0 0.175084
1 0.164728
2 0.17374
3 0.192639
4 0.198479
5 0.197966
6 0.231514
7 0.21725
8 0.118932
9 0.188762
10 0.238152
11 0.171674
12 0.203417
13 0.217981
14 0.190633
15 0.184574
16 0.237665
17 0.212038
18 0.171066
19 0.214944
20 0.231432
21 0.185145
22 0.188028
23 0.241694
24 0.211191
25 0.199352
26 0.181205
27 0.18626
28 0.15973
29 0.198482
"[DEBUG]index 18 centroid... "
0 0.198724
1 0.197367
2 0.199489
3 0.209905
4 0.218305
5 0.222687
6 0.248351
7 0.218476
8 0.154256
9 0.212642
10 0.22475
11 0.17995
12 0.224036
13 0.21064
14 0.186516
15 0.245325
16 0.223889
17 0.153318
18 0.18934
19 0.217189
20 0.183108
21 0.170364
22 0.250065
23 0.235052
24 0.194915
25 0.195618
26 0.187894
27 0.180506
28 0.193973
29 0.212376
"[DEBUG]index 19 centroid... "
0 0.208003
1 0.184798
2 0.194355
3 0.224191
4 0.210534
5 0.211365
6 0.248363
7 0.199203
8 0.19205
9 0.185984
10 0.226798
11 0.208334
12 0.240357
13 0.184647
14 0.14125
15 0.208567
16 0.221947
17 0.200319
18 0.161195
19 0.165541
20 0.245621
21 0.22001
22 0.197973
23 0.205794
24 0.201323
25 0.209315
26 0.208006
27 0.17839
28 0.198231
29 0.219792
"[DEBUG]index 20 centroid... "
0 0.148509
1 0.116647
2 0.107074
3 0.180971
4 0.105205
5 0.122202
6 0.172802
7 0.17265
8 0.0708854
9 0.191532
10 0.209336
11 0.191882
12 0.185864
13 0.23601
14 0.134532
15 0.179215
16 0.204369
17 0.129773
18 0.16563
19 0.264982
20 0.191996
21 0.177027
22 0.174451
23 0.0867519
24 0.100927
25 0.0898783
26 0.173584
27 0.156566
28 0.151673
29 0.128486
"[DEBUG]index 21 centroid... "
0 0.182152
1 0.179801
2 0.189858
3 0.19911
4 0.208387
5 0.181198
6 0.195633
7 0.181298
8 0.0955994
9 0.166778
10 0.204886
11 0.161437
12 0.209626
13 0.208056
14 0.181736
15 0.197038
16 0.192701
17 0.184347
18 0.219125
19 0.195621
20 0.183722
21 0.215936
22 0.219952
23 0.206598
24 0.207989
25 0.193148
26 0.188564
27 0.176899
28 0.187976
29 0.186793
"[DEBUG]index 22 centroid... "
0 0.184832
1 0.202697
2 0.200561
3 0.209317
4 0.194273
5 0.194176
6 0.202579
7 0.180236
8 0.10962
9 0.1754
10 0.206144
11 0.170701
12 0.180435
13 0.212846
14 0.160583
15 0.106195
16 0.185726
17 0.203757
18 0.170152
19 0.213611
20 0.165717
21 0.151838
22 0.195956
23 0.208565
24 0.20953
25 0.208914
26 0.220549
27 0.19942
28 0.194304
29 0.200486
"[DEBUG]index 23 centroid... "
0 0.199073
1 0.200465
2 0.194702
3 0.208002
4 0.186412
5 0.168158
6 0.211082
7 0.191372
8 0.121847
9 0.161354
10 0.219307
11 0.155651
12 0.178856
13 0.161107
14 0.118158
15 0.179493
16 0.203802
17 0.189169
18 0.19572
19 0.165913
20 0.192542
21 0.206341
22 0.220002
23 0.211295
24 0.20834
25 0.208111
26 0.213463
27 0.209872
28 0.22196
29 0.19462
"[DEBUG]index 24 centroid... "
0 0.197328
1 0.188679
2 0.195494
3 0.198209
4 0.191243
5 0.174427
6 0.200071
7 0.172396
8 0.100152
9 0.18162
10 0.211794
11 0.158173
12 0.166207
13 0.150098
14 0.141419
15 0.13186
16 0.1986
17 0.191208
18 0.138989
19 0.191561
20 0.207006
21 0.183314
22 0.195393
23 0.200124
24 0.197346
25 0.189184
26 0.202428
27 0.202228
28 0.198517
29 0.20746
"[DEBUG]index 25 centroid... "
0 0.179179
1 0.170223
2 0.192285
3 0.205861
4 0.197825
5 0.183693
6 0.220546
7 0.191676
8 0.0930047
9 0.0835083
10 0.141265
11 0.210422
12 0.221085
13 0.205895
14 0.196262
15 0.181168
16 0.218534
17 0.209404
18 0.21766
19 0.247128
20 0.234402
21 0.228564
22 0.248251
23 0.229665
24 0.219902
25 0.21706
26 0.223357
27 0.217865
28 0.202384
29 0.200589
"[DEBUG]index 26 centroid... "
0 0.188121
1 0.181434
2 0.161687
3 0.221703
4 0.252406
5 0.219338
6 0.153187
7 0.192236
8 0.139582
9 0.233942
10 0.18875
11 0.223809
12 0.203354
13 0.203326
14 0.197236
15 0.219768
16 0.251551
17 0.216561
18 0.238267
19 0.146897
20 0.108922
21 0.169065
22 0.120655
23 0.168143
24 0.166191
25 0.183238
26 0.15888
27 0.141598
28 0.214797
29 0.217022
"[DEBUG]index 27 centroid... "
0 0.222596
1 0.213451
2 0.164405
3 0.206297
4 0.161148
5 0.183304
6 0.205448
7 0.17537
8 0.176374
9 0.18038
10 0.136922
11 0.138688
12 0.198952
13 0.184833
14 0.181262
15 0.182653
16 0.211598
17 0.150907
18 0.0853511
19 0.168622
20 0.205049
21 0.209775
22 0.151274
23 0.192361
24 0.22347
25 0.203784
26 0.206795
27 0.216444
28 0.225294
29 0.222472
"[DEBUG]index 28 centroid... "
0 0.216264
1 0.206902
2 0.196588
3 0.212464
4 0.22743
5 0.205541
6 0.232145
7 0.22768
8 0.143437
9 0.18512
10 0.17244
11 0.188966
12 0.156519
13 0.10871
14 0.198721
15 0.220786
16 0.162465
17 0.182132
18 0.171198
19 0.164866
20 0.159928
21 0.18269
22 0.209356
23 0.213778
24 0.212014
25 0.22294
26 0.238203
27 0.227297
28 0.212377
29 0.205264
"[DEBUG]index 29 centroid... "
0 0.211973
1 0.229709
2 0.202713
3 0.234438
4 0.223817
5 0.207131
6 0.227575
7 0.183441
8 0.136364
9 0.102153
10 0.122766
11 0.213193
12 0.224666
13 0.170308
14 0.207286
15 0.180369
16 0.147622
17 0.199407
18 0.199145
19 0.165122
20 0.203476
21 0.226055
22 0.209396
23 0.188775
24 0.189599
25 0.211562
26 0.214249
27 0.196927
28 0.209918
29 0.227579
"[DEBUG]index 30 centroid... "
0 0.161721
1 0.148879
2 0.163589
3 0.184283
4 0.214011
5 0.153156
6 0.22259
7 0.194533
8 0.114044
9 0.132071
10 0.194889
11 0.194839
12 0.175472
13 0.1887
14 0.180075
15 0.179469
16 0.162661
17 0.147891
18 0.197069
19 0.15697
20 0.174761
21 0.199309
22 0.160867
23 0.179083
24 0.19476
25 0.140987
26 0.189367
27 0.17546
28 0.172372
29 0.183411
"[DEBUG]index 31 centroid... "
0 0.18752
1 0.184366
2 0.177506
3 0.198895
4 0.206388
5 0.181005
6 0.210942
7 0.214305
8 0.133507
9 0.146793
10 0.179149
11 0.179079
12 0.18315
13 0.228458
14 0.223005
15 0.183754
16 0.190002
17 0.199957
18 0.203249
19 0.218349
20 0.229924
21 0.233434
22 0.241183
23 0.220214
24 0.217616
25 0.220013
26 0.211277
27 0.217519
28 0.21611
29 0.21685
"[DEBUG]index 32 centroid... "
0 0.202928
1 0.187995
2 0.157368
3 0.187563
4 0.193982
5 0.191137
6 0.199044
7 0.197495
8 0.0958459
9 0.15741
10 0.169448
11 0.196379
12 0.21274
13 0.216571
14 0.200055
15 0.117229
16 0.123745
17 0.182423
18 0.172626
19 0.228518
20 0.182613
21 0.168821
22 0.195104
23 0.204708
24 0.146433
25 0.159024
26 0.143988
27 0.150054
28 0.179767
29 0.191841
"[DEBUG]index 33 centroid... "
0 0.203701
1 0.159237
2 0.172173
3 0.197486
4 0.193011
5 0.190422
6 0.229588
7 0.198643
8 0.0968719
9 0.0666021
10 0.10859
11 0.187625
12 0.211354
13 0.187064
14 0.198984
15 0.187576
16 0.204601
17 0.212916
18 0.200992
19 0.196261
20 0.203831
21 0.188986
22 0.227175
23 0.232626
24 0.192948
25 0.209293
26 0.211035
27 0.197601
28 0.1941
29 0.193189
"[DEBUG]index 34 centroid... "
0 0.171783
1 0.165374
2 0.177364
3 0.194638
4 0.197026
5 0.167862
6 0.204647
7 0.1838
8 0.108375
9 0.164172
10 0.197465
11 0.182555
12 0.214099
13 0.171701
14 0.106743
15 0.187667
16 0.195838
17 0.166695
18 0.190472
19 0.186737
20 0.162413
21 0.165496
22 0.167496
23 0.173988
24 0.17212
25 0.191069
26 0.179726
27 0.17411
28 0.178917
29 0.191107
"[DEBUG]index 35 centroid... "
0 0.212636
1 0.202612
2 0.206489
3 0.171281
4 0.210213
5 0.187888
6 0.236333
7 0.235131
8 0.174482
9 0.148714
10 0.162818
11 0.151894
12 0.160513
13 0.231782
14 0.220302
15 0.19941
16 0.175332
17 0.177284
18 0.185111
19 0.184306
20 0.153247
21 0.135628
22 0.224396
23 0.242841
24 0.209913
25 0.209146
26 0.188336
27 0.216813
28 0.207272
29 0.179773
"[DEBUG]index 36 centroid... "
0 0.191399
1 0.179281
2 0.189809
3 0.195051
4 0.208804
5 0.188098
6 0.221421
7 0.249377
8 0.126862
9 0.0664075
10 0.186949
11 0.253276
12 0.187591
13 0.20187
14 0.205564
15 0.181122
16 0.184387
17 0.206252
18 0.224115
19 0.231266
20 0.241986
21 0.268001
22 0.215775
23 0.228079
24 0.228343
25 0.211928
26 0.232465
27 0.213867
28 0.216058
29 0.21917
"[DEBUG]index 37 centroid... "
0 0.184686
1 0.192055
2 0.20137
3 0.214031
4 0.209251
5 0.18541
6 0.2101
7 0.185678
8 0.118714
9 0.159695
10 0.192302
11 0.19066
12 0.221478
13 0.225458
14 0.196489
15 0.214039
16 0.16527
17 0.108825
18 0.182776
19 0.236045
20 0.21134
21 0.195909
22 0.20281
23 0.185094
24 0.178596
25 0.19186
26 0.203874
27 0.200186
28 0.21746
29 0.202396
"[DEBUG]index 38 centroid... "
0 0.173613
1 0.163369
2 0.166548
3 0.201827
4 0.211769
5 0.175569
6 0.206882
7 0.195569
8 0.0930019
9 0.14606
10 0.21605
11 0.21244
12 0.210951
13 0.222641
14 0.186697
15 0.12613
16 0.204775
17 0.208112
18 0.170745
19 0.18955
20 0.212771
21 0.155837
22 0.156635
23 0.171794
24 0.190984
25 0.171289
26 0.177591
27 0.18493
28 0.18855
29 0.185204
"[DEBUG]index 39 centroid... "
0 0.191146
1 0.197252
2 0.206228
3 0.20581
4 0.211487
5 0.176902
6 0.200435
7 0.178472
8 0.134157
9 0.190859
10 0.206371
11 0.20322
12 0.200487
13 0.166103
14 0.203743
15 0.171776
16 0.152192
17 0.213025
18 0.144014
19 0.102554
20 0.193484
21 0.216877
22 0.212905
23 0.193497
24 0.18181
25 0.167832
26 0.187638
27 0.195281
28 0.220988
29 0.198457
"[DEBUG]index 40 centroid... "
0 0.243565
1 0.184095
2 0.215501
3 0.21414
4 0.211006
5 0.201946
6 0.196943
7 0.22389
8 0.0900318
9 0.172067
10 0.183866
11 0.114206
12 0.183847
13 0.198825
14 0.115458
15 0.229658
16 0.263679
17 0.210749
18 0.248294
19 0.276689
20 0.316779
21 0.303602
22 0.292526
23 0.267988
24 0.253624
25 0.222019
26 0.251645
27 0.269446
28 0.246228
29 0.222746
"[DEBUG]index 41 centroid... "
0 0.204861
1 0.19817
2 0.184135
3 0.20162
4 0.206957
5 0.202945
6 0.199047
7 0.242003
8 0.16653
9 0.130828
10 0.144744
11 0.0833516
12 0.143216
13 0.18876
14 0.15958
15 0.15233
16 0.174116
17 0.174665
18 0.209484
19 0.222087
20 0.226088
21 0.264287
22 0.304511
23 0.286759
24 0.273998
25 0.272092
26 0.272626
27 0.257397
28 0.25825
29 0.251326
"[DEBUG]index 42 centroid... "
0 0.166568
1 0.182905
2 0.172277
3 0.197692
4 0.19747
5 0.188198
6 0.230273
7 0.242673
8 0.109975
9 0.0790526
10 0.18876
11 0.205909
12 0.185615
13 0.192252
14 0.185773
15 0.205794
16 0.19307
17 0.153865
18 0.187558
19 0.209811
20 0.180101
21 0.211816
22 0.225147
23 0.194261
24 0.211866
25 0.224167
26 0.219537
27 0.199838
28 0.20226
29 0.204421
"[DEBUG]index 43 centroid... "
0 0.15637
1 0.167434
2 0.172287
3 0.185793
4 0.185592
5 0.165077
6 0.194524
7 0.15103
8 0.0924795
9 0.175677
10 0.203124
11 0.189424
12 0.208841
13 0.190499
14 0.124013
15 0.195657
16 0.201949
17 0.199327
18 0.19697
19 0.182863
20 0.205029
21 0.187261
22 0.140437
23 0.186699
24 0.207271
25 0.174536
26 0.193637
27 0.177697
28 0.168975
29 0.181362
"[DEBUG]index 44 centroid... "
0 0.168826
1 0.175753
2 0.175916
3 0.186917
4 0.195871
5 0.193393
6 0.210926
7 0.185985
8 0.0973175
9 0.1127
10 0.140562
11 0.22374
12 0.23026
13 0.210543
14 0.198217
15 0.183436
16 0.177406
17 0.145966
18 0.125141
19 0.116055
20 0.122625
21 0.159556
22 0.19842
23 0.17824
24 0.173631
25 0.185608
26 0.168583
27 0.161776
28 0.180131
29 0.180061
"[DEBUG]index 45 centroid... "
0 0.172933
1 0.184721
2 0.176288
3 0.190407
4 0.213023
5 0.184484
6 0.223301
7 0.193671
8 0.105335
9 0.120966
10 0.155664
11 0.211131
12 0.192129
13 0.173677
14 0.169434
15 0.163484
16 0.172083
17 0.188081
18 0.216024
19 0.212631
20 0.160632
21 0.182865
22 0.151066
23 0.163298
24 0.211049
25 0.193424
26 0.19458
27 0.162423
28 0.197194
29 0.172737
"[DEBUG]index 46 centroid... "
0 0.190871
1 0.177954
2 0.189359
3 0.20285
4 0.212634
5 0.182346
6 0.218921
7 0.209544
8 0.129458
9 0.146872
10 0.183717
11 0.156532
12 0.160709
13 0.191295
14 0.157443
15 0.184546
16 0.219775
17 0.188109
18 0.162079
19 0.209677
20 0.194688
21 0.168208
22 0.199646
23 0.205656
24 0.191804
25 0.203278
26 0.191395
27 0.190781
28 0.199904
29 0.2009
"[DEBUG]index 47 centroid... "
0 0.172607
1 0.183228
2 0.175257
3 0.196173
4 0.20734
5 0.178066
6 0.216111
7 0.173734
8 0.0979033
9 0.172118
10 0.205138
11 0.17305
12 0.215505
13 0.205969
14 0.185082
15 0.163658
16 0.144239
17 0.116786
18 0.0939465
19 0.135233
20 0.160259
21 0.192823
22 0.198935
23 0.185757
24 0.178067
25 0.167118
26 0.166143
27 0.173107
28 0.190807
29 0.182737
"[DEBUG]index 48 centroid... "
0 0.180135
1 0.187119
2 0.186051
3 0.196103
4 0.194503
5 0.161629
6 0.177429
7 0.147441
8 0.0794282
9 0.143554
10 0.177188
11 0.183255
12 0.196466
13 0.164897
14 0.184735
15 0.179697
16 0.16232
17 0.193006
18 0.194248
19 0.19359
20 0.201173
21 0.176723
22 0.190656
23 0.199069
24 0.196361
25 0.200525
26 0.193427
27 0.186606
28 0.185906
29 0.189079
"[DEBUG]index 49 centroid... "
0 0.14737
1 0.160095
2 0.177801
3 0.191771
4 0.151731
5 0.151286
6 0.158434
7 0.157104
8 0.118475
9 0.134693
10 0.210363
11 0.146946
12 0.172629
13 0.131181
14 0.104073
15 0.134623
16 0.20674
17 0.170049
18 0.226393
19 0.219802
20 0.191416
21 0.206802
22 0.238983
23 0.204013
24 0.155817
25 0.16953
26 0.202021
27 0.208182
28 0.23032
29 0.198222
"[DEBUG]index 50 centroid... "
0 0.192284
1 0.16219
2 0.179359
3 0.197413
4 0.190302
5 0.176265
6 0.219196
7 0.195377
8 0.112319
9 0.156986
10 0.19213
11 0.115604
12 0.172532
13 0.202663
14 0.153734
15 0.174123
16 0.190439
17 0.155582
18 0.177771
19 0.189048
20 0.199904
21 0.197511
22 0.159531
23 0.195494
24 0.212099
25 0.196245
26 0.211817
27 0.189547
28 0.191725
29 0.212866
"[DEBUG]index 51 centroid... "
0 0.193865
1 0.181691
2 0.183747
3 0.199859
4 0.206342
5 0.185981
6 0.219991
7 0.190585
8 0.093816
9 0.106995
10 0.155499
11 0.189786
12 0.210169
13 0.201184
14 0.188172
15 0.190799
16 0.17414
17 0.169323
18 0.15949
19 0.152516
20 0.126094
21 0.159061
22 0.16866
23 0.186954
24 0.189681
25 0.188941
26 0.187531
27 0.178869
28 0.190806
29 0.184208
"[DEBUG]index 52 centroid... "
0 0.187756
1 0.182857
2 0.195589
3 0.219061
4 0.198921
5 0.191422
6 0.213418
7 0.175483
8 0.0852653
9 0.168995
10 0.230127
11 0.17907
12 0.22823
13 0.235546
14 0.183573
15 0.171282
16 0.135048
17 0.185272
18 0.224799
19 0.17778
20 0.18558
21 0.188586
22 0.193542
23 0.200262
24 0.197081
25 0.210357
26 0.204826
27 0.18783
28 0.183206
29 0.189793
"[DEBUG]index 53 centroid... "
0 0.228237
1 0.202686
2 0.248266
3 0.278668
4 0.270328
5 0.243234
6 0.271803
7 0.214645
8 0.146053
9 0.253102
10 0.2512
11 0.224489
12 0.263241
13 0.249911
14 0.216385
15 0.280721
16 0.305181
17 0.255933
18 0.2759
19 0.164559
20 0.0970012
21 0.224029
22 0.284022
23 0.2045
24 0.20365
25 0.216049
26 0.196954
27 0.209452
28 0.221922
29 0.214787
"[DEBUG]index 54 centroid... "
0 0.191727
1 0.171298
2 0.239747
3 0.239384
4 0.223367
5 0.162332
6 0.239772
7 0.146481
8 0.148644
9 0.234498
10 0.224792
11 0.173474
12 0.15991
13 0.211578
14 0.178713
15 0.168336
16 0.188675
17 0.166983
18 0.269176
19 0.243308
20 0.209557
21 0.245488
22 0.141782
23 0.0749931
24 0.245792
25 0.144336
26 0.145561
27 0.254498
28 0.235751
29 0.147744
"[DEBUG]index 55 centroid... "
0 0.202715
1 0.160501
2 0.200203
3 0.189861
4 0.1816
5 0.181462
6 0.210314
7 0.256719
8 0.166482
9 0.185639
10 0.229001
11 0.166831
12 0.203323
13 0.199657
14 0.185003
15 0.145701
16 0.209766
17 0.155974
18 0.178552
19 0.214605
20 0.16317
21 0.115745
22 0.17582
23 0.221741
24 0.21743
25 0.209638
26 0.245002
27 0.148935
28 0.16693
29 0.136269
"[DEBUG]index 56 centroid... "
0 0.188616
1 0.188423
2 0.175383
3 0.1881
4 0.221212
5 0.195985
6 0.212949
7 0.185965
8 0.108318
9 0.180148
10 0.186959
11 0.149476
12 0.190488
13 0.166815
14 0.188129
15 0.207503
16 0.12167
17 0.153136
18 0.231684
19 0.210028
20 0.182542
21 0.19519
22 0.191084
23 0.179933
24 0.209988
25 0.202786
26 0.217955
27 0.188418
28 0.213278
29 0.200548
"[DEBUG]index 57 centroid... "
0 0.197122
1 0.195111
2 0.18031
3 0.192893
4 0.201628
5 0.208626
6 0.192442
7 0.237405
8 0.147931
9 0.0726755
10 0.187309
11 0.239298
12 0.206937
13 0.190646
14 0.19721
15 0.152057
16 0.109244
17 0.150775
18 0.183236
19 0.177707
20 0.1711
21 0.184282
22 0.182854
23 0.175117
24 0.199723
25 0.19359
26 0.182869
27 0.187837
28 0.201398
29 0.166461
"[DEBUG]index 58 centroid... "
0 0.166603
1 0.183706
2 0.190847
3 0.200729
4 0.194417
5 0.161291
6 0.20267
7 0.173351
8 0.111701
9 0.155743
10 0.197467
11 0.199126
12 0.197705
13 0.186309
14 0.236511
15 0.156872
16 0.151846
17 0.176244
18 0.142817
19 0.171357
20 0.20624
21 0.191054
22 0.196984
23 0.173832
24 0.214739
25 0.176792
26 0.193924
27 0.185619
28 0.193238
29 0.190909
"[DEBUG]index 59 centroid... "
0 0.188
1 0.190431
2 0.181215
3 0.208676
4 0.223948
5 0.186906
6 0.211509
7 0.20852
8 0.151892
9 0.17934
10 0.204902
11 0.185124
12 0.187391
13 0.171284
14 0.161158
15 0.171092
16 0.180606
17 0.192259
18 0.204884
19 0.169462
20 0.143868
21 0.208448
22 0.217194
23 0.202859
24 0.2013
25 0.192215
26 0.196604
27 0.184891
28 0.188052
29 0.195795
"[DEBUG]index 60 centroid... "
0 0.235528
1 0.202492
2 0.21245
3 0.144426
4 0.189363
5 0.173831
6 0.190194
7 0.129787
8 0.127341
9 0.131677
10 0.133864
11 0.166767
12 0.145944
13 0.116191
14 0.0836913
15 0.102952
16 0.183271
17 0.185219
18 0.204264
19 0.188792
20 0.187032
21 0.220103
22 0.199745
23 0.232362
24 0.279611
25 0.263015
26 0.225921
27 0.226238
28 0.234383
29 0.269703
"[DEBUG]index 61 centroid... "
0 0.19473
1 0.180661
2 0.186531
3 0.213675
4 0.212444
5 0.169262
6 0.2392
7 0.203682
8 0.150999
9 0.198732
10 0.19776
11 0.209481
12 0.178463
13 0.131527
14 0.178334
15 0.187257
16 0.186503
17 0.258357
18 0.17074
19 0.0924124
20 0.0862713
21 0.116323
22 0.19096
23 0.228387
24 0.198242
25 0.199639
26 0.20087
27 0.162619
28 0.153959
29 0.174863
"[DEBUG]index 62 centroid... "
0 0.190872
1 0.175736
2 0.195839
3 0.196353
4 0.216436
5 0.17244
6 0.202392
7 0.178009
8 0.111005
9 0.139809
10 0.200866
11 0.214203
12 0.205708
13 0.211532
14 0.203025
15 0.155304
16 0.108761
17 0.105545
18 0.12913
19 0.158387
20 0.20614
21 0.188446
22 0.198032
23 0.184128
24 0.184133
25 0.168471
26 0.176623
27 0.173029
28 0.188912
29 0.18703
"[DEBUG]index 63 centroid... "
0 0.233359
1 0.210225
2 0.222442
3 0.259074
4 0.262915
5 0.279087
6 0.253928
7 0.181993
8 0.171402
9 0.151813
10 0.214019
11 0.155885
12 0.174731
13 0.22422
14 0.217044
15 0.239162
16 0.19198
17 0.133888
18 0.156863
19 0.106132
20 0.167503
21 0.235439
22 0.202609
23 0.208399
24 0.216619
25 0.196301
26 0.199279
27 0.207932
28 0.180217
29 0.208929
"[DEBUG]index 64 centroid... "
0 0.17646
1 0.175235
2 0.176727
3 0.189874
4 0.188416
5 0.187824
6 0.220768
7 0.192599
8 0.112474
9 0.0889226
10 0.0940457
11 0.152076
12 0.161413
13 0.200547
14 0.185374
15 0.167561
16 0.194167
17 0.12992
18 0.160704
19 0.164435
20 0.151963
21 0.15737
22 0.153275
23 0.174346
24 0.193454
25 0.193433
26 0.187965
27 0.171838
28 0.186529
29 0.19259
"[DEBUG]index 65 centroid... "
0 0.162718
1 0.184782
2 0.186932
3 0.194161
4 0.219837
5 0.198833
6 0.216242
7 0.182024
8 0.0781759
9 0.0659736
10 0.0700876
11 0.168662
12 0.186321
13 0.173153
14 0.168377
15 0.148539
16 0.179844
17 0.199065
18 0.203443
19 0.226497
20 0.21702
21 0.172545
22 0.171208
23 0.205957
24 0.204104
25 0.206622
26 0.217366
27 0.175921
28 0.164635
29 0.180009
"[DEBUG]index 66 centroid... "
0 0.193891
1 0.184615
2 0.177715
3 0.186864
4 0.202117
5 0.188514
6 0.21274
7 0.19579
8 0.109594
9 0.105063
10 0.116443
11 0.138383
12 0.1387
13 0.160057
14 0.144514
15 0.13955
16 0.140955
17 0.209655
18 0.161348
19 0.177302
20 0.212491
21 0.169446
22 0.165709
23 0.21996
24 0.196046
25 0.198739
26 0.1972
27 0.205952
28 0.214603
29 0.197433
"[DEBUG]index 67 centroid... "
0 0.167797
1 0.173259
2 0.156574
3 0.200359
4 0.242653
5 0.165497
6 0.207947
7 0.219749
8 0.131849
9 0.172826
10 0.228596
11 0.204363
12 0.20695
13 0.184627
14 0.219244
15 0.214953
16 0.209499
17 0.281613
18 0.164834
19 0.0951726
20 0.196145
21 0.22204
22 0.199578
23 0.20522
24 0.159863
25 0.164637
26 0.138721
27 0.171543
28 0.159706
29 0.19074
"[DEBUG]index 68 centroid... "
0 0.199669
1 0.196573
2 0.197774
3 0.195744
4 0.201741
5 0.185211
6 0.218001
7 0.235185
8 0.162789
9 0.17149
10 0.18211
11 0.17211
12 0.170363
13 0.217147
14 0.215106
15 0.191718
16 0.168896
17 0.180882
18 0.195363
19 0.182507
20 0.199979
21 0.204641
22 0.210007
23 0.204848
24 0.219162
25 0.221431
26 0.216776
27 0.229934
28 0.230119
29 0.230176
"[DEBUG]index 69 centroid... "
0 0.23227
1 0.211624
2 0.201022
3 0.188482
4 0.211171
5 0.202638
6 0.226209
7 0.195458
8 0.140625
9 0.127451
10 0.184196
11 0.217408
12 0.217415
13 0.198582
14 0.143617
15 0.119856
16 0.194195
17 0.156062
18 0.157241
19 0.205053
20 0.206641
21 0.137275
22 0.180642
23 0.204841
24 0.196162
25 0.210148
26 0.213782
27 0.176283
28 0.169388
29 0.16255
"[DEBUG]index 70 centroid... "
0 0.183049
1 0.18329
2 0.202875
3 0.185823
4 0.20805
5 0.207213
6 0.238064
7 0.246395
8 0.132471
9 0.104623
10 0.198714
11 0.211664
12 0.171797
13 0.179014
14 0.202169
15 0.18838
16 0.193792
17 0.21647
18 0.150331
19 0.184893
20 0.226648
21 0.229489
22 0.221634
23 0.220751
24 0.217196
25 0.210064
26 0.201143
27 0.209657
28 0.214014
29 0.200504
"[DEBUG]index 71 centroid... "
0 0.173336
1 0.168413
2 0.18418
3 0.188146
4 0.191873
5 0.173344
6 0.184284
7 0.182036
8 0.100892
9 0.147815
10 0.199019
11 0.196001
12 0.195068
13 0.198869
14 0.173801
15 0.172181
16 0.160873
17 0.187442
18 0.182346
19 0.182767
20 0.18627
21 0.160635
22 0.140321
23 0.166483
24 0.181051
25 0.18252
26 0.181873
27 0.176697
28 0.164485
29 0.158482
"[DEBUG]index 72 centroid... "
0 0.182102
1 0.16703
2 0.168269
3 0.179385
4 0.182339
5 0.162676
6 0.198542
7 0.196911
8 0.111778
9 0.0633075
10 0.08709
11 0.120518
12 0.137729
13 0.182029
14 0.160925
15 0.142786
16 0.189335
17 0.20416
18 0.174834
19 0.184704
20 0.192253
21 0.205615
22 0.213874
23 0.201901
24 0.233816
25 0.250168
26 0.216481
27 0.209654
28 0.216704
29 0.228679
"[DEBUG]index 73 centroid... "
0 0.1634
1 0.1747
2 0.171146
3 0.201293
4 0.185835
5 0.175064
6 0.234711
7 0.180277
8 0.113836
9 0.122495
10 0.0974862
11 0.176522
12 0.176857
13 0.176651
14 0.139581
15 0.227091
16 0.212478
17 0.192611
18 0.193857
19 0.171224
20 0.168874
21 0.199449
22 0.229953
23 0.202359
24 0.188131
25 0.174507
26 0.191402
27 0.17765
28 0.17381
29 0.222027
"[DEBUG]index 74 centroid... "
0 0.175768
1 0.174864
2 0.15619
3 0.162569
4 0.169939
5 0.168947
6 0.213403
7 0.201204
8 0.149422
9 0.206709
10 0.151342
11 0.0758181
12 0.156404
13 0.207483
14 0.182543
15 0.173483
16 0.170753
17 0.202579
18 0.212413
19 0.248713
20 0.285273
21 0.245526
22 0.222973
23 0.265863
24 0.267306
25 0.252401
26 0.267075
27 0.253017
28 0.250167
29 0.232003
"[DEBUG]index 75 centroid... "
0 0.196183
1 0.215956
2 0.207585
3 0.210661
4 0.223773
5 0.240499
6 0.212725
7 0.236367
8 0.131595
9 0.167812
10 0.259959
11 0.263029
12 0.240424
13 0.262584
14 0.209142
15 0.226086
16 0.240155
17 0.22786
18 0.245699
19 0.277095
20 0.257194
21 0.212495
22 0.231807
23 0.224367
24 0.229401
25 0.240604
26 0.220768
27 0.197018
28 0.210651
29 0.197962
"[DEBUG]index 76 centroid... "
0 0.244633
1 0.19734
2 0.217419
3 0.203071
4 0.18003
5 0.177954
6 0.159217
7 0.203968
8 0.15538
9 0.155801
10 0.17793
11 0.142579
12 0.145891
13 0.20953
14 0.158378
15 0.0942444
16 0.132563
17 0.24686
18 0.176647
19 0.216545
20 0.17346
21 0.169967
22 0.170829
23 0.17088
24 0.248428
25 0.223543
26 0.266297
27 0.248185
28 0.268274
29 0.232681
"[DEBUG]index 77 centroid... "
0 0.191881
1 0.18594
2 0.186821
3 0.194748
4 0.22292
5 0.193045
6 0.236337
7 0.193157
8 0.104717
9 0.177746
10 0.222238
11 0.141632
12 0.197844
13 0.200903
14 0.134827
15 0.153187
16 0.166662
17 0.148437
18 0.17163
19 0.15158
20 0.189071
21 0.196714
22 0.16182
23 0.182955
24 0.205877
25 0.187378
26 0.204331
27 0.196025
28 0.221199
29 0.19901
"[DEBUG]index 78 centroid... "
0 0.210454
1 0.195701
2 0.192712
3 0.178508
4 0.190492
5 0.16784
6 0.195475
7 0.19742
8 0.154279
9 0.191722
10 0.193252
11 0.208739
12 0.14419
13 0.0932459
14 0.155308
15 0.177469
16 0.18423
17 0.178316
18 0.18134
19 0.193695
20 0.214604
21 0.192218
22 0.225089
23 0.224697
24 0.220934
25 0.234009
26 0.238036
27 0.234701
28 0.244745
29 0.249003
"[DEBUG]index 79 centroid... "
0 0.198369
1 0.169458
2 0.182339
3 0.190469
4 0.19375
5 0.199603
6 0.175742
7 0.203207
8 0.108538
9 0.160585
10 0.213477
11 0.197425
12 0.231819
13 0.206388
14 0.185928
15 0.176709
16 0.202751
17 0.146858
18 0.112657
19 0.148462
20 0.225941
21 0.218414
22 0.234025
23 0.230091
24 0.172956
25 0.1709
26 0.16378
27 0.19642
28 0.151625
29 0.16546
"[DEBUG]index 80 centroid... "
0 0.171007
1 0.17084
2 0.177745
3 0.190007
4 0.192193
5 0.164333
6 0.180321
7 0.180595
8 0.105251
9 0.162163
10 0.198423
11 0.201025
12 0.182732
13 0.156703
14 0.168777
15 0.179116
16 0.180959
17 0.177088
18 0.166395
19 0.210904
20 0.200178
21 0.208311
22 0.215937
23 0.198077
24 0.219709
25 0.210263
26 0.189363
27 0.185991
28 0.202209
29 0.200291
"[DEBUG]index 81 centroid... "
0 0.188088
1 0.192543
2 0.179526
3 0.184902
4 0.190612
5 0.164236
6 0.216067
7 0.198405
8 0.153624
9 0.196314
10 0.205927
11 0.206973
12 0.192443
13 0.153031
14 0.20083
15 0.181731
16 0.213443
17 0.179364
18 0.135009
19 0.194272
20 0.208544
21 0.200417
22 0.176991
23 0.193642
24 0.197063
25 0.188925
26 0.196737
27 0.218864
28 0.203829
29 0.18332
"[DEBUG]index 82 centroid... "
0 0.183705
1 0.20704
2 0.213442
3 0.193761
4 0.193665
5 0.166525
6 0.187869
7 0.168179
8 0.0887545
9 0.100421
10 0.159122
11 0.186441
12 0.215817
13 0.218351
14 0.19007
15 0.193982
16 0.233892
17 0.220625
18 0.145187
19 0.157733
20 0.222557
21 0.190941
22 0.183145
23 0.218585
24 0.192336
25 0.189241
26 0.185721
27 0.217862
28 0.232292
29 0.206357
"[DEBUG]index 83 centroid... "
0 0.175839
1 0.191738
2 0.208536
3 0.232781
4 0.229087
5 0.208185
6 0.221529
7 0.195291
8 0.116097
9 0.1593
10 0.225791
11 0.22548
12 0.226616
13 0.216458
14 0.242254
15 0.220796
16 0.180646
17 0.235359
18 0.25656
19 0.219525
20 0.216804
21 0.241573
22 0.232939
23 0.185259
24 0.213168
25 0.2254
26 0.202397
27 0.212111
28 0.204048
29 0.20742
"[DEBUG]index 84 centroid... "
0 0.155002
1 0.151295
2 0.181406
3 0.176579
4 0.197501
5 0.180249
6 0.180232
7 0.168605
8 0.111643
9 0.0934011
10 0.123023
11 0.190444
12 0.223577
13 0.197924
14 0.215181
15 0.164504
16 0.176122
17 0.211765
18 0.228674
19 0.233796
20 0.213432
21 0.245408
22 0.25401
23 0.225647
24 0.218804
25 0.219126
26 0.225716
27 0.254741
28 0.210841
29 0.213729
"[DEBUG]index 85 centroid... "
0 0.171681
1 0.158199
2 0.174055
3 0.157276
4 0.17964
5 0.203501
6 0.216787
7 0.238151
8 0.160701
9 0.0907444
10 0.191801
11 0.226418
12 0.233129
13 0.192969
14 0.195689
15 0.184358
16 0.194247
17 0.17645
18 0.217567
19 0.227648
20 0.185825
21 0.134877
22 0.172434
23 0.194067
24 0.193759
25 0.183568
26 0.204298
27 0.198578
28 0.184759
29 0.162604
"[DEBUG]index 86 centroid... "
0 0.161079
1 0.169819
2 0.174514
3 0.194454
4 0.189889
5 0.168705
6 0.170385
7 0.157356
8 0.0783278
9 0.126028
10 0.205138
11 0.190902
12 0.192661
13 0.18396
14 0.191069
15 0.203223
16 0.224743
17 0.232057
18 0.237957
19 0.224731
20 0.237057
21 0.243594
22 0.214359
23 0.215331
24 0.225679
25 0.212168
26 0.201531
27 0.189398
28 0.181625
29 0.184423
"[DEBUG]index 87 centroid... "
0 0.183464
1 0.176237
2 0.16004
3 0.179136
4 0.199271
5 0.182829
6 0.244909
7 0.234414
8 0.14895
9 0.170862
10 0.229809
11 0.203131
12 0.163923
13 0.186276
14 0.203619
15 0.211744
16 0.185992
17 0.179449
18 0.169123
19 0.245846
20 0.198412
21 0.135463
22 0.183883
23 0.226039
24 0.208413
25 0.185312
26 0.203639
27 0.19923
28 0.19312
29 0.189409
"[DEBUG]index 88 centroid... "
0 0.16299
1 0.180975
2 0.182311
3 0.197831
4 0.20642
5 0.185629
6 0.228265
7 0.18705
8 0.0931403
9 0.0620581
10 0.0916242
11 0.213294
12 0.232507
13 0.209475
14 0.20606
15 0.205356
16 0.180376
17 0.145199
18 0.168338
19 0.172806
20 0.19567
21 0.225875
22 0.204828
23 0.208766
24 0.208815
25 0.192855
26 0.202758
27 0.182828
28 0.19811
29 0.212416
"[DEBUG]index 89 centroid... "
0 0.175735
1 0.164569
2 0.148886
3 0.181212
4 0.192863
5 0.184864
6 0.201667
7 0.217272
8 0.0924946
9 0.085029
10 0.20094
11 0.202099
12 0.179763
13 0.165964
14 0.14442
15 0.170273
16 0.167958
17 0.197173
18 0.224769
19 0.205536
20 0.213576
21 0.232122
22 0.229844
23 0.21234
24 0.249418
25 0.228723
26 0.208835
27 0.213153
28 0.214163
29 0.202876
"[DEBUG]index 90 centroid... "
0 0.183903
1 0.179617
2 0.186255
3 0.20113
4 0.181222
5 0.182511
6 0.214826
7 0.185117
8 0.118362
9 0.0905711
10 0.0889595
11 0.10195
12 0.125223
13 0.140678
14 0.142294
15 0.185959
16 0.165844
17 0.175615
18 0.20599
19 0.207489
20 0.190673
21 0.185589
22 0.221241
23 0.193637
24 0.192999
25 0.205154
26 0.199671
27 0.219983
28 0.185697
29 0.210238
"[DEBUG]index 91 centroid... "
0 0.188192
1 0.167025
2 0.189682
3 0.215923
4 0.192108
5 0.186299
6 0.212237
7 0.203487
8 0.109398
9 0.151317
10 0.177459
11 0.209889
12 0.194458
13 0.160803
14 0.137814
15 0.0942093
16 0.0751807
17 0.0807414
18 0.104456
19 0.105618
20 0.16477
21 0.167261
22 0.138469
23 0.178377
24 0.175121
25 0.164403
26 0.175274
27 0.167567
28 0.182559
29 0.195989
"[DEBUG]index 92 centroid... "
0 0.183447
1 0.185963
2 0.206591
3 0.1773
4 0.181829
5 0.16875
6 0.18195
7 0.176108
8 0.101256
9 0.182143
10 0.184978
11 0.180008
12 0.223021
13 0.169367
14 0.0977176
15 0.0763637
16 0.0456631
17 0.118716
18 0.176832
19 0.182311
20 0.186858
21 0.184476
22 0.156685
23 0.173808
24 0.15188
25 0.185301
26 0.200182
27 0.198208
28 0.196889
29 0.203442
"[DEBUG]index 93 centroid... "
0 0.235157
1 0.212126
2 0.201327
3 0.215632
4 0.207546
5 0.193847
6 0.22158
7 0.214359
8 0.155974
9 0.241296
10 0.232751
11 0.173668
12 0.214523
13 0.231609
14 0.178076
15 0.161052
16 0.238035
17 0.216786
18 0.20146
19 0.187512
20 0.184121
21 0.179778
22 0.183794
23 0.227738
24 0.222574
25 0.220725
26 0.235663
27 0.220205
28 0.25065
29 0.223026
"[DEBUG]index 94 centroid... "
0 0.191871
1 0.201444
2 0.199228
3 0.205224
4 0.193972
5 0.167367
6 0.221018
7 0.181373
8 0.0850695
9 0.138071
10 0.162689
11 0.164863
12 0.236265
13 0.15916
14 0.131235
15 0.210372
16 0.191638
17 0.168461
18 0.178261
19 0.216221
20 0.220177
21 0.234765
22 0.258088
23 0.246136
24 0.245878
25 0.256688
26 0.236386
27 0.23277
28 0.244846
29 0.242127
"[DEBUG]index 95 centroid... "
0 0.171969
1 0.173426
2 0.177844
3 0.178661
4 0.222166
5 0.205052
6 0.199941
7 0.171965
8 0.0690691
9 0.0821567
10 0.127503
11 0.199545
12 0.212621
13 0.178799
14 0.218252
15 0.192154
16 0.148755
17 0.169725
18 0.118648
19 0.147713
20 0.214072
21 0.217202
22 0.182583
23 0.182206
24 0.171166
25 0.161574
26 0.175155
27 0.171204
28 0.181258
29 0.197335
"[DEBUG]index 96 centroid... "
0 0.190355
1 0.18639
2 0.200512
3 0.187408
4 0.210004
5 0.164832
6 0.211823
7 0.229382
8 0.132687
9 0.1527
10 0.211353
11 0.218341
12 0.184698
13 0.218613
14 0.214562
15 0.177127
16 0.19771
17 0.228242
18 0.193568
19 0.160802
20 0.229385
21 0.193513
22 0.168745
23 0.201317
24 0.206356
25 0.190482
26 0.199808
27 0.204592
28 0.216178
29 0.190186
"[DEBUG]index 97 centroid... "
0 0.186814
1 0.165473
2 0.170131
3 0.178098
4 0.197481
5 0.177403
6 0.18975
7 0.180417
8 0.112313
9 0.178753
10 0.187172
11 0.14765
12 0.161919
13 0.140268
14 0.177107
15 0.185586
16 0.193942
17 0.20273
18 0.138837
19 0.141029
20 0.173786
21 0.159824
22 0.151402
23 0.217352
24 0.202919
25 0.166298
26 0.164736
27 0.162842
28 0.156963
29 0.17761
"[DEBUG]index 98 centroid... "
0 0.214993
1 0.196308
2 0.241282
3 0.228324
4 0.21149
5 0.204733
6 0.237575
7 0.222579
8 0.129234
9 0.237605
10 0.261523
11 0.174509
12 0.196676
13 0.263719
14 0.177968
15 0.130703
16 0.201432
17 0.104278
18 0.114467
19 0.208183
20 0.197376
21 0.228496
22 0.215528
23 0.203164
24 0.228499
25 0.219001
26 0.246549
27 0.233696
28 0.26004
29 0.257195
"[DEBUG]index 99 centroid... "
0 0.181514
1 0.176595
2 0.19122
3 0.203484
4 0.204473
5 0.192544
6 0.223113
7 0.207537
8 0.133307
9 0.165078
10 0.197265
11 0.197813
12 0.199158
13 0.225457
14 0.217905
15 0.199362
16 0.229571
17 0.171857
18 0.114159
19 0.200171
20 0.234594
21 0.200172
22 0.214746
23 0.206601
24 0.190012
25 0.169176
26 0.200571
27 0.178646
28 0.191451
29 0.207741
