correlation level (red against blue): 
-0.408776
-0.160588
-0.571343
-0.332992
-0.745257
-0.686019
-0.644367
-0.0464189
-0.63337
-0.789619
-0.640399
-0.648367
-0.824968
-0.490399
-0.521836
-0.796853
-0.721347
-0.666836
-0.657479
-0.687048
-0.449262
-0.844494
-0.840108
-0.792799
-0.789261
-0.69232
-0.461505
-0.787143
-0.758931
-0.637788
-0.631428
-0.62264
-0.750222
-0.659496
-0.840905
-0.509213
-0.813503
-0.836165
-0.783363
-0.78599
-0.723234
-0.693842
-0.880339
-0.844603
-0.615499
-0.690749
-0.709673
-0.642701
-0.829048
-0.530633
-0.734545
-0.662957
-0.798446
-0.730782
-0.27696
-0.411946
-0.800761
-0.777174
-0.747844
-0.654974
-0.587697
-0.630969
-0.586173
-0.634587
-0.581454
-0.741091
-0.611106
-0.579879
-0.563499
-0.586054
-0.819727
-0.786086
-0.552757
-0.648051
-0.658513
-0.6505
-0.580504
-0.778831
-0.757955
-0.633991
-0.787758
-0.760854
-0.678487
-0.722699
-0.664235
-0.684726
-0.711043
-0.528518
-0.707412
-0.811855
-0.512758
-0.536683
-0.75123
-0.666572
-0.735908
-0.765375
-0.681601
-0.698991
-0.873832
-0.776839
