"[DEBUG]index 0 centroid... "
0 1.21656
1 1.56688
2 1.46497
3 1.86624
4 1.56051
5 1.78981
6 2.47134
7 1.97452
8 3.42038
9 3.44586
10 4.61146
11 7.42038
12 9.3758
13 11.828
14 17.6369
15 13.6752
16 10.5414
17 10.7134
18 7.23567
19 5.75159
20 6.07643
21 2.92357
22 2.78981
23 1.8535
24 2.4586
25 2.18471
26 1.59873
27 2.52866
28 2.36943
29 1.63694
"[DEBUG]index 1 centroid... "
0 7.51938
1 7.99225
2 7.71318
3 7.34884
4 5.63566
5 5.3876
6 5.18605
7 3.37209
8 9.86047
9 5.02326
10 3.10853
11 2.46512
12 1.4031
13 0.689922
14 0.612403
15 0.286822
16 0.674419
17 0.906977
18 0.829457
19 1.14729
20 2.46512
21 2.46512
22 2.75194
23 3.51163
24 3.5969
25 3.82171
26 4.2093
27 3.18605
28 4.30233
29 5.02326
"[DEBUG]index 2 centroid... "
0 3.82015
1 3.73795
2 2.9555
3 3.178
4 3.30655
5 3.46477
6 2.87886
7 2.67985
8 13.0766
9 5.61125
10 3.02596
11 1.59703
12 0.948702
13 1.04944
14 1.48022
15 2.95921
16 6.03337
17 10.9635
18 23.2849
19 9.88813
20 6.18603
21 2.66934
22 1.59333
23 3.20087
24 3.54141
25 3.32942
26 4.0309
27 4.22064
28 3.77503
29 3.42151
"[DEBUG]index 3 centroid... "
0 5.1215
1 4.90654
2 4.63551
3 5.27103
4 5.90654
5 5.21495
6 5.20561
7 3.42991
8 16.4112
9 4.45794
10 3.04673
11 1.43925
12 1.42991
13 2.69159
14 7.85047
15 8.13084
16 9.3271
17 2.28037
18 1.88785
19 0.803738
20 0.485981
21 0.775701
22 1.27103
23 3.82243
24 4.19626
25 3.68224
26 4.38318
27 4.28037
28 3.73832
29 4.13084
"[DEBUG]index 4 centroid... "
0 3.46885
1 3.26418
2 3.07126
3 2.85345
4 3.51925
5 3.74045
6 3.50039
7 2.05117
8 24.1891
9 5.57706
10 3.26805
11 1.85021
12 3.90818
13 2.5041
14 8.68867
15 9.42974
16 2.73195
17 1.61014
18 4.06369
19 2.93353
20 5.62421
21 28.4025
22 7.72407
23 3.99691
24 4.25754
25 4.36497
26 3.48524
27 3.39388
28 3.43793
29 3.60148
"[DEBUG]index 5 centroid... "
0 4.1296
1 4.14085
2 4.04613
3 3.84346
4 3.92041
5 3.43085
6 3.08971
7 2.41545
8 23.2681
9 6.3075
10 3.77125
11 6.22573
12 26.8281
13 4.19104
14 2.59382
15 2.08649
16 1.95869
17 2.82097
18 5.07307
19 24.9263
20 6.41781
21 3.29105
22 3.85594
23 4.10303
24 3.31099
25 3.22819
26 3.35504
27 3.75158
28 3.58767
29 3.62643
"[DEBUG]index 6 centroid... "
0 3.60482
1 3.46477
2 3.53059
3 2.75657
4 2.84957
5 3.34747
6 2.44975
7 2.52397
8 21.2275
9 3.62425
10 16.4827
11 18.7371
12 5.86636
13 3.01104
14 1.38348
15 2.42412
16 6.2949
17 6.62823
18 2.65894
19 1.27281
20 2.62227
21 6.51867
22 2.09896
23 2.55047
24 2.4535
25 2.9006
26 2.65651
27 2.54473
28 2.42434
29 2.58604
"[DEBUG]index 7 centroid... "
0 4.12446
1 4.67597
2 4.32403
3 4.09442
4 4.00644
5 4.27253
6 3.5794
7 2.34335
8 17.073
9 4.96996
10 7.86481
11 5.18026
12 18.0129
13 14.8391
14 6.51931
15 2.46567
16 1.37983
17 0.76824
18 0.817597
19 1.36051
20 1.23176
21 2.44635
22 7.71888
23 3.38627
24 3.35193
25 3.33476
26 3.14807
27 3.35622
28 3.50644
29 2.87339
"[DEBUG]index 8 centroid... "
0 4.52861
1 4.32029
2 3.90799
3 3.67837
4 4.69942
5 4.64022
6 3.91807
7 2.95501
8 42.6196
9 6.32773
10 3.63587
11 3.73821
12 3.64474
13 11.3948
14 2.80926
15 14.3564
16 3.10249
17 15.7241
18 3.06464
19 2.87555
20 12.0099
21 3.32093
22 1.47877
23 4.22284
24 4.14137
25 3.78411
26 3.8647
27 3.91829
28 3.78214
29 3.6284
"[DEBUG]index 9 centroid... "
0 5.41636
1 5.08458
2 4.93142
3 4.19751
4 4.346
5 4.65277
6 4.11648
7 3.11093
8 37.0969
9 6.50117
10 11.1268
11 12.8252
12 4.4556
13 1.46927
14 3.00345
15 15.674
16 3.17161
17 1.62854
18 3.19807
19 15.0438
20 3.09581
21 1.60598
22 3.66189
23 4.9741
24 3.95643
25 3.90675
26 4.1216
27 4.2323
28 4.04746
29 3.83439
"[DEBUG]index 10 centroid... "
0 5.05857
1 4.74231
2 4.59969
3 4.22666
4 4.99909
5 5.14249
6 4.33657
7 3.23946
8 35.5225
9 8.7895
10 4.64908
11 2.00659
12 3.63085
13 16.2305
14 3.71671
15 1.61184
16 3.76015
17 14.9582
18 12.9774
19 3.73623
20 1.92436
21 3.57292
22 17.3411
23 4.06413
24 4.34032
25 5.06012
26 5.21451
27 4.55495
28 4.36773
29 4.2736
"[DEBUG]index 11 centroid... "
0 2.99212
1 2.94582
2 2.66849
3 2.609
4 2.46367
5 2.81077
6 2.79244
7 2.30514
8 14.0196
9 3.84807
10 14.7756
11 5.04019
12 2.61543
13 3.01061
14 1.4082
15 2.37846
16 6.14823
17 2.79148
18 6.08408
19 9.97492
20 29.9436
21 9.78215
22 5.87556
23 3.11897
24 3.38167
25 2.76849
26 2.97186
27 2.99373
28 3.31222
29 3.06592
"[DEBUG]index 12 centroid... "
0 3.96877
1 3.82796
2 3.3463
3 3.28127
4 3.9672
5 3.84245
6 3.94644
7 3.2215
8 28.6263
9 5.64934
10 3.23296
11 3.06
12 10.1175
13 2.99419
14 2.97468
15 6.1541
16 33.1131
17 6.65305
18 3.18667
19 8.85543
20 3.53236
21 2.56949
22 8.38655
23 3.52293
24 3.86233
25 3.85964
26 3.88535
27 3.48148
28 3.31664
29 3.20736
"[DEBUG]index 13 centroid... "
0 4.45226
1 4.07546
2 4.0077
3 3.8424
4 3.92197
5 3.31468
6 3.9692
7 2.6037
8 21.5683
9 3.97947
10 22.6227
11 3.51643
12 23.2741
13 4.86602
14 8.09805
15 2.80441
16 2.80082
17 6.08368
18 7.24025
19 2.37064
20 1.41068
21 0.900411
22 1.32803
23 2.74076
24 2.64117
25 2.57033
26 2.64938
27 2.87115
28 2.62115
29 2.44148
"[DEBUG]index 14 centroid... "
0 4.8356
1 5.04789
2 4.13867
3 4.35883
4 4.74053
5 4.06076
6 5.12437
7 3.35025
8 22.7048
9 6.73624
10 3.76984
11 1.75268
12 0.872766
13 1.9228
14 1.61687
15 3.26948
16 15.0715
17 3.72981
18 1.73195
19 1.66833
20 3.86419
21 2.39314
22 12.6733
23 3.62759
24 4.96212
25 4.88992
26 5.66976
27 4.1594
28 4.13796
29 3.94639
"[DEBUG]index 15 centroid... "
0 2.56433
1 2.65497
2 2.5345
3 2.34175
4 2.21521
5 3.11474
6 3.08277
7 2.21177
8 11.2101
9 26.5617
10 10.3676
11 4.88494
12 2.59089
13 4.4968
14 15.1618
15 3.78315
16 1.72414
17 4.99918
18 2.4042
19 5.32093
20 1.93034
21 5.2057
22 4.43911
23 2.33404
24 2.30208
25 2.36715
26 2.25357
27 2.14932
28 2.18964
29 2.03622
"[DEBUG]index 16 centroid... "
0 4.5785
1 4.26588
2 3.84754
3 3.58589
4 4.44755
5 4.30691
6 3.66526
7 2.61077
8 37.481
9 6.40743
10 3.63299
11 1.82832
12 1.77541
13 2.99776
14 3.84443
15 1.40738
16 3.65843
17 1.53257
18 3.03782
19 15.8128
20 2.48802
21 2.98073
22 1.52044
23 4.40065
24 3.41554
25 3.58844
26 3.6154
27 4.0183
28 3.86084
29 3.75293
"[DEBUG]index 17 centroid... "
0 4.55146
1 4.66015
2 4.11853
3 4.0624
4 4.29677
5 5.38345
6 3.98491
7 3.17824
8 32.8996
9 7.15279
10 3.39547
11 14.783
12 4.36926
13 1.56489
14 1.82074
15 4.46171
16 1.47066
17 3.37195
18 14.5809
19 3.79235
20 3.2189
21 13.0858
22 13.101
23 4.05051
24 3.79913
25 4.22849
26 4.76474
27 4.03337
28 3.98734
29 4.15011
"[DEBUG]index 18 centroid... "
0 3.72607
1 3.81629
2 3.39838
3 3.19047
4 3.58996
5 3.9348
6 3.76134
7 3.00869
8 24.2664
9 7.02725
10 3.17732
11 8.6582
12 3.43514
13 3.56137
14 7.70662
15 2.54088
16 5.78807
17 31.2356
18 7.1693
19 3.50561
20 7.24141
21 28.4773
22 6.82565
23 3.50657
24 4.08034
25 4.15735
26 4.09156
27 3.91245
28 3.8751
29 4.00238
"[DEBUG]index 19 centroid... "
0 3.33495
1 3.45761
2 2.95101
3 3.0688
4 3.46178
5 3.58339
6 3.59972
7 2.47394
8 19.3527
9 5.64316
10 3.42842
11 2.07922
12 2.75504
13 4.64489
14 23.8589
15 5.21994
16 3.18763
17 6.93815
18 20.0299
19 19.7637
20 5.16852
21 2.85268
22 9.45135
23 3.61848
24 3.40862
25 3.68589
26 3.90827
27 3.87213
28 3.76234
29 3.15879
"[DEBUG]index 20 centroid... "
0 5.98807
1 5.76969
2 4.60621
3 5.10382
4 4.72792
5 5.36516
6 4.05609
7 3.26014
8 22.2876
9 8.37351
10 2.87231
11 4.14081
12 4.80907
13 1.31384
14 0.706444
15 1.35084
16 3.31265
17 13.7315
18 2.97852
19 3.55131
20 1.55967
21 0.811456
22 1.39737
23 4.25776
24 4.34248
25 4.20167
26 4.642
27 4.13842
28 4.25776
29 4.48568
"[DEBUG]index 21 centroid... "
0 4.39032
1 4.36779
2 4.06843
3 3.7016
4 4.11104
5 4.1051
6 3.62002
7 3.03236
8 45.933
9 6.47656
10 3.37624
11 14.3203
12 3.85461
13 2.78133
14 3.36006
15 1.38022
16 2.91044
17 3.8354
18 1.44171
19 3.22045
20 11.6684
21 2.74856
22 3.04511
23 3.69511
24 3.6453
25 3.14552
26 3.27874
27 3.23393
28 3.30237
29 3.34163
"[DEBUG]index 22 centroid... "
0 4.4043
1 4.12853
2 3.89494
3 3.88655
4 4.23138
5 4.37897
6 4.53681
7 2.88579
8 30.0891
9 5.08006
10 2.50962
11 8.48928
12 9.1575
13 2.70253
14 5.29128
15 33.8186
16 5.63814
17 3.12226
18 2.0388
19 1.94933
20 2.94391
21 8.92315
22 2.67839
23 4.18893
24 4.19258
25 3.92866
26 3.28823
27 3.16631
28 3.10853
29 3.01881
"[DEBUG]index 23 centroid... "
0 4.05624
1 4.03287
2 3.59758
3 3.5913
4 4.18495
5 4.24808
6 3.5824
7 2.63647
8 27.0346
9 5.735
10 3.31679
11 3.62958
12 8.94044
13 5.10368
14 31.0591
15 5.57351
16 3.28619
17 1.85987
18 2.7636
19 8.52398
20 2.61074
21 2.6076
22 1.55982
23 3.98919
24 3.3127
25 3.06148
26 3.06427
27 3.1512
28 3.02703
29 2.88472
"[DEBUG]index 24 centroid... "
0 4.60826
1 4.39259
2 4.15356
3 3.89731
4 4.32653
5 4.59904
6 4.05377
7 3.18853
8 42.8166
9 6.09668
10 3.09543
11 12.8256
12 3.37611
13 9.42442
14 3.18532
15 15.5562
16 2.65386
17 3.07193
18 12.495
19 3.30762
20 1.38503
21 3.29132
22 3.32983
23 3.93802
24 3.53774
25 3.65059
26 3.70142
27 3.51533
28 3.42861
29 3.17226
"[DEBUG]index 25 centroid... "
0 5.22161
1 4.97865
2 4.46685
3 3.80987
4 4.425
5 4.75319
6 3.73329
7 2.50993
8 44.2479
9 6.85317
10 18.3174
11 2.94787
12 1.778
13 1.62348
14 3.38933
15 3.17927
16 1.39458
17 3.64878
18 3.98912
19 1.28097
20 3.1105
21 3.15799
22 1.21057
23 3.56689
24 3.39352
25 3.31583
26 3.25607
27 3.31311
28 3.28106
29 3.35918
"[DEBUG]index 26 centroid... "
0 4.6264
1 4.604
2 4.1456
3 4.3632
4 4.484
5 4.3272
6 3.408
7 2.8344
8 22.5176
9 7.612
10 2.9496
11 1.696
12 3.9872
13 14.5776
14 2.8992
15 1.164
16 0.9424
17 1.8112
18 3.9784
19 2.3944
20 14.4912
21 2.6296
22 13.1816
23 3.74
24 4.7608
25 3.8104
26 4.3536
27 4.2152
28 3.912
29 4.1016
"[DEBUG]index 27 centroid... "
0 3.06321
1 3.04679
2 3.11307
3 2.66509
4 2.42397
5 2.80443
6 2.67535
7 2.82003
8 14.9785
9 4.43013
10 13.2674
11 13.0521
12 4.91997
13 2.21629
14 6.36199
15 2.66899
16 4.94849
17 9.11594
18 32.9752
19 9.89226
20 5.44428
21 2.62385
22 7.00328
23 2.41781
24 2.57152
25 2.51098
26 3.10507
27 3.01888
28 2.90068
29 2.40365
"[DEBUG]index 28 centroid... "
0 3.51012
1 3.8335
2 3.66811
3 3.34535
4 3.62491
5 3.63922
6 2.97963
7 2.59948
8 26.7101
9 5.87571
10 8.97272
11 7.91681
12 6.83695
13 32.8999
14 5.38077
15 2.19909
16 8.2408
17 2.78697
18 8.37707
19 2.69452
20 10.4106
21 2.49704
22 10.1838
23 3.15453
24 3.37299
25 3.16305
26 3.35238
27 3.088
28 3.13182
29 2.93409
"[DEBUG]index 29 centroid... "
0 5.43658
1 4.12348
2 3.64467
3 3.49224
4 3.59139
5 4.80954
6 4.53545
7 3.18711
8 28.8878
9 4.63096
10 28.4241
11 5.25675
12 3.41742
13 3.53223
14 6.93945
15 5.2113
16 29.6875
17 6.49713
18 3.24556
19 7.59908
20 9.58649
21 2.65655
22 1.92183
23 4.20612
24 3.22095
25 3.5272
26 3.30807
27 3.34485
28 3.20067
29 3.13397
"[DEBUG]index 30 centroid... "
0 3.51864
1 3.70321
2 3.17327
3 3.15405
4 3.53734
5 3.85245
6 3.19106
7 2.34329
8 28.0681
9 6.98688
10 3.18249
11 1.55449
12 3.78062
13 1.38304
14 3.05819
15 1.03637
16 3.13145
17 12.4668
18 2.45902
19 10.7506
20 9.8905
21 2.33563
22 12.3376
23 3.45915
24 3.38421
25 3.69477
26 3.93155
27 3.77322
28 3.80179
29 3.68528
"[DEBUG]index 31 centroid... "
0 5.78194
1 5.23444
2 4.91171
3 4.48519
4 5.18106
5 4.78781
6 4.21116
7 2.96864
8 48.6005
9 7.26872
10 4.71168
11 3.91277
12 20.8315
13 2.56591
14 1.56028
15 3.82135
16 3.71616
17 1.73675
18 3.67782
19 1.81503
20 3.86755
21 3.28251
22 1.69235
23 4.00168
24 3.90602
25 3.70513
26 3.56802
27 3.67494
28 3.67963
29 3.56985
"[DEBUG]index 32 centroid... "
0 3.18224
1 3.07903
2 2.61674
3 2.69
4 2.89354
5 3.41754
6 3.38289
7 2.58318
8 20.4738
9 4.04511
10 2.43161
11 1.57127
12 1.55034
13 2.2537
14 4.44966
15 20.4648
16 16.5099
17 5.95128
18 7.23782
19 2.50559
20 7.05269
21 6.32082
22 2.20498
23 3.25983
24 3.56839
25 3.27138
26 3.28582
27 3.11043
28 2.92818
29 2.95994
"[DEBUG]index 33 centroid... "
0 4.20953
1 3.80893
2 3.87396
3 3.31679
4 3.41957
5 3.57988
6 3.47741
7 2.19618
8 27.8839
9 4.82818
10 31.2184
11 4.67603
12 2.97283
13 3.69772
14 3.15409
15 1.30675
16 1.56224
17 1.39236
18 3.25406
19 8.00668
20 2.39401
21 8.04347
22 2.70329
23 3.30039
24 2.95234
25 2.9522
26 2.76965
27 2.87456
28 3.01326
29 2.9405
"[DEBUG]index 34 centroid... "
0 3.82218
1 3.77486
2 3.73819
3 3.7138
4 4.43508
5 4.78844
6 4.16009
7 3.07301
8 28.616
9 5.52915
10 3.39044
11 2.20815
12 3.37507
13 6.58062
14 33.2414
15 5.89202
16 2.85739
17 10.1096
18 3.572
19 1.48419
20 3.38223
21 2.9713
22 9.22221
23 3.92617
24 4.00911
25 3.79128
26 3.91284
27 3.55671
28 3.12172
29 3.34832
"[DEBUG]index 35 centroid... "
0 3.42919
1 3.632
2 3.33024
3 2.99659
4 3.28608
5 3.02181
6 3.16492
7 2.09691
8 24.2892
9 5.43492
10 7.82377
11 5.7653
12 27.7115
13 4.79842
14 2.52297
15 6.62164
16 2.71678
17 8.63255
18 2.75535
19 8.36268
20 5.88238
21 24.3655
22 6.75589
23 3.23661
24 3.51506
25 3.54
26 3.07578
27 3.21453
28 3.18604
29 3.24833
"[DEBUG]index 36 centroid... "
0 4.32849
1 4.02824
2 3.88729
3 3.42438
4 3.32734
5 3.99495
6 3.44006
7 2.76395
8 20.6202
9 23.7091
10 7.3346
11 2.43457
12 10.9906
13 2.72525
14 1.21241
15 1.4892
16 2.69984
17 2.8539
18 1.4266
19 3.25837
20 1.39012
21 2.50009
22 7.63972
23 2.66602
24 2.85745
25 2.92137
26 2.95307
27 2.76784
28 2.64034
29 2.8277
"[DEBUG]index 37 centroid... "
0 4.10171
1 4.09276
2 3.6149
3 3.42902
4 3.83499
5 4.16602
6 3.80638
7 2.95331
8 29.1773
9 6.5742
10 3.31637
11 3.21726
12 3.22508
13 3.27261
14 8.94208
15 3.03399
16 6.57925
17 31.3752
18 6.76245
19 2.96829
20 1.99733
21 3.36973
22 1.53321
23 3.40845
24 3.43013
25 3.65807
26 3.6667
27 3.51081
28 3.22426
29 2.98548
"[DEBUG]index 38 centroid... "
0 4.68236
1 4.46044
2 3.93441
3 3.83458
4 4.70285
5 4.60438
6 4.49112
7 3.14367
8 37.3176
9 6.92252
10 3.39474
11 2.10208
12 4.19529
13 1.47167
14 3.28121
15 18.0308
16 3.39463
17 3.32833
18 14.0775
19 3.91945
20 1.4966
21 3.1097
22 13.8104
23 3.64805
24 4.56411
25 4.54181
26 4.90181
27 4.31797
28 4.26718
29 3.96373
"[DEBUG]index 39 centroid... "
0 3.76472
1 3.85653
2 3.47632
3 3.23642
4 3.75843
5 3.68228
6 3.33212
7 2.62702
8 29.722
9 6.02266
10 3.46904
11 8.53834
12 3.14732
13 7.68581
14 2.38717
15 9.43359
16 8.70489
17 3.3709
18 6.29048
19 35.274
20 6.21396
21 2.96746
22 3.49613
23 3.9698
24 3.30343
25 3.29376
26 3.40677
27 3.65494
28 3.6054
29 3.12731
"[DEBUG]index 40 centroid... "
0 6.95787
1 7.0663
2 6.7797
3 7.17403
4 6.27624
5 6.30249
6 5.33633
7 4.23688
8 23.5104
9 8.61464
10 3.25483
11 14.7051
12 4.00967
13 3.43785
14 4.41367
15 1.68508
16 0.678867
17 1.46202
18 1.59323
19 4.14019
20 1.15953
21 0.76105
22 1.39434
23 4.16644
24 3.93094
25 3.36395
26 3.54972
27 4.0076
28 3.90608
29 3.59599
"[DEBUG]index 41 centroid... "
0 2.99255
1 3.54229
2 3.11895
3 3.20268
4 2.76157
5 3.48388
6 3.38185
7 2.48824
8 9.68688
9 23.4736
10 6.06405
11 24.957
12 8.28609
13 4.46771
14 4.78508
15 4.20321
16 2.0998
17 1.34833
18 1.96787
19 1.99553
20 3.72699
21 1.84466
22 1.11437
23 2.02309
24 2.05373
25 1.77944
26 1.80636
27 1.83009
28 1.80711
29 1.65156
"[DEBUG]index 42 centroid... "
0 4.1696
1 4.33851
2 3.5808
3 3.30594
4 3.11118
5 3.92372
6 3.59703
7 2.54428
8 21.5365
9 24.8857
10 6.80953
11 2.5757
12 9.66427
13 2.39636
14 2.66821
15 1.49038
16 2.7205
17 9.91166
18 8.41526
19 2.29365
20 9.3646
21 2.88338
22 1.26559
23 3.22339
24 3.12961
25 2.91815
26 3.03837
27 3.07431
28 2.976
29 2.73116
"[DEBUG]index 43 centroid... "
0 4.73597
1 4.81305
2 4.4582
3 4.29581
4 5.3734
5 5.32779
6 4.97123
7 3.43805
8 35.5289
9 6.50561
10 3.499
11 4.31405
12 1.77195
13 3.47263
14 16.6925
15 3.42031
16 1.7063
17 1.89856
18 1.84242
19 4.55934
20 1.41139
21 3.10245
22 13.614
23 4.14846
24 4.6254
25 4.38943
26 4.61909
27 3.80283
28 3.78188
29 3.79952
"[DEBUG]index 44 centroid... "
0 4.12065
1 4.09494
2 3.67904
3 3.20077
4 3.7397
5 3.7873
6 3.37512
7 2.36267
8 36.1855
9 6.24734
10 13.2425
11 3.22013
12 1.68957
13 3.81064
14 1.54522
15 3.13278
16 2.48694
17 15.3119
18 2.89164
19 12.2766
20 2.64078
21 12.1069
22 2.70516
23 3.6049
24 3.50826
25 3.84646
26 3.62359
27 3.75684
28 3.74202
29 3.83609
"[DEBUG]index 45 centroid... "
0 4.07001
1 3.82168
2 3.61391
3 3.12086
4 3.68023
5 3.86074
6 3.21588
7 2.25528
8 35.362
9 5.67703
10 13.4178
11 2.73361
12 3.15174
13 11.2701
14 2.22379
15 10.6738
16 3.01016
17 3.2895
18 1.4621
19 2.92427
20 11.796
21 2.41057
22 12.007
23 3.66367
24 3.97853
25 3.60913
26 3.52815
27 3.36667
28 3.3077
29 3.35781
"[DEBUG]index 46 centroid... "
0 4.59744
1 4.48986
2 4.08588
3 3.85451
4 4.63422
5 4.50995
6 3.85059
7 2.55253
8 44.0519
9 7.05861
10 4.21412
11 3.77661
12 14.5074
13 2.39189
14 14.2905
15 3.05058
16 1.64182
17 3.9765
18 12.9431
19 3.08706
20 3.15615
21 12.2419
22 3.46413
23 4.34644
24 4.04862
25 4.14532
26 3.85935
27 4.039
28 3.8619
29 3.79241
"[DEBUG]index 47 centroid... "
0 4.17711
1 4.3092
2 3.83837
3 3.51063
4 4.06201
5 4.11767
6 3.81127
7 3.12884
8 38.3675
9 6.45334
10 3.36091
11 11.5263
12 3.62939
13 1.49542
14 3.58411
15 2.96179
16 13.5782
17 3.16286
18 15.4436
19 2.80045
20 13.0093
21 2.81632
22 3.25363
23 3.7458
24 3.92624
25 3.54208
26 3.92687
27 3.81021
28 3.88094
29 3.5079
"[DEBUG]index 48 centroid... "
0 3.94234
1 3.77566
2 3.42243
3 3.23298
4 4.20795
5 3.97881
6 3.79402
7 2.72917
8 58.3879
9 5.54581
10 3.78357
11 3.302
12 3.62917
13 8.85161
14 2.92143
15 2.68894
16 10.273
17 3.53156
18 3.34591
19 3.20414
20 2.80207
21 8.78669
22 2.83556
23 3.44605
24 3.38339
25 3.5077
26 3.24345
27 3.15871
28 3.13971
29 3.08519
"[DEBUG]index 49 centroid... "
0 6.03445
1 5.46991
2 5.19181
3 4.90609
4 6.42966
5 5.63887
6 5.73278
7 3.33648
8 32.2183
9 5.97897
10 2.99855
11 1.90428
12 4.29297
13 2.49964
14 17.7825
15 2.73677
16 4.75925
17 1.79405
18 0.794416
19 1.34844
20 3.90645
21 3.14032
22 1.02393
23 4.66062
24 4.5417
25 4.03299
26 3.83865
27 3.91769
28 3.87418
29 3.93727
"[DEBUG]index 50 centroid... "
0 4.51567
1 4.39344
2 4.1936
3 3.88074
4 4.31301
5 4.44482
6 3.8342
7 2.94217
8 42.4491
9 6.61281
10 3.3292
11 11.4601
12 14.5827
13 2.44727
14 11.5974
15 3.20052
16 2.7861
17 13.334
18 3.13082
19 3.62275
20 1.79381
21 3.14685
22 12.2619
23 3.757
24 3.77022
25 3.92952
26 4.2442
27 3.84597
28 3.40177
29 3.51182
"[DEBUG]index 51 centroid... "
0 4.0143
1 3.88106
2 3.73992
3 3.25505
4 3.94896
5 4.06055
6 3.76348
7 2.38853
8 36.3744
9 5.51925
10 14.3766
11 3.07122
12 1.77727
13 3.26325
14 12.4826
15 2.4056
16 3.38884
17 2.97488
18 14.8102
19 2.79111
20 11.2881
21 2.50355
22 12.7927
23 3.36236
24 3.99366
25 3.51739
26 3.96794
27 3.58479
28 3.61398
29 3.55066
"[DEBUG]index 52 centroid... "
0 5.95572
1 5.89076
2 5.19646
3 4.73957
4 5.372
5 5.22046
6 5.2454
7 4.22565
8 37.2561
9 7.18183
10 3.18323
11 15.7762
12 4.30244
13 1.4108
14 4.63441
15 3.93032
16 15.0775
17 3.63412
18 1.60842
19 4.45199
20 1.45788
21 3.58897
22 1.4623
23 4.74697
24 4.4637
25 4.13301
26 4.13284
27 4.02558
28 4.05477
29 3.74889
"[DEBUG]index 53 centroid... "
0 4.25253
1 3.87121
2 3.45455
3 3.37753
4 3.36869
5 4.35354
6 3.68434
7 2.04293
8 18.0177
9 5.41919
10 3.40657
11 1.56818
12 0.857323
13 0.699495
14 1.09722
15 3.82702
16 1.35227
17 1.55934
18 3.44192
19 5.69949
20 18
21 6.81818
22 2.99242
23 4.14773
24 4.93813
25 4.15025
26 3.81818
27 4.25884
28 4.51136
29 4.20581
"[DEBUG]index 54 centroid... "
0 7.02768
1 6.82353
2 6.20415
3 5.98616
4 6.04498
5 6.34602
6 4.85121
7 4.49827
8 17.7785
9 6.13841
10 2.65398
11 12.8616
12 3.99308
13 2.03806
14 2.28028
15 6.11765
16 1.45675
17 1.83737
18 0.968858
19 0.519031
20 0.740484
21 1.83737
22 4.88235
23 4.56747
24 5.01038
25 4.45675
26 4.48097
27 5.20761
28 3.88235
29 5.19723
"[DEBUG]index 55 centroid... "
0 4.33553
1 3.82688
2 3.71558
3 3.53092
4 3.72795
5 3.2061
6 3.43034
7 2.17725
8 19.704
9 5.80214
10 2.5878
11 8.97939
12 9.80297
13 2.53339
14 1.27123
15 2.97609
16 1.5136
17 0.831822
18 1.60841
19 2.79637
20 7.6216
21 20.6925
22 7.60099
23 3.79555
24 4.36274
25 4.65128
26 3.56472
27 3.72712
28 3.59604
29 3.84996
"[DEBUG]index 56 centroid... "
0 5.29772
1 4.90382
2 4.68138
3 4.41016
4 4.74736
5 4.85177
6 4.16712
7 3.44193
8 34.7011
9 6.86022
10 3.39791
11 13.1788
12 3.0417
13 13.9963
14 3.23026
15 2.80099
16 11.3481
17 16.2721
18 2.68877
19 1.58013
20 3.72392
21 1.40171
22 3.39295
23 3.85251
24 3.72371
25 3.79624
26 3.93201
27 3.7576
28 3.55764
29 3.71147
"[DEBUG]index 57 centroid... "
0 2.84576
1 2.90529
2 2.64332
3 2.30632
4 2.27781
5 2.71002
6 3.25046
7 2.46523
8 10.5886
9 25.4427
10 9.34117
11 4.06953
12 2.60614
13 1.44339
14 1.91212
15 3.76021
16 15.2133
17 3.72753
18 6.19476
19 2.31599
20 1.28381
21 2.12856
22 4.62865
23 1.95464
24 2.49008
25 2.49758
26 2.68934
27 2.32533
28 2.18876
29 2.06203
"[DEBUG]index 58 centroid... "
0 5.04446
1 4.69201
2 3.74155
3 3.72109
4 5.44171
5 4.75609
6 4.62095
7 3.01797
8 35.2128
9 6.64637
10 3.58749
11 1.42185
12 3.70549
13 10.0365
14 2.88744
15 14.5169
16 14.4148
17 2.7821
18 14.7777
19 2.82064
20 3.9721
21 1.32147
22 3.24131
23 3.88366
24 3.96169
25 3.8437
26 3.9228
27 3.64649
28 3.55971
29 4.57188
"[DEBUG]index 59 centroid... "
0 4.13504
1 4.54548
2 3.44029
3 3.58019
4 3.89901
5 3.80117
6 3.41239
7 2.33571
8 31.8504
9 6.21706
10 3.9303
11 3.51065
12 13.2293
13 2.92789
14 8.17905
15 2.97398
16 11.1317
17 3.6855
18 3.45779
19 6.56881
20 35.4247
21 7.28661
22 3.43935
23 4.13415
24 4.30418
25 3.51729
26 3.48234
27 3.56297
28 3.90113
29 3.37083
"[DEBUG]index 60 centroid... "
0 3.25716
1 3.25387
2 3.17081
3 3.11168
4 3.28625
5 3.70061
6 3.64477
7 2.7236
8 16.7902
9 4.15016
10 18.6481
11 4.66448
12 4.71375
13 17.2407
14 4.53261
15 18.3656
16 4.77898
17 6.47443
18 2.56312
19 1.49085
20 1.10605
21 2.31018
22 5.58236
23 2.74331
24 2.84843
25 2.71046
26 2.47724
27 2.42985
28 2.43829
29 2.39606
"[DEBUG]index 61 centroid... "
0 3.3764
1 3.32608
2 2.8906
3 2.77666
4 3.25515
5 3.34118
6 3.51712
7 2.40367
8 19.5926
9 6.31927
10 3.49602
11 1.89726
12 3.56127
13 8.59844
14 2.90797
15 1.67976
16 3.72196
17 3.07255
18 5.05681
19 25.7052
20 4.67408
21 23.6327
22 5.98685
23 3.55088
24 3.80084
25 3.49408
26 3.32381
27 3.73608
28 3.83331
29 3.70151
"[DEBUG]index 62 centroid... "
0 5.11968
1 4.5447
2 4.19571
3 4.02534
4 4.72909
5 4.67718
6 4.19802
7 3.14317
8 34.0923
9 7.09466
10 3.26157
11 2.0775
12 4.75949
13 1.36397
14 2.85344
15 16.3708
16 3.07866
17 13.3839
18 2.89811
19 14.8716
20 2.55277
21 1.58765
22 1.73133
23 4.51578
24 4.07373
25 4.28013
26 4.32141
27 4.57043
28 4.17498
29 3.90842
"[DEBUG]index 63 centroid... "
0 1.98698
1 2.25846
2 1.98698
3 1.75651
4 1.8431
5 2.42708
6 2.30794
7 1.85482
8 8.93555
9 4.39844
10 2.39062
11 2.25065
12 4.46419
13 4.33594
14 2.00651
15 3.37826
16 8.31901
17 19.9531
18 13.6797
19 14.9531
20 18.6764
21 8.36263
22 4.22591
23 2.55729
24 2.59245
25 2.53581
26 2.60352
27 2.95573
28 3.16536
29 2.64583
"[DEBUG]index 64 centroid... "
0 4.02434
1 3.98737
2 3.6228
3 3.34698
4 3.6113
5 3.70649
6 3.23148
7 2.43815
8 41.4294
9 5.99221
10 13.1509
11 3.07652
12 15.352
13 2.68551
14 2.55061
15 10.1772
16 2.66359
17 11.0699
18 11.1077
19 2.86124
20 11.7856
21 2.83087
22 11.4737
23 3.3048
24 3.77971
25 3.7168
26 4.11391
27 3.56474
28 3.49435
29 3.50585
"[DEBUG]index 65 centroid... "
0 3.66771
1 3.63762
2 3.3297
3 3.02289
4 2.93834
5 3.61713
6 3.06701
7 2.20103
8 22.0061
9 3.94499
10 24.1102
11 4.1931
12 3.03747
13 1.69559
14 2.39856
15 9.25217
16 2.56433
17 1.28558
18 1.63578
19 1.49289
20 2.36256
21 6.46982
22 7.56544
23 2.72106
24 3.20823
25 3.14418
26 2.93705
27 2.65368
28 2.72309
29 2.74746
"[DEBUG]index 66 centroid... "
0 3.9985
1 3.82888
2 3.54506
3 3.13879
4 3.76797
5 3.61725
6 3.23236
7 2.23612
8 37.5178
9 5.30744
10 14.1641
11 2.74433
12 14.526
13 2.58449
14 10.6948
15 2.44269
16 11.551
17 2.32807
18 11.7361
19 10.9395
20 2.74734
21 9.10903
22 12.4829
23 3.25427
24 3.85702
25 3.66914
26 3.7656
27 3.52111
28 3.60877
29 3.51273
"[DEBUG]index 67 centroid... "
0 4.63685
1 4.42698
2 4.24323
3 3.88201
4 3.83027
5 3.89603
6 3.88685
7 2.94342
8 21.0779
9 6.80609
10 3.21422
11 11.9458
12 3.24662
13 1.07737
14 0.905222
15 1.4705
16 3.28627
17 3.16054
18 6.37621
19 22.8032
20 7.40232
21 3.50048
22 1.61702
23 4.63685
24 3.66344
25 3.47824
26 4.40619
27 4.26499
28 4.07882
29 4.14265
"[DEBUG]index 68 centroid... "
0 4.41621
1 4.25073
2 4.28843
3 4.06167
4 4.18734
5 3.66985
6 3.50173
7 2.52803
8 33.0781
9 6.38909
10 3.98616
11 6.6835
12 37.9128
13 5.17438
14 2.83399
15 3.41471
16 8.68389
17 8.12226
18 2.70958
19 8.29633
20 3.31608
21 3.38844
22 1.85558
23 3.79518
24 3.30672
25 3.30979
26 3.30561
27 3.35596
28 3.23033
29 3.04548
"[DEBUG]index 69 centroid... "
0 3.20518
1 3.25648
2 3.10107
3 2.80091
4 2.86237
5 3.35805
6 3.22651
7 2.71915
8 18.2834
9 4.46826
10 19.1661
11 5.13814
12 3.04012
13 6.11732
14 4.82072
15 18.324
16 4.97257
17 5.13814
18 21.067
19 6.01879
20 4.15033
21 20.0691
22 6.35703
23 3.04825
24 3.45759
25 3.4967
26 3.31945
27 2.9421
28 3.33316
29 2.9934
"[DEBUG]index 70 centroid... "
0 3.85685
1 3.59669
2 3.42403
3 3.18365
4 3.14163
5 3.73645
6 3.30143
7 2.62848
8 21.2055
9 25.4137
10 7.71827
11 2.57715
12 2.96779
13 9.13216
14 2.11195
15 2.81289
16 1.43705
17 2.71895
18 8.15169
19 7.8922
20 2.45354
21 1.34734
22 2.92424
23 3.07517
24 2.57901
25 2.57859
26 2.85905
27 2.91063
28 2.79784
29 2.56608
"[DEBUG]index 71 centroid... "
0 4.39612
1 4.27331
2 3.89765
3 3.57642
4 4.393
5 4.06962
6 3.96571
7 2.71688
8 41.6744
9 6.27905
10 3.40522
11 3.45961
12 4.6677
13 1.35977
14 3.58884
15 1.28347
16 3.46527
17 1.45755
18 4.12001
19 1.53097
20 3.28862
21 2.44646
22 15.4456
23 2.98572
24 3.80051
25 3.6405
26 3.95935
27 3.51557
28 3.45696
29 3.51475
"[DEBUG]index 72 centroid... "
0 5.0768
1 4.55558
2 4.67493
3 3.9079
4 4.78342
5 4.43574
6 4.22399
7 2.51728
8 34.274
9 5.4309
10 14.3283
11 2.92557
12 15.4686
13 2.53544
14 11.5115
15 10.1964
16 3.3846
17 1.38569
18 3.33504
19 1.30424
20 3.17177
21 1.12448
22 3.19427
23 3.6694
24 3.63712
25 3.32142
26 3.25035
27 3.23218
28 3.07345
29 2.84936
"[DEBUG]index 73 centroid... "
0 3.77231
1 3.76362
2 3.68702
3 3.35536
4 3.51593
5 3.62227
6 3.36983
7 2.56857
8 20.4196
9 3.80311
10 21.9047
11 5.87339
12 3.50487
13 5.98078
14 23.074
15 4.80047
16 3.0279
17 2.17426
18 3.3014
19 5.37694
20 19.9179
21 5.99579
22 3.09292
23 3.81179
24 4.12082
25 3.41432
26 3.27191
27 3.41221
28 3.41564
29 3.24506
"[DEBUG]index 74 centroid... "
0 3.35777
1 3.48978
2 3.40539
3 3.12156
4 2.98821
5 3.16816
6 2.48994
7 2.58416
8 17.0257
9 3.87718
10 9.51375
11 30.0096
12 10.6476
13 4.1185
14 2.81023
15 1.57119
16 1.33938
17 2.16847
18 5.24218
19 2.38834
20 1.51752
21 2.41828
22 5.0077
23 2.20218
24 2.14246
25 2.18725
26 2.34889
27 2.36657
28 2.27228
29 2.26536
"[DEBUG]index 75 centroid... "
0 6.019
1 5.5591
2 4.76131
3 4.56252
4 5.15621
5 5.64082
6 4.42721
7 2.98062
8 27.7685
9 9.31737
10 3.46598
11 1.91676
12 5.36488
13 1.74002
14 0.942607
15 1.61307
16 2.94071
17 16.3668
18 3.68225
19 1.51235
20 4.21931
21 15.0578
22 3.42303
23 4.45914
24 4.96123
25 5.75675
26 4.90992
27 4.96123
28 4.71646
29 5.31357
"[DEBUG]index 76 centroid... "
0 7.33708
1 4.05773
2 4.31344
3 4.22433
4 4.25417
5 3.86091
6 3.73925
7 3.46687
8 17.327
9 5.26153
10 3.48741
11 5.1976
12 17.0701
13 3.96048
14 10.7671
15 37.0961
16 10.3204
17 5.031
18 3.71329
19 2.63503
20 1.37427
21 0.848121
22 1.28051
23 2.82255
24 2.70554
25 2.64936
26 2.45796
27 2.76017
28 2.36924
29 2.20806
"[DEBUG]index 77 centroid... "
0 3.87986
1 3.79059
2 3.57504
3 3.52994
4 3.92682
5 4.20309
6 3.72912
7 3.13372
8 38.0829
9 6.7255
10 2.79189
11 12.9917
12 3.46132
13 2.34573
14 10.8265
15 11.6593
16 2.70253
17 12.7377
18 2.92012
19 12.6863
20 10.2046
21 2.60582
22 11.6811
23 3.98233
24 3.7944
25 3.81802
26 3.99368
27 3.71685
28 3.73275
29 3.47815
"[DEBUG]index 78 centroid... "
0 2.81478
1 2.89249
2 2.9266
3 2.98719
4 3.23484
5 3.08359
6 2.60568
7 2.11078
8 14.5082
9 4.93479
10 2.73985
11 5.47665
12 9.93222
13 34.2027
14 8.33712
15 4.22469
16 2.54883
17 5.93601
18 1.90347
19 2.16906
20 2.18701
21 5.20221
22 2.40094
23 2.61905
24 2.4922
25 2.38007
26 2.21101
27 2.20003
28 2.18666
29 2.12123
"[DEBUG]index 79 centroid... "
0 5.11411
1 5.07772
2 4.35535
3 3.98518
4 4.24573
5 4.09164
6 3.95642
7 2.62848
8 27.4304
9 7.3212
10 3.4416
11 3.51977
12 1.04088
13 3.61815
14 1.15544
15 0.646002
16 1.18598
17 3.03908
18 14.9861
19 2.7655
20 3.64106
21 3.07862
22 3.22282
23 4.01348
24 3.62668
25 4.27808
26 4.27358
27 4.37736
28 4.2035
29 4.37242
"[DEBUG]index 80 centroid... "
0 5.9886
1 5.72353
2 5.06949
3 4.8697
4 5.75902
5 5.49563
6 4.77702
7 3.10653
8 34.8252
9 8.02312
10 4.24856
11 1.76446
12 3.73389
13 16.0529
14 3.65611
15 3.4242
16 1.26099
17 4.68486
18 3.67522
19 1.28431
20 1.33184
21 3.13982
22 1.37219
23 4.41901
24 3.92209
25 3.91723
26 3.82806
27 4.01205
28 3.89418
29 3.75403
"[DEBUG]index 81 centroid... "
0 4.41073
1 4.48762
2 3.93824
3 4.0652
4 4.53398
5 4.31032
6 3.98803
7 3.01293
8 24.6596
9 7.51389
10 3.93453
11 3.44484
12 6.15708
13 26.9092
14 6.64374
15 3.38542
16 3.72228
17 7.24663
18 28.7847
19 6.81224
20 3.14457
21 3.91995
22 2.08349
23 4.2392
24 3.89532
25 3.47703
26 3.62228
27 3.97373
28 3.64154
29 3.33659
"[DEBUG]index 82 centroid... "
0 4.76204
1 4.27803
2 4.04255
3 3.59416
4 4.00956
5 4.48714
6 3.94261
7 2.61065
8 35.6194
9 5.6903
10 14.5783
11 3.08987
12 1.49109
13 2.92991
14 12.6349
15 11.5668
16 3.0531
17 3.23219
18 13.0031
19 12.2493
20 2.33889
21 3.17563
22 1.42563
23 4.15237
24 3.83757
25 3.64644
26 3.99258
27 4.00396
28 3.7627
29 3.48549
"[DEBUG]index 83 centroid... "
0 5.79151
1 5.32118
2 4.54786
3 4.54075
4 5.60069
5 5.16109
6 5.12118
7 3.31261
8 34.1109
9 7.19419
10 4.475
11 1.86667
12 5.0867
13 1.88983
14 1.57454
15 3.66277
16 18.6735
17 4.41728
18 1.9292
19 4.16131
20 16.0739
21 2.78777
22 1.65833
23 5.15306
24 5.66261
25 4.71552
26 4.79893
27 5.01223
28 4.97576
29 4.68647
"[DEBUG]index 84 centroid... "
0 7.05421
1 6.63578
2 5.65554
3 5.83979
4 6.0227
5 5.50708
6 5.24646
7 3.63899
8 26.5907
9 6.23338
10 15.9517
11 3.29533
12 1.84993
13 5.12363
14 1.51482
15 1.41923
16 5.28491
17 1.35941
18 4.27343
19 1.47984
20 0.760214
21 1.502
22 1.45447
23 4.1255
24 3.61789
25 3.85875
26 3.949
27 3.68358
28 3.73031
29 3.89319
"[DEBUG]index 85 centroid... "
0 2.68078
1 2.84254
2 2.46362
3 2.32477
4 2.03985
5 2.89961
6 2.85962
7 2.11497
8 10.6629
9 22.8946
10 8.87101
11 4.72466
12 2.49486
13 1.2516
14 2.17495
15 0.992086
16 1.89725
17 5.71633
18 2.49181
19 2.16593
20 4.42919
21 12.0673
22 4.34907
23 2.24229
24 2.58664
25 2.50042
26 2.29506
27 2.31963
28 2.37726
29 2.26951
"[DEBUG]index 86 centroid... "
0 5.71359
1 5.41815
2 4.63592
3 4.38922
4 5.54038
5 5.13412
6 4.60189
7 3.43138
8 46.6748
9 7.21977
10 3.21338
11 1.6939
12 1.45915
13 2.73508
14 1.15813
15 3.60088
16 1.15983
17 3.76371
18 1.16712
19 3.26527
20 2.57294
21 0.970387
22 2.91693
23 3.43818
24 3.14495
25 3.29134
26 3.54745
27 3.61552
28 3.54448
29 3.53493
"[DEBUG]index 87 centroid... "
0 4.02585
1 4.16558
2 4.20841
3 3.81528
4 3.99684
5 3.75706
6 3.09591
7 2.45214
8 30.0296
9 6.19795
10 2.74028
11 11.8396
12 13.8056
13 11.7034
14 2.51372
15 1.31419
16 3.28084
17 3.51687
18 3.34162
19 1.30985
20 3.55358
21 11.119
22 11.9199
23 3.30847
24 3.75173
25 3.92283
26 3.88731
27 3.31458
28 3.28873
29 3.81468
"[DEBUG]index 88 centroid... "
0 4.54558
1 4.49476
2 4.29639
3 3.64198
4 3.73208
5 4.21381
6 4.02481
7 2.79143
8 30.2696
9 5.57999
10 33.4795
11 4.67625
12 3.23467
13 2.31142
14 3.8053
15 1.65177
16 3.49685
17 11.5662
18 3.24882
19 8.70764
20 3.34782
21 1.55764
22 3.48354
23 3.50807
24 3.2561
25 3.36826
26 3.62487
27 3.5517
28 3.42433
29 3.19623
"[DEBUG]index 89 centroid... "
0 4.13366
1 3.77147
2 3.41478
3 3.31798
4 3.15793
5 4.12649
6 3.89649
7 3.12934
8 21.6848
9 24.9947
10 6.01342
11 2.62208
12 1.70923
13 2.57658
14 8.14764
15 2.0922
16 8.99173
17 2.52978
18 1.35245
19 2.76117
20 2.62438
21 1.00257
22 2.24858
23 2.75712
24 2.77744
25 2.66575
26 2.72348
27 2.48805
28 2.65766
29 2.32396
"[DEBUG]index 90 centroid... "
0 4.88288
1 4.35855
2 4.0422
3 3.66969
4 4.22424
5 4.17495
6 3.71533
7 2.47244
8 37.9225
9 5.55757
10 14.7194
11 2.69907
12 15.5486
13 2.81682
14 12.5336
15 2.47765
16 10.592
17 12.09
18 3.20079
19 1.52162
20 3.24987
21 11.5095
22 2.79327
23 4.05408
24 4.22934
25 4.46754
26 3.70428
27 3.74086
28 3.72168
29 3.56341
"[DEBUG]index 91 centroid... "
0 3.79442
1 3.99984
2 3.37552
3 3.39342
4 4.08916
5 4.15044
6 3.68688
7 2.88649
8 31.698
9 6.18446
10 3.23557
11 1.77007
12 3.27443
13 11.9181
14 2.43889
15 13.613
16 2.49387
17 15.8534
18 2.69832
19 13.0542
20 2.3773
21 10.6704
22 10.9857
23 3.88359
24 3.9663
25 4.14802
26 3.73944
27 3.70735
28 3.83521
29 3.77539
"[DEBUG]index 92 centroid... "
0 3.42133
1 3.55692
2 3.41844
3 3.18845
4 3.63968
5 3.79295
6 4.09414
7 3.08479
8 23.8309
9 5.11249
10 3.0028
11 7.39822
12 2.9514
13 4.6294
14 29.8749
15 4.60654
16 26.5903
17 5.39329
18 8.49813
19 3.14248
20 3.26746
21 2.98573
22 7.35089
23 3.37485
24 3.92039
25 3.69958
26 3.78394
27 3.20714
28 3.18156
29 3.24783
"[DEBUG]index 93 centroid... "
0 3.49443
1 3.5699
2 3.63641
3 3.29631
4 3.3578
5 3.74104
6 3.43764
7 3.07154
8 22.4463
9 5.22695
10 5.2547
11 26.1664
12 7.50437
13 2.77632
14 5.82722
15 26.5878
16 4.54423
17 2.65017
18 7.39974
19 2.9431
20 7.45828
21 2.61566
22 7.99574
23 3.40149
24 3.3566
25 3.34131
26 3.25098
27 3.15203
28 3.08879
29 3.00382
"[DEBUG]index 94 centroid... "
0 4.52694
1 4.40097
2 4.23003
3 3.82696
4 4.2646
5 4.21853
6 3.28701
7 2.56235
8 34.9024
9 5.55346
10 13.1527
11 10.7925
12 2.89199
13 10.3773
14 12.7154
15 2.12748
16 1.33535
17 3.01292
18 2.70351
19 1.17984
20 2.42095
21 2.68941
22 2.36707
23 3.16986
24 2.94033
25 2.77031
26 2.6268
27 2.69604
28 2.64149
29 2.51678
"[DEBUG]index 95 centroid... "
0 4.84723
1 5.00693
2 4.03895
3 3.70065
4 4.34418
5 4.334
6 3.90529
7 2.94257
8 35.4847
9 6.22491
10 17.241
11 2.71966
12 1.95391
13 3.78948
14 1.50063
15 2.98961
16 14.8991
17 2.98688
18 13.7378
19 12.0808
20 3.2038
21 1.6996
22 3.95002
23 3.97827
24 3.96861
25 4.0252
26 4.46157
27 4.2521
28 3.95632
29 3.91474
"[DEBUG]index 96 centroid... "
0 4.64224
1 4.21462
2 3.86282
3 3.94468
4 4.55175
5 4.38297
6 3.61071
7 2.69268
8 41.0907
9 6.3258
10 3.8385
11 3.85805
12 15.4679
13 9.33331
14 2.4969
15 13.4341
16 3.39347
17 1.52289
18 3.62197
19 14.1405
20 2.88727
21 3.01622
22 13.5845
23 4.51109
24 4.221
25 3.99261
26 4.16764
27 3.90897
28 3.87349
29 3.74061
"[DEBUG]index 97 centroid... "
0 3.96969
1 4.00143
2 3.829
3 3.55918
4 3.90866
5 3.80104
6 3.09646
7 2.8802
8 32.6606
9 6.48019
10 3.11501
11 13.7302
12 3.07396
13 12.0571
14 2.66471
15 2.84679
16 1.54701
17 3.49093
18 2.76478
19 13.8058
20 2.64834
21 10.642
22 11.2829
23 3.94837
24 3.66378
25 3.81489
26 3.64691
27 3.63172
28 3.54659
29 3.5565
"[DEBUG]index 98 centroid... "
0 3.5752
1 3.75357
2 3.01367
3 3.48011
4 3.27874
5 3.60876
6 3.35239
7 3.03543
8 20.5721
9 5.4161
10 2.3959
11 7.27874
12 7.90988
13 1.90025
14 5.4192
15 24.6131
16 4.22094
17 19.4155
18 18.1383
19 5.78713
20 6.68428
21 3.25575
22 1.49316
23 3.37787
24 3.38223
25 3.15382
26 3.20385
27 3.34121
28 3.29677
29 2.95028
"[DEBUG]index 99 centroid... "
0 4.00562
1 3.87426
2 3.57376
3 3.29763
4 3.45665
5 3.44509
6 3.22976
7 2.4934
8 28.1618
9 6.92824
10 3.90033
11 3.36126
12 10.6435
13 2.69667
14 1.56248
15 3.66611
16 3.43494
17 6.69123
18 31.8013
19 6.50614
20 3.20589
21 9.07275
22 3.47246
23 3.26127
24 3.39391
25 3.66742
26 3.62275
27 3.81473
28 3.65918
29 3.42786
