"[DEBUG]index 0 centroid... "
0 0.117942
1 0.0419854
2 0.072219
3 0.134555
4 0.104394
5 0.0126861
6 0.136402
7 0.0300438
8 0.00856933
9 0.0173577
10 0.17746
11 0.153022
12 0.0809197
13 0.144241
14 0.226898
15 0.134445
16 0.123496
17 0.0711168
18 0.248869
19 0.0310438
20 0.0271095
21 0.191197
22 0.198847
23 0.105934
24 0.15789
25 0.0518394
26 0.137372
27 0.027
28 0.235015
29 0.229562
"[DEBUG]index 1 centroid... "
0 0.189944
1 0.220242
2 0.193137
3 0.286347
4 0.0871371
5 0.135274
6 0.177169
7 0.141306
8 0.166258
9 0.183831
10 0.288452
11 0.179871
12 0.289516
13 0.144234
14 0.273226
15 0.209089
16 0.130202
17 0.32579
18 0.309476
19 0.183758
20 0.366355
21 0.348927
22 0.168766
23 0.268629
24 0.126323
25 0.287121
26 0.190314
27 0.307919
28 0.110355
29 0.0975242
"[DEBUG]index 2 centroid... "
0 0.153041
1 0.14248
2 0.167699
3 0.154845
4 0.203467
5 0.180534
6 0.154952
7 0.15861
8 0.091145
9 0.122963
10 0.151791
11 0.181808
12 0.190139
13 0.223751
14 0.254414
15 0.209657
16 0.224768
17 0.157779
18 0.108351
19 0.16018
20 0.224002
21 0.248637
22 0.197895
23 0.177639
24 0.143587
25 0.11278
26 0.15878
27 0.118463
28 0.205194
29 0.170288
"[DEBUG]index 3 centroid... "
0 0.305382
1 0.181827
2 0.162909
3 0.232236
4 0.105718
5 0.127364
6 0.254991
7 0.175718
8 0.187173
9 0.131609
10 0.176091
11 0.182145
12 0.215191
13 0.184573
14 0.157964
15 -0.102627
16 0.0768727
17 0.0940273
18 0.120964
19 0.2
20 0.200055
21 0.208136
22 0.0876545
23 0.220282
24 0.0881728
25 0.156673
26 -0.0358182
27 0.278282
28 0.266064
29 0.0751
"[DEBUG]index 4 centroid... "
0 0.134042
1 0.139363
2 0.153385
3 0.153211
4 0.167711
5 0.125241
6 0.164811
7 0.176379
8 0.0899931
9 0.155956
10 0.166183
11 0.152783
12 0.162356
13 0.18957
14 0.142416
15 0.109078
16 0.184328
17 0.179927
18 0.172309
19 0.224059
20 0.145967
21 0.0986343
22 0.174884
23 0.185236
24 0.185259
25 0.176844
26 0.175948
27 0.144453
28 0.150794
29 0.147014
"[DEBUG]index 5 centroid... "
0 0.181409
1 0.184534
2 0.174609
3 0.179589
4 0.205901
5 0.189514
6 0.203993
7 0.213361
8 0.155152
9 0.146009
10 0.177601
11 0.159314
12 0.15708
13 0.232118
14 0.227275
15 0.202543
16 0.209297
17 0.206128
18 0.172494
19 0.13427
20 0.17374
21 0.191309
22 0.171337
23 0.196391
24 0.187615
25 0.160708
26 0.169665
27 0.190295
28 0.1868
29 0.182224
"[DEBUG]index 6 centroid... "
0 0.163423
1 0.185765
2 0.153678
3 0.185525
4 0.163485
5 0.145532
6 0.211641
7 0.197987
8 0.153642
9 0.202736
10 0.103776
11 0.119748
12 0.231771
13 0.190472
14 0.146858
15 0.164862
16 0.144954
17 0.175654
18 0.18325
19 0.207781
20 0.177173
21 0.177127
22 0.240533
23 0.208309
24 0.176647
25 0.190117
26 0.18102
27 0.18749
28 0.199493
29 0.159305
"[DEBUG]index 7 centroid... "
0 0.197168
1 0.169862
2 0.100748
3 0.12322
4 0.152797
5 0.177019
6 0.173052
7 0.22822
8 0.141461
9 0.121767
10 0.162976
11 0.182688
12 0.130752
13 0.0988104
14 0.133965
15 0.218756
16 0.162153
17 0.190181
18 0.0770237
19 0.158
20 0.181291
21 0.187524
22 0.174858
23 0.140099
24 0.247401
25 0.244235
26 0.253746
27 0.289164
28 0.246248
29 0.203075
"[DEBUG]index 8 centroid... "
0 0.170844
1 0.177201
2 0.174324
3 0.182319
4 0.185217
5 0.157413
6 0.192897
7 0.178982
8 0.120196
9 0.162166
10 0.198705
11 0.194293
12 0.18118
13 0.153833
14 0.129404
15 0.0985566
16 0.142671
17 0.15218
18 0.191061
19 0.196289
20 0.157242
21 0.189551
22 0.201355
23 0.166653
24 0.174227
25 0.180343
26 0.170313
27 0.175632
28 0.18491
29 0.184852
"[DEBUG]index 9 centroid... "
0 0.171449
1 0.180979
2 0.181539
3 0.20208
4 0.212757
5 0.189741
6 0.219184
7 0.187801
8 0.126076
9 0.15709
10 0.187848
11 0.182526
12 0.223063
13 0.22078
14 0.204873
15 0.192246
16 0.21196
17 0.190539
18 0.174185
19 0.169441
20 0.207751
21 0.212506
22 0.192879
23 0.208192
24 0.21651
25 0.19956
26 0.171834
27 0.205176
28 0.205383
29 0.198421
"[DEBUG]index 10 centroid... "
0 0.202512
1 0.179155
2 0.180005
3 0.208309
4 0.223993
5 0.208901
6 0.230778
7 0.221075
8 0.137093
9 0.188674
10 0.226765
11 0.219221
12 0.217823
13 0.169432
14 0.193525
15 0.203567
16 0.239309
17 0.187536
18 0.209609
19 0.224839
20 0.203487
21 0.191191
22 0.162448
23 0.192599
24 0.210217
25 0.197895
26 0.201401
27 0.197004
28 0.221107
29 0.201451
"[DEBUG]index 11 centroid... "
0 0.172804
1 0.148881
2 0.155601
3 0.174203
4 0.184427
5 0.168816
6 0.198872
7 0.154794
8 0.169194
9 0.160327
10 0.126061
11 0.180728
12 0.208898
13 0.174025
14 0.196076
15 0.183495
16 0.173006
17 0.184084
18 0.209848
19 0.130264
20 0.133005
21 0.195083
22 0.18903
23 0.219548
24 0.205978
25 0.189236
26 0.182581
27 0.181761
28 0.1753
29 0.192094
"[DEBUG]index 12 centroid... "
0 0.180433
1 0.177962
2 0.169556
3 0.190811
4 0.189133
5 0.163504
6 0.190325
7 0.18277
8 0.120183
9 0.147731
10 0.182756
11 0.18644
12 0.201013
13 0.197958
14 0.189374
15 0.155389
16 0.111541
17 0.177931
18 0.192083
19 0.156318
20 0.193401
21 0.171845
22 0.144855
23 0.167608
24 0.172082
25 0.173394
26 0.178303
27 0.177735
28 0.17052
29 0.184042
"[DEBUG]index 13 centroid... "
0 0.173176
1 0.176661
2 0.18035
3 0.229713
4 0.160073
5 0.17837
6 0.240982
7 0.207429
8 0.154695
9 0.0656317
10 0.0531986
11 0.0458834
12 0.111406
13 0.146573
14 0.19759
15 0.146761
16 0.139304
17 0.104233
18 0.169013
19 0.187465
20 0.202827
21 0.18689
22 0.187413
23 0.192641
24 0.188912
25 0.191112
26 0.225677
27 0.201666
28 0.215043
29 0.203023
"[DEBUG]index 14 centroid... "
0 0.179345
1 0.100104
2 0.146205
3 0.177272
4 0.17113
5 0.161772
6 0.174194
7 0.189577
8 0.111092
9 0.1885
10 0.153633
11 0.234244
12 0.197823
13 0.189992
14 0.202477
15 0.156959
16 0.117734
17 0.206431
18 0.181483
19 0.128654
20 0.200862
21 0.13871
22 0.157827
23 0.130507
24 0.154221
25 0.182992
26 0.181865
27 0.155087
28 0.135049
29 0.149596
"[DEBUG]index 15 centroid... "
0 0.190239
1 0.175369
2 0.165091
3 0.174008
4 0.18544
5 0.181665
6 0.204827
7 0.21324
8 0.15877
9 0.1021
10 0.193831
11 0.180284
12 0.176912
13 0.155823
14 0.128707
15 0.171702
16 0.159407
17 0.158135
18 0.145423
19 0.160762
20 0.182549
21 0.170337
22 0.157129
23 0.195409
24 0.177056
25 0.186188
26 0.196126
27 0.172474
28 0.202127
29 0.195947
"[DEBUG]index 16 centroid... "
0 0.175826
1 0.171168
2 0.167563
3 0.188434
4 0.200089
5 0.163461
6 0.176299
7 0.179038
8 0.103705
9 0.140019
10 0.194011
11 0.17233
12 0.19477
13 0.167225
14 0.179215
15 0.197961
16 0.190637
17 0.203735
18 0.18383
19 0.148247
20 0.188186
21 0.170455
22 0.17871
23 0.189244
24 0.172228
25 0.170386
26 0.157617
27 0.156509
28 0.160131
29 0.155657
"[DEBUG]index 17 centroid... "
0 0.178959
1 0.150893
2 0.163017
3 0.178717
4 0.184976
5 0.149945
6 0.204213
7 0.196419
8 0.1011
9 0.184078
10 0.209511
11 0.180965
12 0.182363
13 0.22068
14 0.18412
15 0.190465
16 0.206679
17 0.173003
18 0.136642
19 0.211168
20 0.195405
21 0.132013
22 0.175061
23 0.199134
24 0.190916
25 0.170302
26 0.167315
27 0.172684
28 0.161749
29 0.161988
"[DEBUG]index 18 centroid... "
0 0.197126
1 0.184102
2 0.18602
3 0.20124
4 0.195025
5 0.2009
6 0.233869
7 0.198983
8 0.129973
9 0.18506
10 0.189039
11 0.170402
12 0.224005
13 0.205998
14 0.178899
15 0.230758
16 0.201813
17 0.146093
18 0.192622
19 0.212472
20 0.175339
21 0.165929
22 0.229001
23 0.228804
24 0.196041
25 0.203464
26 0.194066
27 0.180267
28 0.197416
29 0.209248
"[DEBUG]index 19 centroid... "
0 0.18815
1 0.174712
2 0.186783
3 0.195289
4 0.226341
5 0.222393
6 0.200171
7 0.176956
8 0.119626
9 0.141524
10 0.172454
11 0.176597
12 0.209702
13 0.198442
14 0.131521
15 0.172334
16 0.216708
17 0.194404
18 0.145653
19 0.154687
20 0.19702
21 0.200144
22 0.149647
23 0.193998
24 0.187739
25 0.188509
26 0.207462
27 0.159429
28 0.185541
29 0.209028
"[DEBUG]index 20 centroid... "
0 0.247989
1 0.162272
2 0.189847
3 0.239307
4 0.200428
5 0.134941
6 0.161031
7 0.211694
8 0.14737
9 0.198188
10 0.241934
11 0.208988
12 0.253432
13 0.260086
14 0.197757
15 0.170179
16 0.162948
17 0.222833
18 0.246715
19 0.214575
20 0.206792
21 0.255388
22 0.196683
23 0.200408
24 0.208397
25 0.177826
26 0.207273
27 0.284309
28 0.241737
29 0.189033
"[DEBUG]index 21 centroid... "
0 0.173588
1 0.173381
2 0.176793
3 0.187105
4 0.193598
5 0.165972
6 0.197114
7 0.164945
8 0.109809
9 0.171399
10 0.183977
11 0.151283
12 0.186076
13 0.193712
14 0.177055
15 0.187636
16 0.174055
17 0.166788
18 0.195322
19 0.186428
20 0.172276
21 0.196822
22 0.193338
23 0.193394
24 0.195918
25 0.183175
26 0.176515
27 0.172156
28 0.178705
29 0.178489
"[DEBUG]index 22 centroid... "
0 0.181938
1 0.161455
2 0.186393
3 0.175706
4 0.180885
5 0.163282
6 0.186768
7 0.161643
8 0.0971861
9 0.148436
10 0.194895
11 0.167815
12 0.173
13 0.192139
14 0.154734
15 0.107522
16 0.188822
17 0.181372
18 0.178114
19 0.174229
20 0.169151
21 0.146784
22 0.177404
23 0.163098
24 0.17553
25 0.191775
26 0.202165
27 0.180826
28 0.17568
29 0.18645
"[DEBUG]index 23 centroid... "
0 0.184881
1 0.181892
2 0.178079
3 0.184305
4 0.182385
5 0.183733
6 0.182222
7 0.193028
8 0.123557
9 0.143868
10 0.182972
11 0.156135
12 0.163176
13 0.15216
14 0.117837
15 0.167954
16 0.179125
17 0.181969
18 0.183044
19 0.164984
20 0.166341
21 0.176594
22 0.204192
23 0.197557
24 0.188647
25 0.197659
26 0.198413
27 0.19308
28 0.199612
29 0.214043
"[DEBUG]index 24 centroid... "
0 0.185201
1 0.178154
2 0.180725
3 0.205204
4 0.196446
5 0.181838
6 0.193872
7 0.178738
8 0.11352
9 0.177158
10 0.195919
11 0.165353
12 0.158705
13 0.135881
14 0.137586
15 0.132773
16 0.193226
17 0.191077
18 0.142807
19 0.187886
20 0.197366
21 0.18162
22 0.182026
23 0.17111
24 0.189032
25 0.180117
26 0.186485
27 0.192772
28 0.198789
29 0.181895
"[DEBUG]index 25 centroid... "
0 0.166315
1 0.16587
2 0.173931
3 0.173425
4 0.196492
5 0.164679
6 0.195393
7 0.190184
8 0.0999887
9 0.0811366
10 0.142321
11 0.195012
12 0.208281
13 0.185682
14 0.177619
15 0.175025
16 0.201708
17 0.186413
18 0.195277
19 0.232823
20 0.209696
21 0.207868
22 0.226924
23 0.202256
24 0.196162
25 0.196116
26 0.194631
27 0.191379
28 0.186222
29 0.180906
"[DEBUG]index 26 centroid... "
0 0.195452
1 0.135648
2 0.173587
3 0.0937651
4 0.193385
5 0.171388
6 0.120355
7 0.194038
8 0.139787
9 0.165036
10 0.152949
11 0.235379
12 0.177338
13 0.142323
14 0.160736
15 0.159381
16 0.15428
17 0.168884
18 0.177767
19 0.0984368
20 0.13732
21 0.159356
22 0.144946
23 0.170162
24 0.18831
25 0.177402
26 0.153347
27 0.161156
28 0.10254
29 0.146414
"[DEBUG]index 27 centroid... "
0 0.183842
1 0.164536
2 0.165886
3 0.172509
4 0.177918
5 0.164085
6 0.221326
7 0.1482
8 0.143041
9 0.147981
10 0.0984579
11 0.137997
12 0.185731
13 0.175277
14 0.184012
15 0.14367
16 0.205301
17 0.120555
18 0.0892128
19 0.148836
20 0.167221
21 0.181968
22 0.152127
23 0.200073
24 0.161674
25 0.16273
26 0.186711
27 0.187586
28 0.208041
29 0.178561
"[DEBUG]index 28 centroid... "
0 0.174174
1 0.159298
2 0.182077
3 0.179698
4 0.179839
5 0.163207
6 0.185072
7 0.196405
8 0.132504
9 0.161803
10 0.170868
11 0.181068
12 0.144146
13 0.0971863
14 0.185571
15 0.188293
16 0.154598
17 0.169868
18 0.137084
19 0.128653
20 0.14976
21 0.150841
22 0.153556
23 0.180706
24 0.184418
25 0.19215
26 0.197155
27 0.1964
28 0.2135
29 0.189451
"[DEBUG]index 29 centroid... "
0 0.202116
1 0.167124
2 0.180069
3 0.185677
4 0.193071
5 0.174048
6 0.207167
7 0.159587
8 0.104181
9 0.131066
10 0.111263
11 0.176708
12 0.203734
13 0.160599
14 0.186011
15 0.157091
16 0.115026
17 0.144755
18 0.183074
19 0.138055
20 0.167754
21 0.184916
22 0.195824
23 0.185849
24 0.16442
25 0.185796
26 0.1767
27 0.19776
28 0.19689
29 0.207012
"[DEBUG]index 30 centroid... "
0 0.160673
1 0.168814
2 0.156999
3 0.180607
4 0.191638
5 0.175281
6 0.195475
7 0.195432
8 0.130746
9 0.146925
10 0.191007
11 0.186132
12 0.178291
13 0.166374
14 0.169128
15 0.225114
16 0.157333
17 0.161687
18 0.200663
19 0.138596
20 0.164284
21 0.17831
22 0.14605
23 0.154918
24 0.167293
25 0.168171
26 0.170328
27 0.161241
28 0.181635
29 0.204203
"[DEBUG]index 31 centroid... "
0 0.169397
1 0.16779
2 0.170118
3 0.191925
4 0.200093
5 0.170557
6 0.194348
7 0.209376
8 0.143085
9 0.140976
10 0.166048
11 0.161692
12 0.166897
13 0.209358
14 0.200713
15 0.16498
16 0.173837
17 0.182267
18 0.18022
19 0.194998
20 0.20039
21 0.200679
22 0.213182
23 0.200947
24 0.201072
25 0.199399
26 0.193813
27 0.196204
28 0.188385
29 0.190054
"[DEBUG]index 32 centroid... "
0 0.162524
1 0.163202
2 0.148463
3 0.151728
4 0.179967
5 0.156188
6 0.154221
7 0.16055
8 0.111594
9 0.127388
10 0.165565
11 0.170153
12 0.171079
13 0.24085
14 0.224627
15 0.123747
16 0.110031
17 0.171621
18 0.199555
19 0.197695
20 0.136381
21 0.173319
22 0.157727
23 0.164053
24 0.148257
25 0.164136
26 0.147188
27 0.148198
28 0.200035
29 0.21467
"[DEBUG]index 33 centroid... "
0 0.175746
1 0.174663
2 0.164861
3 0.18366
4 0.193773
5 0.191681
6 0.196647
7 0.178193
8 0.0986026
9 0.0953696
10 0.108962
11 0.183139
12 0.224948
13 0.188932
14 0.193375
15 0.186847
16 0.185238
17 0.209606
18 0.168166
19 0.17583
20 0.181528
21 0.177502
22 0.199531
23 0.211557
24 0.205312
25 0.206751
26 0.199779
27 0.187214
28 0.199828
29 0.188
"[DEBUG]index 34 centroid... "
0 0.168403
1 0.15799
2 0.147446
3 0.166702
4 0.183953
5 0.141373
6 0.172809
7 0.172327
8 0.107276
9 0.162197
10 0.195697
11 0.176447
12 0.197531
13 0.158119
14 0.10674
15 0.178429
16 0.181185
17 0.151191
18 0.174629
19 0.185606
20 0.142149
21 0.148286
22 0.140418
23 0.152827
24 0.16062
25 0.160248
26 0.159985
27 0.15775
28 0.144401
29 0.161229
"[DEBUG]index 35 centroid... "
0 0.200245
1 0.185731
2 0.187697
3 0.184427
4 0.189046
5 0.189623
6 0.20786
7 0.214982
8 0.165
9 0.144987
10 0.145759
11 0.166413
12 0.161808
13 0.245255
14 0.218938
15 0.197209
16 0.195408
17 0.175996
18 0.161314
19 0.152946
20 0.161128
21 0.139791
22 0.212765
23 0.225198
24 0.199988
25 0.224399
26 0.201979
27 0.195692
28 0.180821
29 0.187926
"[DEBUG]index 36 centroid... "
0 0.167007
1 0.166513
2 0.171179
3 0.181556
4 0.185115
5 0.17618
6 0.205134
7 0.238021
8 0.12554
9 0.0870591
10 0.182345
11 0.218641
12 0.182124
13 0.187371
14 0.192668
15 0.170308
16 0.14971
17 0.167414
18 0.19119
19 0.190216
20 0.226039
21 0.217523
22 0.181308
23 0.211501
24 0.228753
25 0.206131
26 0.199971
27 0.202138
28 0.176436
29 0.188245
"[DEBUG]index 37 centroid... "
0 0.1772
1 0.17548
2 0.184618
3 0.192526
4 0.194386
5 0.183182
6 0.202426
7 0.183632
8 0.116216
9 0.141465
10 0.173497
11 0.167313
12 0.205362
13 0.182114
14 0.161048
15 0.204711
16 0.164975
17 0.104357
18 0.173305
19 0.214415
20 0.195739
21 0.190774
22 0.188821
23 0.175257
24 0.175001
25 0.169948
26 0.190319
27 0.191987
28 0.202463
29 0.189302
"[DEBUG]index 38 centroid... "
0 0.154735
1 0.157795
2 0.177947
3 0.193198
4 0.196567
5 0.160314
6 0.185833
7 0.181523
8 0.0975591
9 0.155549
10 0.212112
11 0.191151
12 0.187073
13 0.217331
14 0.193733
15 0.137674
16 0.179388
17 0.199091
18 0.163208
19 0.189244
20 0.197121
21 0.155894
22 0.155699
23 0.174022
24 0.160195
25 0.153616
26 0.170481
27 0.166479
28 0.167826
29 0.156996
"[DEBUG]index 39 centroid... "
0 0.190584
1 0.18024
2 0.169465
3 0.191716
4 0.201552
5 0.174989
6 0.20267
7 0.178534
8 0.116283
9 0.180237
10 0.182316
11 0.174808
12 0.190449
13 0.166788
14 0.186223
15 0.167178
16 0.130248
17 0.19142
18 0.151617
19 0.110893
20 0.191818
21 0.208337
22 0.191129
23 0.18196
24 0.183569
25 0.177891
26 0.169922
27 0.182595
28 0.18549
29 0.184818
"[DEBUG]index 40 centroid... "
0 0.217935
1 0.248159
2 0.221012
3 0.207229
4 0.245228
5 0.200036
6 0.237721
7 0.224294
8 0.122512
9 0.222881
10 0.232345
11 0.19698
12 0.200915
13 0.244579
14 0.175737
15 0.220976
16 0.241715
17 0.260262
18 0.254427
19 0.277089
20 0.322811
21 0.313936
22 0.277951
23 0.239398
24 0.188764
25 0.197213
26 0.226516
27 0.163009
28 0.221711
29 0.200754
"[DEBUG]index 41 centroid... "
0 0.187972
1 0.17732
2 0.181573
3 0.164514
4 0.183135
5 0.179545
6 0.183581
7 0.200332
8 0.147003
9 0.123613
10 0.127066
11 0.0803479
12 0.126468
13 0.142063
14 0.150955
15 0.15931
16 0.178309
17 0.185973
18 0.185365
19 0.205155
20 0.207256
21 0.238867
22 0.264489
23 0.260621
24 0.245874
25 0.22864
26 0.246207
27 0.23649
28 0.22183
29 0.227668
"[DEBUG]index 42 centroid... "
0 0.163449
1 0.162766
2 0.158502
3 0.211197
4 0.220229
5 0.20881
6 0.212884
7 0.244134
8 0.121111
9 0.0919745
10 0.163307
11 0.208254
12 0.172892
13 0.193016
14 0.162359
15 0.188879
16 0.174563
17 0.130091
18 0.163958
19 0.193024
20 0.163123
21 0.174157
22 0.211454
23 0.174255
24 0.210654
25 0.192977
26 0.183425
27 0.179412
28 0.181125
29 0.191873
"[DEBUG]index 43 centroid... "
0 0.150824
1 0.157534
2 0.154464
3 0.152839
4 0.176779
5 0.15226
6 0.17145
7 0.154599
8 0.0840487
9 0.153088
10 0.203549
11 0.169951
12 0.205957
13 0.173948
14 0.121656
15 0.166163
16 0.1848
17 0.178127
18 0.195788
19 0.185699
20 0.191668
21 0.179715
22 0.135019
23 0.180008
24 0.177887
25 0.160214
26 0.167625
27 0.166538
28 0.162247
29 0.177174
"[DEBUG]index 44 centroid... "
0 0.160838
1 0.178835
2 0.175481
3 0.180733
4 0.190409
5 0.178838
6 0.198269
7 0.182478
8 0.106343
9 0.109313
10 0.155924
11 0.200948
12 0.216959
13 0.20143
14 0.197276
15 0.196709
16 0.165494
17 0.133416
18 0.111635
19 0.0951828
20 0.127147
21 0.141043
22 0.174655
23 0.176932
24 0.172435
25 0.166285
26 0.160804
27 0.159565
28 0.15729
29 0.1594
"[DEBUG]index 45 centroid... "
0 0.167451
1 0.174842
2 0.161883
3 0.174953
4 0.164227
5 0.163207
6 0.192733
7 0.171513
8 0.0925889
9 0.110017
10 0.147066
11 0.19845
12 0.195899
13 0.159476
14 0.1509
15 0.142096
16 0.157132
17 0.17533
18 0.215045
19 0.180732
20 0.154924
21 0.167873
22 0.138036
23 0.169663
24 0.187959
25 0.173306
26 0.186815
27 0.174956
28 0.181768
29 0.163189
"[DEBUG]index 46 centroid... "
0 0.186542
1 0.178298
2 0.178597
3 0.192122
4 0.192128
5 0.170965
6 0.204401
7 0.206367
8 0.129599
9 0.143951
10 0.158159
11 0.132635
12 0.16336
13 0.179726
14 0.148738
15 0.167088
16 0.187173
17 0.172708
18 0.16412
19 0.199627
20 0.189564
21 0.144576
22 0.179912
23 0.181544
24 0.1683
25 0.181964
26 0.174348
27 0.18467
28 0.177966
29 0.181606
"[DEBUG]index 47 centroid... "
0 0.166601
1 0.163428
2 0.165093
3 0.190673
4 0.194713
5 0.177704
6 0.201223
7 0.182401
8 0.108292
9 0.173419
10 0.186083
11 0.160508
12 0.203617
13 0.187077
14 0.177388
15 0.16133
16 0.144598
17 0.105884
18 0.085246
19 0.122006
20 0.141539
21 0.173662
22 0.17079
23 0.177902
24 0.161863
25 0.160925
26 0.152038
27 0.163369
28 0.158576
29 0.17106
"[DEBUG]index 48 centroid... "
0 0.168874
1 0.168453
2 0.173779
3 0.181532
4 0.187104
5 0.152532
6 0.16911
7 0.154646
8 0.0946964
9 0.146525
10 0.172579
11 0.172427
12 0.184031
13 0.152922
14 0.169888
15 0.164115
16 0.151812
17 0.182742
18 0.176095
19 0.175869
20 0.18318
21 0.166793
22 0.172111
23 0.180132
24 0.181392
25 0.180171
26 0.182347
27 0.171333
28 0.174101
29 0.175788
"[DEBUG]index 49 centroid... "
0 0.143685
1 0.161674
2 0.18478
3 0.169137
4 0.176864
5 0.153578
6 0.17586
7 0.1452
8 0.069873
9 0.155266
10 0.224324
11 0.1938
12 0.181428
13 0.109939
14 0.10902
15 0.181544
16 0.165058
17 0.170709
18 0.205965
19 0.163703
20 0.15316
21 0.210977
22 0.185387
23 0.189872
24 0.186638
25 0.184676
26 0.191299
27 0.196174
28 0.165889
29 0.169869
"[DEBUG]index 50 centroid... "
0 0.181075
1 0.183367
2 0.180817
3 0.188046
4 0.188342
5 0.175923
6 0.211024
7 0.188061
8 0.1105
9 0.162919
10 0.175071
11 0.114509
12 0.174532
13 0.20501
14 0.151015
15 0.17101
16 0.169473
17 0.149794
18 0.182103
19 0.180087
20 0.192367
21 0.185388
22 0.156268
23 0.191061
24 0.199104
25 0.198683
26 0.209195
27 0.194114
28 0.190251
29 0.200881
"[DEBUG]index 51 centroid... "
0 0.172504
1 0.156892
2 0.172805
3 0.179051
4 0.191925
5 0.170023
6 0.196955
7 0.168853
8 0.102729
9 0.12857
10 0.169679
11 0.195635
12 0.199335
13 0.200974
14 0.192647
15 0.178031
16 0.178019
17 0.159929
18 0.150171
19 0.139385
20 0.127836
21 0.142686
22 0.160094
23 0.186007
24 0.181083
25 0.178917
26 0.188703
27 0.175443
28 0.162892
29 0.17598
"[DEBUG]index 52 centroid... "
0 0.154942
1 0.158572
2 0.15939
3 0.183702
4 0.187523
5 0.163573
6 0.192818
7 0.174778
8 0.0913843
9 0.160579
10 0.199663
11 0.152475
12 0.195116
13 0.205988
14 0.168025
15 0.149595
16 0.133249
17 0.166022
18 0.194485
19 0.150189
20 0.184725
21 0.176738
22 0.179599
23 0.167024
24 0.177871
25 0.16948
26 0.167216
27 0.163956
28 0.174959
29 0.158088
"[DEBUG]index 53 centroid... "
0 0.14783
1 0.221139
2 0.189337
3 0.189701
4 0.237899
5 0.165916
6 0.137251
7 0.194387
8 0.172534
9 0.20221
10 0.23793
11 0.287721
12 0.2408
13 0.243341
14 0.186745
15 0.186073
16 0.251766
17 0.224082
18 0.248905
19 0.287161
20 0.145919
21 0.190452
22 0.202113
23 0.180883
24 0.197503
25 0.268808
26 0.2324
27 0.202942
28 0.145299
29 0.172197
"[DEBUG]index 54 centroid... "
0 0.266255
1 0.321989
2 0.224114
3 0.144697
4 0.110144
5 0.0609225
6 0.189502
7 0.253948
8 0.139214
9 0.163037
10 0.128387
11 0.119288
12 0.192384
13 0.170531
14 0.134882
15 0.117317
16 0.172133
17 0.1199
18 0.221111
19 0.259764
20 0.344225
21 0.222742
22 0.252565
23 0.285779
24 0.246524
25 0.311243
26 0.198528
27 0.269428
28 0.167683
29 0.281384
"[DEBUG]index 55 centroid... "
0 0.158306
1 0.191048
2 0.202228
3 0.188155
4 0.196852
5 0.154783
6 0.139335
7 0.179483
8 0.149911
9 0.144041
10 0.18824
11 0.153914
12 0.161809
13 0.118668
14 0.137111
15 0.144922
16 0.143931
17 0.164011
18 0.175716
19 0.259033
20 0.140871
21 0.0648196
22 0.181264
23 0.168436
24 0.199603
25 0.15282
26 0.20747
27 0.178587
28 0.204027
29 0.137731
"[DEBUG]index 56 centroid... "
0 0.189961
1 0.179181
2 0.184482
3 0.185695
4 0.200412
5 0.171018
6 0.209554
7 0.168315
8 0.11753
9 0.175812
10 0.176722
11 0.152619
12 0.174248
13 0.145999
14 0.169987
15 0.179995
16 0.120268
17 0.141874
18 0.209843
19 0.192327
20 0.185836
21 0.181122
22 0.180763
23 0.183067
24 0.207793
25 0.210942
26 0.204017
27 0.189282
28 0.197224
29 0.190483
"[DEBUG]index 57 centroid... "
0 0.157687
1 0.140475
2 0.142781
3 0.146949
4 0.174845
5 0.16965
6 0.166971
7 0.184241
8 0.127868
9 0.088772
10 0.174974
11 0.213167
12 0.184641
13 0.168497
14 0.16667
15 0.112563
16 0.10565
17 0.150749
18 0.158393
19 0.154403
20 0.157163
21 0.165388
22 0.12897
23 0.174201
24 0.166804
25 0.167625
26 0.192671
27 0.17617
28 0.171398
29 0.182878
"[DEBUG]index 58 centroid... "
0 0.168186
1 0.13148
2 0.158143
3 0.1702
4 0.164537
5 0.148508
6 0.17463
7 0.142027
8 0.0753658
9 0.133767
10 0.161398
11 0.17012
12 0.182808
13 0.166086
14 0.20306
15 0.105174
16 0.131001
17 0.15341
18 0.110997
19 0.167834
20 0.187044
21 0.166452
22 0.143057
23 0.157698
24 0.15839
25 0.143497
26 0.167665
27 0.18415
28 0.174999
29 0.167214
"[DEBUG]index 59 centroid... "
0 0.195367
1 0.192766
2 0.195484
3 0.201155
4 0.199735
5 0.184001
6 0.204491
7 0.202421
8 0.155274
9 0.170587
10 0.190004
11 0.171646
12 0.185645
13 0.169415
14 0.156494
15 0.171051
16 0.182142
17 0.180969
18 0.202081
19 0.184162
20 0.14942
21 0.205122
22 0.211848
23 0.195532
24 0.202832
25 0.193276
26 0.191981
27 0.173461
28 0.185973
29 0.187857
"[DEBUG]index 60 centroid... "
0 0.165832
1 0.181312
2 0.164359
3 0.186758
4 0.200299
5 0.159386
6 0.206787
7 0.135621
8 0.136645
9 0.10613
10 0.101305
11 0.161548
12 0.158039
13 0.116003
14 0.108231
15 0.106213
16 0.126831
17 0.141122
18 0.150793
19 0.198146
20 0.160999
21 0.145599
22 0.185969
23 0.213325
24 0.212065
25 0.209754
26 0.210175
27 0.211176
28 0.206543
29 0.173894
"[DEBUG]index 61 centroid... "
0 0.157909
1 0.150043
2 0.145511
3 0.171075
4 0.162415
5 0.158122
6 0.184276
7 0.176536
8 0.122768
9 0.166418
10 0.176133
11 0.182939
12 0.163417
13 0.150862
14 0.167385
15 0.158833
16 0.189173
17 0.224819
18 0.150389
19 0.116726
20 0.0883266
21 0.0894822
22 0.181359
23 0.213778
24 0.164108
25 0.166088
26 0.179921
27 0.161901
28 0.168261
29 0.180919
"[DEBUG]index 62 centroid... "
0 0.150428
1 0.163217
2 0.183038
3 0.181207
4 0.193267
5 0.184259
6 0.17957
7 0.170286
8 0.13154
9 0.15268
10 0.185877
11 0.192602
12 0.184898
13 0.19521
14 0.200284
15 0.161086
16 0.129387
17 0.104401
18 0.119121
19 0.158888
20 0.180945
21 0.195239
22 0.179194
23 0.18079
24 0.161454
25 0.168786
26 0.166988
27 0.17662
28 0.177167
29 0.173539
"[DEBUG]index 63 centroid... "
0 0.218771
1 0.232434
2 0.20357
3 0.206419
4 0.223956
5 0.263099
6 0.222272
7 0.172498
8 0.16545
9 0.176654
10 0.183477
11 0.1692
12 0.163539
13 0.172232
14 0.152825
15 0.243863
16 0.183054
17 0.106005
18 0.170334
19 0.139541
20 0.179384
21 0.224352
22 0.260306
23 0.18636
24 0.219253
25 0.20722
26 0.194005
27 0.205359
28 0.143272
29 0.160384
"[DEBUG]index 64 centroid... "
0 0.156428
1 0.170789
2 0.163502
3 0.167362
4 0.192044
5 0.172874
6 0.222348
7 0.187968
8 0.123724
9 0.0931297
10 0.0933476
11 0.154095
12 0.158992
13 0.194763
14 0.187977
15 0.159693
16 0.181175
17 0.14587
18 0.154092
19 0.156182
20 0.142812
21 0.146515
22 0.153507
23 0.167648
24 0.175963
25 0.177286
26 0.170706
27 0.1615
28 0.163756
29 0.184435
"[DEBUG]index 65 centroid... "
0 0.138765
1 0.155062
2 0.134411
3 0.150805
4 0.153725
5 0.146962
6 0.180066
7 0.138624
8 0.0798472
9 0.0410214
10 0.102709
11 0.172215
12 0.189892
13 0.158692
14 0.138228
15 0.131072
16 0.145531
17 0.168164
18 0.13452
19 0.154527
20 0.166981
21 0.159984
22 0.13231
23 0.181823
24 0.152437
25 0.160633
26 0.140689
27 0.143913
28 0.139382
29 0.148398
"[DEBUG]index 66 centroid... "
0 0.178865
1 0.178177
2 0.169814
3 0.183797
4 0.181499
5 0.174484
6 0.210942
7 0.193767
8 0.115211
9 0.0934953
10 0.0959202
11 0.105413
12 0.135444
13 0.133202
14 0.131564
15 0.133353
16 0.147164
17 0.186882
18 0.160271
19 0.175109
20 0.193819
21 0.149712
22 0.141329
23 0.223306
24 0.180063
25 0.17877
26 0.175137
27 0.168878
28 0.180768
29 0.164283
"[DEBUG]index 67 centroid... "
0 0.153424
1 0.164967
2 0.176716
3 0.178797
4 0.185387
5 0.179252
6 0.206203
7 0.195582
8 0.131925
9 0.166743
10 0.168621
11 0.159369
12 0.18052
13 0.165614
14 0.214218
15 0.226626
16 0.234887
17 0.219666
18 0.153146
19 0.146401
20 0.174597
21 0.202114
22 0.189561
23 0.176658
24 0.149658
25 0.117865
26 0.167607
27 0.177328
28 0.162558
29 0.167941
"[DEBUG]index 68 centroid... "
0 0.185289
1 0.181378
2 0.195
3 0.19514
4 0.189702
5 0.182469
6 0.220583
7 0.230242
8 0.163255
9 0.150006
10 0.177747
11 0.164163
12 0.169524
13 0.22246
14 0.214647
15 0.182581
16 0.164387
17 0.181782
18 0.183321
19 0.171649
20 0.194909
21 0.190409
22 0.20991
23 0.199953
24 0.209323
25 0.204106
26 0.203289
27 0.213433
28 0.217259
29 0.206823
"[DEBUG]index 69 centroid... "
0 0.215293
1 0.202825
2 0.220045
3 0.174014
4 0.200939
5 0.175906
6 0.239033
7 0.12626
8 0.187179
9 0.137051
10 0.134994
11 0.18167
12 0.179475
13 0.195567
14 0.195054
15 0.0961487
16 0.17052
17 0.133992
18 0.158366
19 0.214273
20 0.14531
21 0.100057
22 0.178246
23 0.162727
24 0.181286
25 0.183925
26 0.179417
27 0.206678
28 0.239916
29 0.183518
"[DEBUG]index 70 centroid... "
0 0.165675
1 0.167375
2 0.162761
3 0.181564
4 0.196663
5 0.191087
6 0.211378
7 0.222553
8 0.119758
9 0.109979
10 0.194671
11 0.201801
12 0.156267
13 0.161561
14 0.189947
15 0.176335
16 0.19935
17 0.189535
18 0.150137
19 0.162343
20 0.204321
21 0.219949
22 0.202965
23 0.207644
24 0.189246
25 0.1915
26 0.205438
27 0.187713
28 0.200878
29 0.172161
"[DEBUG]index 71 centroid... "
0 0.15259
1 0.156072
2 0.164504
3 0.168134
4 0.166213
5 0.157365
6 0.171609
7 0.169452
8 0.105379
9 0.150999
10 0.178357
11 0.171018
12 0.188918
13 0.184309
14 0.155854
15 0.149872
16 0.147245
17 0.171668
18 0.178401
19 0.170838
20 0.164218
21 0.154938
22 0.13509
23 0.164016
24 0.155514
25 0.158567
26 0.166618
27 0.167629
28 0.1499
29 0.146783
"[DEBUG]index 72 centroid... "
0 0.165155
1 0.147743
2 0.157138
3 0.153874
4 0.165256
5 0.137425
6 0.184327
7 0.152588
8 0.0992038
9 0.061994
10 0.0598385
11 0.0802763
12 0.130589
13 0.152754
14 0.145087
15 0.124274
16 0.175465
17 0.178539
18 0.141363
19 0.154853
20 0.165733
21 0.168749
22 0.188544
23 0.196136
24 0.216529
25 0.208272
26 0.201692
27 0.186353
28 0.189994
29 0.192393
"[DEBUG]index 73 centroid... "
0 0.168169
1 0.179575
2 0.169671
3 0.192188
4 0.20493
5 0.203449
6 0.201315
7 0.157945
8 0.115362
9 0.133363
10 0.13155
11 0.167296
12 0.187501
13 0.166448
14 0.15074
15 0.204861
16 0.220273
17 0.161659
18 0.189775
19 0.217746
20 0.148362
21 0.2138
22 0.227266
23 0.200968
24 0.197579
25 0.188817
26 0.167606
27 0.175074
28 0.176985
29 0.191988
"[DEBUG]index 74 centroid... "
0 0.185158
1 0.146449
2 0.151418
3 0.157871
4 0.189589
5 0.174767
6 0.175392
7 0.193338
8 0.148385
9 0.181761
10 0.131116
11 0.0733591
12 0.15009
13 0.203557
14 0.171026
15 0.165606
16 0.167599
17 0.174925
18 0.18068
19 0.20388
20 0.201635
21 0.208043
22 0.191619
23 0.218995
24 0.215877
25 0.218838
26 0.230832
27 0.230336
28 0.205919
29 0.200484
"[DEBUG]index 75 centroid... "
0 0.195781
1 0.147155
2 0.19705
3 0.244233
4 0.228143
5 0.198945
6 0.24889
7 0.215978
8 0.147815
9 0.175862
10 0.208547
11 0.227841
12 0.217501
13 0.223493
14 0.180959
15 0.231711
16 0.199743
17 0.193786
18 0.210157
19 0.237268
20 0.210006
21 0.217885
22 0.199401
23 0.184747
24 0.190442
25 0.227398
26 0.19195
27 0.19324
28 0.17267
29 0.182699
"[DEBUG]index 76 centroid... "
0 0.198153
1 0.193767
2 0.18231
3 0.190444
4 0.19408
5 0.173107
6 0.206668
7 0.198807
8 0.171273
9 0.158713
10 0.194885
11 0.16606
12 0.153957
13 0.214323
14 0.175135
15 0.100993
16 0.159907
17 0.20884
18 0.204325
19 0.212429
20 0.196116
21 0.196263
22 0.161399
23 0.17005
24 0.247936
25 0.24844
26 0.226627
27 0.244071
28 0.262961
29 0.251444
"[DEBUG]index 77 centroid... "
0 0.18608
1 0.17384
2 0.186147
3 0.180737
4 0.204422
5 0.184496
6 0.199158
7 0.192936
8 0.124063
9 0.193356
10 0.204227
11 0.152101
12 0.204024
13 0.186449
14 0.127335
15 0.144557
16 0.152272
17 0.136618
18 0.171392
19 0.119792
20 0.158478
21 0.187792
22 0.156061
23 0.172094
24 0.179225
25 0.16446
26 0.17556
27 0.172874
28 0.170757
29 0.195207
"[DEBUG]index 78 centroid... "
0 0.183344
1 0.181182
2 0.158818
3 0.166743
4 0.183738
5 0.156739
6 0.177159
7 0.19075
8 0.160523
9 0.171396
10 0.184457
11 0.189591
12 0.154001
13 0.113527
14 0.14896
15 0.181054
16 0.174285
17 0.170083
18 0.177413
19 0.179951
20 0.180542
21 0.177752
22 0.197736
23 0.204719
24 0.195943
25 0.213345
26 0.221469
27 0.203158
28 0.214568
29 0.219587
"[DEBUG]index 79 centroid... "
0 0.116261
1 0.156729
2 0.184917
3 0.172069
4 0.178652
5 0.169978
6 0.196676
7 0.170209
8 0.100878
9 0.18181
10 0.191222
11 0.225747
12 0.207177
13 0.181357
14 0.212685
15 0.176671
16 0.250814
17 0.153603
18 0.115398
19 0.148809
20 0.193992
21 0.142003
22 0.184473
23 0.158854
24 0.144929
25 0.158701
26 0.194877
27 0.151521
28 0.153468
29 0.165334
"[DEBUG]index 80 centroid... "
0 0.154597
1 0.167247
2 0.170223
3 0.186662
4 0.182939
5 0.158335
6 0.166858
7 0.161588
8 0.101341
9 0.151613
10 0.185255
11 0.184699
12 0.172087
13 0.15916
14 0.169072
15 0.158787
16 0.164312
17 0.168677
18 0.171843
19 0.201507
20 0.184957
21 0.204267
22 0.216188
23 0.193319
24 0.179496
25 0.18487
26 0.194558
27 0.190055
28 0.186181
29 0.174996
"[DEBUG]index 81 centroid... "
0 0.193246
1 0.19757
2 0.207514
3 0.208171
4 0.212408
5 0.184924
6 0.201281
7 0.192726
8 0.14122
9 0.192431
10 0.229993
11 0.222374
12 0.213869
13 0.179107
14 0.232184
15 0.223802
16 0.22045
17 0.18726
18 0.163021
19 0.209314
20 0.231161
21 0.214812
22 0.20983
23 0.209649
24 0.184193
25 0.180897
26 0.195248
27 0.223303
28 0.218223
29 0.224321
"[DEBUG]index 82 centroid... "
0 0.171881
1 0.169827
2 0.20925
3 0.203384
4 0.206022
5 0.18937
6 0.222902
7 0.175
8 0.0847206
9 0.136641
10 0.163495
11 0.172609
12 0.193922
13 0.209651
14 0.142898
15 0.182401
16 0.20843
17 0.178797
18 0.155557
19 0.180608
20 0.217985
21 0.190888
22 0.188099
23 0.19995
24 0.189866
25 0.172021
26 0.181368
27 0.198849
28 0.217257
29 0.215102
"[DEBUG]index 83 centroid... "
0 0.180979
1 0.178772
2 0.182841
3 0.195934
4 0.209798
5 0.181642
6 0.207878
7 0.164996
8 0.115539
9 0.150094
10 0.196703
11 0.221226
12 0.212384
13 0.195578
14 0.21842
15 0.17742
16 0.171776
17 0.214765
18 0.219051
19 0.19757
20 0.196511
21 0.212545
22 0.202641
23 0.175495
24 0.179871
25 0.188865
26 0.178431
27 0.18518
28 0.179666
29 0.180556
"[DEBUG]index 84 centroid... "
0 0.136975
1 0.136006
2 0.137622
3 0.172698
4 0.193554
5 0.150441
6 0.174631
7 0.171908
8 0.0550426
9 0.081804
10 0.122751
11 0.175876
12 0.159041
13 0.144956
14 0.165936
15 0.157902
16 0.160656
17 0.168918
18 0.153239
19 0.187443
20 0.215944
21 0.200628
22 0.201157
23 0.204356
24 0.175575
25 0.187867
26 0.180028
27 0.193346
28 0.200378
29 0.129639
"[DEBUG]index 85 centroid... "
0 0.16444
1 0.159934
2 0.156308
3 0.156854
4 0.176577
5 0.211678
6 0.202928
7 0.218433
8 0.172177
9 0.111071
10 0.17828
11 0.221185
12 0.209949
13 0.191636
14 0.180659
15 0.170182
16 0.170586
17 0.191151
18 0.21044
19 0.20823
20 0.191041
21 0.167815
22 0.193441
23 0.186697
24 0.19963
25 0.196265
26 0.186996
27 0.164857
28 0.193078
29 0.184077
"[DEBUG]index 86 centroid... "
0 0.150134
1 0.158341
2 0.168819
3 0.180559
4 0.180554
5 0.154823
6 0.163028
7 0.153494
8 0.0912575
9 0.135918
10 0.19262
11 0.179007
12 0.175049
13 0.177189
14 0.165262
15 0.176182
16 0.190502
17 0.205295
18 0.215592
19 0.204788
20 0.209304
21 0.223684
22 0.203268
23 0.193406
24 0.194433
25 0.18341
26 0.173073
27 0.170818
28 0.17077
29 0.15901
"[DEBUG]index 87 centroid... "
0 0.184276
1 0.175573
2 0.182617
3 0.161237
4 0.180142
5 0.173666
6 0.177204
7 0.195906
8 0.133437
9 0.163091
10 0.194305
11 0.155304
12 0.165853
13 0.199714
14 0.196894
15 0.198596
16 0.139283
17 0.167308
18 0.173117
19 0.207718
20 0.194197
21 0.132737
22 0.153029
23 0.203406
24 0.195727
25 0.186203
26 0.184554
27 0.187547
28 0.200954
29 0.19517
"[DEBUG]index 88 centroid... "
0 0.156395
1 0.170788
2 0.179878
3 0.17312
4 0.188044
5 0.184311
6 0.212185
7 0.181284
8 0.113297
9 0.0886602
10 0.112804
11 0.198806
12 0.228038
13 0.195696
14 0.192014
15 0.1952
16 0.158372
17 0.127148
18 0.148905
19 0.15447
20 0.188621
21 0.201397
22 0.189542
23 0.194853
24 0.192872
25 0.17661
26 0.179798
27 0.162549
28 0.175813
29 0.177521
"[DEBUG]index 89 centroid... "
0 0.169442
1 0.170615
2 0.150087
3 0.167148
4 0.175893
5 0.161898
6 0.172878
7 0.204918
8 0.100823
9 0.0978477
10 0.193683
11 0.184751
12 0.171334
13 0.13983
14 0.133169
15 0.153488
16 0.162851
17 0.165404
18 0.190359
19 0.153833
20 0.192365
21 0.217533
22 0.208429
23 0.187297
24 0.189441
25 0.20477
26 0.207415
27 0.184402
28 0.194065
29 0.191802
"[DEBUG]index 90 centroid... "
0 0.166583
1 0.181263
2 0.18945
3 0.195626
4 0.195146
5 0.184513
6 0.218305
7 0.213627
8 0.116615
9 0.0919551
10 0.0925731
11 0.0974231
12 0.136429
13 0.117191
14 0.132117
15 0.178304
16 0.172184
17 0.188076
18 0.176161
19 0.19584
20 0.169605
21 0.163431
22 0.185947
23 0.173351
24 0.171617
25 0.202937
26 0.205798
27 0.18936
28 0.205315
29 0.2027
"[DEBUG]index 91 centroid... "
0 0.163045
1 0.156126
2 0.170362
3 0.184681
4 0.169741
5 0.170461
6 0.186439
7 0.177192
8 0.149014
9 0.167756
10 0.196723
11 0.187721
12 0.182506
13 0.156804
14 0.118666
15 0.0816306
16 0.0744885
17 0.0687013
18 0.0894414
19 0.127185
20 0.146007
21 0.170846
22 0.158687
23 0.203291
24 0.160864
25 0.166562
26 0.163904
27 0.164669
28 0.173906
29 0.147548
"[DEBUG]index 92 centroid... "
0 0.17262
1 0.173326
2 0.174422
3 0.172361
4 0.190027
5 0.157256
6 0.163062
7 0.173178
8 0.111585
9 0.15441
10 0.179486
11 0.146977
12 0.213416
13 0.157625
14 0.104691
15 0.0726243
16 0.0716094
17 0.130481
18 0.166735
19 0.175529
20 0.176316
21 0.181137
22 0.151281
23 0.183324
24 0.166306
25 0.173516
26 0.183194
27 0.179465
28 0.188217
29 0.17212
"[DEBUG]index 93 centroid... "
0 0.178482
1 0.19414
2 0.173875
3 0.189364
4 0.174785
5 0.180463
6 0.207602
7 0.18702
8 0.129219
9 0.188695
10 0.21169
11 0.158198
12 0.177258
13 0.180845
14 0.139233
15 0.12628
16 0.202351
17 0.177073
18 0.178174
19 0.154572
20 0.165244
21 0.163995
22 0.160775
23 0.181908
24 0.196979
25 0.1904
26 0.18703
27 0.196234
28 0.200171
29 0.185691
"[DEBUG]index 94 centroid... "
0 0.180232
1 0.174954
2 0.153572
3 0.186764
4 0.194302
5 0.166502
6 0.191744
7 0.171709
8 0.0948284
9 0.133894
10 0.139418
11 0.162058
12 0.193151
13 0.150064
14 0.134922
15 0.204563
16 0.191022
17 0.13731
18 0.152471
19 0.187366
20 0.218016
21 0.212308
22 0.235175
23 0.238562
24 0.203434
25 0.216949
26 0.217205
27 0.210712
28 0.20461
29 0.218251
"[DEBUG]index 95 centroid... "
0 0.162633
1 0.131338
2 0.157912
3 0.169232
4 0.196018
5 0.175189
6 0.201068
7 0.146863
8 0.0794152
9 0.0779711
10 0.136276
11 0.188495
12 0.202183
13 0.161719
14 0.212714
15 0.14684
16 0.138433
17 0.149383
18 0.115216
19 0.144682
20 0.191228
21 0.191964
22 0.154367
23 0.162679
24 0.163945
25 0.175147
26 0.162994
27 0.141065
28 0.166795
29 0.164771
"[DEBUG]index 96 centroid... "
0 0.188948
1 0.178503
2 0.189885
3 0.191974
4 0.189882
5 0.170083
6 0.216074
7 0.225409
8 0.134647
9 0.161301
10 0.191774
11 0.210436
12 0.189329
13 0.194269
14 0.211882
15 0.171915
16 0.186286
17 0.211704
18 0.173227
19 0.163357
20 0.201202
21 0.186779
22 0.164718
23 0.187588
24 0.193694
25 0.190966
26 0.211196
27 0.193196
28 0.176471
29 0.187448
"[DEBUG]index 97 centroid... "
0 0.173283
1 0.166483
2 0.155451
3 0.173956
4 0.177234
5 0.148964
6 0.179698
7 0.174191
8 0.095441
9 0.185175
10 0.1732
11 0.153447
12 0.16338
13 0.15064
14 0.152642
15 0.155901
16 0.177748
17 0.185706
18 0.145428
19 0.149468
20 0.171681
21 0.137462
22 0.165624
23 0.206851
24 0.182052
25 0.167383
26 0.163219
27 0.156439
28 0.143212
29 0.172511
"[DEBUG]index 98 centroid... "
0 0.212603
1 0.20569
2 0.204321
3 0.214833
4 0.215833
5 0.238681
6 0.245363
7 0.248951
8 0.172737
9 0.193449
10 0.235122
11 0.168795
12 0.200049
13 0.231606
14 0.154808
15 0.130431
16 0.180658
17 0.127948
18 0.145121
19 0.237308
20 0.222835
21 0.200762
22 0.243584
23 0.183253
24 0.199035
25 0.221937
26 0.247561
27 0.224529
28 0.205529
29 0.268995
"[DEBUG]index 99 centroid... "
0 0.178407
1 0.165858
2 0.183097
3 0.199549
4 0.197958
5 0.189622
6 0.213162
7 0.202618
8 0.147104
9 0.155465
10 0.182288
11 0.179613
12 0.185393
13 0.20818
14 0.207375
15 0.173584
16 0.215137
17 0.169467
18 0.110215
19 0.189986
20 0.1975
21 0.181456
22 0.196019
23 0.195465
24 0.168692
25 0.173699
26 0.176996
27 0.183716
28 0.176374
29 0.189538
