correlation level (red against blue): 
0.233761
-0.2664
-0.473862
-0.125358
-0.68487
-0.597748
-0.570445
-0.346159
-0.609032
-0.679143
-0.735545
-0.523168
-0.772509
-0.470446
-0.477555
-0.708623
-0.743727
-0.710986
-0.726988
-0.724578
-0.274676
-0.832019
-0.842408
-0.777287
-0.72032
-0.646676
-0.235205
-0.71292
-0.702554
-0.772593
-0.620289
-0.522508
-0.538306
-0.724343
-0.736665
-0.494491
-0.735959
-0.840698
-0.745075
-0.832374
-0.609211
-0.697275
-0.774168
-0.844258
-0.562895
-0.723026
-0.603953
-0.55245
-0.841008
-0.717773
-0.754907
-0.57024
-0.79539
-0.388851
-0.271809
-0.450063
-0.765514
-0.672996
-0.775207
-0.62165
-0.604926
-0.635359
-0.483079
-0.479887
-0.472462
-0.516799
-0.476839
-0.493945
-0.471368
-0.529614
-0.802926
-0.735974
-0.479622
-0.606628
-0.737566
-0.430014
-0.651843
-0.693264
-0.696078
-0.58992
-0.748897
-0.674709
-0.769233
-0.659087
-0.72532
-0.558399
-0.688134
-0.617119
-0.63245
-0.765148
-0.4472
-0.287951
-0.715584
-0.671938
-0.68458
-0.650948
-0.680737
-0.702589
-0.756683
-0.755446
