"[DEBUG]index 0 centroid... "
0 1.21898
1 0.970803
2 0.839416
3 1.43066
4 1.22628
5 1.24818
6 1.74453
7 1.16058
8 2.55474
9 2.66423
10 4.17518
11 4.60584
12 6.86861
13 8.76642
14 11.7591
15 9.29197
16 8.64234
17 7.27737
18 4.91971
19 3.64234
20 4.0219
21 2.86131
22 1.73723
23 1.47445
24 1.57664
25 1.23358
26 1.27007
27 1.15328
28 1.30657
29 1.0073
"[DEBUG]index 1 centroid... "
0 5.95968
1 6.87903
2 6.94355
3 5.56452
4 4.8871
5 4.41935
6 4.16935
7 3.29839
8 8.82258
9 4.23387
10 3.1371
11 1.45161
12 1.46774
13 0.596774
14 0.564516
15 0.306452
16 0.475806
17 0.701613
18 0.508065
19 1.12097
20 2.31452
21 1.81452
22 2.76613
23 2.8871
24 3.25
25 2.94355
26 3.17742
27 3.24194
28 3.49194
29 3.79839
"[DEBUG]index 2 centroid... "
0 2.85846
1 3.16773
2 2.91649
3 2.72399
4 2.8075
5 3.04954
6 2.51522
7 2.12527
8 11.7127
9 4.79052
10 2.6242
11 1.18188
12 0.798301
13 0.808917
14 1.32626
15 2.60085
16 5.29087
17 10.0488
18 20.7735
19 8.9448
20 5.18259
21 2.50955
22 1.32909
23 3.19745
24 3.39066
25 3.11323
26 3.61076
27 3.49965
28 3.41047
29 2.97665
"[DEBUG]index 3 centroid... "
0 4.93636
1 5.72727
2 5.06364
3 4.54545
4 4.28182
5 4.80909
6 4.54545
7 4.2
8 16.3455
9 4.28182
10 3.21818
11 1.26364
12 1.65455
13 2.58182
14 9.25455
15 7.67273
16 8.87273
17 2.93636
18 1.49091
19 0.709091
20 0.3
21 0.609091
22 1.20909
23 5.56364
24 4.27273
25 3.51818
26 3.79091
27 4.30909
28 3.36364
29 3.72727
"[DEBUG]index 4 centroid... "
0 3.50712
1 3.25858
2 2.89632
3 2.74142
4 3.3998
5 3.87636
6 3.24881
7 1.86087
8 23.8688
9 5.31608
10 3.24184
11 1.82696
12 3.68127
13 2.44195
14 8.64178
15 9.55066
16 2.54075
17 1.46832
18 4.00209
19 2.72677
20 5.1976
21 27.7032
22 6.99581
23 3.61638
24 4.13508
25 4.02665
26 3.3945
27 3.48339
28 3.31943
29 3.64527
"[DEBUG]index 5 centroid... "
0 4.02593
1 3.85091
2 3.93882
3 3.71053
4 3.91007
5 3.42009
6 2.97284
7 2.20253
8 22.5491
9 6.06698
10 3.18003
11 5.83746
12 25.5542
13 4.00185
14 2.5371
15 2.00879
16 1.95517
17 2.59801
18 4.87482
19 23.7533
20 6.21589
21 2.98796
22 3.83843
23 3.99912
24 3.29923
25 3.07243
26 3.22697
27 3.4629
28 3.48506
29 3.26354
"[DEBUG]index 6 centroid... "
0 3.15233
1 3.10392
2 3.17343
3 2.60312
4 2.84125
5 3.06768
6 2.12985
7 2.57398
8 19.1911
9 2.90502
10 14.4556
11 17.4483
12 4.97912
13 2.65611
14 1.2668
15 2.32163
16 6.20578
17 6.20876
18 2.4329
19 1.24249
20 2.52764
21 6.0624
22 1.8385
23 2.39367
24 2.43313
25 2.56183
26 2.64005
27 2.38312
28 2.2551
29 2.3159
"[DEBUG]index 7 centroid... "
0 3.96121
1 3.47845
2 3.84483
3 3.41379
4 4.36207
5 3.48276
6 2.9569
7 2.54095
8 15.2802
9 4.42672
10 6.86638
11 3.8556
12 15.7759
13 13.3362
14 4.90517
15 2.14871
16 1.31681
17 0.594828
18 0.678879
19 1.18103
20 1.02371
21 2.18966
22 6.82543
23 2.88793
24 3.46983
25 3.10129
26 2.82328
27 2.60129
28 2.59914
29 2.75
"[DEBUG]index 8 centroid... "
0 4.08277
1 3.85031
2 3.86012
3 3.44497
4 4.10543
5 4.35919
6 3.38323
7 2.56538
8 39.1744
9 5.6491
10 3.17905
11 3.4513
12 3.39519
13 10.8082
14 2.56294
15 12.5208
16 2.74978
17 14.5287
18 2.84126
19 2.62462
20 11.9263
21 3.14761
22 1.31941
23 4.07281
24 4.01363
25 3.50079
26 3.66011
27 3.58154
28 3.57237
29 3.46536
"[DEBUG]index 9 centroid... "
0 5.57192
1 4.74751
2 4.71856
3 4.31133
4 4.54307
5 4.5192
6 3.65608
7 3.02511
8 36.0891
9 5.91905
10 9.80095
11 12.3391
12 4.24066
13 1.36945
14 2.85554
15 15.9363
16 3.08115
17 1.42715
18 3.17829
19 14.7247
20 2.9285
21 1.43566
22 3.662
23 4.76712
24 3.87619
25 4.02086
26 3.89882
27 4.11281
28 3.84257
29 3.68441
"[DEBUG]index 10 centroid... "
0 4.41081
1 4.5561
2 4.15801
3 4.05938
4 4.71658
5 4.86039
6 3.75262
7 2.95161
8 33.3116
9 7.49179
10 3.9958
11 1.8299
12 3.37489
13 15.4807
14 3.48883
15 1.51018
16 3.2928
17 13.8505
18 11.9588
19 3.33551
20 1.84274
21 3.3586
22 16.4815
23 3.83002
24 3.70448
25 4.51278
26 5.06271
27 4.16899
28 3.96679
29 4.12011
"[DEBUG]index 11 centroid... "
0 2.58502
1 2.49188
2 2.41387
3 2.08263
4 2.03965
5 2.38547
6 2.62818
7 2.10218
8 12.1706
9 3.51807
10 13.3458
11 4.32331
12 2.1682
13 2.64994
14 1.14331
15 2.11951
16 5.68185
17 2.30893
18 4.98838
19 8.36997
20 27.221
21 8.25378
22 5.30192
23 2.74235
24 2.76558
25 2.47547
26 2.40852
27 2.53098
28 2.82128
29 2.68738
"[DEBUG]index 12 centroid... "
0 3.80829
1 3.67321
2 3.30833
3 3.18586
4 3.88755
5 3.76444
6 3.56091
7 2.77902
8 27.4335
9 5.29631
10 2.94037
11 2.99637
12 10.607
13 2.9398
14 2.77741
15 5.47629
16 31.5658
17 5.64197
18 2.81159
19 8.64896
20 3.49507
21 2.39695
22 8.28786
23 3.41451
24 3.54035
25 3.56058
26 3.70952
27 3.32168
28 3.32022
29 3.04071
"[DEBUG]index 13 centroid... "
0 3.54102
1 3.44725
2 3.39173
3 2.80321
4 3.11043
5 2.72178
6 3.10796
7 1.92721
8 17.3498
9 3.19371
10 17.826
11 3.17767
12 18.9587
13 4.10056
14 6.54473
15 2.1863
16 2.34608
17 5.09932
18 6.01727
19 2.25601
20 1.21592
21 0.855028
22 1.15299
23 2.27637
24 2.38988
25 2.26403
26 2.39482
27 2.24985
28 2.27329
29 2.15237
"[DEBUG]index 14 centroid... "
0 4.6378
1 4.93742
2 3.9488
3 4.04551
4 4.18837
5 4.39949
6 4.23135
7 3.10809
8 22.3887
9 5.85651
10 3.76106
11 1.59102
12 0.7933
13 1.81985
14 1.6043
15 3.13843
16 14.7807
17 3.72124
18 1.4469
19 1.55499
20 4.08913
21 2.20986
22 12.2769
23 3.41024
24 4.89001
25 4.3622
26 5.12516
27 4.01391
28 4.24336
29 3.76043
"[DEBUG]index 15 centroid... "
0 2.24657
1 2.36993
2 2.30257
3 2.11753
4 1.98501
5 2.57138
6 2.83168
7 1.89683
8 9.54756
9 22.9309
10 8.60246
11 4.2289
12 2.10506
13 4.10301
14 13.2098
15 3.59473
16 1.46395
17 4.472
18 1.98265
19 4.26755
20 1.63606
21 4.56776
22 3.94337
23 2.05663
24 1.96403
25 1.99069
26 2.0194
27 1.85518
28 1.89052
29 1.81054
"[DEBUG]index 16 centroid... "
0 4.20537
1 4.07904
2 3.76681
3 3.42803
4 4.29705
5 4.11892
6 3.41108
7 2.3035
8 34.7236
9 5.89665
10 3.1372
11 1.70765
12 1.64052
13 2.99991
14 3.7322
15 1.26372
16 3.46226
17 1.39375
18 2.83398
19 14.7415
20 2.31219
21 2.82154
22 1.38193
23 4.17831
24 3.39598
25 3.40776
26 3.42366
27 3.70063
28 3.56034
29 3.57059
"[DEBUG]index 17 centroid... "
0 3.94513
1 4.25255
2 4.07232
3 3.59499
4 3.68741
5 3.93583
6 3.36529
7 2.90127
8 28.6653
9 6.32545
10 2.65136
11 14.0238
12 3.47124
13 1.26725
14 1.78338
15 3.72253
16 1.28045
17 3.10779
18 13.8124
19 3.20526
20 2.74217
21 11.1002
22 11.6633
23 2.99173
24 3.68557
25 3.94593
26 3.68075
27 3.75376
28 3.7688
29 3.72782
"[DEBUG]index 18 centroid... "
0 3.48319
1 3.82519
2 3.43083
3 3.07174
4 3.52367
5 3.88759
6 3.49628
7 2.7077
8 23.4253
9 6.54718
10 2.82271
11 8.39855
12 3.27343
13 3.43719
14 7.71341
15 2.35229
16 5.09792
17 29.9313
18 6.67039
19 2.98824
20 6.55284
21 26.9089
22 5.98755
23 3.2374
24 3.94796
25 4.11171
26 4.00928
27 3.90456
28 3.71075
29 3.72473
"[DEBUG]index 19 centroid... "
0 3.40645
1 3.07076
2 2.75658
3 2.83187
4 3.30626
5 3.39202
6 3.31871
7 2.49165
8 18.9926
9 4.80583
10 3.03934
11 2.04727
12 2.43759
13 4.36626
14 23.5627
15 4.74894
16 2.76875
17 6.07472
18 18.7821
19 18.2386
20 4.61279
21 2.58647
22 9.06567
23 3.22983
24 3.15624
25 3.29861
26 3.54571
27 3.61591
28 3.54741
29 3.13162
"[DEBUG]index 20 centroid... "
0 6.35056
1 5.77079
2 5.41685
3 4.80225
4 5.4764
5 5.74719
6 4.22135
7 3.21461
8 24.5416
9 9.01124
10 2.87978
11 4.12135
12 5.33596
13 1.58764
14 0.841573
15 1.36742
16 3.11236
17 15.3225
18 2.88652
19 3.4427
20 1.78427
21 0.723595
22 1.47528
23 4.95056
24 4.61798
25 4.38652
26 4.75955
27 4.65955
28 4.48539
29 4.46854
"[DEBUG]index 21 centroid... "
0 4.05708
1 4.0674
2 3.97528
3 3.53081
4 4.08323
5 4.02158
6 3.28738
7 2.68571
8 43.1614
9 5.4436
10 2.80885
11 13.4985
12 3.83836
13 2.50455
14 3.31886
15 1.36555
16 2.79619
17 3.67236
18 1.31195
19 3.01519
20 11.3527
21 2.54046
22 2.80554
23 3.52245
24 3.58113
25 3.03785
26 3.17154
27 3.09923
28 3.16332
29 3.21125
"[DEBUG]index 22 centroid... "
0 4.19131
1 3.69113
2 3.65626
3 3.66375
4 3.96244
5 4.20529
6 3.82958
7 2.53418
8 28.1672
9 5.01005
10 2.21191
11 8.29228
12 9.57538
13 2.36609
14 4.85353
15 31.8976
16 5.03618
17 2.83948
18 2.02504
19 1.78321
20 2.76399
21 8.6829
22 2.45177
23 3.96033
24 3.78147
25 3.72097
26 3.22742
27 3.13089
28 2.99483
29 2.99236
"[DEBUG]index 23 centroid... "
0 3.6682
1 3.69866
2 3.55178
3 3.46085
4 3.94859
5 3.92875
6 3.13492
7 2.27363
8 25.3795
9 5.18596
10 2.87207
11 3.38217
12 8.12422
13 4.49866
14 28.5932
15 5.00728
16 2.92065
17 1.66724
18 2.57942
19 8.06642
20 2.61486
21 2.40312
22 1.47994
23 3.61575
24 3.20379
25 3.0081
26 2.9419
27 3.05996
28 2.90892
29 2.83388
"[DEBUG]index 24 centroid... "
0 4.2145
1 4.17192
2 3.9784
3 3.70688
4 4.21435
5 4.32209
6 3.53164
7 2.91441
8 40.2529
9 5.56731
10 2.59791
11 12.6328
12 3.10283
13 8.19865
14 2.92611
15 14.4879
16 2.40255
17 2.61023
18 11.7273
19 3.15665
20 1.24307
21 3.12086
22 3.0432
23 3.65346
24 3.46737
25 3.3063
26 3.38507
27 3.38949
28 3.23865
29 3.09367
"[DEBUG]index 25 centroid... "
0 4.55711
1 4.27368
2 4.12961
3 3.44896
4 4.15438
5 4.15418
6 3.19257
7 2.21317
8 38.8558
9 5.44385
10 15.7288
11 2.64771
12 1.54296
13 1.39809
14 3.30867
15 2.94472
16 1.18162
17 3.44142
18 3.52226
19 1.10708
20 2.86628
21 2.92469
22 1.10782
23 3.3343
24 3.15959
25 3.09994
26 3.05988
27 3.14083
28 3.00421
29 3.13652
"[DEBUG]index 26 centroid... "
0 4.25981
1 4.51249
2 4.24982
3 4.12991
4 4.54889
5 4.48037
6 3.58173
7 2.63597
8 22.6788
9 6.70878
10 2.72377
11 1.66667
12 3.63954
13 14.035
14 3.03069
15 1.00999
16 0.94147
17 1.60528
18 3.65667
19 2.47823
20 14.2926
21 2.36902
22 12.4897
23 3.65525
24 4.27909
25 4.27266
26 4.14847
27 3.86724
28 4.5596
29 3.93933
"[DEBUG]index 27 centroid... "
0 2.43123
1 2.46596
2 2.56946
3 2.16076
4 2.08579
5 2.7017
6 2.3075
7 2.34476
8 12.8733
9 3.40225
10 11.1638
11 11.5736
12 4.04623
13 1.93928
14 5.51219
15 2.32636
16 4.04623
17 7.28956
18 27.3848
19 8.33464
20 4.60097
21 2.35189
22 6.15823
23 2.18836
24 2.3144
25 2.24678
26 2.55428
27 2.3673
28 2.64857
29 2.15087
"[DEBUG]index 28 centroid... "
0 3.22755
1 3.29222
2 3.26707
3 2.91784
4 3.28898
5 3.29677
6 2.61305
7 2.29545
8 23.9449
9 5.01629
10 7.69329
11 6.62599
12 5.89485
13 29.316
14 4.96695
15 1.83305
16 7.59976
17 2.36575
18 7.16192
19 2.50084
20 9.13461
21 2.0176
22 8.84647
23 2.82754
24 2.9788
25 2.8321
26 2.91581
27 2.87533
28 2.80623
29 2.53641
"[DEBUG]index 29 centroid... "
0 3.63534
1 3.55095
2 3.2906
3 2.85512
4 3.31124
5 3.43887
6 3.39873
7 2.69654
8 22.187
9 3.78106
10 23.6061
11 4.32269
12 2.75845
13 3.15307
14 5.95519
15 4.01357
16 24.6346
17 5.0889
18 2.65951
19 6.7576
20 8.2106
21 2.44325
22 1.53102
23 3.21979
24 3.21428
25 2.89936
26 2.93484
27 3.24975
28 3.02601
29 2.80071
"[DEBUG]index 30 centroid... "
0 3.17252
1 3.28264
2 2.93157
3 2.863
4 3.38791
5 3.51783
6 2.92475
7 2.09137
8 26.0657
9 6.3145
10 2.70621
11 1.44599
12 3.33207
13 1.25052
14 2.85711
15 0.917541
16 3.06161
17 11.6403
18 2.06188
19 10.0219
20 8.99358
21 1.93838
22 11.2381
23 3.28815
24 3.06122
25 3.47378
26 3.70897
27 3.42265
28 3.35933
29 3.30952
"[DEBUG]index 31 centroid... "
0 5.24792
1 4.77513
2 4.6893
3 4.22393
4 5.05744
5 4.59262
6 3.81286
7 2.58671
8 45.3886
9 6.31553
10 3.83689
11 3.59376
12 20.2101
13 2.40881
14 1.40812
15 3.76299
16 3.66251
17 1.63752
18 3.58823
19 1.71978
20 3.79638
21 3.14762
22 1.62849
23 3.89225
24 3.8877
25 3.49327
26 3.45001
27 3.61033
28 3.51703
29 3.46084
"[DEBUG]index 32 centroid... "
0 2.9977
1 2.66948
2 2.39525
3 2.60092
4 2.71314
5 3.36921
6 3.12524
7 2.28801
8 17.9567
9 4.02221
10 2.29337
11 1.30103
12 1.45998
13 2.33129
14 4.13405
15 18.2286
16 14.8694
17 5.02221
18 6.29414
19 2.30793
20 7.10379
21 6.0046
22 1.98813
23 2.87936
24 3.21792
25 3.20758
26 2.98928
27 2.77173
28 2.70969
29 2.38529
"[DEBUG]index 33 centroid... "
0 3.62873
1 3.5486
2 3.59994
3 2.96293
4 3.12599
5 3.23879
6 3.01723
7 1.99172
8 24.918
9 4.04244
10 28.0382
11 4.26691
12 2.49793
13 3.37971
14 2.96794
15 1.22263
16 1.3566
17 1.17129
18 2.97556
19 7.13739
20 2.1152
21 7.32224
22 2.44506
23 2.93695
24 2.69259
25 2.73457
26 2.53976
27 2.72782
28 2.72235
29 2.65578
"[DEBUG]index 34 centroid... "
0 3.58547
1 3.61651
2 3.67894
3 3.57238
4 4.09466
5 4.46428
6 3.66261
7 2.58146
8 26.5095
9 5.05468
10 3.0411
11 2.05905
12 3.1328
13 6.02611
14 31.3049
15 5.24949
16 2.61848
17 9.7358
18 3.34429
19 1.38356
20 3.31832
21 2.75452
22 8.5683
23 3.65768
24 3.62925
25 3.74319
26 3.52136
27 3.33486
28 3.26019
29 3.3212
"[DEBUG]index 35 centroid... "
0 3.34081
1 3.26729
2 2.9008
3 2.75567
4 2.92567
5 2.7573
6 2.65009
7 1.80364
8 22.1684
9 5.04145
10 6.31553
11 4.8599
12 25.8614
13 4.07012
14 2.04376
15 6.6399
16 2.58473
17 8.12434
18 2.37818
19 7.03302
20 4.90501
21 23.098
22 5.72999
23 2.883
24 3.2253
25 3.14934
26 2.75812
27 2.92336
28 2.87634
29 2.77918
"[DEBUG]index 36 centroid... "
0 3.69678
1 3.82353
2 3.45725
3 3.08638
4 3.12577
5 3.6846
6 3.2428
7 2.37025
8 17.8204
9 21.3236
10 5.78458
11 2.22655
12 10.4229
13 2.52332
14 1.14149
15 1.31417
16 2.60687
17 2.61305
18 1.22787
19 3.07048
20 1.16031
21 2.32344
22 7.47377
23 2.47235
24 2.63672
25 2.65828
26 2.77204
27 2.53127
28 2.52508
29 2.63222
"[DEBUG]index 37 centroid... "
0 3.77585
1 3.80533
2 3.51903
3 3.27582
4 3.66915
5 3.90476
6 3.46763
7 2.56035
8 27.5415
9 5.80091
10 2.93245
11 3.0552
12 2.99771
13 3.12869
14 8.90617
15 2.61882
16 5.76795
17 29.3811
18 5.86575
19 2.68713
20 1.89991
21 3.28076
22 1.43906
23 3.4217
24 3.28155
25 3.18926
26 3.3397
27 3.2309
28 3.03083
29 2.87895
"[DEBUG]index 38 centroid... "
0 4.39076
1 4.13482
2 3.96728
3 3.85627
4 4.60622
5 4.60929
6 4.04732
7 2.77643
8 35.0004
9 6.53856
10 3.12243
11 2.03106
12 4.16734
13 1.28242
14 3.23308
15 16.6952
16 2.96406
17 2.93964
18 14.0663
19 3.7787
20 1.3677
21 3.13346
22 13.4383
23 3.43491
24 4.13401
25 4.4187
26 4.62374
27 3.98646
28 3.96874
29 3.7727
"[DEBUG]index 39 centroid... "
0 3.43712
1 3.5697
2 3.40899
3 3.21792
4 3.5456
5 3.59599
6 3.00032
7 2.3601
8 27.728
9 5.43748
10 2.95875
11 7.89463
12 2.9695
13 7.42088
14 2.24367
15 9.30371
16 8.38393
17 2.91677
18 5.27669
19 33.0722
20 5.66633
21 2.64241
22 3.26598
23 3.8628
24 3.17017
25 3.21069
26 3.31853
27 3.46922
28 3.35379
29 3.05611
"[DEBUG]index 40 centroid... "
0 6.72993
1 6.69592
2 6.48095
3 6
4 6.08503
5 6.2415
6 5.15986
7 3.58503
8 22.1367
9 7.95102
10 2.51565
11 13.6551
12 3.86327
13 3.23197
14 4.04762
15 1.63537
16 0.631973
17 1.29456
18 1.53265
19 4.00544
20 1.12857
21 0.702041
22 1.31905
23 4.33469
24 3.40068
25 3.36871
26 3.35918
27 3.85782
28 3.84626
29 3.37347
"[DEBUG]index 41 centroid... "
0 2.46615
1 2.78618
2 2.7486
3 2.51074
4 2.18231
5 2.58473
6 2.53338
7 1.98401
8 8.34057
9 19.2994
10 4.27848
11 20.7104
12 7.32621
13 3.21394
14 4.03817
15 4.01506
16 1.76225
17 1.20612
18 1.76646
19 1.85142
20 3.28525
21 1.78653
22 0.973039
23 1.95308
24 1.79248
25 1.68966
26 1.75338
27 1.68627
28 1.67495
29 1.62547
"[DEBUG]index 42 centroid... "
0 4.06514
1 4.02752
2 3.48107
3 3.18935
4 3.07473
5 3.6723
6 3.38526
7 2.25802
8 19.4677
9 23.0839
10 5.59467
11 2.41631
12 9.66902
13 2.23744
14 2.55239
15 1.39561
16 2.49116
17 9.09795
18 7.72545
19 2.20184
20 9.16498
21 2.81873
22 1.09202
23 3.05579
24 2.93827
25 2.70159
26 2.76559
27 2.97109
28 2.72153
29 2.56514
"[DEBUG]index 43 centroid... "
0 4.66961
1 4.79303
2 4.48586
3 4.34829
4 5.13015
5 5.02872
6 4.53544
7 3.15695
8 34.0579
9 5.66131
10 3.29818
11 4.26999
12 1.59942
13 3.2981
14 16.4299
15 3.18663
16 1.62352
17 1.82315
18 1.73734
19 4.45688
20 1.35003
21 3.01274
22 12.852
23 3.86767
24 4.0089
25 4.31922
26 4.46779
27 3.69911
28 3.78701
29 3.78195
"[DEBUG]index 44 centroid... "
0 3.66423
1 3.65753
2 3.38448
3 2.91153
4 3.35107
5 3.45194
6 2.97277
7 2.07037
8 32.1553
9 5.35855
10 11.3626
11 2.85612
12 1.47122
13 3.45212
14 1.39314
15 2.70417
16 2.30284
17 13.9929
18 2.42287
19 10.7826
20 2.27531
21 11.5437
22 2.44624
23 3.33167
24 3.10063
25 3.52267
26 3.2454
27 3.42649
28 3.33695
29 3.3811
"[DEBUG]index 45 centroid... "
0 3.6714
1 3.38363
2 3.46866
3 2.97536
4 3.45483
5 3.74489
6 2.75835
7 2.09688
8 33.1704
9 5.07489
10 11.9551
11 2.61329
12 2.82632
13 10.4055
14 2.13668
15 10.2233
16 2.73098
17 2.98043
18 1.36082
19 2.8414
20 11.3232
21 2.12042
22 11.1985
23 3.35538
24 3.64021
25 3.48029
26 3.37678
27 3.11674
28 3.22105
29 3.14962
"[DEBUG]index 46 centroid... "
0 4.3201
1 4.22442
2 4.08718
3 3.74152
4 4.56512
5 4.43981
6 3.58122
7 2.27051
8 42.8795
9 6.38839
10 3.68967
11 3.76505
12 14.0757
13 2.29468
14 13.9877
15 3.10342
16 1.56407
17 3.77783
18 12.821
19 2.85879
20 3.00091
21 12.1953
22 3.31607
23 3.93806
24 4.08946
25 4.12305
26 3.75391
27 3.84897
28 3.75416
29 3.70765
"[DEBUG]index 47 centroid... "
0 3.94034
1 3.92235
2 3.71138
3 3.38265
4 3.84929
5 3.90297
6 3.34263
7 2.70152
8 35.9628
9 5.51122
10 2.80814
11 11.0399
12 3.63245
13 1.30533
14 3.30544
15 2.77781
16 12.6513
17 2.78223
18 13.5863
19 2.51215
20 12.1583
21 2.56474
22 3.11287
23 3.49055
24 3.74417
25 3.27906
26 3.65249
27 3.55573
28 3.58751
29 3.29146
"[DEBUG]index 48 centroid... "
0 3.59025
1 3.50463
2 3.3537
3 3.06197
4 4.09599
5 3.93032
6 3.34972
7 2.3951
8 52.2212
9 4.83717
10 3.24984
11 3.08947
12 3.49065
13 8.80646
14 2.7611
15 2.48372
16 9.78934
17 3.27913
18 3.00149
19 3.00182
20 2.66011
21 8.47856
22 2.68875
23 3.1821
24 3.32061
25 3.40723
26 3.08006
27 3.0218
28 3.01967
29 2.95295
"[DEBUG]index 49 centroid... "
0 5.21011
1 5.05751
2 4.91556
3 5.01895
4 5.76297
5 5.30751
6 4.91024
7 2.97806
8 30.6569
9 5.32713
10 2.64362
11 1.65525
12 3.89694
13 2.29023
14 16.3218
15 2.57713
16 4.1998
17 1.64262
18 0.731383
19 1.23138
20 3.9365
21 2.84774
22 1.0266
23 4.75698
24 4.16689
25 3.72773
26 3.88032
27 3.95346
28 3.74302
29 3.73039
"[DEBUG]index 50 centroid... "
0 4.34382
1 4.25826
2 4.09246
3 3.73567
4 4.32903
5 4.3144
6 3.5934
7 2.67438
8 40.3879
9 6.12673
10 2.76976
11 11.6536
12 14.1045
13 2.2614
14 10.9272
15 2.9859
16 2.60597
17 12.6072
18 3.13782
19 3.4558
20 1.70856
21 3.00803
22 12.1206
23 3.48029
24 3.52198
25 3.936
26 4.03628
27 3.5473
28 3.46261
29 3.37582
"[DEBUG]index 51 centroid... "
0 3.79346
1 3.57678
2 3.82526
3 3.14077
4 3.87604
5 3.97814
6 3.39791
7 2.29869
8 35.2655
9 4.82896
10 13.4007
11 2.93788
12 1.6732
13 3.02321
14 12.9197
15 2.30662
16 3.18012
17 2.75094
18 14.309
19 2.5394
20 10.6344
21 2.36293
22 12.2586
23 3.20049
24 3.78995
25 3.42202
26 3.88695
27 3.38762
28 3.65139
29 3.30739
"[DEBUG]index 52 centroid... "
0 5.62695
1 5.55556
2 4.88612
3 4.47126
4 5.34649
5 5.10756
6 4.55705
7 3.59705
8 35.2937
9 6.40805
10 2.69771
11 15.3263
12 4.15829
13 1.29268
14 4.20164
15 3.7368
16 13.8094
17 3.40115
18 1.46531
19 4.29103
20 1.36922
21 3.48736
22 1.40465
23 4.58488
24 4.20557
25 3.92521
26 3.80431
27 3.88813
28 3.78524
29 3.58547
"[DEBUG]index 53 centroid... "
0 4.04626
1 3.8968
2 3.26453
3 3.12337
4 3.64057
5 3.55516
6 3.49822
7 1.86358
8 16.624
9 4.86477
10 2.78173
11 1.42467
12 0.788849
13 0.627521
14 1
15 3.17675
16 1.00356
17 1.48043
18 2.86833
19 5.34282
20 16.8648
21 6.36655
22 2.47687
23 3.76394
24 4.24792
25 3.67141
26 3.57414
27 4.20878
28 4.37129
29 3.55991
"[DEBUG]index 54 centroid... "
0 6.30258
1 5.30996
2 5.84502
3 5.85609
4 5.27306
5 5.42435
6 4.56089
7 3.51292
8 15.7159
9 5.57196
10 2.35793
11 10.8561
12 3.61255
13 1.33579
14 1.21033
15 5.46125
16 1.0369
17 1.50185
18 0.785978
19 0.357934
20 0.767528
21 1.2583
22 3.69742
23 3.83764
24 3.75646
25 3.8524
26 3.57565
27 3.54613
28 3.38745
29 3.85978
"[DEBUG]index 55 centroid... "
0 3.92969
1 3.32812
2 3.60469
3 3.10078
4 3.51094
5 3.29609
6 3.06875
7 1.88984
8 18.2258
9 5.05859
10 2.20391
11 8.16562
12 8.88906
13 2.09922
14 1.00234
15 2.97578
16 1.24141
17 0.65
18 1.37812
19 2.54453
20 6.51328
21 18.9656
22 6.20312
23 3.06562
24 3.76016
25 3.94453
26 3.09844
27 3.025
28 3.28437
29 3.4625
"[DEBUG]index 56 centroid... "
0 4.47315
1 4.38154
2 4.32046
3 3.9991
4 4.09711
5 4.60299
6 3.45549
7 3.06058
8 31.0123
9 5.87605
10 2.95459
11 11.8475
12 2.82754
13 12.7198
14 2.98263
15 2.3508
16 10.1082
17 15.0267
18 2.27944
19 1.50359
20 3.62136
21 1.22725
22 3.33413
23 3.60299
24 3.43244
25 3.62006
26 3.66916
27 3.33453
28 3.18064
29 3.22246
"[DEBUG]index 57 centroid... "
0 2.62777
1 2.76772
2 2.61018
3 2.12328
4 2.21542
5 2.6155
6 2.9782
7 2.11431
8 9.36857
9 23.2052
10 7.97326
11 3.63418
12 2.62869
13 1.30445
14 1.68694
15 3.59681
16 14.4574
17 3.3006
18 5.39439
19 2.15168
20 1.13519
21 2.01575
22 4.63913
23 1.79795
24 2.2048
25 2.47811
26 2.55615
27 2.27826
28 2.07437
29 2.02033
"[DEBUG]index 58 centroid... "
0 4.33079
1 3.97615
2 3.57101
3 3.64219
4 3.94655
5 4.37907
6 3.62833
7 2.59215
8 29.0617
9 5.92846
10 3.0417
11 1.19147
12 3.59944
13 9.48866
14 2.34982
15 11.0332
16 12.246
17 2.22894
18 13.7203
19 2.57477
20 3.10361
21 1.19735
22 2.9489
23 3.5252
24 3.79596
25 3.5642
26 3.77998
27 3.36521
28 3.31528
29 3.13027
"[DEBUG]index 59 centroid... "
0 3.8018
1 3.57668
2 3.36543
3 3.14227
4 3.62395
5 3.71506
6 3.14213
7 1.78625
8 29.1105
9 5.55304
10 3.24708
11 3.30193
12 11.9751
13 2.77391
14 7.97154
15 2.63282
16 10.6191
17 3.3369
18 3.11778
19 5.52869
20 31.7305
21 6.14556
22 3.16695
23 4.02979
24 4.24225
25 3.32807
26 3.41259
27 3.41442
28 3.62277
29 3.124
"[DEBUG]index 60 centroid... "
0 2.96399
1 2.62109
2 2.869
3 2.619
4 2.67328
5 3.38518
6 2.79123
7 2.13831
8 14.2192
9 3.40814
10 15.7709
11 3.89353
12 3.96399
13 15.6931
14 3.81994
15 16.0449
16 4.09081
17 5.16806
18 2.20981
19 1.30793
20 1.00418
21 1.95981
22 4.80585
23 2.4024
24 2.37161
25 2.35647
26 2.29906
27 2.36169
28 2.21086
29 2.11117
"[DEBUG]index 61 centroid... "
0 3.12765
1 3.06563
2 2.81132
3 2.71813
4 3.02855
5 3.11747
6 3.05152
7 2.11567
8 18.3844
9 5.86038
10 3.07203
11 1.75701
12 3.30632
13 8.48942
14 2.61526
15 1.45283
16 3.24217
17 2.57096
18 5.13519
19 23.5004
20 4.021
21 21.6266
22 6.02067
23 3.11337
24 3.63741
25 3.38573
26 3.03757
27 3.54241
28 3.55882
29 3.49861
"[DEBUG]index 62 centroid... "
0 4.61175
1 4.19183
2 4.01001
3 3.71102
4 4.52989
5 4.34574
6 3.76978
7 2.75367
8 31.5713
9 6.11065
10 2.84259
11 1.96983
12 4.48828
13 1.19162
14 2.73262
15 15.3651
16 2.74434
17 12.0108
18 2.55437
19 14.0558
20 2.42726
21 1.41889
22 1.51769
23 4.459
24 3.74332
25 3.94975
26 3.90217
27 4.32086
28 3.7791
29 3.68346
"[DEBUG]index 63 centroid... "
0 2.13563
1 2.00883
2 1.79454
3 1.71027
4 1.74398
5 2.59952
6 1.90931
7 1.85875
8 8.60674
9 4.27849
10 2.05939
11 1.98074
12 4.32022
13 4.46629
14 1.85474
15 3.05136
16 7.74799
17 16.6573
18 12.0425
19 12.5626
20 16.1573
21 7.30979
22 3.94864
23 2.57705
24 2.2801
25 2.4687
26 2.48234
27 2.96629
28 2.69101
29 2.31862
"[DEBUG]index 64 centroid... "
0 3.4476
1 3.53397
2 3.4911
3 3.07718
4 3.4493
5 3.45301
6 2.73041
7 2.11506
8 38.1003
9 5.06858
10 10.8741
11 2.73886
12 14.8132
13 2.31729
14 2.41684
15 9.27995
16 2.44579
17 9.8561
18 10.4984
19 2.46985
20 10.7633
21 2.46768
22 10.749
23 3.20324
24 3.48478
25 3.35092
26 3.68648
27 3.23989
28 3.38566
29 3.23761
"[DEBUG]index 65 centroid... "
0 3.4731
1 3.19937
2 3.51692
3 2.99393
4 3.08296
5 3.37566
6 2.9863
7 2.01937
8 20.7089
9 3.56799
10 23.1622
11 3.93778
12 2.59108
13 1.40442
14 2.50558
15 9.12228
16 2.51497
17 1.20446
18 1.47623
19 1.40736
20 2.06183
21 6.62786
22 7.28625
23 2.53492
24 2.98141
25 3.14987
26 2.88593
27 2.62884
28 2.66464
29 2.62473
"[DEBUG]index 66 centroid... "
0 3.6144
1 3.46468
2 3.51763
3 2.90201
4 3.5345
5 3.36298
6 2.98797
7 1.93728
8 34.581
9 4.69861
10 12.7587
11 2.45954
12 13.8595
13 2.28936
14 10.6754
15 2.13203
16 10.7562
17 1.92113
18 11.1742
19 9.89635
20 2.28103
21 8.46108
22 11.8017
23 3.069
24 3.49409
25 3.60185
26 3.39548
27 3.27589
28 3.41152
29 3.17316
"[DEBUG]index 67 centroid... "
0 4.36954
1 4.06167
2 3.83491
3 3.71158
4 3.57448
5 3.54934
6 3.10389
7 2.52894
8 19.4165
9 5.47249
10 2.58966
11 10.9654
12 2.84298
13 1.00522
14 0.749051
15 1.29459
16 2.89848
17 2.86954
18 5.46916
19 20.6347
20 6.26518
21 2.91319
22 1.43928
23 4.24146
24 3.48292
25 3.12571
26 3.38567
27 3.85816
28 3.63472
29 3.3444
"[DEBUG]index 68 centroid... "
0 4.06994
1 4.06582
2 3.94788
3 3.81866
4 3.95168
5 3.5898
6 3.11472
7 2.33581
8 31.4145
9 6.20885
10 3.31291
11 6.07941
12 35.563
13 4.69428
14 2.61992
15 3.23411
16 8.59051
17 7.72018
18 2.39358
19 7.91856
20 3.23508
21 3.14281
22 1.72746
23 3.729
24 3.24042
25 3.16807
26 3.19239
27 3.30012
28 3.13063
29 2.93931
"[DEBUG]index 69 centroid... "
0 2.61732
1 3.00339
2 2.86164
3 2.44654
4 2.68312
5 3.18529
6 3.17223
7 2.72521
8 17.0329
9 3.7731
10 17.8268
11 4.80455
12 2.7165
13 5.20561
14 4.51137
15 17.0779
16 4.14224
17 4.37736
18 19.6168
19 5.19013
20 4.01887
21 19.4296
22 5.7852
23 2.42332
24 3.19981
25 3.36865
26 2.93759
27 3.05467
28 3.06386
29 2.82438
"[DEBUG]index 70 centroid... "
0 3.5285
1 3.45587
2 3.19222
3 3.01745
4 2.90691
5 3.35547
6 3.02549
7 2.24712
8 18.6579
9 22.2703
10 6.46976
11 2.33647
12 2.62616
13 8.50959
14 1.88471
15 2.46245
16 1.27864
17 2.37584
18 7.57354
19 7.16956
20 2.22629
21 1.16563
22 2.56185
23 2.67532
24 2.45916
25 2.42162
26 2.54851
27 2.68628
28 2.53737
29 2.40526
"[DEBUG]index 71 centroid... "
0 3.97791
1 3.90599
2 3.60613
3 3.25317
4 4.22514
5 3.98068
6 3.50587
7 2.35561
8 38.5882
9 5.31527
10 2.97742
11 3.34917
12 4.27235
13 1.1906
14 3.35022
15 1.16183
16 3.32742
17 1.31322
18 3.70957
19 1.3825
20 2.98801
21 2.26235
22 14.2203
23 2.70197
24 3.35631
25 3.38228
26 3.83384
27 3.12645
28 3.30061
29 3.25696
"[DEBUG]index 72 centroid... "
0 4.67952
1 3.96755
2 4.32531
3 3.44674
4 4.23723
5 3.90619
6 3.616
7 2.21099
8 31.5081
9 4.78625
10 12.75
11 2.66196
12 14.1494
13 2.21868
14 10.8579
15 9.73821
16 3.14224
17 1.29118
18 2.96873
19 1.18919
20 3.03699
21 1.07556
22 2.82985
23 3.5287
24 3.43697
25 2.9783
26 3.07378
27 3.03896
28 2.92977
29 2.77165
"[DEBUG]index 73 centroid... "
0 3.45498
1 3.2381
2 3.34168
3 2.85511
4 3.10314
5 3.67276
6 2.87497
7 2.26021
8 18.466
9 3.2548
10 19.5387
11 5.32972
12 2.78402
13 5.18235
14 21.2762
15 4.09479
16 2.64297
17 1.92033
18 2.70481
19 4.63665
20 17.3193
21 5.31212
22 2.69533
23 3.58271
24 3.57684
25 2.94268
26 3.00609
27 2.97111
28 2.97179
29 2.96141
"[DEBUG]index 74 centroid... "
0 2.87162
1 3.11873
2 2.97306
3 2.68529
4 2.64546
5 2.80743
6 2.12073
7 2.28927
8 15.1205
9 3.27871
10 7.72553
11 26.4245
12 8.98786
13 3.30481
14 2.65511
15 1.40642
16 1.24029
17 1.91744
18 4.98478
19 2.16638
20 1.32602
21 2.09894
22 4.69618
23 1.98262
24 2.01796
25 2.03201
26 2.18517
27 2.2008
28 2.06685
29 2.00358
"[DEBUG]index 75 centroid... "
0 5.3911
1 4.961
2 4.59382
3 4.13613
4 4.94224
5 5.14349
6 3.88595
7 2.63871
8 26.2421
9 8.09308
10 2.7947
11 1.64901
12 5.1365
13 1.50405
14 0.891832
15 1.28477
16 2.58131
17 15.1325
18 3.26233
19 1.34474
20 3.85063
21 14.2075
22 2.695
23 4.21155
24 4.58867
25 4.86424
26 4.3337
27 4.62252
28 4.33664
29 4.78514
"[DEBUG]index 76 centroid... "
0 3.10071
1 2.88893
2 2.76607
3 2.88
4 3.17429
5 3.12429
6 2.90786
7 2.31107
8 12.0239
9 4.24857
10 1.75964
11 4.42893
12 14.3604
13 3.32571
14 7.13964
15 23.2714
16 8.63179
17 4.29214
18 2.59857
19 2.645
20 1.21571
21 0.690357
22 1.19964
23 2.7725
24 2.69393
25 2.37929
26 2.5925
27 2.50786
28 2.35893
29 2.13964
"[DEBUG]index 77 centroid... "
0 3.53966
1 3.51663
2 3.63359
3 3.45671
4 3.75361
5 4.14214
6 3.40726
7 2.79414
8 36.545
9 5.69336
10 2.3778
11 12.6811
12 3.28626
13 2.16847
14 10.559
15 10.9474
16 2.4629
17 11.4514
18 2.56847
19 11.8742
20 9.75865
21 2.36121
22 11.2755
23 3.89286
24 3.41766
25 3.80561
26 3.83285
27 3.35988
28 3.55138
29 3.28163
"[DEBUG]index 78 centroid... "
0 2.53756
1 2.58346
2 2.65038
3 2.65635
4 2.85121
5 2.71917
6 2.26897
7 1.82916
8 13.2291
9 4.4852
10 2.31196
11 4.45359
12 8.34374
13 30.0342
14 7.04067
15 3.52958
16 2.25345
17 5.39928
18 1.70718
19 1.88653
20 1.88295
21 4.76743
22 2.10406
23 2.31157
24 2.27146
25 2.16056
26 2.02576
27 2.02947
28 2.03291
29 1.97241
"[DEBUG]index 79 centroid... "
0 4.76254
1 4.67022
2 4.23391
3 4.17266
4 4.39103
5 3.99512
6 3.83178
7 2.50422
8 27.6933
9 7.17754
10 2.75499
11 3.47537
12 1.00976
13 3.33555
14 1.1518
15 0.628939
16 0.992455
17 2.59743
18 14.7625
19 2.31336
20 3.12872
21 2.89747
22 2.79672
23 3.7328
24 3.7723
25 4.09099
26 4.28273
27 4.07013
28 3.83577
29 3.8522
"[DEBUG]index 80 centroid... "
0 5.61604
1 5.25422
2 4.8566
3 4.56538
4 5.51478
5 5.44441
6 4.25875
7 2.92546
8 33.1124
9 7.37658
10 3.81591
11 1.58497
12 3.58606
13 15.5926
14 3.41932
15 3.10906
16 1.22169
17 4.5201
18 3.61018
19 1.24037
20 1.294
21 3.00937
22 1.26401
23 4.23022
24 3.76344
25 3.79808
26 3.73393
27 3.73889
28 3.61792
29 3.59942
"[DEBUG]index 81 centroid... "
0 3.95368
1 4.18266
2 3.83937
3 3.67709
4 4.19746
5 3.97998
6 3.50474
7 2.62461
8 22.4481
9 6.57522
10 3.50332
11 3.07013
12 5.81166
13 24.7749
14 6.4705
15 2.89813
16 3.25942
17 6.34648
18 25.9914
19 5.86828
20 2.8697
21 3.57652
22 1.86555
23 3.7638
24 3.76025
25 3.45925
26 3.50829
27 3.49988
28 3.32161
29 3.24935
"[DEBUG]index 82 centroid... "
0 4.19878
1 3.84522
2 3.85774
3 3.3351
4 4.00273
5 4.39981
6 3.35212
7 2.44669
8 34.4025
9 4.75273
10 13.2254
11 2.94958
12 1.49326
13 2.83895
14 12.5116
15 11.0517
16 2.7044
17 2.90254
18 12.6612
19 11.2063
20 2.0509
21 3.07691
22 1.30299
23 4.18176
24 3.74005
25 3.66924
26 3.54046
27 3.8123
28 3.60613
29 3.06872
"[DEBUG]index 83 centroid... "
0 5.45042
1 5.08955
2 4.45332
3 4.33143
4 5.41335
5 5.09682
6 4.57295
7 2.93969
8 32.11
9 6.62592
10 3.96921
11 1.74329
12 4.96116
13 1.78425
14 1.4226
15 3.43171
16 17.9689
17 4.03107
18 1.68129
19 3.74873
20 15.7144
21 2.67938
22 1.4774
23 4.98863
24 5.51547
25 4.53722
26 4.53312
27 4.68588
28 4.72309
29 4.53425
"[DEBUG]index 84 centroid... "
0 6.1404
1 5.76096
2 5.17565
3 4.72601
4 5.37411
5 5.21031
6 4.28732
7 3.35012
8 23.5438
9 5.47393
10 14.0957
11 2.90403
12 1.59538
13 4.62204
14 1.28288
15 1.20646
16 4.78051
17 1.06605
18 3.58205
19 1.39514
20 0.603673
21 1.40669
22 1.25
23 3.59716
24 3.38981
25 3.33975
26 3.28584
27 3.37263
28 3.47008
29 3.37204
"[DEBUG]index 85 centroid... "
0 2.38978
1 2.50303
2 2.25076
3 2.12568
4 1.91995
5 2.52426
6 2.46938
7 1.8346
8 9.28123
9 20.9553
10 7.69193
11 4.36795
12 2.27229
13 1.04533
14 2.06019
15 0.849606
16 1.67116
17 5.35264
18 2.27032
19 1.80337
20 4.1222
21 11.3085
22 3.75637
23 1.98181
24 2.25243
25 2.19451
26 2.14554
27 2.10976
28 2.11537
29 2.12705
"[DEBUG]index 86 centroid... "
0 5.08537
1 4.76292
2 4.3815
3 3.91243
4 5.27426
5 4.75088
6 4.09878
7 2.72698
8 41.5489
9 6.07557
10 2.72614
11 1.56732
12 1.36222
13 2.66064
14 1.11591
15 3.35735
16 1.08312
17 3.58764
18 1.0789
19 3.07537
20 2.62606
21 0.916037
22 2.72589
23 3.37234
24 3.07801
25 3.18627
26 3.28312
27 3.38834
28 3.33948
29 3.38678
"[DEBUG]index 87 centroid... "
0 3.97052
1 3.64733
2 3.77312
3 3.35363
4 3.69673
5 3.58147
6 2.88149
7 2.02164
8 27.8388
9 5.35803
10 2.17729
11 10.8907
12 12.367
13 10.0482
14 2.27379
15 1.11469
16 2.96018
17 3.13
18 2.97166
19 1.16293
20 3.09439
21 9.9933
22 10.8466
23 2.96381
24 3.36014
25 3.69424
26 3.45874
27 2.83458
28 3.03638
29 3.14991
"[DEBUG]index 88 centroid... "
0 4.05992
1 3.96377
2 3.88398
3 3.30842
4 3.38348
5 3.65907
6 3.54624
7 2.48807
8 27.1729
9 4.62348
10 30.1783
11 4.11915
12 2.62135
13 2.04946
14 3.52786
15 1.36712
16 3.21254
17 10.2038
18 2.73572
19 7.74449
20 3.10114
21 1.34863
22 3.23124
23 3.31793
24 2.76409
25 3.02523
26 3.1974
27 3.07857
28 3.08563
29 2.91129
"[DEBUG]index 89 centroid... "
0 3.47277
1 3.28675
2 3.08306
3 3.03855
4 2.92212
5 3.79865
6 3.42973
7 2.43441
8 17.818
9 20.1364
10 5.03836
11 2.36043
12 1.42856
13 2.20398
14 7.76274
15 1.84599
16 7.73678
17 2.3741
18 1.14064
19 2.53679
20 2.37468
21 0.868241
22 2.00634
23 2.5408
24 2.46594
25 2.35741
26 2.4514
27 2.35624
28 2.41431
29 2.16338
"[DEBUG]index 90 centroid... "
0 4.25878
1 3.98053
2 3.68362
3 3.16175
4 4.06903
5 3.79259
6 3.2955
7 2.10947
8 34.8059
9 4.68704
10 12.9752
11 2.34788
12 14.3177
13 2.44321
14 11.3091
15 2.12272
16 9.62101
17 11.3048
18 2.71011
19 1.37146
20 3.01485
21 11.0044
22 2.55659
23 3.55469
24 3.94762
25 4.12081
26 3.63406
27 3.49779
28 3.18272
29 3.25256
"[DEBUG]index 91 centroid... "
0 3.46806
1 3.58813
2 3.26526
3 3.06796
4 3.6076
5 3.83566
6 3.23293
7 2.36117
8 29.8492
9 5.73599
10 2.86737
11 1.52315
12 2.93737
13 11.1796
14 2.2447
15 12.4765
16 2.24517
17 14.6078
18 2.30325
19 12.1149
20 2.13122
21 10.3337
22 9.80035
23 3.49663
24 3.44514
25 4.11662
26 3.67368
27 3.78936
28 3.49223
29 3.469
"[DEBUG]index 92 centroid... "
0 3.25112
1 3.2064
2 3.18177
3 3.01639
4 3.43778
5 3.52987
6 3.52678
7 2.69301
8 21.4003
9 4.50069
10 2.63122
11 6.26124
12 2.50961
13 4.13354
14 26.2262
15 3.75953
16 24.324
17 4.33771
18 7.57072
19 2.84629
20 2.92242
21 2.52034
22 6.88208
23 2.98378
24 3.52781
25 3.20125
26 3.32381
27 2.87427
28 2.93572
29 2.84724
"[DEBUG]index 93 centroid... "
0 3.40621
1 3.27767
2 3.44071
3 3.22979
4 3.20027
5 3.55792
6 2.9885
7 2.84924
8 21.0207
9 4.47812
10 4.23786
11 25.0057
12 6.88013
13 2.18011
14 5.48902
15 24.804
16 4.1602
17 2.27639
18 6.86013
19 2.68286
20 6.98721
21 2.49683
22 7.67616
23 3.11653
24 3.24481
25 3.11001
26 3.18706
27 2.84735
28 2.88373
29 2.71581
"[DEBUG]index 94 centroid... "
0 4.11364
1 3.87918
2 4.06577
3 3.5732
4 3.81653
5 4.0293
6 2.78124
7 2.40569
8 32.2047
9 4.60638
10 11.7584
11 9.73244
12 2.32683
13 9.31856
14 12.4225
15 1.97518
16 1.1882
17 3.02828
18 2.6768
19 1.08224
20 2.40248
21 2.60014
22 2.29137
23 2.91135
24 2.80412
25 2.69487
26 2.77035
27 2.55665
28 2.54281
29 2.47459
"[DEBUG]index 95 centroid... "
0 4.47365
1 4.13271
2 3.78047
3 3.52835
4 3.89376
5 4.03706
6 3.28824
7 2.42318
8 32.0016
9 5.27718
10 15.0814
11 2.54529
12 1.702
13 3.36482
14 1.21918
15 2.79541
16 13.9256
17 2.44718
18 11.8156
19 11.0305
20 2.93047
21 1.444
22 3.79671
23 3.97388
24 3.57894
25 3.75318
26 4.09047
27 3.94871
28 3.61918
29 3.604
"[DEBUG]index 96 centroid... "
0 4.36039
1 4.1654
2 4.03403
3 3.92649
4 4.48583
5 4.43863
6 3.35277
7 2.48246
8 40.4848
9 6.11473
10 3.49423
11 3.49443
12 15.657
13 8.73667
14 2.29615
15 13.2355
16 3.41218
17 1.45721
18 3.46527
19 14.3672
20 2.85936
21 2.87519
22 13.14
23 4.17501
24 3.88672
25 4.03065
26 4.142
27 3.89613
28 3.83098
29 3.676
"[DEBUG]index 97 centroid... "
0 3.45467
1 3.78363
2 3.69932
3 3.11539
4 3.59602
5 3.71141
6 2.69622
7 2.61694
8 31.1732
9 5.63128
10 2.66367
11 12.8075
12 2.82773
13 10.6452
14 2.55332
15 2.67847
16 1.36996
17 3.14577
18 2.70622
19 13.2627
20 2.26565
21 9.75759
22 10.7344
23 3.46017
24 3.25659
25 3.6553
26 3.54177
27 3.32347
28 3.31417
29 3.47334
"[DEBUG]index 98 centroid... "
0 3.05526
1 3.13399
2 3.07255
3 2.95184
4 2.89688
5 3.09663
6 2.92282
7 2.4523
8 17.9098
9 4.84347
10 1.94165
11 6.74066
12 7.02254
13 1.6218
14 5.13399
15 21.514
16 3.24359
17 16.6354
18 15.9308
19 4.44427
20 5.71504
21 2.75949
22 1.3038
23 3.05496
24 3.15684
25 2.79006
26 3.04446
27 3.10404
28 2.89935
29 2.6715
"[DEBUG]index 99 centroid... "
0 3.75218
1 3.60735
2 3.36855
3 3.18787
4 3.37473
5 3.34219
6 2.90057
7 2.29666
8 26.7475
9 6.18993
10 3.34431
11 3.10489
12 10.4809
13 2.54501
14 1.41499
15 3.55603
16 3.15896
17 5.90234
18 30.5327
19 5.55076
20 2.77922
21 8.74603
22 3.36659
23 3.01949
24 3.31864
25 3.53977
26 3.32809
27 3.53294
28 3.3955
29 3.26859
