"[DEBUG]index 0 centroid... "
0 0.372917
1 0.394544
2 0.421781
3 0.259636
4 0.325658
5 0.19861
6 0.113675
7 0.155254
8 0.0796886
9 0.0616184
10 -0.0926754
11 -0.00943421
12 0.110838
13 0.0503816
14 0.0124342
15 0.0499649
16 0.0636667
17 -0.0134167
18 -0.00850877
19 0.0451754
20 -0.0382851
21 0.100947
22 0.239368
23 0.0980351
24 0.160904
25 0.271877
26 0.343347
27 0.323807
28 0.540645
29 0.478759
"[DEBUG]index 1 centroid... "
0 -0.0163231
1 0.0682923
2 0.248577
3 0.174977
4 0.230923
5 0.128723
6 0.107277
7 0.403038
8 0.0118462
9 0.166461
10 0.341669
11 0.351154
12 0.2193
13 0.172785
14 0.195908
15 0.243923
16 0.284423
17 0.297161
18 0.503469
19 0.496754
20 0.322931
21 0.440923
22 0.442054
23 0.327377
24 0.234377
25 0.365131
26 0.255677
27 0.320838
28 0.338346
29 0.205677
"[DEBUG]index 2 centroid... "
0 0.14165
1 0.109725
2 0.164438
3 0.115424
4 0.186968
5 0.146757
6 0.142597
7 0.135087
8 0.0917112
9 0.203147
10 0.18814
11 0.196614
12 0.14721
13 0.151156
14 0.101607
15 0.12199
16 0.0810308
17 0.0460889
18 0.0513418
19 0.0228547
20 0.106764
21 0.0991983
22 0.0571846
23 0.0851573
24 0.0737949
25 0.136166
26 0.0921385
27 0.134795
28 0.0958974
29 0.182467
"[DEBUG]index 3 centroid... "
0 0.141935
1 0.0598043
2 0.238543
3 0.22237
4 0.518565
5 -0.111696
6 0.472565
7 0.0566957
8 -0.0514783
9 0.310674
10 0.33937
11 0.276478
12 0.162891
13 0.173543
14 0.36613
15 0.00241304
16 0.404261
17 0.505239
18 0.206239
19 -0.00619563
20 0.419065
21 0.220478
22 0.293826
23 0.51
24 0.14287
25 0.587935
26 0.0904565
27 0.483543
28 0.301174
29 0.464935
"[DEBUG]index 4 centroid... "
0 0.141215
1 0.116137
2 0.118409
3 0.0814909
4 0.148677
5 0.0970094
6 0.202931
7 0.142593
8 0.0965127
9 0.17983
10 0.163843
11 0.100248
12 0.115051
13 0.186862
14 0.143741
15 0.172294
16 0.126937
17 0.145483
18 0.12466
19 0.175006
20 0.137359
21 0.0895126
22 0.134211
23 0.224753
24 0.120105
25 0.122515
26 0.163349
27 0.0996893
28 0.155266
29 0.137624
"[DEBUG]index 5 centroid... "
0 0.125166
1 0.13207
2 0.110144
3 0.127073
4 0.116531
5 0.148912
6 0.160587
7 0.180473
8 0.0953664
9 0.141996
10 0.180487
11 0.101879
12 0.100192
13 0.164873
14 0.119949
15 0.127089
16 0.0607873
17 0.144508
18 0.121534
19 0.0715655
20 0.147922
21 0.171882
22 0.159186
23 0.0965897
24 0.0962377
25 0.136279
26 0.147531
27 0.138831
28 0.157691
29 0.184088
"[DEBUG]index 6 centroid... "
0 0.169056
1 0.0919359
2 0.101932
3 0.139032
4 0.0946467
5 0.12689
6 0.139892
7 0.073697
8 0.0764238
9 0.182507
10 0.0820174
11 0.0865232
12 0.12986
13 0.0958937
14 0.106961
15 0.137126
16 0.0847518
17 0.181868
18 0.202606
19 0.21096
20 0.182621
21 0.175478
22 0.262238
23 0.232339
24 0.235065
25 0.193244
26 0.219258
27 0.221627
28 0.227698
29 0.141364
"[DEBUG]index 7 centroid... "
0 0.0885474
1 0.137697
2 0.206635
3 0.202277
4 0.182628
5 0.213215
6 0.0667263
7 0.21688
8 0.0231314
9 0.134537
10 0.131989
11 0.151011
12 0.203058
13 0.164679
14 0.228821
15 0.11685
16 0.15754
17 0.122376
18 0.113464
19 0.120398
20 0.349102
21 0.309069
22 0.164858
23 0.245755
24 0.364682
25 0.269606
26 0.312391
27 0.162832
28 0.18261
29 0.0854744
"[DEBUG]index 8 centroid... "
0 0.155462
1 0.199851
2 0.161779
3 0.175763
4 0.1527
5 0.132251
6 0.180569
7 0.16671
8 0.0590016
9 0.150925
10 0.181082
11 0.164918
12 0.135526
13 0.131924
14 0.14967
15 0.125118
16 0.13451
17 0.119065
18 0.185628
19 0.186439
20 0.116875
21 0.165432
22 0.192317
23 0.138576
24 0.149503
25 0.169616
26 0.187159
27 0.204638
28 0.204127
29 0.178069
"[DEBUG]index 9 centroid... "
0 0.181638
1 0.18056
2 0.171845
3 0.137946
4 0.131813
5 0.121183
6 0.195522
7 0.142974
8 0.0605928
9 0.174398
10 0.188061
11 0.114413
12 0.168068
13 0.218486
14 0.174269
15 0.10126
16 0.167798
17 0.246924
18 0.174762
19 0.128749
20 0.224631
21 0.199493
22 0.16603
23 0.197855
24 0.203974
25 0.157162
26 0.209321
27 0.188991
28 0.208394
29 0.191121
"[DEBUG]index 10 centroid... "
0 0.147631
1 0.176282
2 0.157444
3 0.177585
4 0.18482
5 0.0878723
6 0.167131
7 0.14591
8 0.0499596
9 0.0922203
10 0.126306
11 0.191847
12 0.135388
13 0.0627825
14 0.109909
15 0.15466
16 0.165142
17 0.0924086
18 0.118612
19 0.14112
20 0.179137
21 0.0978077
22 0.0643185
23 0.212944
24 0.164661
25 0.12706
26 0.131428
27 0.123736
28 0.146247
29 0.126449
"[DEBUG]index 11 centroid... "
0 0.1199
1 0.0889922
2 0.0725835
3 0.0940066
4 0.097363
5 0.0806199
6 0.131047
7 0.0656753
8 0.0469649
9 0.121291
10 0.0594955
11 0.119098
12 0.0799586
13 0.0788107
14 0.101845
15 0.0470418
16 0.0431095
17 0.0673419
18 0.102464
19 0.0512976
20 0.0400739
21 0.049371
22 0.0924769
23 0.0559656
24 0.0768515
25 0.0681316
26 0.0958404
27 0.0890522
28 0.122925
29 0.0952837
"[DEBUG]index 12 centroid... "
0 0.148841
1 0.138182
2 0.139277
3 0.157887
4 0.166002
5 0.113853
6 0.166012
7 0.174291
8 0.0597639
9 0.116859
10 0.182748
11 0.11869
12 0.11267
13 0.148246
14 0.17256
15 0.0989567
16 0.0558995
17 0.191561
18 0.180917
19 0.100715
20 0.175379
21 0.167644
22 0.116579
23 0.157367
24 0.174659
25 0.153364
26 0.158062
27 0.192624
28 0.208425
29 0.18898
"[DEBUG]index 13 centroid... "
0 0.199382
1 0.17666
2 0.153483
3 0.074788
4 0.11434
5 0.154167
6 0.168248
7 0.145287
8 0.153086
9 0.0638589
10 0.0720969
11 0.0844088
12 0.108709
13 0.150854
14 0.107288
15 0.103421
16 0.11035
17 0.0761
18 0.164989
19 0.15749
20 0.208562
21 0.22067
22 0.25193
23 0.281455
24 0.344004
25 0.353614
26 0.326553
27 0.269242
28 0.320086
29 0.329554
"[DEBUG]index 14 centroid... "
0 0.0887961
1 0.144094
2 0.155873
3 0.090798
4 0.207996
5 0.14579
6 0.154498
7 0.174539
8 0.142229
9 0.110443
10 0.14969
11 0.138296
12 0.129659
13 0.115663
14 0.294361
15 0.10312
16 0.124082
17 0.143729
18 0.21498
19 0.220422
20 0.128704
21 0.220571
22 0.0466137
23 0.131639
24 0.129527
25 0.083447
26 0.126541
27 0.2419
28 0.119798
29 0.120259
"[DEBUG]index 15 centroid... "
0 0.171176
1 0.197881
2 0.156222
3 0.163572
4 0.120286
5 0.093872
6 0.125175
7 0.118364
8 0.066669
9 0.0322812
10 0.13981
11 0.0719643
12 0.113297
13 0.0727132
14 0.0708082
15 0.121615
16 0.169627
17 0.11563
18 0.126756
19 0.110623
20 0.207855
21 0.150684
22 0.165569
23 0.175954
24 0.132027
25 0.144517
26 0.154971
27 0.153578
28 0.154374
29 0.177204
"[DEBUG]index 16 centroid... "
0 0.140663
1 0.126474
2 0.135374
3 0.126946
4 0.116468
5 0.0990018
6 0.114364
7 0.148731
8 0.0455069
9 0.0974331
10 0.152895
11 0.124142
12 0.131678
13 0.122126
14 0.157553
15 0.18919
16 0.14677
17 0.238725
18 0.179152
19 0.12436
20 0.188992
21 0.1597
22 0.142934
23 0.164009
24 0.13709
25 0.137206
26 0.123042
27 0.132668
28 0.124266
29 0.149433
"[DEBUG]index 17 centroid... "
0 0.190291
1 0.173029
2 0.169737
3 0.159084
4 0.128254
5 0.126826
6 0.202467
7 0.199586
8 0.116439
9 0.204829
10 0.233459
11 0.126667
12 0.175735
13 0.208961
14 0.136895
15 0.113577
16 0.201492
17 0.177689
18 0.0929277
19 0.206272
20 0.234785
21 0.126438
22 0.112826
23 0.221818
24 0.181031
25 0.153548
26 0.145651
27 0.166461
28 0.165833
29 0.151995
"[DEBUG]index 18 centroid... "
0 0.1813
1 0.17724
2 0.187079
3 0.186573
4 0.166432
5 0.149348
6 0.223709
7 0.178067
8 0.0847944
9 0.19316
10 0.198676
11 0.100932
12 0.227686
13 0.155888
14 0.143561
15 0.228384
16 0.193406
17 0.0888482
18 0.190736
19 0.265239
20 0.145554
21 0.0981746
22 0.175337
23 0.182239
24 0.139909
25 0.153322
26 0.171854
27 0.171551
28 0.209607
29 0.217448
"[DEBUG]index 19 centroid... "
0 0.168751
1 0.177668
2 0.100561
3 0.172082
4 0.133233
5 0.073523
6 0.106068
7 0.18485
8 0.041931
9 0.0949829
10 0.174506
11 0.00579055
12 0.0867942
13 0.0906417
14 0.0909443
15 0.10401
16 0.110071
17 0.143254
18 0.0567046
19 0.0732458
20 0.180622
21 0.0512699
22 0.0948099
23 0.118386
24 0.163926
25 0.133827
26 0.152841
27 0.177511
28 0.203976
29 0.0984757
"[DEBUG]index 20 centroid... "
0 0.179343
1 0.145883
2 0.121665
3 0.157361
4 0.225506
5 0.154462
6 0.212631
7 0.25032
8 0.0480208
9 0.183473
10 0.363857
11 0.174402
12 0.0987325
13 0.229039
14 0.168026
15 0.144364
16 0.184273
17 0.146603
18 0.216127
19 0.252912
20 0.193483
21 0.220405
22 0.157743
23 0.165449
24 0.215984
25 0.247122
26 0.173356
27 0.245777
28 0.148769
29 0.201777
"[DEBUG]index 21 centroid... "
0 0.199047
1 0.184033
2 0.199515
3 0.173507
4 0.16786
5 0.143244
6 0.171221
7 0.176759
8 0.0745534
9 0.172639
10 0.214908
11 0.135826
12 0.186953
13 0.185626
14 0.172887
15 0.198518
16 0.170605
17 0.195315
18 0.256986
19 0.219983
20 0.198444
21 0.250459
22 0.237234
23 0.232279
24 0.227379
25 0.212074
26 0.217745
27 0.200741
28 0.203768
29 0.216782
"[DEBUG]index 22 centroid... "
0 0.206753
1 0.178406
2 0.211047
3 0.187708
4 0.151894
5 0.166297
6 0.20869
7 0.19887
8 0.0939728
9 0.184689
10 0.248297
11 0.11509
12 0.159992
13 0.253357
14 0.182254
15 0.0605599
16 0.168061
17 0.186948
18 0.174288
19 0.200762
20 0.163554
21 0.187533
22 0.21394
23 0.242194
24 0.207089
25 0.219686
26 0.260358
27 0.239097
28 0.242536
29 0.230619
"[DEBUG]index 23 centroid... "
0 0.179172
1 0.148784
2 0.106686
3 0.126591
4 0.147653
5 0.143746
6 0.161688
7 0.164391
8 0.0579245
9 0.134436
10 0.18618
11 0.117702
12 0.143206
13 0.0986702
14 0.027842
15 0.0966271
16 0.127216
17 0.149384
18 0.134232
19 0.131653
20 0.189992
21 0.219762
22 0.220171
23 0.232102
24 0.236816
25 0.242627
26 0.221534
27 0.255155
28 0.291872
29 0.277009
"[DEBUG]index 24 centroid... "
0 0.172567
1 0.154199
2 0.161033
3 0.154056
4 0.16613
5 0.12535
6 0.195552
7 0.168752
8 0.0559724
9 0.193835
10 0.182664
11 0.117684
12 0.140076
13 0.143044
14 0.144281
15 0.0959203
16 0.180364
17 0.189853
18 0.10589
19 0.170584
20 0.203605
21 0.157579
22 0.177795
23 0.220162
24 0.196384
25 0.189692
26 0.221465
27 0.219555
28 0.196576
29 0.20957
"[DEBUG]index 25 centroid... "
0 0.14866
1 0.13827
2 0.142478
3 0.136034
4 0.13758
5 0.102926
6 0.143838
7 0.118743
8 0.0454947
9 0.0896009
10 0.0914599
11 0.130404
12 0.157447
13 0.134562
14 0.143486
15 0.195971
16 0.277734
17 0.259606
18 0.247034
19 0.285038
20 0.257983
21 0.268797
22 0.327788
23 0.279965
24 0.250426
25 0.253732
26 0.227781
27 0.20771
28 0.200843
29 0.196845
"[DEBUG]index 26 centroid... "
0 0.0638036
1 0.178309
2 0.157903
3 0.109627
4 0.207812
5 0.15236
6 0.181578
7 0.155949
8 0.0956954
9 0.177172
10 0.186115
11 0.201501
12 0.214793
13 0.0651634
14 0.230205
15 0.185274
16 0.225519
17 0.183576
18 0.145587
19 0.1097
20 0.12921
21 0.0777417
22 0.210311
23 0.17051
24 0.261005
25 0.17657
26 0.161589
27 0.165901
28 0.161435
29 0.157464
"[DEBUG]index 27 centroid... "
0 0.144892
1 0.153712
2 0.118504
3 0.137377
4 0.137165
5 0.104349
6 0.13666
7 0.0909097
8 0.0489873
9 0.131679
10 0.0366077
11 0.0610106
12 0.137354
13 0.0864294
14 0.0412782
15 0.0626773
16 0.0811125
17 0.0430356
18 -0.0172527
19 0.00937844
20 0.150231
21 0.102881
22 0.0938375
23 0.0802382
24 0.108504
25 0.0525743
26 0.133094
27 0.129081
28 0.145323
29 0.166184
"[DEBUG]index 28 centroid... "
0 0.22911
1 0.217134
2 0.14391
3 0.186192
4 0.152026
5 0.100198
6 0.172156
7 0.145101
8 0.0548903
9 0.160975
10 0.132881
11 0.142293
12 0.157725
13 0.0649232
14 0.192161
15 0.155696
16 0.114678
17 0.167874
18 0.161476
19 0.134277
20 0.137845
21 0.194214
22 0.190467
23 0.192857
24 0.213435
25 0.231353
26 0.214899
27 0.215768
28 0.240858
29 0.22014
"[DEBUG]index 29 centroid... "
0 0.179736
1 0.227649
2 0.180385
3 0.16224
4 0.16405
5 0.16113
6 0.224152
7 0.155347
8 0.130319
9 0.204783
10 0.0948196
11 0.134359
12 0.20035
13 0.130674
14 0.164595
15 0.136807
16 0.108105
17 0.205375
18 0.213679
19 0.153174
20 0.180741
21 0.161492
22 0.231701
23 0.168613
24 0.169774
25 0.260332
26 0.196838
27 0.213337
28 0.288533
29 0.239098
"[DEBUG]index 30 centroid... "
0 0.12739
1 0.138498
2 0.129272
3 0.124278
4 0.134668
5 0.117183
6 0.166188
7 0.154776
8 0.0969323
9 0.0962138
10 0.148751
11 0.162066
12 0.124928
13 0.117748
14 0.143663
15 0.16293
16 0.137562
17 0.108275
18 0.173888
19 0.0923058
20 0.169641
21 0.16997
22 0.0755949
23 0.140184
24 0.146066
25 0.107637
26 0.0972964
27 0.101762
28 0.130999
29 0.134341
"[DEBUG]index 31 centroid... "
0 0.183988
1 0.167427
2 0.160763
3 0.169957
4 0.161629
5 0.12971
6 0.189997
7 0.212575
8 0.0952596
9 0.148287
10 0.236699
11 0.175405
12 0.11834
13 0.21708
14 0.227434
15 0.143096
16 0.178903
17 0.212335
18 0.21581
19 0.267251
20 0.267723
21 0.267733
22 0.27959
23 0.260799
24 0.257456
25 0.259589
26 0.24878
27 0.263151
28 0.247025
29 0.23608
"[DEBUG]index 32 centroid... "
0 0.189965
1 0.157173
2 0.174634
3 0.20489
4 0.0995738
5 0.0910044
6 0.152259
7 0.149936
8 0.0641931
9 0.158956
10 0.105619
11 0.0870727
12 0.130154
13 0.122745
14 0.136015
15 0.042256
16 0.0931313
17 0.0948156
18 0.146899
19 0.149002
20 0.0802711
21 0.0685184
22 0.102622
23 0.179505
24 0.110604
25 0.102285
26 0.166033
27 0.163158
28 0.176679
29 0.136525
"[DEBUG]index 33 centroid... "
0 0.163061
1 0.141222
2 0.141057
3 0.144791
4 0.142367
5 0.134245
6 0.169415
7 0.130792
8 0.0741503
9 0.0983574
10 0.0866547
11 0.133718
12 0.190565
13 0.112086
14 0.132544
15 0.124263
16 0.164265
17 0.200866
18 0.1857
19 0.173508
20 0.216771
21 0.181173
22 0.219779
23 0.201893
24 0.164443
25 0.188741
26 0.187202
27 0.192649
28 0.184523
29 0.16893
"[DEBUG]index 34 centroid... "
0 0.141279
1 0.170621
2 0.167312
3 0.180402
4 0.158279
5 0.140368
6 0.170408
7 0.201886
8 0.0812263
9 0.12983
10 0.165669
11 0.135808
12 0.166586
13 0.119022
14 0.0900356
15 0.212504
16 0.205173
17 0.113551
18 0.176611
19 0.183495
20 0.144637
21 0.0984133
22 0.117784
23 0.157748
24 0.176481
25 0.164708
26 0.137069
27 0.167771
28 0.187184
29 0.188377
"[DEBUG]index 35 centroid... "
0 0.191001
1 0.148496
2 0.160506
3 0.129535
4 0.127634
5 0.106956
6 0.165181
7 0.113026
8 0.0589094
9 0.156504
10 0.183989
11 0.122645
12 0.104628
13 0.175248
14 0.146167
15 0.127352
16 0.111066
17 0.137464
18 0.11439
19 0.150383
20 0.125545
21 0.125991
22 0.198166
23 0.165348
24 0.13464
25 0.157126
26 0.17613
27 0.168414
28 0.203964
29 0.15756
"[DEBUG]index 36 centroid... "
0 0.132312
1 0.108962
2 0.130712
3 0.140294
4 0.102058
5 0.101096
6 0.131643
7 0.146314
8 0.0394156
9 0.0216058
10 0.166019
11 0.164628
12 0.0530358
13 0.133985
14 0.147879
15 0.141843
16 0.122903
17 0.165509
18 0.250533
19 0.181348
20 0.256766
21 0.241926
22 0.194872
23 0.221239
24 0.250953
25 0.220818
26 0.192765
27 0.216579
28 0.191799
29 0.198119
"[DEBUG]index 37 centroid... "
0 0.144503
1 0.109392
2 0.128218
3 0.160412
4 0.149109
5 0.121596
6 0.174479
7 0.141482
8 0.053713
9 0.139452
10 0.159461
11 0.134936
12 0.164762
13 0.136748
14 0.105154
15 0.189576
16 0.135148
17 0.0762545
18 0.147083
19 0.156859
20 0.119511
21 0.142239
22 0.169373
23 0.164106
24 0.174843
25 0.199437
26 0.203743
27 0.193594
28 0.202114
29 0.211161
"[DEBUG]index 38 centroid... "
0 0.150578
1 0.130207
2 0.0975355
3 0.163647
4 0.125042
5 0.09916
6 0.190184
7 0.167296
8 0.0435621
9 0.118687
10 0.172215
11 0.100953
12 0.125936
13 0.169622
14 0.177769
15 0.10643
16 0.181983
17 0.188623
18 0.102234
19 0.13262
20 0.234239
21 0.115363
22 0.0883922
23 0.158006
24 0.14679
25 0.120272
26 0.130983
27 0.151777
28 0.16989
29 0.12815
"[DEBUG]index 39 centroid... "
0 0.146164
1 0.121301
2 0.0977197
3 0.136403
4 0.115708
5 0.0989987
6 0.133905
7 0.153867
8 0.0588067
9 0.148027
10 0.1636
11 0.071328
12 0.0780036
13 0.0793836
14 0.144025
15 0.0749363
16 0.0885656
17 0.182437
18 0.09365
19 0.0165565
20 0.131906
21 0.150183
22 0.111515
23 0.0958865
24 0.13902
25 0.160355
26 0.161481
27 0.180981
28 0.197176
29 0.198678
"[DEBUG]index 40 centroid... "
0 0.150825
1 0.206586
2 0.193334
3 0.157103
4 0.212374
5 0.190311
6 0.248586
7 0.160081
8 0.128824
9 0.178784
10 0.278053
11 0.165632
12 0.182588
13 0.229006
14 0.141606
15 0.206705
16 0.251549
17 0.269368
18 0.247253
19 0.32067
20 0.305736
21 0.346743
22 0.343689
23 0.283804
24 0.347897
25 0.252598
26 0.312728
27 0.3314
28 0.250498
29 0.223203
"[DEBUG]index 41 centroid... "
0 0.217611
1 0.193337
2 0.173624
3 0.161468
4 0.116895
5 0.135532
6 0.143302
7 0.186824
8 0.09348
9 0.100951
10 0.173324
11 0.0694639
12 0.078663
13 0.118939
14 0.0781813
15 0.080104
16 0.127692
17 0.207475
18 0.234924
19 0.308253
20 0.296644
21 0.315239
22 0.328685
23 0.355524
24 0.386345
25 0.398201
26 0.389275
27 0.393594
28 0.363521
29 0.3229
"[DEBUG]index 42 centroid... "
0 0.196032
1 0.150556
2 0.125998
3 0.122334
4 0.137759
5 0.0974969
6 0.13355
7 0.184437
8 0.0608145
9 0.0604149
10 0.188063
11 0.178113
12 0.0860911
13 0.0983831
14 0.108748
15 0.164687
16 0.168674
17 0.12487
18 0.208434
19 0.23308
20 0.130611
21 0.202053
22 0.219828
23 0.165109
24 0.151729
25 0.199852
26 0.205204
27 0.199827
28 0.205488
29 0.224609
"[DEBUG]index 43 centroid... "
0 0.131253
1 0.139059
2 0.1644
3 0.155106
4 0.135812
5 0.140783
6 0.175803
7 0.175933
8 0.0287857
9 0.121262
10 0.194447
11 0.122672
12 0.188379
13 0.135915
14 0.0898106
15 0.152897
16 0.168236
17 0.153952
18 0.127963
19 0.108897
20 0.172717
21 0.162444
22 0.0784106
23 0.172483
24 0.154388
25 0.158028
26 0.132546
27 0.129656
28 0.1229
29 0.129676
"[DEBUG]index 44 centroid... "
0 0.137664
1 0.136332
2 0.126878
3 0.140204
4 0.138374
5 0.113403
6 0.137433
7 0.125443
8 0.0605861
9 0.114475
10 0.105432
11 0.155244
12 0.152484
13 0.11559
14 0.117794
15 0.132028
16 0.120092
17 0.106623
18 0.105479
19 0.0845818
20 0.100046
21 0.0992053
22 0.129642
23 0.138528
24 0.110604
25 0.105918
26 0.105806
27 0.122774
28 0.125249
29 0.150013
"[DEBUG]index 45 centroid... "
0 0.179885
1 0.141175
2 0.148143
3 0.144508
4 0.160743
5 0.149999
6 0.16893
7 0.141386
8 0.0455883
9 0.124296
10 0.112025
11 0.16376
12 0.153529
13 0.132426
14 0.160811
15 0.128935
16 0.129308
17 0.122323
18 0.182812
19 0.148748
20 0.150091
21 0.186053
22 0.155353
23 0.158723
24 0.198984
25 0.142746
26 0.182431
27 0.140398
28 0.16584
29 0.159323
"[DEBUG]index 46 centroid... "
0 0.194994
1 0.160744
2 0.196758
3 0.186318
4 0.176753
5 0.169634
6 0.233801
7 0.240121
8 0.109846
9 0.168128
10 0.243634
11 0.160331
12 0.183225
13 0.204915
14 0.145589
15 0.16508
16 0.233965
17 0.173641
18 0.144792
19 0.239593
20 0.228758
21 0.15335
22 0.192532
23 0.213873
24 0.175617
25 0.192142
26 0.221365
27 0.203142
28 0.180923
29 0.221853
"[DEBUG]index 47 centroid... "
0 0.175164
1 0.144799
2 0.147491
3 0.147872
4 0.141441
5 0.128935
6 0.157216
7 0.165675
8 0.0674075
9 0.185592
10 0.194501
11 0.111529
12 0.149614
13 0.144505
14 0.138716
15 0.105574
16 0.122189
17 0.134301
18 0.097242
19 0.128033
20 0.137906
21 0.149944
22 0.163129
23 0.134143
24 0.124376
25 0.138137
26 0.148161
27 0.148018
28 0.146502
29 0.160795
"[DEBUG]index 48 centroid... "
0 0.170405
1 0.174018
2 0.166717
3 0.144537
4 0.129653
5 0.101575
6 0.122587
7 0.10402
8 -0.00109132
9 0.080065
10 0.105876
11 0.103565
12 0.108382
13 0.0961338
14 0.188403
15 0.21547
16 0.152864
17 0.187419
18 0.176079
19 0.194322
20 0.211331
21 0.168608
22 0.191488
23 0.219193
24 0.200918
25 0.195398
26 0.182157
27 0.17134
28 0.166932
29 0.163077
"[DEBUG]index 49 centroid... "
0 0.224415
1 0.17484
2 0.200002
3 0.19846
4 0.209107
5 0.15854
6 0.232071
7 0.213012
8 0.120595
9 0.160672
10 0.237764
11 0.160783
12 0.203325
13 0.202086
14 0.228866
15 0.247379
16 0.175816
17 0.256513
18 0.219822
19 0.245003
20 0.212663
21 0.318122
22 0.326641
23 0.265669
24 0.284629
25 0.254763
26 0.198079
27 0.19077
28 0.186223
29 0.218608
"[DEBUG]index 50 centroid... "
0 0.223019
1 0.198491
2 0.212553
3 0.175589
4 0.162238
5 0.150604
6 0.212397
7 0.214021
8 0.0585756
9 0.148558
10 0.254951
11 0.121888
12 0.157045
13 0.227077
14 0.135502
15 0.188503
16 0.197857
17 0.12072
18 0.171297
19 0.17063
20 0.239241
21 0.201358
22 0.166818
23 0.256766
24 0.232636
25 0.209177
26 0.26228
27 0.236404
28 0.236192
29 0.251282
"[DEBUG]index 51 centroid... "
0 0.111813
1 0.139134
2 0.136696
3 0.151386
4 0.145342
5 0.0785765
6 0.157074
7 0.138556
8 0.0911169
9 0.118981
10 0.141075
11 0.157496
12 0.18195
13 0.136008
14 0.103733
15 0.143138
16 0.154298
17 0.118636
18 0.109869
19 0.165158
20 0.111194
21 0.134777
22 0.122409
23 0.13988
24 0.142458
25 0.121378
26 0.146308
27 0.125473
28 0.170944
29 0.146355
"[DEBUG]index 52 centroid... "
0 0.157884
1 0.155881
2 0.158688
3 0.16065
4 0.154825
5 0.135996
6 0.160957
7 0.197768
8 0.055544
9 0.147678
10 0.234506
11 0.095557
12 0.15555
13 0.178393
14 0.147929
15 0.1268
16 0.0980768
17 0.195281
18 0.199038
19 0.173345
20 0.196568
21 0.203003
22 0.190523
23 0.188911
24 0.189985
25 0.215048
26 0.201196
27 0.175027
28 0.201556
29 0.200377
"[DEBUG]index 53 centroid... "
0 0.105991
1 0.211166
2 0.186696
3 0.154451
4 0.137796
5 0.0681505
6 0.171282
7 0.188144
8 0.19563
9 0.20995
10 0.296147
11 0.222731
12 0.157235
13 0.134066
14 0.143972
15 0.13316
16 0.145034
17 0.199408
18 0.10111
19 0.203793
20 0.163884
21 0.199755
22 0.23395
23 0.174467
24 0.201313
25 0.151295
26 0.242583
27 0.272426
28 0.15027
29 0.137724
"[DEBUG]index 54 centroid... "
0 0.208793
1 0.198915
2 0.286398
3 0.216822
4 0.15528
5 0.159691
6 0.177352
7 0.204299
8 0.15226
9 0.150931
10 0.338914
11 0.145352
12 0.156651
13 0.2545
14 0.238336
15 0.14272
16 0.184039
17 0.237875
18 0.242773
19 0.23075
20 0.308681
21 0.30476
22 0.250928
23 0.405092
24 0.23549
25 0.298092
26 0.290017
27 0.27673
28 0.235822
29 0.30703
"[DEBUG]index 55 centroid... "
0 0.147899
1 0.161509
2 0.157443
3 0.212453
4 0.135603
5 0.0540625
6 0.208338
7 0.193919
8 0.0192432
9 0.0521047
10 0.201488
11 0.0620017
12 0.080571
13 0.150071
14 0.148247
15 0.0729983
16 0.0449476
17 0.165772
18 0.134757
19 0.080495
20 0.149605
21 0.0469054
22 0.153855
23 0.110365
24 0.0709476
25 0.103725
26 0.153797
27 0.10286
28 0.0173531
29 0.111559
"[DEBUG]index 56 centroid... "
0 0.200127
1 0.181729
2 0.202553
3 0.191945
4 0.181993
5 0.147746
6 0.210326
7 0.212296
8 0.0585417
9 0.186252
10 0.20259
11 0.155383
12 0.185431
13 0.117365
14 0.207339
15 0.226683
16 0.100343
17 0.115967
18 0.23505
19 0.217135
20 0.174292
21 0.209696
22 0.202516
23 0.178109
24 0.239068
25 0.264331
26 0.264078
27 0.234788
28 0.256673
29 0.245071
"[DEBUG]index 57 centroid... "
0 0.104026
1 0.126639
2 0.0993633
3 0.111411
4 0.100701
5 0.083778
6 0.102655
7 0.156355
8 0.0610644
9 0.0420096
10 0.105813
11 0.132126
12 0.106792
13 0.0843654
14 0.0894908
15 0.0541331
16 0.0495943
17 0.124817
18 0.116893
19 0.119402
20 0.0925422
21 0.0833036
22 0.117173
23 0.0867341
24 0.094619
25 0.0641673
26 0.122717
27 0.130451
28 0.121433
29 0.160545
"[DEBUG]index 58 centroid... "
0 0.109571
1 0.121291
2 0.125537
3 0.147936
4 0.155162
5 0.113434
6 0.180674
7 0.150685
8 0.00586518
9 0.0905556
10 0.122648
11 0.136628
12 0.0557065
13 0.0768401
14 0.202614
15 0.0629114
16 0.104502
17 0.162039
18 0.0496991
19 0.100294
20 0.126129
21 0.112026
22 0.112679
23 0.122728
24 0.159597
25 0.154938
26 0.151964
27 0.165343
28 0.170098
29 0.157221
"[DEBUG]index 59 centroid... "
0 0.180736
1 0.179152
2 0.173783
3 0.15307
4 0.182271
5 0.161945
6 0.208161
7 0.219847
8 0.114914
9 0.165214
10 0.217102
11 0.17753
12 0.144253
13 0.170285
14 0.167263
15 0.168474
16 0.143932
17 0.184272
18 0.211535
19 0.16271
20 0.121175
21 0.203955
22 0.186858
23 0.160934
24 0.157414
25 0.170506
26 0.21781
27 0.184518
28 0.201301
29 0.223937
"[DEBUG]index 60 centroid... "
0 0.23958
1 0.182326
2 0.153414
3 0.152472
4 0.139877
5 0.10676
6 0.197127
7 0.1019
8 0.0921211
9 0.130041
10 0.110998
11 0.196402
12 0.140064
13 0.143816
14 0.126742
15 0.0883116
16 0.111933
17 0.145655
18 0.0930433
19 0.127913
20 0.17869
21 0.157488
22 0.206945
23 0.258437
24 0.259245
25 0.266552
26 0.274027
27 0.278122
28 0.277687
29 0.254325
"[DEBUG]index 61 centroid... "
0 0.140712
1 0.174101
2 0.154935
3 0.150499
4 0.15289
5 0.110241
6 0.184706
7 0.158379
8 0.106629
9 0.132758
10 0.149922
11 0.201244
12 0.0963067
13 0.106007
14 0.169556
15 0.13798
16 0.0762917
17 0.153733
18 0.0941826
19 0.0970689
20 0.130573
21 0.0963241
22 0.105666
23 0.106988
24 0.142964
25 0.108975
26 0.123488
27 0.143648
28 0.14469
29 0.179624
"[DEBUG]index 62 centroid... "
0 0.122476
1 0.106453
2 0.136656
3 0.142802
4 0.137534
5 0.11101
6 0.147361
7 0.162968
8 0.03641
9 0.113064
10 0.176115
11 0.14749
12 0.134724
13 0.178582
14 0.142447
15 0.11677
16 0.113351
17 0.130281
18 0.129533
19 0.142696
20 0.160646
21 0.156215
22 0.145189
23 0.118754
24 0.131466
25 0.139835
26 0.160199
27 0.149145
28 0.156097
29 0.167445
"[DEBUG]index 63 centroid... "
0 0.174172
1 0.232419
2 0.288366
3 0.215458
4 0.282411
5 0.224404
6 0.20188
7 0.245527
8 0.182328
9 0.236687
10 0.224699
11 0.117416
12 0.122138
13 0.0767612
14 0.0893299
15 0.0566691
16 0.0722959
17 0.066787
18 0.0554406
19 0.0487787
20 0.0751479
21 0.0672916
22 0.145662
23 0.0691985
24 0.117987
25 0.13557
26 0.170117
27 0.207266
28 0.244497
29 0.273759
"[DEBUG]index 64 centroid... "
0 0.188284
1 0.154749
2 0.130204
3 0.146106
4 0.169765
5 0.141506
6 0.208553
7 0.153635
8 0.0751269
9 0.120518
10 0.143376
11 0.122232
12 0.112573
13 0.158478
14 0.1334
15 0.0992053
16 0.181525
17 0.113641
18 0.131421
19 0.156203
20 0.132535
21 0.137869
22 0.112271
23 0.156727
24 0.16018
25 0.163794
26 0.184851
27 0.174059
28 0.154015
29 0.199261
"[DEBUG]index 65 centroid... "
0 0.0957891
1 0.144597
2 0.101102
3 0.0807942
4 0.141152
5 0.106543
6 0.125376
7 0.132485
8 0.0515013
9 0.0931643
10 0.0484562
11 0.0743995
12 0.147381
13 0.0960663
14 0.127783
15 0.061151
16 0.0890041
17 0.184356
18 0.147862
19 0.172495
20 0.185383
21 0.15943
22 0.162121
23 0.186052
24 0.198301
25 0.154177
26 0.154684
27 0.15085
28 0.133915
29 0.133669
"[DEBUG]index 66 centroid... "
0 0.186211
1 0.169689
2 0.169305
3 0.167526
4 0.15706
5 0.137752
6 0.175196
7 0.186307
8 0.100654
9 0.119922
10 0.141012
11 0.130467
12 0.135521
13 0.146399
14 0.14801
15 0.125499
16 0.109853
17 0.200483
18 0.110903
19 0.167908
20 0.225112
21 0.117433
22 0.0954626
23 0.17689
24 0.168446
25 0.138047
26 0.160915
27 0.169955
28 0.15998
29 0.179158
"[DEBUG]index 67 centroid... "
0 0.125766
1 0.136831
2 0.099432
3 0.0704266
4 0.0943798
5 0.140412
6 0.142354
7 0.217579
8 0.12935
9 0.170087
10 0.178531
11 0.0943468
12 0.100557
13 0.124911
14 0.0872543
15 0.13458
16 0.155197
17 0.150213
18 0.109387
19 0.0673021
20 0.143837
21 0.152082
22 0.135877
23 0.0649882
24 0.0929212
25 0.150971
26 0.148552
27 0.0995095
28 0.146091
29 0.0967022
"[DEBUG]index 68 centroid... "
0 0.173297
1 0.149798
2 0.14921
3 0.153233
4 0.125486
5 0.111401
6 0.194155
7 0.21802
8 0.0698312
9 0.143377
10 0.212265
11 0.104638
12 0.0840649
13 0.175037
14 0.159651
15 0.122772
16 0.0899208
17 0.141997
18 0.182346
19 0.141084
20 0.171534
21 0.20638
22 0.21463
23 0.201263
24 0.252897
25 0.264064
26 0.249077
27 0.273156
28 0.25975
29 0.252364
"[DEBUG]index 69 centroid... "
0 0.216679
1 0.133043
2 0.227623
3 0.140817
4 0.158654
5 0.107396
6 0.167338
7 0.0842859
8 0.110001
9 0.173085
10 0.0759887
11 0.177129
12 0.149043
13 0.0716726
14 0.0853892
15 0.0296511
16 0.175408
17 0.101222
18 0.0179074
19 0.155841
20 0.152979
21 0.0300699
22 0.0900359
23 0.135788
24 0.119256
25 0.134896
26 0.163132
27 0.177153
28 0.138189
29 0.227387
"[DEBUG]index 70 centroid... "
0 0.136375
1 0.0980206
2 0.160549
3 0.127157
4 0.121853
5 0.0904501
6 0.113624
7 0.132426
8 0.0918165
9 0.0563883
10 0.128355
11 0.106261
12 0.0959276
13 0.0534445
14 0.131021
15 0.120176
16 0.163813
17 0.161763
18 0.139586
19 0.122204
20 0.207981
21 0.216691
22 0.161038
23 0.175169
24 0.17717
25 0.182732
26 0.160719
27 0.156975
28 0.151482
29 0.227119
"[DEBUG]index 71 centroid... "
0 0.144591
1 0.165227
2 0.143425
3 0.140103
4 0.130347
5 0.116543
6 0.129271
7 0.16179
8 0.0497006
9 0.128897
10 0.203352
11 0.146363
12 0.149313
13 0.167077
14 0.151489
15 0.141572
16 0.153141
17 0.196097
18 0.180181
19 0.182215
20 0.208134
21 0.154552
22 0.136409
23 0.178192
24 0.173407
25 0.133186
26 0.144273
27 0.134837
28 0.142888
29 0.15132
"[DEBUG]index 72 centroid... "
0 0.167751
1 0.159286
2 0.186212
3 0.175991
4 0.144544
5 0.119183
6 0.176571
7 0.162848
8 0.0847591
9 0.0908229
10 0.132297
11 0.131576
12 0.100784
13 0.197433
14 0.141357
15 0.123879
16 0.183568
17 0.171749
18 0.162244
19 0.175653
20 0.208201
21 0.266029
22 0.248213
23 0.270786
24 0.303595
25 0.297555
26 0.273245
27 0.270478
28 0.251128
29 0.233084
"[DEBUG]index 73 centroid... "
0 0.159618
1 0.11463
2 0.176438
3 0.115219
4 0.0953696
5 0.118308
6 0.16366
7 0.123152
8 0.170236
9 0.1905
10 0.0855852
11 0.142569
12 0.228285
13 0.114904
14 0.114588
15 0.159745
16 0.151427
17 0.196394
18 0.147839
19 0.132073
20 0.135616
21 0.165007
22 0.19357
23 0.193461
24 0.135628
25 0.156326
26 0.182123
27 0.169513
28 0.173271
29 0.220273
"[DEBUG]index 74 centroid... "
0 0.141857
1 0.14497
2 0.135607
3 0.0980888
4 0.119187
5 0.124279
6 0.112992
7 0.127457
8 0.0292064
9 0.0849191
10 0.0472333
11 -0.00639438
12 0.0337585
13 0.0568429
14 0.0224187
15 0.0131381
16 0.102788
17 0.216786
18 0.31391
19 0.342174
20 0.362967
21 0.289306
22 0.299496
23 0.40841
24 0.375175
25 0.344909
26 0.395186
27 0.358045
28 0.323093
29 0.276427
"[DEBUG]index 75 centroid... "
0 0.112074
1 0.167813
2 0.137533
3 0.18918
4 0.130771
5 0.0905873
6 0.182151
7 0.184122
8 0.125827
9 0.163762
10 0.227445
11 0.175639
12 0.136871
13 0.140405
14 0.190655
15 0.184061
16 0.104049
17 0.0801895
18 0.205509
19 0.21809
20 0.0951247
21 0.131189
22 0.162985
23 0.159109
24 0.12273
25 0.122854
26 0.116323
27 0.116585
28 0.0711176
29 0.166349
"[DEBUG]index 76 centroid... "
0 0.186791
1 0.192574
2 0.180639
3 0.221418
4 0.151028
5 0.12112
6 0.160002
7 0.200324
8 0.112761
9 0.142856
10 0.23123
11 0.127205
12 0.100956
13 0.189167
14 0.131497
15 0.0461747
16 0.133974
17 0.119142
18 0.109928
19 0.0657404
20 0.103287
21 0.197463
22 0.248224
23 0.292047
24 0.344918
25 0.362558
26 0.392329
27 0.40933
28 0.405956
29 0.328181
"[DEBUG]index 77 centroid... "
0 0.216259
1 0.198374
2 0.221363
3 0.188201
4 0.205491
5 0.178227
6 0.234915
7 0.194269
8 0.0881919
9 0.207641
10 0.241591
11 0.156046
12 0.227219
13 0.243277
14 0.135743
15 0.167926
16 0.183305
17 0.16184
18 0.203247
19 0.151838
20 0.200935
21 0.219016
22 0.121573
23 0.168072
24 0.178138
25 0.177488
26 0.216493
27 0.207275
28 0.216599
29 0.222246
"[DEBUG]index 78 centroid... "
0 0.13733
1 0.128284
2 0.125512
3 0.158328
4 0.132965
5 0.115101
6 0.14437
7 0.135834
8 0.0668524
9 0.115529
10 0.0935799
11 0.0743317
12 0.0352581
13 -0.0148945
14 0.0416907
15 0.0852079
16 0.0508501
17 0.0551735
18 0.123665
19 0.217805
20 0.297723
21 0.28277
22 0.286888
23 0.291859
24 0.306115
25 0.360135
26 0.331347
27 0.316903
28 0.379068
29 0.334956
"[DEBUG]index 79 centroid... "
0 0.134287
1 0.0941451
2 0.121293
3 0.168848
4 0.13791
5 0.086278
6 0.16129
7 0.227694
8 0.0805989
9 0.180125
10 0.190858
11 0.198686
12 0.160491
13 0.164136
14 0.102835
15 0.171383
16 0.157934
17 0.145554
18 0.122651
19 0.145143
20 0.214224
21 0.147435
22 0.107261
23 0.151003
24 0.169
25 0.119858
26 0.117355
27 0.154146
28 0.215113
29 0.170336
"[DEBUG]index 80 centroid... "
0 0.169886
1 0.158085
2 0.142617
3 0.170496
4 0.166667
5 0.128951
6 0.187615
7 0.20034
8 0.0591405
9 0.133077
10 0.184112
11 0.192404
12 0.188407
13 0.124017
14 0.155835
15 0.199689
16 0.216711
17 0.170809
18 0.186022
19 0.238478
20 0.233058
21 0.254986
22 0.253523
23 0.230246
24 0.231013
25 0.273873
26 0.231586
27 0.224223
28 0.233718
29 0.219109
"[DEBUG]index 81 centroid... "
0 0.132562
1 0.133001
2 0.159827
3 0.103876
4 0.134448
5 0.127629
6 0.142693
7 0.140714
8 0.05506
9 0.0943596
10 0.101925
11 0.17815
12 0.121574
13 0.07795
14 0.15055
15 0.13885
16 0.129026
17 0.0830329
18 0.0535877
19 0.154824
20 0.142749
21 0.113044
22 0.123357
23 0.181126
24 0.109555
25 0.133489
26 0.188074
27 0.198338
28 0.164344
29 0.179422
"[DEBUG]index 82 centroid... "
0 0.158653
1 0.168197
2 0.156185
3 0.140768
4 0.129842
5 0.0830185
6 0.138043
7 0.157147
8 0.062733
9 0.116999
10 0.10509
11 0.116295
12 0.171617
13 0.135628
14 0.109876
15 0.0816612
16 0.151878
17 0.17622
18 0.058367
19 0.111873
20 0.141822
21 0.141008
22 0.162751
23 0.162711
24 0.132935
25 0.179342
26 0.175047
27 0.135894
28 0.163961
29 0.141486
"[DEBUG]index 83 centroid... "
0 0.145427
1 0.160921
2 0.177722
3 0.127908
4 0.159811
5 0.176819
6 0.154861
7 0.210393
8 0.0841874
9 0.166566
10 0.183975
11 0.168294
12 0.107921
13 0.166432
14 0.171275
15 0.14351
16 0.122656
17 0.18033
18 0.255349
19 0.168407
20 0.119435
21 0.219359
22 0.199532
23 0.11903
24 0.12705
25 0.176145
26 0.143285
27 0.192462
28 0.158976
29 0.181515
"[DEBUG]index 84 centroid... "
0 0.163456
1 0.106207
2 0.166737
3 0.218841
4 0.16171
5 0.111596
6 0.180831
7 0.159835
8 0.0558925
9 0.145539
10 0.111985
11 0.149932
12 0.164301
13 0.0983553
14 0.188416
15 0.196881
16 0.227361
17 0.240229
18 0.257882
19 0.286423
20 0.32761
21 0.287381
22 0.300214
23 0.275736
24 0.243763
25 0.280428
26 0.225525
27 0.185181
28 0.196384
29 0.212159
"[DEBUG]index 85 centroid... "
0 0.146748
1 0.137233
2 0.114653
3 0.06823
4 0.0792238
5 0.10161
6 0.124833
7 0.124029
8 0.097786
9 0.0472581
10 0.119382
11 0.12356
12 0.129714
13 0.0876381
14 0.104815
15 0.145333
16 0.154426
17 0.14856
18 0.16712
19 0.206748
20 0.18225
21 0.143353
22 0.155238
23 0.193835
24 0.159526
25 0.163999
26 0.139962
27 0.154494
28 0.116185
29 0.121818
"[DEBUG]index 86 centroid... "
0 0.12881
1 0.109929
2 0.120227
3 0.130984
4 0.129908
5 0.0839029
6 0.101995
7 0.101678
8 -0.00898183
9 0.0464888
10 0.101661
11 0.0827126
12 0.0848447
13 0.127984
14 0.255145
15 0.332421
16 0.352299
17 0.35986
18 0.319673
19 0.278318
20 0.358299
21 0.394041
22 0.319996
23 0.36048
24 0.319204
25 0.2531
26 0.194803
27 0.188136
28 0.180457
29 0.171549
"[DEBUG]index 87 centroid... "
0 0.218568
1 0.161091
2 0.0927856
3 0.14052
4 0.134641
5 0.0602671
6 0.165901
7 0.208148
8 0.0729228
9 0.134469
10 0.176604
11 0.105592
12 0.101914
13 0.0993715
14 0.142885
15 0.145823
16 0.122121
17 0.071282
18 0.125163
19 0.146449
20 0.19743
21 0.0974131
22 0.0949589
23 0.226807
24 0.173483
25 0.13935
26 0.187691
27 0.22151
28 0.181531
29 0.167805
"[DEBUG]index 88 centroid... "
0 0.170346
1 0.168556
2 0.143285
3 0.134053
4 0.153163
5 0.138592
6 0.177963
7 0.154695
8 0.0636798
9 0.121752
10 0.0697523
11 0.112139
12 0.165159
13 0.147079
14 0.118834
15 0.157437
16 0.165106
17 0.142586
18 0.20329
19 0.140703
20 0.184513
21 0.205706
22 0.160503
23 0.17034
24 0.161427
25 0.182271
26 0.170108
27 0.167721
28 0.176732
29 0.175378
"[DEBUG]index 89 centroid... "
0 0.121504
1 0.120999
2 0.102622
3 0.139953
4 0.104044
5 0.10482
6 0.12768
7 0.134499
8 0.0127788
9 0.0131248
10 0.120914
11 0.0506245
12 0.0602235
13 0.0331464
14 0.0985682
15 0.163772
16 0.17087
17 0.183217
18 0.239705
19 0.180108
20 0.202847
21 0.266466
22 0.237023
23 0.252507
24 0.267126
25 0.243939
26 0.226564
27 0.183894
28 0.189114
29 0.191998
"[DEBUG]index 90 centroid... "
0 0.17233
1 0.184738
2 0.192755
3 0.168811
4 0.159676
5 0.126641
6 0.206278
7 0.189966
8 0.141613
9 0.120987
10 0.153249
11 0.16506
12 0.175641
13 0.14611
14 0.149301
15 0.196938
16 0.140425
17 0.141612
18 0.182647
19 0.171106
20 0.181138
21 0.129338
22 0.23595
23 0.206934
24 0.196692
25 0.201279
26 0.224343
27 0.221366
28 0.216972
29 0.234589
"[DEBUG]index 91 centroid... "
0 0.192685
1 0.191723
2 0.161132
3 0.150689
4 0.16505
5 0.145526
6 0.175364
7 0.171714
8 0.0529143
9 0.144786
10 0.166045
11 0.191299
12 0.0963238
13 0.122165
14 0.200281
15 0.086346
16 0.0979347
17 0.112931
18 0.136325
19 0.101744
20 0.192261
21 0.130618
22 0.146988
23 0.190923
24 0.135811
25 0.166347
26 0.133304
27 0.145984
28 0.202595
29 0.183606
"[DEBUG]index 92 centroid... "
0 0.166542
1 0.151988
2 0.165267
3 0.157446
4 0.163941
5 0.12993
6 0.174515
7 0.153416
8 0.0737305
9 0.162594
10 0.124837
11 0.0773474
12 0.188726
13 0.113863
14 0.0807222
15 0.136157
16 0.0682512
17 0.143925
18 0.132681
19 0.124294
20 0.160114
21 0.119355
22 0.129728
23 0.193448
24 0.179018
25 0.195838
26 0.199419
27 0.188822
28 0.218277
29 0.223501
"[DEBUG]index 93 centroid... "
0 0.242176
1 0.204889
2 0.194394
3 0.189883
4 0.181113
5 0.151342
6 0.186195
7 0.197155
8 0.0884468
9 0.207554
10 0.2481
11 0.076652
12 0.145217
13 0.224452
14 0.1439
15 0.0632393
16 0.204997
17 0.215503
18 0.143567
19 0.161115
20 0.18833
21 0.192944
22 0.164754
23 0.2443
24 0.213704
25 0.224181
26 0.237922
27 0.238146
28 0.274246
29 0.25913
"[DEBUG]index 94 centroid... "
0 0.193584
1 0.1875
2 0.183877
3 0.179509
4 0.182003
5 0.156718
6 0.203578
7 0.180235
8 0.0520852
9 0.159628
10 0.168258
11 0.152905
12 0.241867
13 0.133205
14 0.0792717
15 0.198741
16 0.204182
17 0.12669
18 0.158401
19 0.26478
20 0.295178
21 0.261728
22 0.335237
23 0.316708
24 0.271892
25 0.341631
26 0.320515
27 0.307636
28 0.330057
29 0.314824
"[DEBUG]index 95 centroid... "
0 0.108153
1 0.119823
2 0.111694
3 0.0752644
4 0.104909
5 0.102558
6 0.131529
7 0.0965742
8 0.0339538
9 0.0645788
10 0.0712815
11 0.104704
12 0.121493
13 0.0676037
14 0.159376
15 0.139276
16 0.0506515
17 0.145767
18 0.129269
19 0.119022
20 0.162372
21 0.153091
22 0.140544
23 0.109808
24 0.126557
25 0.143348
26 0.148427
27 0.134213
28 0.142671
29 0.118447
"[DEBUG]index 96 centroid... "
0 0.160401
1 0.168382
2 0.152233
3 0.184838
4 0.181898
5 0.149048
6 0.209256
7 0.213805
8 0.066379
9 0.131637
10 0.231577
11 0.186542
12 0.141186
13 0.203928
14 0.232754
15 0.114225
16 0.159337
17 0.219997
18 0.141894
19 0.107918
20 0.230512
21 0.223539
22 0.134063
23 0.197692
24 0.236913
25 0.180246
26 0.193722
27 0.206359
28 0.224184
29 0.213455
"[DEBUG]index 97 centroid... "
0 0.16036
1 0.15726
2 0.155032
3 0.156135
4 0.122991
5 0.106816
6 0.160361
7 0.170866
8 0.0617067
9 0.186191
10 0.175224
11 0.122622
12 0.125195
13 0.10111
14 0.0939897
15 0.103341
16 0.101166
17 0.122826
18 0.0947833
19 0.0807792
20 0.182255
21 0.0967827
22 0.103687
23 0.160023
24 0.131853
25 0.099108
26 0.100762
27 0.126474
28 0.118645
29 0.144461
"[DEBUG]index 98 centroid... "
0 0.2272
1 0.179661
2 0.197932
3 0.219793
4 0.20305
5 0.200959
6 0.26495
7 0.214562
8 0.137542
9 0.233085
10 0.222588
11 0.120383
12 0.21184
13 0.257656
14 0.0961121
15 0.10685
16 0.232882
17 0.131936
18 0.147045
19 0.181767
20 0.200077
21 0.168781
22 0.174288
23 0.164768
24 0.246479
25 0.255396
26 0.301713
27 0.314871
28 0.311705
29 0.241606
"[DEBUG]index 99 centroid... "
0 0.158184
1 0.136256
2 0.149593
3 0.154936
4 0.137315
5 0.131135
6 0.205683
7 0.180174
8 0.0925387
9 0.149009
10 0.181189
11 0.143186
12 0.123168
13 0.190468
14 0.167963
15 0.117053
16 0.157774
17 0.149781
18 0.0809832
19 0.184322
20 0.204214
21 0.119511
22 0.167219
23 0.167871
24 0.150258
25 0.150257
26 0.164445
27 0.168143
28 0.176559
29 0.181349
