correlation level (red against blue): 
-0.65137
-0.622219
-0.513498
-0.136909
-0.30177
-0.454066
-0.509387
-0.276284
-0.784262
-0.753326
-0.709763
-0.501744
-0.775517
-0.446791
-0.308433
-0.732496
-0.637236
-0.564346
-0.740724
-0.403464
-0.548633
-0.740715
-0.800584
-0.649447
-0.774634
-0.570548
-0.381559
-0.730689
-0.729704
-0.62407
-0.500317
-0.645846
-0.570103
-0.589065
-0.635141
-0.442639
-0.713937
-0.70694
-0.66543
-0.716551
-0.635984
-0.578321
-0.643472
-0.811004
-0.699863
-0.757793
-0.670187
-0.658983
-0.651136
-0.475004
-0.802309
-0.530195
-0.820206
0.0815964
-0.550655
-0.51149
-0.823735
-0.535139
-0.745055
-0.697726
-0.484069
-0.500336
-0.721593
-0.623735
-0.675109
-0.587014
-0.589782
-0.224419
-0.635295
-0.721669
-0.594076
-0.72233
-0.601793
-0.381725
-0.515754
-0.362115
-0.545078
-0.793661
-0.561343
-0.370997
-0.76227
-0.690559
-0.721676
-0.636845
-0.705467
-0.393128
-0.49539
-0.530235
-0.803218
-0.603292
-0.448043
-0.718697
-0.75125
-0.837701
-0.661853
-0.641219
-0.758913
-0.49596
-0.633052
-0.717034
