"[DEBUG]index 0 centroid... "
0 3.05263
1 4.61404
2 4.45175
3 3.42544
4 3.59211
5 4.6886
6 6.43421
7 4.15351
8 10.9518
9 11.8947
10 14.1404
11 22.4518
12 24.0965
13 27.7193
14 39.2456
15 36.8772
16 25.6886
17 25.6096
18 17.3991
19 19.5965
20 13.2237
21 9.42544
22 8.33772
23 5.70175
24 6.16667
25 5.22807
26 5.07456
27 4.91667
28 5.63596
29 3.67544
"[DEBUG]index 1 centroid... "
0 15.4231
1 15.1462
2 16.8846
3 14.9769
4 10.9154
5 11.2692
6 10.7462
7 7.36923
8 19.0846
9 8.69231
10 6.08462
11 4.94615
12 3.63846
13 2.00769
14 2.07692
15 1.13077
16 1.80769
17 2.32308
18 1.90769
19 3.13846
20 4.52308
21 4.1
22 6.37692
23 6.07692
24 6.56154
25 6.58462
26 7.38462
27 7.80769
28 9.3
29 10.8846
"[DEBUG]index 2 centroid... "
0 2.06838
1 2.04786
2 1.91453
3 1.96752
4 2.06838
5 2.46154
6 2.07009
7 1.58632
8 8.17778
9 3.24957
10 1.50427
11 1.05299
12 0.54359
13 0.62906
14 1.17094
15 2.01026
16 4.06325
17 6.73504
18 13.7538
19 6.13162
20 4.5641
21 1.7094
22 1.05641
23 1.98803
24 2.34188
25 1.92821
26 2.77436
27 2.78803
28 2.43077
29 2.26667
"[DEBUG]index 3 centroid... "
0 8.17391
1 7.84783
2 6.32609
3 7.41304
4 7.26087
5 6.80435
6 11.6304
7 4.28261
8 21.6957
9 7.36957
10 5.93478
11 2.91304
12 2.67391
13 7.76087
14 11.6522
15 10.5
16 12
17 5.43478
18 2.73913
19 1.97826
20 0.76087
21 0.869565
22 2.41304
23 8.71739
24 3.76087
25 4.52174
26 5.21739
27 4.28261
28 5.21739
29 5.13043
"[DEBUG]index 4 centroid... "
0 2.564
1 2.75838
2 2.30527
3 2.25667
4 2.68241
5 2.86653
6 2.80219
7 1.46064
8 15.8617
9 4.45175
10 2.55031
11 1.5373
12 3.38877
13 1.78439
14 5.55715
15 6.80972
16 2.23272
17 1.33402
18 3.87953
19 2.44216
20 4.74949
21 18.3121
22 5.66872
23 3.03354
24 3.71526
25 3.27789
26 2.88227
27 2.74743
28 2.70363
29 2.70568
"[DEBUG]index 5 centroid... "
0 3.35823
1 3.35511
2 2.96383
3 3.09296
4 3.05951
5 3.00856
6 3.32983
7 1.70323
8 15.3473
9 5.8273
10 2.993
11 5.68184
12 17.8903
13 2.95722
14 2.68417
15 1.7534
16 1.68495
17 2.47025
18 3.84831
19 16.4107
20 5.28433
21 2.87709
22 3.35511
23 3.24387
24 2.62155
25 2.49864
26 2.4963
27 2.84714
28 2.71451
29 2.69234
"[DEBUG]index 6 centroid... "
0 4.61822
1 4.26356
2 4.80932
3 4.13178
4 4.39661
5 4.99915
6 4.58644
7 3.75466
8 23.9606
9 4.44492
10 20.4182
11 20.8487
12 7.43983
13 4.61483
14 2.37373
15 3.61695
16 6.79915
17 7.01864
18 3.3
19 1.93263
20 3.50805
21 6.97754
22 2.48093
23 3.30932
24 3.15424
25 2.98432
26 2.96059
27 3.06525
28 2.88517
29 2.75932
"[DEBUG]index 7 centroid... "
0 5.43431
1 6.40146
2 5.56204
3 5.06934
4 6.76277
5 5.48905
6 5.63139
7 3.37591
8 17.3285
9 5.42701
10 11.2409
11 6.17883
12 16.5912
13 16.5803
14 6.41971
15 3.26277
16 1.89416
17 0.908759
18 1.14964
19 1.46715
20 1.4562
21 2.4927
22 7.84307
23 2.40146
24 3.90876
25 3.19343
26 3.26277
27 2.71168
28 3.15328
29 2.59854
"[DEBUG]index 8 centroid... "
0 4.87753
1 4.82472
2 4.57792
3 4.52325
4 5.10889
5 6.0552
6 5.56709
7 3.28133
8 34.7075
9 7.19799
10 4.67448
11 5.68566
12 4.60747
13 12.7379
14 3.27538
15 13.6702
16 3.27077
17 16.0736
18 4.21264
19 3.3904
20 12.3438
21 4.12442
22 1.85978
23 5.26464
24 4.52396
25 3.96716
26 4.1254
27 4.2082
28 4.30112
29 3.84292
"[DEBUG]index 9 centroid... "
0 5.94714
1 5.54075
2 5.63243
3 5.03524
4 5.74284
5 6.40529
6 5.95374
7 3.74945
8 31.4215
9 6.58811
10 10.2913
11 13.8285
12 5.30865
13 2.09664
14 3.44383
15 13.726
16 3.6853
17 2.01955
18 3.73128
19 13.0876
20 3.31222
21 1.88684
22 4.47412
23 5.22935
24 3.71476
25 4.1016
26 4.05589
27 4.25028
28 4.14813
29 4.13601
"[DEBUG]index 10 centroid... "
0 4.15583
1 4.50953
2 4.14854
3 3.88901
4 4.32287
5 4.97758
6 4.6278
7 2.64126
8 23.9165
9 6.60482
10 4.69731
11 2.05437
12 3.57287
13 11.718
14 3.27186
15 1.67881
16 3.3722
17 11.3066
18 9.40078
19 3.7287
20 2.01289
21 3.24832
22 12.5874
23 2.97926
24 3.68946
25 4.56839
26 4.3083
27 3.96973
28 4.05717
29 4.0611
"[DEBUG]index 11 centroid... "
0 2.75741
1 2.62584
2 2.46385
3 2.26037
4 2.22284
5 2.60529
6 2.96563
7 2.41209
8 11.2465
9 3.30936
10 11.8427
11 4.98459
12 2.84986
13 3.20861
14 1.50731
15 2.44844
16 6.21375
17 2.84749
18 5.90794
19 8.74555
20 23.4903
21 8.84275
22 5.92533
23 3.20348
24 2.97511
25 2.80087
26 2.5883
27 2.75464
28 2.9676
29 2.75543
"[DEBUG]index 12 centroid... "
0 4.40178
1 4.19276
2 3.9769
3 4.00668
4 4.44657
5 5.01752
6 5.17617
7 3.0466
8 25.4974
9 6.76466
10 3.8305
11 4.18278
12 11.2074
13 3.99694
14 4.00526
15 6.978
16 28.1407
17 7.16541
18 3.82595
19 11.887
20 4.31762
21 3.36571
22 9.08117
23 3.55862
24 4.02475
25 4.38142
26 4.06781
27 3.83632
28 3.80866
29 3.56561
"[DEBUG]index 13 centroid... "
0 6.96262
1 7.54615
2 7.16171
3 6.64378
4 7.0778
5 7.50877
6 7.75133
7 5.33715
8 30.1327
9 6.37681
10 31
11 7.16552
12 32.5027
13 8.70709
14 13.1281
15 5.78032
16 4.99771
17 9.39741
18 8.74142
19 4.02212
20 2.79558
21 2.04805
22 2.30206
23 3.84744
24 3.14645
25 3.42792
26 3.47902
27 3.46453
28 3.88177
29 3.47445
"[DEBUG]index 14 centroid... "
0 3.92157
1 3.45882
2 3.25098
3 2.92157
4 3.34314
5 3.97451
6 3.84314
7 2.0902
8 15.0059
9 4.42157
10 2.62353
11 1.3098
12 0.590196
13 1.6549
14 1.11569
15 1.96078
16 9.38431
17 3.12157
18 1.37451
19 1.55686
20 3.2902
21 1.82549
22 8.33333
23 2.57255
24 3.24706
25 3.54902
26 4.07255
27 3.16274
28 3.2
29 3.2
"[DEBUG]index 15 centroid... "
0 3.1115
1 3.53692
2 3.52536
3 3.01959
4 2.99598
5 4.23958
6 4.55399
7 3.0884
8 14.4254
9 30.3872
10 9.55449
11 9.27725
12 4.36715
13 6.6213
14 16.4108
15 6.22551
16 2.90357
17 7.91863
18 3.44249
19 7.05776
20 2.58865
21 6.11351
22 5.15419
23 2.78503
24 3.10849
25 3.19437
26 2.59216
27 2.87293
28 3.12255
29 2.76745
"[DEBUG]index 16 centroid... "
0 4.19516
1 4.2136
2 3.78969
3 3.57839
4 4.22299
5 4.32279
6 4.17622
7 2.26515
8 24.9226
9 5.92013
10 3.23864
11 1.79447
12 1.64328
13 2.86726
14 3.20916
15 1.11281
16 3.69829
17 1.41634
18 2.58383
19 11.0466
20 2.01449
21 3.19928
22 1.34404
23 3.75543
24 2.84931
25 2.80995
26 3.02635
27 3.41288
28 3.49506
29 3.40464
"[DEBUG]index 17 centroid... "
0 4.18931
1 4.13725
2 4.15266
3 3.80299
4 3.48716
5 4.80556
6 4.59757
7 2.43277
8 22.2218
9 6.88165
10 2.74883
11 12.3445
12 3.6641
13 1.54972
14 1.92134
15 4.40966
16 1.50327
17 2.62745
18 11.7883
19 3.55416
20 3.09571
21 10.3602
22 9.61111
23 3.01867
24 4.62325
25 4.1746
26 3.78922
27 4.10387
28 3.9239
29 3.831
"[DEBUG]index 18 centroid... "
0 4.08708
1 4.08083
2 3.82058
3 3.58473
4 3.76865
5 5.04705
6 4.72901
7 2.95685
8 21.1576
9 7.53456
10 3.66048
11 11.1665
12 4.18743
13 4.12046
14 10.9223
15 3.7665
16 5.96954
17 26.1593
18 9.64311
19 4.32546
20 9.02636
21 23.0154
22 6.64487
23 4.80359
24 5.37954
25 4.82956
26 4.37544
27 4.59547
28 4.39652
29 4.35904
"[DEBUG]index 19 centroid... "
0 3.20218
1 3.25545
2 3.2845
3 2.9431
4 3.25182
5 3.48063
6 3.66707
7 2.523
8 15.3027
9 5.45884
10 3.88862
11 2.94552
12 3.6816
13 4.9322
14 20.6247
15 5.8983
16 4.2845
17 7.75545
18 16.7119
19 16.276
20 6.14891
21 3.38378
22 10.2203
23 3.62712
24 3.47458
25 3.63196
26 4.1138
27 3.59443
28 3.84867
29 3.48789
"[DEBUG]index 20 centroid... "
0 6.00519
1 7.18182
2 6.69091
3 6.16364
4 6.22857
5 7.37403
6 5.87013
7 2.94805
8 21.4545
9 9.28312
10 3.03377
11 4.5039
12 6.34805
13 1.69091
14 1.27273
15 1.67273
16 3.45974
17 12.5455
18 2.47273
19 4.42338
20 1.76623
21 1.24675
22 1.6026
23 5.58182
24 3.52208
25 4.32987
26 4.42597
27 5.02078
28 5.04675
29 4.64675
"[DEBUG]index 21 centroid... "
0 5.1136
1 5.00658
2 5.06081
3 4.72122
4 5.02088
5 5.93264
6 5.35097
7 3.22063
8 39.1159
9 8.22706
10 3.90477
11 15.6263
12 4.33583
13 3.96337
14 4.59594
15 1.71262
16 3.76062
17 4.65576
18 1.70718
19 3.64747
20 10.7582
21 2.86293
22 3.71787
23 4.4486
24 3.83258
25 3.50272
26 3.84707
27 3.59309
28 3.78291
29 3.97779
"[DEBUG]index 22 centroid... "
0 5.02247
1 4.92306
2 4.7731
3 4.52401
4 4.83375
5 5.7203
6 5.79641
7 3.02247
8 24.4937
9 7.5462
10 3.11289
11 10.8978
12 11.5571
13 3.37012
14 7.50604
15 27.4482
16 6.04942
17 4.44622
18 2.74586
19 2.39736
20 3.41814
21 8.52569
22 2.60685
23 4.26397
24 4.3631
25 3.96097
26 3.51839
27 3.68015
28 3.47599
29 3.42965
"[DEBUG]index 23 centroid... "
0 4.37792
1 4.61805
2 4.70193
3 4.3857
4 4.96022
5 5.9213
6 5.05938
7 2.94609
8 24.6515
9 6.98588
10 4.48487
11 6.03632
12 12.1585
13 5.56183
14 29.6105
15 6.5209
16 4.51744
17 2.73854
18 3.25079
19 8.07236
20 2.82041
21 3.21044
22 1.73162
23 4.15711
24 3.23292
25 3.24589
26 3.16575
27 3.4964
28 3.12597
29 2.99279
"[DEBUG]index 24 centroid... "
0 6.20076
1 5.9325
2 5.88435
3 5.78639
4 6.27275
5 7.30059
6 6.76539
7 4.18086
8 38.1047
9 9.43758
10 4.89154
11 18.0104
12 4.75067
13 14.0301
14 3.95088
15 16.2343
16 4.47613
17 4.20187
18 13.3676
19 4.57838
20 2.30846
21 5.10176
22 4.33831
23 4.39731
24 4.51675
25 4.38971
26 4.36332
27 4.45755
28 4.28656
29 4.18563
"[DEBUG]index 25 centroid... "
0 6.94907
1 6.51227
2 6.50664
3 5.86199
4 6.53875
5 7.35764
6 6.78204
7 4.69848
8 42.9914
9 7.05629
10 17.6807
11 4.83121
12 2.4295
13 2.06632
14 4.4887
15 3.5449
16 1.52221
17 4.26168
18 4.07265
19 1.57595
20 3.63427
21 3.78635
22 1.41393
23 3.82391
24 3.43724
25 3.30029
26 3.61879
27 3.69936
28 4.19826
29 4.41719
"[DEBUG]index 26 centroid... "
0 4.89625
1 5.07285
2 4.40177
3 4.29801
4 3.91611
5 4.89625
6 4.01104
7 2.29801
8 17.2185
9 6.52318
10 3.35099
11 1.77042
12 3.20751
13 10.4702
14 2.0287
15 1.24062
16 0.79691
17 1.56954
18 3.60265
19 2.03532
20 11.6623
21 1.99558
22 9.65342
23 4.05739
24 4.15894
25 4
26 3.64018
27 3.54967
28 3.26711
29 3.66887
"[DEBUG]index 27 centroid... "
0 3.09926
1 3.47611
2 3.00796
3 3.06263
4 3.2983
5 3.74151
6 3.64066
7 3.48779
8 15.6131
9 4.43206
10 13.3052
11 13.8859
12 5.36093
13 3.56953
14 8.31316
15 3.65977
16 6.03238
17 9.24522
18 28.5175
19 10.7044
20 6.56635
21 3.69108
22 7.50318
23 3.4018
24 2.95913
25 3.03875
26 3.31741
27 3.32484
28 3.04406
29 2.97346
"[DEBUG]index 28 centroid... "
0 4.85664
1 5.35597
2 5.25626
3 4.93443
4 5.47798
5 6.26363
6 5.38778
7 4.02076
8 28.9113
9 7.52105
10 13.8846
11 13.0943
12 8.67468
13 33.6902
14 8.52008
15 4.20931
16 13.8068
17 4.04559
18 11.4436
19 4.20892
20 12.1203
21 3.43123
22 10.9531
23 4.51484
24 4.89544
25 4.50281
26 4.37983
27 4.13443
28 4.33307
29 4.09661
"[DEBUG]index 29 centroid... "
0 4.52959
1 4.82513
2 4.41789
3 3.95711
4 4.80519
5 5.48504
6 5.42819
7 4.48438
8 24.2257
9 3.88597
10 23.6416
11 8.44348
12 4.69215
13 6.37001
14 10.7683
15 5.2111
16 25.4072
17 8.53225
18 3.89162
19 9.67354
20 8.78125
21 3.48072
22 2.33278
23 4.52527
24 3.52427
25 3.58411
26 3.50499
27 3.77892
28 3.6506
29 3.4754
"[DEBUG]index 30 centroid... "
0 3.6672
1 3.75402
2 3.41755
3 3.3599
4 3.45521
5 4.41778
6 4.10887
7 2.22967
8 22.4279
9 6.42444
10 3.41502
11 1.839
12 4.40285
13 1.63528
14 3.8266
15 1.22301
16 3.72003
17 10.9566
18 2.35324
19 10.2189
20 10.0303
21 2.36426
22 11.2095
23 3.63872
24 3.69798
25 4.291
26 4.00735
27 3.8622
28 4.23151
29 4.17455
"[DEBUG]index 31 centroid... "
0 7.95673
1 7.58889
2 7.37311
3 7.39173
4 7.52556
5 8.45671
6 8.13638
7 3.9419
8 46.8818
9 11.57
10 6.44014
11 6.08432
12 21.9844
13 3.85673
14 2.55803
15 5.90684
16 4.99558
17 2.4123
18 5.09099
19 2.40741
20 4.7447
21 4.46126
22 2.25262
23 4.91559
24 4.59335
25 4.10617
26 4.47669
27 4.73505
28 4.58235
29 4.76051
"[DEBUG]index 32 centroid... "
0 2.73861
1 2.53688
2 2.49675
3 2.33948
4 2.85249
5 3.14425
6 3.38503
7 1.90672
8 15.1161
9 3.45879
10 2.55965
11 1.53688
12 1.74187
13 2.57158
14 3.94902
15 14.8048
16 13.038
17 4.71475
18 8.10954
19 2.15944
20 6.90998
21 5.95987
22 2.24512
23 3.04881
24 3.25813
25 3.00108
26 3.03254
27 2.89696
28 2.67679
29 2.51627
"[DEBUG]index 33 centroid... "
0 3.933
1 3.95755
2 3.89451
3 3.35678
4 3.72491
5 4.16895
6 4.3185
7 2.72824
8 21.7368
9 3.48949
10 23.2305
11 6.33244
12 3.12789
13 3.66209
14 3.45219
15 1.54878
16 1.82226
17 1.50868
18 3.09477
19 6.78613
20 1.91574
21 7.33716
22 2.67045
23 3.2053
24 2.98714
25 2.89355
26 2.61975
27 2.78538
28 3.01372
29 2.84477
"[DEBUG]index 34 centroid... "
0 3.56945
1 3.47024
2 3.64919
3 3.36428
4 3.55934
5 4.65331
6 4.07376
7 2.36915
8 19.4886
9 5.13253
10 3.72782
11 2.44665
12 3.89929
13 5.46836
14 23.1404
15 6.12917
16 2.58817
17 9.68439
18 3.31037
19 1.45563
20 3.72295
21 2.60539
22 6.7091
23 3.00037
24 3.32647
25 3.56196
26 3.3261
27 3.0951
28 3.08574
29 3.12954
"[DEBUG]index 35 centroid... "
0 4.05223
1 3.89715
2 3.85902
3 3.52451
4 3.50785
5 4.12336
6 4.10125
7 2.55527
8 21.6232
9 6.38834
10 9.59244
11 6.79974
12 24.3361
13 6.157
14 3.54502
15 9.72957
16 3.26274
17 9.37648
18 3.77411
19 10.4034
20 5.51202
21 21.9878
22 6.8116
23 3.97949
24 5.0596
25 4.06184
26 3.58795
27 3.7331
28 3.54598
29 3.36431
"[DEBUG]index 36 centroid... "
0 5.252
1 5.34561
2 4.71761
3 4.60714
4 4.36091
5 5.49556
6 5.82143
7 3.23159
8 21.7487
9 24.7817
10 7.57054
11 3.99667
12 12.559
13 3.19565
14 1.90373
15 1.92347
16 3.65328
17 3.2429
18 1.6331
19 4.3689
20 1.73536
21 2.9441
22 7.74933
23 2.69987
24 3.30058
25 3.38753
26 3.1575
27 3.27728
28 3.23602
29 3.52972
"[DEBUG]index 37 centroid... "
0 4.6215
1 4.26046
2 4.24437
3 3.95038
4 4.43318
5 4.88703
6 5.31032
7 2.97624
8 24.9884
9 7.35882
10 3.88208
11 4.75118
12 4.37095
13 3.64341
14 10.597
15 3.66481
16 7.26145
17 27.5885
18 6.72791
19 3.93071
20 2.23447
21 3.63375
22 1.61062
23 3.27122
24 3.1288
25 3.27184
26 3.38617
27 3.39532
28 3.23917
29 3.08364
"[DEBUG]index 38 centroid... "
0 4.21945
1 4.09585
2 4.05651
3 4.125
4 4.36462
5 4.97764
6 5.11741
7 2.63159
8 25.9589
9 6.14038
10 3.31769
11 2.21526
12 4.92732
13 1.51398
14 2.94089
15 13.137
16 3.26977
17 2.99042
18 12.0128
19 4.17652
20 1.64896
21 3.73922
22 10.8872
23 2.94489
24 4.19609
25 4.67133
26 4.27496
27 4.24061
28 4.14956
29 4.04832
"[DEBUG]index 39 centroid... "
0 4.39064
1 4.28821
2 4.15778
3 4.05535
4 4.34876
5 5.01094
6 4.96519
7 2.93025
8 25.818
9 7.19952
10 4.31195
11 11.6575
12 3.72366
13 10.0674
14 3.2458
15 9.98213
16 11.885
17 3.96706
18 7.87517
19 29.9653
20 6.58709
21 4.1139
22 4.60443
23 4.78421
24 3.81088
25 3.65111
26 3.65537
27 4.10483
28 3.67311
29 3.47026
"[DEBUG]index 40 centroid... "
0 12.1579
1 12.3627
2 11.7289
3 11.3143
4 11.4009
5 13.3893
6 11.0707
7 6.7354
8 34.2891
9 14.7094
10 5.28335
11 23.1694
12 6.7491
13 6.33886
14 7.61644
15 3.47801
16 1.71161
17 3.17736
18 2.66691
19 5.62149
20 2.50901
21 1.77866
22 2.82048
23 6.08435
24 4.80461
25 4.84427
26 5.93079
27 5.77073
28 5.86734
29 6.59553
"[DEBUG]index 41 centroid... "
0 5.63006
1 6.30252
2 6.34571
3 5.78897
4 5.63787
5 6.68234
6 7.56886
7 4.99841
8 18.5821
9 36.6876
10 8.66513
11 38.1611
12 16.9638
13 8.49251
14 9.43242
15 8.08081
16 4.18951
17 3.0891
18 3.96653
19 3.5314
20 5.55244
21 3.21964
22 2.14233
23 3.54718
24 3.16784
25 2.88907
26 3.00367
27 3.0357
28 2.95952
29 3.13261
"[DEBUG]index 42 centroid... "
0 4.76809
1 5.21675
2 4.20284
3 4.20411
4 4.12196
5 5.21201
6 5.36935
7 3.05466
8 20.9494
9 24.2224
10 6.31912
11 3.90869
12 10.9096
13 3.02907
14 4.26477
15 2.04455
16 3.41517
17 9.88468
18 9.46003
19 2.33523
20 9.77978
21 3.75829
22 1.53397
23 4.49637
24 3.41011
25 2.89984
26 3.53239
27 3.60569
28 3.13555
29 3.14028
"[DEBUG]index 43 centroid... "
0 4.52907
1 4.57868
2 4.62537
3 4.36759
4 4.76512
5 5.55843
6 5.25807
7 2.86788
8 23.8867
9 5.94745
10 3.72431
11 5.58779
12 1.68878
13 3.36436
14 12.0443
15 2.73547
16 1.66031
17 1.96242
18 1.81709
19 4.4589
20 1.2983
21 3.00382
22 10.3949
23 3.16706
24 4.31415
25 4.08015
26 4.00323
27 3.77892
28 3.67968
29 3.72431
"[DEBUG]index 44 centroid... "
0 3.35266
1 3.58897
2 3.1362
3 2.94069
4 3.34434
5 3.72544
6 3.85964
7 2.41868
8 23.9961
9 4.47933
10 9.67029
11 3.25429
12 1.68773
13 3.8638
14 1.51999
15 3.15352
16 2.4635
17 10.8625
18 2.17109
19 10.611
20 2.17526
21 9.96511
22 2.46914
23 3.47759
24 3.30005
25 3.30435
26 3.04724
27 3.23081
28 3.31616
29 3.28006
"[DEBUG]index 45 centroid... "
0 4.04516
1 4.24512
2 3.94465
3 3.95642
4 4.22263
5 5.00879
6 4.70445
7 2.81374
8 28.4493
9 4.91161
10 13.356
11 4.21437
12 3.99947
13 12.3179
14 2.25901
15 9.1708
16 3.66227
17 4.22808
18 1.83237
19 3.76823
20 11.0648
21 2.17712
22 11.006
23 3.85398
24 4.097
25 4.20102
26 3.71534
27 3.52153
28 3.48234
29 3.61483
"[DEBUG]index 46 centroid... "
0 5.23169
1 5.01329
2 4.94969
3 4.8252
4 5.11799
5 6.01136
6 5.76295
7 2.61917
8 35.1771
9 8.79225
10 4.73044
11 5.65511
12 15.6157
13 2.36554
14 13.5888
15 4.80948
16 2.16115
17 4.82077
18 12.9149
19 3.43243
20 3.95912
21 12.6753
22 3.53798
23 4.95734
24 5.11563
25 4.31309
26 4.25077
27 4.60945
28 4.3496
29 4.42793
"[DEBUG]index 47 centroid... "
0 4.46421
1 4.53904
2 4.15478
3 4.12074
4 4.32972
5 5.22442
6 5.13474
7 2.92919
8 30.0071
9 6.98807
10 3.43996
11 11.7684
12 4.39917
13 2.08053
14 4.64401
15 3.44514
16 12.3809
17 3.04066
18 14.0354
19 2.80807
20 12.2738
21 3.46771
22 3.81513
23 4.21359
24 4.04254
25 3.57262
26 3.84444
27 3.89424
28 4.11289
29 3.7167
"[DEBUG]index 48 centroid... "
0 4.07737
1 4.07245
2 3.83577
3 3.81902
4 4.7107
5 5.06677
6 5.01394
7 3.11346
8 54.3707
9 6.80981
10 4.5552
11 4.81882
12 4.00559
13 10.0894
14 3.32171
15 2.98802
16 10.5063
17 3.63423
18 4.00598
19 4.20743
20 3.08757
21 8.6913
22 2.91947
23 3.71898
24 3.76797
25 3.69294
26 3.41248
27 3.45258
28 3.55866
29 3.48344
"[DEBUG]index 49 centroid... "
0 6.01325
1 5.85321
2 5.85219
3 5.42202
4 5.81244
5 6.64424
6 6.28135
7 3.02243
8 25.6075
9 6.95107
10 3.84506
11 2.2844
12 5.92151
13 2.51784
14 14.1631
15 2.40877
16 4.66972
17 2.14169
18 0.945974
19 1.61366
20 3.78084
21 3.316
22 1.17023
23 4.70336
24 4.14781
25 3.93374
26 4.18043
27 4.25892
28 3.74006
29 4.54944
"[DEBUG]index 50 centroid... "
0 5.76094
1 5.99316
2 5.98179
3 5.55647
4 5.72008
5 7.18289
6 6.30516
7 3.40393
8 37.2989
9 10.0609
10 4.17576
11 16.2597
12 16.6924
13 3.14271
14 16.2223
15 4.90191
16 4.02659
17 13.3825
18 4.09482
19 5.28474
20 2.67653
21 4.2197
22 11.2339
23 4.0609
24 4.67132
25 5.10464
26 4.80121
27 4.41752
28 4.54558
29 4.34371
"[DEBUG]index 51 centroid... "
0 3.87127
1 3.82253
2 3.71498
3 3.40048
4 3.94323
5 4.3335
6 4.68142
7 2.82432
8 26.3463
9 4.03496
10 12.1902
11 4.06787
12 1.95496
13 3.40431
14 10.584
15 2.42868
16 3.97538
17 3.30467
18 12.8047
19 2.46606
20 10.9735
21 2.40942
22 11.0763
23 3.37535
24 4.01697
25 3.72085
26 3.86923
27 3.45267
28 3.68525
29 3.57948
"[DEBUG]index 52 centroid... "
0 6.92813
1 7.11853
2 6.5995
3 6.23931
4 6.78237
5 7.83068
6 7.83634
7 4.33828
8 34.208
9 9.95417
10 4.0139
11 17.8729
12 5.76623
13 2.44822
14 6.65453
15 4.23459
16 13.471
17 4.3721
18 2.28538
19 5.85154
20 1.88394
21 4.88052
22 1.81725
23 4.95216
24 4.18263
25 4.25274
26 4.5902
27 4.51809
28 4.28785
29 4.59762
"[DEBUG]index 53 centroid... "
0 2.42006
1 3.05643
2 2.47649
3 2.36364
4 2.6489
5 2.94357
6 2.72414
7 1.49216
8 11.185
9 3.61129
10 2.22884
11 1.26959
12 0.664577
13 0.445141
14 0.909091
15 2.87774
16 0.815047
17 1.18182
18 2.92163
19 4.04389
20 11.2884
21 4.69906
22 2.00313
23 3.33542
24 3.11912
25 2.36364
26 2.91536
27 3.58621
28 3.17555
29 3.04075
"[DEBUG]index 54 centroid... "
0 12
1 10.1414
2 10.0757
3 9.67763
4 9.67763
5 10.4046
6 10.6941
7 5.60197
8 23.9375
9 11.4605
10 4.68421
11 17.977
12 7.94408
13 2.95395
14 3.375
15 8.79276
16 2.11842
17 3.00987
18 2.09868
19 1.42763
20 1.84539
21 2.90789
22 6.55921
23 4.70395
24 6.41447
25 5.52303
26 5.90132
27 6.20395
28 5.69408
29 6.57895
"[DEBUG]index 55 centroid... "
0 3.56588
1 3.23818
2 2.76351
3 3.23649
4 2.84459
5 3.91554
6 3.3277
7 1.47466
8 13.2956
9 5.54223
10 1.86149
11 7.37331
12 6.93412
13 1.93919
14 1.14696
15 3.29561
16 1.33446
17 0.670608
18 1.58108
19 2.52703
20 5.28716
21 14.5963
22 4.85135
23 3.58953
24 4.00169
25 3.34122
26 2.78041
27 2.79561
28 3.20608
29 2.93412
"[DEBUG]index 56 centroid... "
0 6.83567
1 6.7445
2 6.3966
3 6.25776
4 6.63755
5 7.75091
6 7.13486
7 4.55452
8 34.6845
9 9.99896
10 5.35517
11 17.952
12 3.90934
13 18.1765
14 5.51257
15 3.92737
16 13.1076
17 15.6162
18 3.74762
19 2.74398
20 5.91108
21 1.95458
22 4.54221
23 4.42312
24 4.10764
25 4.1489
26 4.51118
27 4.49385
28 4.26209
29 4.31063
"[DEBUG]index 57 centroid... "
0 2.49897
1 3.14119
2 2.78341
3 2.65113
4 2.71899
5 3.00137
6 3.69363
7 2.66758
8 11.2282
9 23.2159
10 7.23098
11 5.09321
12 3.66621
13 1.52776
14 2.22892
15 4.2392
16 13.7896
17 3.14188
18 5.63811
19 2.99589
20 1.20905
21 2.23715
22 4.44688
23 1.7889
24 2.26731
25 2.52296
26 2.22138
27 2.58122
28 2.17615
29 2.16038
"[DEBUG]index 58 centroid... "
0 4.93432
1 4.9607
2 4.3962
3 4.58401
4 4.95859
5 5.72356
6 5.31865
7 2.90768
8 27.8911
9 6.4698
10 4.62886
11 1.95621
12 5.13875
13 11.5165
14 2.59325
15 12.6384
16 13.4682
17 2.64495
18 14.2065
19 3.39752
20 4.25455
21 1.60881
22 3.92245
23 3.99341
24 3.82511
25 3.80137
26 4.24374
27 3.8077
28 3.82406
29 3.78897
"[DEBUG]index 59 centroid... "
0 3.9223
1 3.7448
2 3.69664
3 3.444
4 3.67647
5 4.52453
6 4.22797
7 2.0244
8 23.8651
9 6.5569
10 3.85371
11 4.48446
12 12.0989
13 2.68392
14 8.66543
15 2.88903
16 10.7889
17 4.45916
18 4.11803
19 6.355
20 25.6866
21 6.65477
22 3.80336
23 5.20974
24 4.56293
25 3.51785
26 3.69471
27 3.59427
28 4.05176
29 3.45376
"[DEBUG]index 60 centroid... "
0 5.51814
1 5.62954
2 5.8048
3 5.91313
4 6.06387
5 6.68319
6 7.15125
7 5.2463
8 25.0332
9 5.9397
10 27.3684
11 8.96321
12 10.0583
13 27.397
14 6.76035
15 24.838
16 8.39142
17 9.87685
18 5.06183
19 3.09504
20 2.79918
21 3.94839
22 6.6418
23 3.69954
24 3.93204
25 4.41441
26 4.21615
27 3.70414
28 3.83546
29 3.67655
"[DEBUG]index 61 centroid... "
0 3.06329
1 3.06491
2 2.62069
3 2.74686
4 2.94767
5 3.27221
6 3.60446
7 1.9428
8 15.3972
9 5.23611
10 3.55538
11 2.10183
12 3.27424
13 6.98824
14 2.90994
15 1.69047
16 4.25761
17 3.40162
18 6.22961
19 19.2158
20 3.43327
21 18.9826
22 6.84746
23 3.69006
24 4.36187
25 3.76187
26 3.51521
27 3.56511
28 3.63245
29 3.64949
"[DEBUG]index 62 centroid... "
0 4.80117
1 4.21744
2 4.16667
3 4.30461
4 4.45773
5 5.143
6 4.81169
7 2.6515
8 25.5459
9 6.39442
10 3.37783
11 2.33839
12 5.714
13 1.51335
14 3.15291
15 12.4086
16 2.66505
17 11.7006
18 2.55299
19 12.2
20 2.85396
21 1.88592
22 1.76638
23 4.11388
24 3.54915
25 3.52731
26 3.89199
27 4.42617
28 3.65109
29 3.85437
"[DEBUG]index 63 centroid... "
0 3.12099
1 3.37539
2 3.19028
3 2.87694
4 3.10548
5 4.10858
6 4.12099
7 2.95863
8 11.4984
9 6.79421
10 3.94002
11 4.32782
12 7.29886
13 7.5605
14 3.76732
15 7.49431
16 12.8376
17 27.2099
18 20.0776
19 21.1117
20 27.0052
21 11.9979
22 8.63599
23 4.85005
24 4.8211
25 4.36712
26 4.01138
27 4.04033
28 4.32885
29 3.49638
"[DEBUG]index 64 centroid... "
0 4.75722
1 4.68123
2 4.48806
3 4.35255
4 4.93141
5 5.26009
6 5.32909
7 3.24424
8 35.9469
9 6.23486
10 13.3127
11 4.21787
12 17.1419
13 3.76973
14 4.23799
15 12.6128
16 3.44887
17 12.0893
18 12.3577
19 3.65579
20 14.2481
21 3.40394
22 11.8716
23 4.39154
24 4.88867
25 4.68091
26 4.62754
27 4.30908
28 4.46044
29 4.21901
"[DEBUG]index 65 centroid... "
0 3.14698
1 3.27775
2 3.46376
3 2.75469
4 3.07248
5 3.78409
6 3.49569
7 2.56716
8 15.8581
9 2.84845
10 16.6604
11 5.29752
12 3.20628
13 1.62291
14 2.49721
15 7.0147
16 2.10745
17 1.20831
18 1.84947
19 1.47035
20 2.2666
21 5.32337
22 5.98986
23 2.20983
24 3.00507
25 2.88089
26 2.48302
27 2.40953
28 2.36543
29 2.56716
"[DEBUG]index 66 centroid... "
0 4.28768
1 4.5913
2 4.3584
3 3.93908
4 4.72593
5 5.11371
6 5.2495
7 3.11604
8 32.8234
9 5.66268
10 14.7385
11 3.83616
12 15.8652
13 3.29001
14 11.9245
15 3.39475
16 13.6711
17 3.03453
18 12.4085
19 12.7829
20 3.03088
21 10.6089
22 11.8001
23 3.74104
24 4.9414
25 4.85475
26 4.34612
27 4.49552
28 4.36205
29 3.93526
"[DEBUG]index 67 centroid... "
0 3.70106
1 3.98511
2 3.52234
3 3.13085
4 3.1734
5 3.6234
6 3.61489
7 2.25957
8 14.5574
9 5.86489
10 2.29468
11 8.82553
12 2.55638
13 0.97766
14 0.794681
15 1.1734
16 2.92979
17 2.58191
18 5.07234
19 15.2032
20 4.9234
21 3.0117
22 1.11915
23 2.88085
24 2.50745
25 2.29149
26 2.88936
27 2.92447
28 2.88298
29 3.15106
"[DEBUG]index 68 centroid... "
0 5.82166
1 6.15889
2 5.85783
3 5.56313
4 5.95303
5 6.54277
6 6.08621
7 3.34554
8 33.7022
9 10.4268
10 5.71906
11 10.8301
12 38.1336
13 7.45439
14 5.48851
15 5.7682
16 11.2798
17 9.91265
18 3.61681
19 10.4634
20 4.56404
21 4.59531
22 2.4636
23 4.92277
24 3.76274
25 3.84475
26 4.04413
27 4.03856
28 3.87159
29 3.85987
"[DEBUG]index 69 centroid... "
0 3.99559
1 4.02267
2 3.93955
3 4.23804
4 3.97292
5 5.19144
6 5.52519
7 4.71033
8 21.3659
9 4.73048
10 21.5894
11 9.47859
12 5.14798
13 10.6178
14 7.27582
15 22.6946
16 8.58753
17 7.64484
18 26.4698
19 9.26322
20 7.08753
21 23.3457
22 7.94899
23 4.6461
24 6.28841
25 4.82746
26 4.65239
27 4.63413
28 4.57431
29 3.95844
"[DEBUG]index 70 centroid... "
0 3.84762
1 3.74667
2 3.33238
3 3.58095
4 3.16667
5 4.31429
6 4.3527
7 2.48889
8 19.1562
9 23.7295
10 6.55905
11 3.95651
12 2.95111
13 8.7127
14 2.1127
15 3.23841
16 1.52476
17 2.90952
18 6.77302
19 7.00032
20 2.54254
21 1.45714
22 2.91143
23 2.78127
24 2.29143
25 2.39905
26 2.36667
27 2.52921
28 2.71556
29 2.4946
"[DEBUG]index 71 centroid... "
0 4.6627
1 4.67404
2 4.36129
3 4.22515
4 4.6042
5 5.22933
6 5.02585
7 2.62197
8 31.3659
9 6.59267
10 3.31554
11 4.21008
12 4.95657
13 1.35367
14 3.93425
15 1.40733
16 3.66986
17 1.35934
18 4.25695
19 1.63192
20 3.71506
21 2.35943
22 11.6022
23 2.81438
24 3.93481
25 4.14098
26 3.95815
27 3.70325
28 3.8234
29 3.77346
"[DEBUG]index 72 centroid... "
0 7.67485
1 7.0617
2 7.36074
3 6.83944
4 8.1078
5 7.82962
6 7.78545
7 4.63541
8 39.9043
9 7.59176
10 19.3238
11 5.01385
12 22.3479
13 4.13777
14 15.116
15 13.1143
16 4.92848
17 2.58037
18 5.45539
19 2.22244
20 4.54689
21 1.89255
22 4.19947
23 4.19772
24 4.06819
25 4.0007
26 4.16652
27 3.88151
28 3.92936
29 3.87362
"[DEBUG]index 73 centroid... "
0 3.20485
1 3.27696
2 3.77856
3 3.14486
4 3.39566
5 4.23995
6 3.81047
7 2.72687
8 17.8551
9 3.49011
10 20.8283
11 7.34078
12 3.79324
13 6.74984
14 18.5909
15 4.37843
16 3.8896
17 2.51372
18 4.12508
19 6.00447
20 16.2929
21 6.29355
22 3.06637
23 3.97639
24 3.53861
25 2.78111
26 3.05616
27 3.05041
28 3.10785
29 3.08743
"[DEBUG]index 74 centroid... "
0 4.67535
1 4.91884
2 5.03042
3 4.25979
4 4.07478
5 4.95732
6 4.70459
7 3.92455
8 21.7022
9 6.18636
10 13.4789
11 37.2581
12 13.2279
13 6.13813
14 3.93833
15 2.24332
16 1.87447
17 2.46664
18 5.10452
19 2.75903
20 1.73248
21 2.81919
22 4.93497
23 2.31659
24 2.52075
25 2.54058
26 2.42615
27 2.58377
28 2.54848
29 2.49588
"[DEBUG]index 75 centroid... "
0 4.78564
1 4.60219
2 4.1675
3 4.08275
4 3.7996
5 4.9013
6 4.54138
7 2.09172
8 19.2383
9 6.79063
10 2.92822
11 1.67198
12 5.26919
13 1.48355
14 0.850449
15 1.59222
16 2.62114
17 10.9332
18 3.22134
19 1.47358
20 3.64307
21 11.2941
22 2.47557
23 4.1007
24 4.40179
25 4.21336
26 4.22532
27 4.32303
28 4.13161
29 4.39681
"[DEBUG]index 76 centroid... "
0 6.82735
1 6.22307
2 6.41506
3 6.68854
4 6.55525
5 7.51934
6 7.82942
7 5.00898
8 22.0677
9 9.8163
10 5.16367
11 10.4972
12 25.5546
13 8.26934
14 17.1029
15 40.9703
16 14.078
17 9.99378
18 5.29351
19 5.25276
20 2.68715
21 1.79972
22 2.38674
23 3.90884
24 3.62293
25 3.25829
26 3.98204
27 3.40193
28 3.82735
29 3.37224
"[DEBUG]index 77 centroid... "
0 4.70606
1 4.7664
2 4.65399
3 4.50643
4 4.58355
5 5.97521
6 5.7117
7 3.53122
8 34.0695
9 8.26076
10 3.89481
11 16.6036
12 5.133
13 3.83329
14 13.1034
15 12.2029
16 3.73728
17 16.0287
18 3.79394
19 13.9555
20 12.1276
21 3.35388
22 13.2644
23 5.15556
24 4.80155
25 5.218
26 4.86529
27 4.35506
28 4.78555
29 4.46957
"[DEBUG]index 78 centroid... "
0 3.85002
1 4.22312
2 4.47308
3 4.0641
4 4.46232
5 4.53743
6 4.22695
7 3.21062
8 16.8013
9 7.63445
10 5.33919
11 9.75436
12 13.5476
13 42.0264
14 13.368
15 6.9849
16 3.68086
17 7.64225
18 2.82873
19 3.17572
20 2.74001
21 5.59201
22 2.63358
23 3.01633
24 3.17164
25 2.81685
26 2.56986
27 2.72862
28 2.6769
29 2.61911
"[DEBUG]index 79 centroid... "
0 4.62308
1 4.54615
2 4.13187
3 4.29341
4 4.25055
5 4.57143
6 5.32308
7 2.46484
8 21.4725
9 6.37912
10 3.00769
11 4.01209
12 1.07582
13 3.65165
14 1.3967
15 0.706593
16 1.57363
17 2.68022
18 12.033
19 2.23297
20 3.57912
21 3.43736
22 3.08352
23 3.31868
24 3.61758
25 3.50879
26 3.49341
27 3.86593
28 4.0956
29 3.44835
"[DEBUG]index 80 centroid... "
0 7.63939
1 7.21633
2 7.19107
3 6.73062
4 7.60454
5 8.09867
6 7.49569
7 3.8612
8 33.7729
9 9.46124
10 6.278
11 3.12686
12 5.30129
13 16.4401
14 3.83085
15 4.73825
16 1.8054
17 5.49667
18 4.58536
19 1.94851
20 1.88626
21 4.68168
22 1.70869
23 4.96085
24 4.29385
25 4.37157
26 4.34632
27 4.75548
28 4.35376
29 4.50764
"[DEBUG]index 81 centroid... "
0 4.66962
1 4.39718
2 4.33716
3 4.66806
4 5.0214
5 5.35595
6 4.83977
7 3.36691
8 21.4582
9 7.61326
10 5.33612
11 5.20981
12 7.24322
13 23.5397
14 8.61952
15 5.25104
16 5.67484
17 7.6691
18 25.3179
19 6.94833
20 3.62265
21 4.92693
22 2.02035
23 4.1404
24 3.43841
25 3.04384
26 3.31315
27 3.53132
28 3.38466
29 3.38466
"[DEBUG]index 82 centroid... "
0 4.20462
1 4.43931
2 3.70925
3 3.78902
4 4.32601
5 4.69538
6 4.5815
7 3.0422
8 28.1827
9 5.05549
10 13.4393
11 3.85723
12 1.95434
13 3.52197
14 11.437
15 10.4682
16 3.56705
17 3.98266
18 11.2457
19 9.93584
20 2.42081
21 4.12254
22 1.46243
23 4.04566
24 3.19942
25 3.0289
26 3.1763
27 3.6474
28 3.49827
29 2.87977
"[DEBUG]index 83 centroid... "
0 5.18299
1 4.66111
2 4.53332
3 4.40154
4 4.8272
5 5.51666
6 5.66509
7 2.66211
8 24.7424
9 6.11785
10 3.85803
11 1.90776
12 5.29935
13 1.87195
14 1.58105
15 2.82273
16 13.596
17 4.15888
18 1.75311
19 3.73471
20 12.3125
21 2.5731
22 1.66609
23 5.07285
24 4.47514
25 3.77673
26 4.25609
27 4.36773
28 4.45773
29 4.12655
"[DEBUG]index 84 centroid... "
0 11.1636
1 10.15
2 10.1713
3 9.9983
4 10.0076
5 11.0272
6 10.2898
7 7.35359
8 34.4042
9 8.11942
10 20.0285
11 6.75946
12 3.18912
13 8.25627
14 2.83
15 2.45474
16 6.84445
17 1.97705
18 5.05355
19 2.76796
20 1.52656
21 2.73311
22 2.36974
23 4.54824
24 4.27029
25 4.65576
26 4.80195
27 5.10327
28 5.43009
29 5.80833
"[DEBUG]index 85 centroid... "
0 2.20461
1 2.32038
2 2.22811
3 1.90132
4 1.80478
5 2.29603
6 2.70953
7 1.83426
8 9.28279
9 19.2973
10 7.38061
11 4.59633
12 2.41991
13 1.02606
14 2.16147
15 0.902606
16 1.57369
17 4.50918
18 2.11149
19 2.08244
20 3.82913
21 9.74712
22 3.19949
23 2.18325
24 2.50534
25 2.10636
26 1.98505
27 1.96369
28 2.10295
29 2.01581
"[DEBUG]index 86 centroid... "
0 8.02026
1 7.31436
2 7.30829
3 7.18416
4 7.8789
5 8.68753
6 8.44639
7 4.97299
8 54.99
9 12.0752
10 4.72828
11 2.63662
12 2.16837
13 3.83572
14 1.56416
15 3.77373
16 1.56985
17 4.25821
18 1.38091
19 4.26132
20 3.24129
21 1.41581
22 3.50004
23 3.51263
24 3.22999
25 3.9481
26 3.99939
27 4.2076
28 5.60467
29 5.76038
"[DEBUG]index 87 centroid... "
0 4.12826
1 4.15714
2 4.20711
3 3.86008
4 4.21488
5 4.69628
6 4.08995
7 2.15825
8 23.1866
9 6.75736
10 3.07662
11 11.7568
12 10.0705
13 9.77624
14 3.14492
15 1.36369
16 3.69517
17 3.36424
18 3.61855
19 1.42421
20 2.91671
21 9.4864
22 9.44808
23 2.96891
24 4.22599
25 4.22987
26 3.83176
27 3.71349
28 3.50028
29 3.36424
"[DEBUG]index 88 centroid... "
0 4.48034
1 4.42848
2 4.4532
3 3.92342
4 4.23345
5 4.62377
6 4.98604
7 3.40441
8 23.5869
9 3.97477
10 24.07
11 6.48124
12 3.65258
13 2.4628
14 4.66065
15 1.63747
16 3.34089
17 9.23204
18 2.47496
19 8.23588
20 3.68549
21 1.52222
22 3.72583
23 3.25471
24 2.79985
25 3.01742
26 3.31054
27 3.16635
28 3.22013
29 3.23908
"[DEBUG]index 89 centroid... "
0 4.61048
1 4.38628
2 4.61561
3 4.13911
4 4.12345
5 5.52728
6 5.6537
7 3.38412
8 23.1189
9 27.2904
10 6.03512
11 4.22528
12 2.09265
13 3.34252
14 8.91626
15 1.84927
16 8.20259
17 3.51837
18 1.40573
19 3.33955
20 3.05754
21 1.19611
22 2.62048
23 2.70881
24 2.74311
25 2.67342
26 2.89438
27 2.76499
28 3.00243
29 2.86035
"[DEBUG]index 90 centroid... "
0 5.20107
1 5.14561
2 5.10621
3 4.70278
4 5.34111
5 5.61606
6 5.74283
7 3.18887
8 33.7439
9 5.69957
10 15.3375
11 3.98266
12 17.1126
13 3.57366
14 14.8578
15 3.13405
16 10.9775
17 12.0514
18 4.0409
19 2.22677
20 4.4803
21 10.4507
22 3.01178
23 4.61734
24 4.86146
25 4.48201
26 4.12677
27 4.12291
28 3.86874
29 4.01413
"[DEBUG]index 91 centroid... "
0 3.93021
1 4.18279
2 3.92762
3 3.64069
4 4.37186
5 4.76809
6 4.89586
7 2.86448
8 27.4634
9 6.46861
10 4.41063
11 2.26773
12 4.56425
13 11.6119
14 2.74742
15 13.2781
16 3.13072
17 15.6267
18 3.09306
19 14.8641
20 2.77548
21 10.8523
22 10.4106
23 4.2692
24 5.06093
25 4.98301
26 4.31056
27 4.37112
28 4.33641
29 4.28324
"[DEBUG]index 92 centroid... "
0 4.29693
1 4.94168
2 4.71454
3 4.32956
4 4.81632
5 5.65606
6 5.58255
7 3.79774
8 22.5753
9 7.3084
10 4.78142
11 13.5045
12 4.91599
13 8.64152
14 28.1111
15 5.09386
16 26.8315
17 7.32698
18 10.9375
19 4.98384
20 4.89887
21 3.81761
22 7.82666
23 3.77205
24 4.2937
25 4.45396
26 4.32795
27 3.95557
28 3.84669
29 3.779
"[DEBUG]index 93 centroid... "
0 5.07674
1 5.2592
2 5.64679
3 5.15255
4 5.20327
5 6.61538
6 6.07488
7 4.60349
8 27.1786
9 9.04348
10 7.43534
11 32.2824
12 12.4123
13 5.13452
14 10.5446
15 29.9381
16 7.30491
17 5.01616
18 12.7657
19 4.41992
20 10.6884
21 4.20847
22 10.0472
23 4.72445
24 4.8599
25 4.95578
26 5.12932
27 4.46284
28 4.40375
29 4.27871
"[DEBUG]index 94 centroid... "
0 7.50194
1 7.36662
2 7.52041
3 7.09062
4 7.8292
5 8.68853
6 7.44509
7 5.09001
8 44.5645
9 7.90355
10 18.1752
11 19.9294
12 4.87767
13 16.2457
14 17.2102
15 4.03705
16 2.85168
17 6.01215
18 4.75134
19 2.1725
20 4.42213
21 4.40245
22 3.47716
23 4.58686
24 4.26033
25 4.15148
26 4.03839
27 3.92311
28 4.01591
29 4.07204
"[DEBUG]index 95 centroid... "
0 3.98916
1 3.96163
2 3.80609
3 3.4546
4 4.17868
5 4.47159
6 4.558
7 2.68131
8 23.2499
9 3.99356
10 11.3606
11 3.09315
12 1.75806
13 4.24517
14 1.44757
15 2.90187
16 11.5668
17 2.17897
18 9.52988
19 9.2976
20 2.84271
21 1.54482
22 3.70504
23 3.2314
24 3.08026
25 3.11511
26 3.41798
27 3.34769
28 3.45431
29 3.19332
"[DEBUG]index 96 centroid... "
0 5.1324
1 5.26756
2 4.88366
3 4.95797
4 5.3336
5 6.05614
6 5.56482
7 2.94175
8 34.0094
9 8.15074
10 4.96284
11 5.01801
12 15.8241
13 9.64417
14 2.79198
15 14.0347
16 5.04754
17 2.06263
18 4.45368
19 14.1811
20 3.36443
21 3.76164
22 12.9442
23 4.70972
24 4.80432
25 5.23722
26 4.58721
27 4.61188
28 4.53772
29 4.45643
"[DEBUG]index 97 centroid... "
0 4.1489
1 4.24917
2 3.84621
3 3.76176
4 4.21091
5 4.95123
6 4.60538
7 2.92375
8 27.5858
9 7.1699
10 3.83556
11 15.0626
12 2.90304
13 10.7271
14 3.37448
15 3.84865
16 2.14832
17 4.48784
18 3.20386
19 13.7114
20 2.55359
21 10.6026
22 10.6952
23 3.88102
24 4.54107
25 4.62005
26 3.68781
27 3.85801
28 4.08718
29 3.67242
"[DEBUG]index 98 centroid... "
0 5.47153
1 5.4281
2 5.21016
3 4.93322
4 5.18927
5 7.01721
6 6.57108
7 4.57108
8 24.6551
9 10.2143
10 4.46333
11 12.9332
12 13.6866
13 4.03605
14 11.3908
15 30.4248
16 6.66243
17 27.603
18 24.7821
19 7.75666
20 12.5883
21 6.33388
22 2.87341
23 5.98238
24 5.39779
25 4.49406
26 5.2118
27 5.32528
28 4.54609
29 4.74191
"[DEBUG]index 99 centroid... "
0 3.6111
1 3.54012
2 3.44318
3 3.45649
4 3.36452
5 3.77452
6 4.11726
7 2.26114
8 21.5506
9 6.67859
10 3.64823
11 3.3995
12 9.38946
13 2.85792
14 1.65422
15 4.72983
16 3.82609
17 5.83884
18 23.9958
19 6.51811
20 3.33337
21 9.81368
22 3.11139
23 3.47433
24 3.80104
25 3.42095
26 3.39251
27 3.76188
28 3.46868
29 3.48787
