"[DEBUG]index 0 centroid... "
0 0.303442
1 0.393819
2 0.283137
3 0.323777
4 0.285014
5 0.227021
6 0.116995
7 0.129091
8 0.212763
9 0.188893
10 0.1517
11 0.187842
12 0.121495
13 0.0805791
14 0.126837
15 0.100933
16 0.199379
17 0.0242768
18 0.155807
19 0.103798
20 0.144367
21 0.180991
22 0.0666582
23 0.161779
24 0.186533
25 0.245282
26 0.195453
27 0.362375
28 0.3596
29 0.30967
"[DEBUG]index 1 centroid... "
0 0.124793
1 0.0363537
2 0.147494
3 0.119488
4 0.103726
5 0.250098
6 0.207872
7 0.125774
8 -0.0200488
9 0.0860976
10 0.154043
11 0.119463
12 0.192049
13 0.308427
14 0.341506
15 0.36486
16 0.426579
17 0.418878
18 0.483683
19 0.526604
20 0.391128
21 0.262744
22 0.272732
23 0.196372
24 0.131311
25 0.150585
26 0.19839
27 0.225348
28 0.244951
29 0.26911
"[DEBUG]index 2 centroid... "
0 0.148147
1 0.166466
2 0.142836
3 0.144251
4 0.158832
5 0.220943
6 0.212867
7 0.15064
8 0.227327
9 0.155202
10 0.119733
11 0.177603
12 0.142354
13 0.226034
14 0.101545
15 0.173461
16 0.128026
17 0.142836
18 0.179031
19 0.11466
20 0.117543
21 0.131445
22 0.0817417
23 0.119202
24 0.123089
25 0.172191
26 0.19426
27 0.165801
28 0.165683
29 0.210903
"[DEBUG]index 3 centroid... "
0 0.0542778
1 0.0643333
2 0.0216667
3 0.331083
4 0.369625
5 0.165972
6 0.321167
7 0.321194
8 0.00361113
9 0.435417
10 0.363764
11 0.286681
12 0.438736
13 0.320347
14 0.226069
15 0.233847
16 0.0394861
17 0.0241667
18 0.0745556
19 0.101236
20 0.223181
21 0.135181
22 0.187833
23 -0.00593056
24 0.406792
25 0.115806
26 0.393917
27 0.0999028
28 0.31775
29 0.264431
"[DEBUG]index 4 centroid... "
0 0.140874
1 0.127114
2 0.178445
3 0.108273
4 0.154718
5 0.150882
6 0.126677
7 0.129952
8 0.223283
9 0.126542
10 0.159519
11 0.154215
12 0.169097
13 0.167669
14 0.137417
15 0.203526
16 0.199297
17 0.124444
18 0.239985
19 0.177369
20 0.163262
21 0.248
22 0.129928
23 0.145275
24 0.142743
25 0.209906
26 0.203418
27 0.193158
28 0.212532
29 0.154291
"[DEBUG]index 5 centroid... "
0 0.164806
1 0.122707
2 0.128683
3 0.150095
4 0.103742
5 0.158985
6 0.16476
7 0.156931
8 0.162283
9 0.13197
10 0.104779
11 0.10858
12 0.133287
13 0.142617
14 0.170273
15 0.0896249
16 0.150931
17 0.147268
18 0.125757
19 0.14961
20 0.119545
21 0.111227
22 0.139852
23 0.127339
24 0.156149
25 0.145437
26 0.162572
27 0.189732
28 0.145502
29 0.177967
"[DEBUG]index 6 centroid... "
0 0.166858
1 0.197112
2 0.129574
3 0.173659
4 0.141271
5 0.172703
6 0.15847
7 0.0934732
8 0.148736
9 0.0846224
10 0.136489
11 0.145276
12 0.0953393
13 0.13418
14 0.11578
15 0.118103
16 0.183825
17 0.179252
18 0.172806
19 0.103
20 0.17338
21 0.159546
22 0.154675
23 0.191283
24 0.180688
25 0.173803
26 0.18621
27 0.189926
28 0.17424
29 0.169391
"[DEBUG]index 7 centroid... "
0 0.228366
1 0.174744
2 0.172865
3 0.145238
4 0.157591
5 0.195199
6 0.129936
7 0.24248
8 0.265701
9 0.166893
10 0.0727651
11 0.0879359
12 0.155374
13 0.13816
14 0.180473
15 0.135242
16 0.221534
17 0.121153
18 0.154217
19 0.302747
20 0.246993
21 0.368
22 0.365139
23 0.263416
24 0.239246
25 0.35326
26 0.191157
27 0.298669
28 0.177342
29 0.200929
"[DEBUG]index 8 centroid... "
0 0.184442
1 0.188265
2 0.200005
3 0.210608
4 0.171951
5 0.172702
6 0.136024
7 0.119949
8 0.19462
9 0.118821
10 0.164977
11 0.14418
12 0.160841
13 0.154532
14 0.141506
15 0.14792
16 0.0942745
17 0.162197
18 0.157373
19 0.154597
20 0.200973
21 0.172752
22 0.158813
23 0.173925
24 0.160667
25 0.181937
26 0.210734
27 0.209592
28 0.203708
29 0.187915
"[DEBUG]index 9 centroid... "
0 0.141706
1 0.197031
2 0.160308
3 0.247814
4 0.153157
5 0.156091
6 0.146732
7 0.11215
8 0.12993
9 0.0801683
10 0.151565
11 0.182199
12 0.145732
13 0.20119
14 0.193715
15 0.218585
16 0.171019
17 0.118885
18 0.146738
19 0.155136
20 0.123062
21 0.170455
22 0.174435
23 0.17036
24 0.150398
25 0.175319
26 0.168598
27 0.175677
28 0.17726
29 0.119656
"[DEBUG]index 10 centroid... "
0 0.156152
1 0.16575
2 0.138494
3 0.270598
4 0.208913
5 0.146033
6 0.174554
7 0.0943796
8 0.15803
9 0.080188
10 0.198344
11 0.128268
12 0.187471
13 0.242003
14 0.159946
15 0.150967
16 0.144029
17 0.205391
18 0.193402
19 0.182896
20 0.134957
21 0.162852
22 0.151356
23 0.112954
24 0.179775
25 0.155267
26 0.17395
27 0.17507
28 0.170489
29 0.167431
"[DEBUG]index 11 centroid... "
0 0.174595
1 0.0666694
2 0.153075
3 0.144199
4 0.152071
5 0.15819
6 0.126776
7 0.127756
8 0.169715
9 0.128439
10 0.144631
11 0.0887801
12 0.108155
13 0.146381
14 0.160783
15 0.159792
16 0.160779
17 0.117485
18 0.104965
19 0.116666
20 0.106831
21 0.106833
22 0.153659
23 0.149053
24 0.175668
25 0.173903
26 0.174822
27 0.170941
28 0.149726
29 0.144966
"[DEBUG]index 12 centroid... "
0 0.173521
1 0.170448
2 0.188939
3 0.195622
4 0.152108
5 0.186869
6 0.159676
7 0.123194
8 0.175791
9 0.154248
10 0.139031
11 0.179599
12 0.160687
13 0.166881
14 0.137558
15 0.103837
16 0.148537
17 0.116706
18 0.117707
19 0.159644
20 0.114556
21 0.149821
22 0.207367
23 0.170261
24 0.174659
25 0.163307
26 0.176529
27 0.183873
28 0.17916
29 0.193123
"[DEBUG]index 13 centroid... "
0 0.207773
1 0.188803
2 0.198407
3 0.231587
4 0.192153
5 0.189987
6 0.181705
7 0.156292
8 0.173843
9 0.144105
10 0.129541
11 0.0763318
12 0.181866
13 0.172295
14 0.215098
15 0.168575
16 0.124218
17 0.145841
18 0.185067
19 0.16648
20 0.175219
21 0.152236
22 0.239551
23 0.289055
24 0.286732
25 0.232056
26 0.264606
27 0.309442
28 0.268909
29 0.275533
"[DEBUG]index 14 centroid... "
0 0.181721
1 0.146809
2 0.151058
3 0.19164
4 0.164609
5 0.220272
6 0.191668
7 0.0857894
8 0.236254
9 0.210332
10 0.231772
11 0.300389
12 0.177475
13 0.270234
14 0.153276
15 0.240553
16 0.296058
17 0.204409
18 0.181372
19 0.242072
20 0.233296
21 0.127184
22 0.155949
23 0.211689
24 0.163061
25 0.124823
26 0.00396141
27 0.232439
28 0.165491
29 0.158237
"[DEBUG]index 15 centroid... "
0 0.159455
1 0.164594
2 0.210377
3 0.186786
4 0.176983
5 0.146956
6 0.118497
7 0.0559873
8 0.134866
9 0.103793
10 0.119552
11 0.121549
12 0.101995
13 0.125643
14 0.173573
15 0.103031
16 0.0911586
17 0.146913
18 0.0950498
19 0.16794
20 0.142181
21 0.20265
22 0.136922
23 0.184757
24 0.165451
25 0.192224
26 0.173101
27 0.177048
28 0.166596
29 0.148564
"[DEBUG]index 16 centroid... "
0 0.127811
1 0.147078
2 0.143256
3 0.145616
4 0.110824
5 0.155134
6 0.135473
7 0.105589
8 0.139468
9 0.119158
10 0.160567
11 0.145626
12 0.132801
13 0.160725
14 0.159784
15 0.137867
16 0.169337
17 0.126524
18 0.144153
19 0.184871
20 0.116618
21 0.134241
22 0.136884
23 0.146872
24 0.131756
25 0.141606
26 0.127163
27 0.125952
28 0.122668
29 0.141721
"[DEBUG]index 17 centroid... "
0 0.218916
1 0.211982
2 0.145206
3 0.227285
4 0.174218
5 0.199167
6 0.167784
7 0.159246
8 0.195489
9 0.100559
10 0.129829
11 0.211753
12 0.174882
13 0.1423
14 0.16777
15 0.261911
16 0.16497
17 0.203996
18 0.20204
19 0.147683
20 0.158171
21 0.273611
22 0.151607
23 0.137702
24 0.17275
25 0.149974
26 0.177042
27 0.20084
28 0.178115
29 0.129454
"[DEBUG]index 18 centroid... "
0 0.191938
1 0.222407
2 0.214972
3 0.251871
4 0.226628
5 0.204934
6 0.19488
7 0.159047
8 0.230769
9 0.169641
10 0.159659
11 0.24716
12 0.200197
13 0.174407
14 0.218896
15 0.196361
16 0.207618
17 0.190514
18 0.192601
19 0.166691
20 0.207028
21 0.178655
22 0.183546
23 0.246511
24 0.217349
25 0.224515
26 0.212871
27 0.236898
28 0.204659
29 0.201607
"[DEBUG]index 19 centroid... "
0 0.201411
1 0.166118
2 0.218009
3 0.172982
4 0.097007
5 0.232149
6 0.175697
7 0.141438
8 0.235211
9 0.219627
10 0.180114
11 0.213942
12 0.144051
13 0.169616
14 0.196235
15 0.175557
16 0.178401
17 0.169235
18 0.143466
19 0.127643
20 0.1278
21 0.174912
22 0.206718
23 0.175815
24 0.221703
25 0.192867
26 0.238023
27 0.171432
28 0.264116
29 0.26275
"[DEBUG]index 20 centroid... "
0 0.282472
1 0.316672
2 0.277128
3 0.373314
4 0.288951
5 0.270553
6 0.236738
7 0.155904
8 0.230435
9 0.232753
10 0.0951901
11 0.186733
12 0.149015
13 0.15838
14 0.306237
15 0.0955901
16 0.179872
17 0.267914
18 0.216919
19 0.160116
20 0.185158
21 0.22964
22 0.258272
23 0.30182
24 0.29384
25 0.280151
26 0.237603
27 0.147472
28 0.194595
29 0.322025
"[DEBUG]index 21 centroid... "
0 0.177302
1 0.170393
2 0.177798
3 0.192534
4 0.181535
5 0.172829
6 0.171016
7 0.119281
8 0.161355
9 0.143827
10 0.149384
11 0.215994
12 0.137689
13 0.15926
14 0.211945
15 0.174884
16 0.174671
17 0.19388
18 0.174046
19 0.205608
20 0.221266
21 0.191272
22 0.204727
23 0.208762
24 0.187588
25 0.192122
26 0.179114
27 0.169909
28 0.18269
29 0.157079
"[DEBUG]index 22 centroid... "
0 0.151028
1 0.151512
2 0.205262
3 0.190351
4 0.14128
5 0.165698
6 0.15637
7 0.107839
8 0.232174
9 0.177595
10 0.178052
11 0.178014
12 0.169795
13 0.171407
14 0.174909
15 0.229073
16 0.151268
17 0.186672
18 0.219294
19 0.167729
20 0.197539
21 0.283454
22 0.211155
23 0.217953
24 0.242487
25 0.215794
26 0.271454
27 0.280892
28 0.239198
29 0.211116
"[DEBUG]index 23 centroid... "
0 0.150813
1 0.168703
2 0.201317
3 0.203529
4 0.141586
5 0.157452
6 0.170715
7 0.110731
8 0.180714
9 0.186098
10 0.120235
11 0.147172
12 0.124095
13 0.0993201
14 0.128186
15 0.115218
16 0.186394
17 0.14075
18 0.149039
19 0.21025
20 0.199692
21 0.186889
22 0.178941
23 0.179168
24 0.225307
25 0.231564
26 0.230191
27 0.207969
28 0.224335
29 0.201175
"[DEBUG]index 24 centroid... "
0 0.174455
1 0.175446
2 0.188769
3 0.189491
4 0.181905
5 0.183708
6 0.168328
7 0.111998
8 0.198242
9 0.134002
10 0.147563
11 0.175558
12 0.150576
13 0.17134
14 0.142009
15 0.178223
16 0.136396
17 0.132185
18 0.212407
19 0.170416
20 0.153457
21 0.201194
22 0.196071
23 0.214775
24 0.218246
25 0.217367
26 0.209472
27 0.213121
28 0.221278
29 0.202124
"[DEBUG]index 25 centroid... "
0 0.135463
1 0.141351
2 0.158365
3 0.173434
4 0.126306
5 0.1584
6 0.123416
7 0.0720723
8 0.122205
9 0.103472
10 0.129157
11 0.150742
12 0.149588
13 0.175501
14 0.213126
15 0.234117
16 0.205564
17 0.223708
18 0.237696
19 0.210808
20 0.262407
21 0.269762
22 0.220104
23 0.219753
24 0.185572
25 0.17841
26 0.182823
27 0.166218
28 0.175172
29 0.169518
"[DEBUG]index 26 centroid... "
0 0.135511
1 0.170581
2 0.189239
3 0.0666833
4 0.0803278
5 -0.0366
6 -0.00329167
7 0.107867
8 0.1002
9 0.035
10 0.147047
11 0.00955833
12 0.0670528
13 0.0861167
14 0.1397
15 0.146831
16 0.132111
17 0.190986
18 0.251995
19 0.196544
20 0.2563
21 0.159631
22 0.0998139
23 0.128386
24 0.214208
25 0.195733
26 0.193739
27 0.146614
28 0.165761
29 0.191217
"[DEBUG]index 27 centroid... "
0 0.184517
1 0.166987
2 0.173178
3 0.173714
4 0.164252
5 0.20585
6 0.168788
7 0.139469
8 0.142768
9 0.0873267
10 0.114049
11 0.151726
12 0.127153
13 0.128091
14 0.128563
15 0.117188
16 0.120114
17 0.116336
18 0.121236
19 0.107372
20 0.146245
21 0.159261
22 0.167417
23 0.177335
24 0.179408
25 0.211593
26 0.176865
27 0.19055
28 0.156295
29 0.232624
"[DEBUG]index 28 centroid... "
0 0.180901
1 0.181976
2 0.193553
3 0.178781
4 0.168223
5 0.167286
6 0.142578
7 0.105105
8 0.17782
9 0.0952546
10 0.142328
11 0.136205
12 0.087166
13 0.166616
14 0.0875639
15 0.119493
16 0.134199
17 0.143709
18 0.178052
19 0.171807
20 0.167728
21 0.156118
22 0.20432
23 0.183829
24 0.181546
25 0.178455
26 0.197212
27 0.191717
28 0.15581
29 0.187073
"[DEBUG]index 29 centroid... "
0 0.189068
1 0.213591
2 0.178965
3 0.181291
4 0.20253
5 0.226029
6 0.143548
7 0.0821699
8 0.17806
9 0.105008
10 0.167265
11 0.165193
12 0.133656
13 0.189906
14 0.181464
15 0.149269
16 0.196291
17 0.166743
18 0.180262
19 0.229064
20 0.199372
21 0.160739
22 0.191747
23 0.193379
24 0.175609
25 0.177447
26 0.227399
27 0.239317
28 0.227073
29 0.202275
"[DEBUG]index 30 centroid... "
0 0.155113
1 0.172765
2 0.194181
3 0.200987
4 0.144985
5 0.209525
6 0.158686
7 0.146145
8 0.163007
9 0.151437
10 0.139309
11 0.156368
12 0.130038
13 0.150535
14 0.196846
15 0.134433
16 0.122618
17 0.198434
18 0.107074
19 0.225772
20 0.153938
21 0.130943
22 0.237862
23 0.139377
24 0.152121
25 0.168381
26 0.137152
27 0.180845
28 0.172099
29 0.163497
"[DEBUG]index 31 centroid... "
0 0.160241
1 0.18381
2 0.181606
3 0.185701
4 0.192007
5 0.201506
6 0.198497
7 0.147529
8 0.154825
9 0.172288
10 0.185265
11 0.194161
12 0.209901
13 0.189611
14 0.192414
15 0.216049
16 0.180281
17 0.20461
18 0.24021
19 0.239649
20 0.232808
21 0.23906
22 0.239069
23 0.252193
24 0.238313
25 0.238259
26 0.218376
27 0.202952
28 0.196767
29 0.190092
"[DEBUG]index 32 centroid... "
0 0.120684
1 0.133261
2 0.16741
3 0.175765
4 0.119551
5 0.128006
6 0.0933323
7 0.0516311
8 0.153208
9 0.150361
10 0.0836241
11 0.0729246
12 0.0756884
13 0.0689141
14 0.0866972
15 0.126076
16 0.0930978
17 0.0776892
18 0.155286
19 0.112489
20 0.129804
21 0.185593
22 0.164619
23 0.115898
24 0.156737
25 0.169867
26 0.106677
27 0.186971
28 0.182544
29 0.16646
"[DEBUG]index 33 centroid... "
0 0.160184
1 0.156252
2 0.144547
3 0.148699
4 0.127681
5 0.171592
6 0.155792
7 0.0838895
8 0.105821
9 0.0669813
10 0.100113
11 0.145806
12 0.14138
13 0.179959
14 0.163811
15 0.158053
16 0.158711
17 0.155761
18 0.180444
19 0.152704
20 0.170481
21 0.186931
22 0.145354
23 0.176931
24 0.149346
25 0.145577
26 0.152116
27 0.15884
28 0.1458
29 0.140682
"[DEBUG]index 34 centroid... "
0 0.169916
1 0.184359
2 0.187344
3 0.188887
4 0.152845
5 0.134714
6 0.120287
7 0.0716062
8 0.198429
9 0.182669
10 0.185586
11 0.156249
12 0.15561
13 0.145544
14 0.16117
15 0.112888
16 0.123911
17 0.190751
18 0.126188
19 0.158668
20 0.186064
21 0.154112
22 0.194891
23 0.138987
24 0.1621
25 0.187775
26 0.183427
27 0.196585
28 0.195074
29 0.12891
"[DEBUG]index 35 centroid... "
0 0.128669
1 0.210187
2 0.166523
3 0.200722
4 0.167353
5 0.186344
6 0.160491
7 0.166505
8 0.156293
9 0.16178
10 0.161751
11 0.122154
12 0.208284
13 0.157036
14 0.158599
15 0.17669
16 0.169046
17 0.142617
18 0.105359
19 0.141158
20 0.133967
21 0.195096
22 0.149908
23 0.141345
24 0.157341
25 0.160137
26 0.172918
27 0.190879
28 0.142493
29 0.184588
"[DEBUG]index 36 centroid... "
0 0.155333
1 0.189417
2 0.179231
3 0.185023
4 0.145155
5 0.177922
6 0.19906
7 0.142826
8 0.0973174
9 0.124356
10 0.106636
11 0.136943
12 0.200892
13 0.152507
14 0.173697
15 0.163429
16 0.188091
17 0.207953
18 0.178757
19 0.234458
20 0.206199
21 0.213628
22 0.223391
23 0.202905
24 0.18117
25 0.183446
26 0.169354
27 0.181295
28 0.18811
29 0.144766
"[DEBUG]index 37 centroid... "
0 0.160569
1 0.176261
2 0.180532
3 0.2098
4 0.161375
5 0.169243
6 0.148696
7 0.127369
8 0.16009
9 0.124195
10 0.125412
11 0.164971
12 0.164218
13 0.15688
14 0.200566
15 0.127025
16 0.117264
17 0.144227
18 0.123305
19 0.161088
20 0.160044
21 0.177846
22 0.191139
23 0.20315
24 0.192702
25 0.192609
26 0.201565
27 0.216668
28 0.22568
29 0.213343
"[DEBUG]index 38 centroid... "
0 0.152709
1 0.141945
2 0.155815
3 0.188911
4 0.12862
5 0.148374
6 0.129493
7 0.106239
8 0.130351
9 0.145798
10 0.126689
11 0.137636
12 0.186457
13 0.149177
14 0.130812
15 0.22087
16 0.12544
17 0.130563
18 0.167439
19 0.145525
20 0.102921
21 0.158834
22 0.180856
23 0.112566
24 0.168604
25 0.142971
26 0.163385
27 0.204226
28 0.172652
29 0.176877
"[DEBUG]index 39 centroid... "
0 0.164448
1 0.147758
2 0.164585
3 0.176997
4 0.146289
5 0.163804
6 0.146908
7 0.118749
8 0.196707
9 0.114161
10 0.109292
11 0.141573
12 0.126361
13 0.186771
14 0.0926015
15 0.129459
16 0.135529
17 0.089187
18 0.107536
19 0.132664
20 0.116771
21 0.150997
22 0.123161
23 0.143132
24 0.19154
25 0.172794
26 0.1654
27 0.177341
28 0.189432
29 0.194321
"[DEBUG]index 40 centroid... "
0 0.213207
1 0.236709
2 0.238148
3 0.25611
4 0.241603
5 0.216033
6 0.181991
7 0.153671
8 0.243216
9 0.205746
10 0.118704
11 0.26008
12 0.207886
13 0.22458
14 0.204186
15 0.207212
16 0.271143
17 0.378435
18 0.338268
19 0.392757
20 0.323811
21 0.355592
22 0.328221
23 0.363524
24 0.291995
25 0.311888
26 0.278748
27 0.21672
28 0.232332
29 0.244302
"[DEBUG]index 41 centroid... "
0 0.173556
1 0.146422
2 0.150875
3 0.152404
4 0.152915
5 0.157043
6 0.170667
7 0.112331
8 0.136208
9 0.139192
10 0.0675066
11 0.112194
12 0.102373
13 0.0960343
14 0.161024
15 0.153886
16 0.164175
17 0.160753
18 0.164766
19 0.181121
20 0.212423
21 0.228796
22 0.219547
23 0.232964
24 0.223001
25 0.26646
26 0.238498
27 0.217924
28 0.216921
29 0.189305
"[DEBUG]index 42 centroid... "
0 0.184736
1 0.176128
2 0.176121
3 0.204993
4 0.208312
5 0.196115
6 0.206894
7 0.130174
8 0.125386
9 0.171149
10 0.139949
11 0.123948
12 0.188124
13 0.139825
14 0.187779
15 0.189341
16 0.113642
17 0.212655
18 0.12499
19 0.150912
20 0.228386
21 0.200032
22 0.167535
23 0.208079
24 0.199545
25 0.207766
26 0.176892
27 0.214317
28 0.198102
29 0.197061
"[DEBUG]index 43 centroid... "
0 0.13719
1 0.142509
2 0.143043
3 0.153509
4 0.123997
5 0.136728
6 0.159126
7 0.12683
8 0.168504
9 0.131206
10 0.149632
11 0.199916
12 0.154051
13 0.180973
14 0.180237
15 0.160935
16 0.165351
17 0.166087
18 0.142282
19 0.171691
20 0.131705
21 0.136324
22 0.222283
23 0.0878599
24 0.14345
25 0.177924
26 0.147505
27 0.197143
28 0.189844
29 0.179075
"[DEBUG]index 44 centroid... "
0 0.157658
1 0.140286
2 0.171658
3 0.167776
4 0.156926
5 0.170517
6 0.144908
7 0.101466
8 0.0963905
9 0.0776661
10 0.148973
11 0.135853
12 0.145047
13 0.167069
14 0.139071
15 0.141166
16 0.127467
17 0.13009
18 0.102824
19 0.115239
20 0.115731
21 0.113166
22 0.112427
23 0.102812
24 0.140184
25 0.138292
26 0.150851
27 0.118817
28 0.141349
29 0.105436
"[DEBUG]index 45 centroid... "
0 0.158529
1 0.124593
2 0.134845
3 0.174017
4 0.144449
5 0.179504
6 0.132234
7 0.0858466
8 0.132634
9 0.109136
10 0.147035
11 0.108538
12 0.117376
13 0.163285
14 0.112135
15 0.14328
16 0.10678
17 0.119138
18 0.132066
19 0.160628
20 0.188075
21 0.156018
22 0.154862
23 0.123164
24 0.156139
25 0.178628
26 0.1656
27 0.16876
28 0.147583
29 0.137047
"[DEBUG]index 46 centroid... "
0 0.183735
1 0.197256
2 0.172817
3 0.212444
4 0.187804
5 0.206316
6 0.228983
7 0.163583
8 0.194973
9 0.20811
10 0.146822
11 0.198131
12 0.189842
13 0.191139
14 0.216201
15 0.205493
16 0.167389
17 0.173805
18 0.204709
19 0.182099
20 0.165032
21 0.188703
22 0.154922
23 0.177648
24 0.215448
25 0.206129
26 0.172913
27 0.195385
28 0.200847
29 0.174063
"[DEBUG]index 47 centroid... "
0 0.149792
1 0.149228
2 0.157725
3 0.185903
4 0.170643
5 0.180021
6 0.154223
7 0.110719
8 0.160056
9 0.125152
10 0.157892
11 0.208672
12 0.136455
13 0.162657
14 0.159442
15 0.156073
16 0.138998
17 0.0992576
18 0.13489
19 0.129028
20 0.152903
21 0.153954
22 0.147479
23 0.167109
24 0.176329
25 0.158
26 0.152373
27 0.164788
28 0.16037
29 0.155564
"[DEBUG]index 48 centroid... "
0 0.158213
1 0.158021
2 0.177605
3 0.18678
4 0.138134
5 0.148481
6 0.126286
7 0.0788862
8 0.103867
9 0.0870579
10 0.126714
11 0.14483
12 0.130211
13 0.184335
14 0.137314
15 0.129351
16 0.167789
17 0.125928
18 0.160424
19 0.169937
20 0.160431
21 0.171664
22 0.167069
23 0.166825
24 0.177208
25 0.166506
26 0.168747
27 0.16852
28 0.169683
29 0.158657
"[DEBUG]index 49 centroid... "
0 0.114135
1 0.0703286
2 0.153743
3 0.147139
4 0.174394
5 0.10321
6 0.124098
7 0.112036
8 0.208732
9 0.153786
10 0.114663
11 0.0963748
12 0.136829
13 0.121173
14 0.208417
15 0.129687
16 0.166444
17 0.140977
18 0.149658
19 0.241416
20 0.26236
21 0.255118
22 0.210325
23 0.165406
24 0.197162
25 0.262371
26 0.265436
27 0.182275
28 0.202582
29 0.155796
"[DEBUG]index 50 centroid... "
0 0.185747
1 0.18504
2 0.201374
3 0.222827
4 0.190974
5 0.220414
6 0.184895
7 0.115049
8 0.219653
9 0.184665
10 0.17147
11 0.210934
12 0.155412
13 0.166247
14 0.23997
15 0.1431
16 0.178722
17 0.229478
18 0.177536
19 0.206173
20 0.163004
21 0.198524
22 0.242376
23 0.181457
24 0.19633
25 0.177392
26 0.20625
27 0.185346
28 0.210404
29 0.2034
"[DEBUG]index 51 centroid... "
0 0.153787
1 0.125536
2 0.16817
3 0.183857
4 0.143159
5 0.193328
6 0.128279
7 0.0935731
8 0.16901
9 0.110351
10 0.1538
11 0.154293
12 0.156498
13 0.178427
14 0.189334
15 0.2
16 0.136302
17 0.166874
18 0.162549
19 0.150208
20 0.178407
21 0.133663
22 0.188582
23 0.151088
24 0.184609
25 0.171906
26 0.172233
27 0.177728
28 0.175032
29 0.176867
"[DEBUG]index 52 centroid... "
0 0.167706
1 0.180234
2 0.183697
3 0.19366
4 0.170316
5 0.192854
6 0.175481
7 0.119956
8 0.213976
9 0.132231
10 0.104949
11 0.231493
12 0.160445
13 0.161652
14 0.193856
15 0.155104
16 0.191801
17 0.147559
18 0.176607
19 0.224456
20 0.18321
21 0.226097
22 0.233503
23 0.231612
24 0.237423
25 0.219329
26 0.22033
27 0.23317
28 0.207621
29 0.198802
"[DEBUG]index 53 centroid... "
0 0.169316
1 0.250579
2 0.25613
3 0.282031
4 0.269785
5 0.292617
6 0.232953
7 0.261415
8 0.253703
9 0.23743
10 0.254892
11 0.293896
12 0.306481
13 0.299418
14 0.331551
15 0.301545
16 0.20437
17 0.362162
18 0.199228
19 0.241139
20 0.304497
21 0.122101
22 0.140358
23 0.287858
24 0.232301
25 0.213373
26 0.271962
27 0.143427
28 0.176649
29 0.149215
"[DEBUG]index 54 centroid... "
0 0.0570193
1 0.184671
2 0.0451401
3 0.283831
4 0.194836
5 0.009657
6 0.145391
7 0.1587
8 0.0961208
9 0.275981
10 0.25387
11 0.190744
12 0.223251
13 0.173386
14 0.171304
15 0.278628
16 0.202681
17 0.27285
18 0.329145
19 0.258217
20 0.390377
21 0.365826
22 0.376604
23 0.195512
24 0.287343
25 0.237338
26 0.17314
27 0.253768
28 0.251362
29 0.195063
"[DEBUG]index 55 centroid... "
0 0.116749
1 0.152908
2 -0.00280594
3 0.208558
4 0.106235
5 0.269485
6 0.242571
7 0.152369
8 0.15521
9 0.121364
10 0.128491
11 0.187787
12 0.168065
13 0.175706
14 0.214404
15 0.177054
16 0.19345
17 0.215267
18 0.0709649
19 0.146235
20 0.0780054
21 0.150075
22 0.0366334
23 0.238978
24 0.264873
25 0.0867143
26 0.32242
27 0.069628
28 0.154668
29 0.0417951
"[DEBUG]index 56 centroid... "
0 0.199004
1 0.173713
2 0.189071
3 0.223999
4 0.180908
5 0.207212
6 0.14989
7 0.107837
8 0.222552
9 0.146916
10 0.12876
11 0.186385
12 0.0942531
13 0.157755
14 0.145509
15 0.118892
16 0.185738
17 0.151903
18 0.134928
19 0.172889
20 0.219647
21 0.173141
22 0.254036
23 0.253427
24 0.238804
25 0.250626
26 0.247203
27 0.232396
28 0.219216
29 0.226412
"[DEBUG]index 57 centroid... "
0 0.16762
1 0.146617
2 0.160576
3 0.179899
4 0.168467
5 0.217077
6 0.188182
7 0.125749
8 0.120395
9 0.176855
10 0.112746
11 0.165695
12 0.120895
13 0.123433
14 0.147564
15 0.189259
16 0.156877
17 0.149812
18 0.140044
19 0.120449
20 0.147686
21 0.187148
22 0.173555
23 0.192739
24 0.190778
25 0.186387
26 0.200386
27 0.177719
28 0.206072
29 0.181736
"[DEBUG]index 58 centroid... "
0 0.131632
1 0.111479
2 0.168331
3 0.191263
4 0.135485
5 0.146006
6 0.0884077
7 0.119194
8 0.156618
9 0.102972
10 0.0969797
11 0.108776
12 0.137232
13 0.192453
14 0.0952051
15 0.152598
16 0.105741
17 0.0765858
18 0.152147
19 0.117465
20 0.134058
21 0.12609
22 0.126449
23 0.100746
24 0.122443
25 0.169132
26 0.16842
27 0.141433
28 0.154447
29 0.177373
"[DEBUG]index 59 centroid... "
0 0.172284
1 0.214069
2 0.203039
3 0.231293
4 0.181128
5 0.207336
6 0.199141
7 0.158122
8 0.211403
9 0.189737
10 0.188923
11 0.196272
12 0.154959
13 0.156412
14 0.190545
15 0.134045
16 0.182027
17 0.177094
18 0.153819
19 0.168855
20 0.195968
21 0.135528
22 0.188039
23 0.195026
24 0.177718
25 0.216483
26 0.192777
27 0.219694
28 0.210715
29 0.184508
"[DEBUG]index 60 centroid... "
0 0.191272
1 0.217605
2 0.207552
3 0.206585
4 0.202802
5 0.177932
6 0.125122
7 0.197179
8 0.128212
9 0.0801344
10 0.170436
11 0.121127
12 0.127113
13 0.136395
14 0.0610513
15 0.158898
16 0.137063
17 0.108462
18 0.157833
19 0.15836
20 0.148129
21 0.203316
22 0.249236
23 0.232322
24 0.248934
25 0.26334
26 0.237176
27 0.261509
28 0.230624
29 0.203666
"[DEBUG]index 61 centroid... "
0 0.135521
1 0.204872
2 0.148903
3 0.169697
4 0.141325
5 0.135758
6 0.166508
7 0.17013
8 0.179342
9 0.115813
10 0.218152
11 0.0961064
12 0.130587
13 0.15824
14 0.145539
15 0.121012
16 0.197875
17 0.123618
18 0.161558
19 0.14637
20 0.0953295
21 0.0848686
22 0.12636
23 0.173019
24 0.188123
25 0.204878
26 0.184618
27 0.161886
28 0.167649
29 0.136313
"[DEBUG]index 62 centroid... "
0 0.146447
1 0.135289
2 0.122782
3 0.165145
4 0.115167
5 0.159129
6 0.126162
7 0.103328
8 0.158861
9 0.149761
10 0.124626
11 0.13835
12 0.171331
13 0.127435
14 0.180503
15 0.148345
16 0.0990609
17 0.135755
18 0.122488
19 0.179449
20 0.16687
21 0.153656
22 0.162017
23 0.158272
24 0.159749
25 0.165488
26 0.149574
27 0.156838
28 0.183967
29 0.141777
"[DEBUG]index 63 centroid... "
0 0.148383
1 0.196029
2 0.194965
3 0.221971
4 0.182626
5 0.212104
6 0.175665
7 0.182681
8 0.209746
9 0.210693
10 0.187328
11 0.16862
12 0.184466
13 0.193392
14 0.200935
15 0.181386
16 0.145364
17 0.16968
18 0.144363
19 0.109384
20 0.116835
21 0.132794
22 0.211095
23 0.180491
24 0.192322
25 0.233163
26 0.232633
27 0.195258
28 0.223687
29 0.221769
"[DEBUG]index 64 centroid... "
0 0.185567
1 0.160096
2 0.154583
3 0.193479
4 0.165255
5 0.222867
6 0.173699
7 0.130361
8 0.141179
9 0.119003
10 0.103441
11 0.140675
12 0.181225
13 0.153802
14 0.141335
15 0.180695
16 0.134887
17 0.184471
18 0.145081
19 0.143917
20 0.158006
21 0.119864
22 0.154191
23 0.155355
24 0.148383
25 0.148714
26 0.163434
27 0.185335
28 0.170077
29 0.217134
"[DEBUG]index 65 centroid... "
0 0.142236
1 0.153332
2 0.0871052
3 0.119156
4 0.12093
5 0.132925
6 0.11673
7 0.0966273
8 0.0722219
9 0.0640682
10 0.125022
11 0.143035
12 0.127238
13 0.133872
14 0.114368
15 0.176244
16 0.143631
17 0.150557
18 0.161248
19 0.111989
20 0.132878
21 0.162709
22 0.184949
23 0.180328
24 0.15417
25 0.157401
26 0.111332
27 0.15682
28 0.192101
29 0.100719
"[DEBUG]index 66 centroid... "
0 0.195249
1 0.162114
2 0.194896
3 0.194951
4 0.173168
5 0.219362
6 0.186152
7 0.184129
8 0.176298
9 0.13116
10 0.160805
11 0.144824
12 0.141115
13 0.175134
14 0.187427
15 0.124847
16 0.201662
17 0.117667
18 0.204894
19 0.222995
20 0.140162
21 0.165029
22 0.163028
23 0.169759
24 0.163273
25 0.193181
26 0.161603
27 0.192661
28 0.215444
29 0.224298
"[DEBUG]index 67 centroid... "
0 0.137077
1 0.117712
2 0.152418
3 0.174535
4 0.127547
5 0.159596
6 0.213705
7 0.182926
8 0.234321
9 0.165277
10 0.12571
11 0.1906
12 0.104246
13 0.147621
14 0.100615
15 0.178287
16 0.141841
17 0.0731269
18 0.0889959
19 0.108428
20 0.182625
21 0.173946
22 0.193539
23 0.178823
24 0.158064
25 0.204881
26 0.20861
27 0.105771
28 0.0563144
29 0.169221
"[DEBUG]index 68 centroid... "
0 0.208371
1 0.200399
2 0.204435
3 0.213948
4 0.179754
5 0.18874
6 0.199381
7 0.157467
8 0.171329
9 0.199963
10 0.157493
11 0.16738
12 0.153944
13 0.164997
14 0.174429
15 0.157413
16 0.184313
17 0.157583
18 0.180116
19 0.185564
20 0.162535
21 0.195232
22 0.21449
23 0.20699
24 0.250837
25 0.247947
26 0.24816
27 0.25861
28 0.225477
29 0.235761
"[DEBUG]index 69 centroid... "
0 0.219695
1 0.291083
2 0.26075
3 0.164753
4 0.214782
5 0.214483
6 0.126968
7 0.105953
8 0.175198
9 0.0950824
10 0.203733
11 0.122376
12 0.187432
13 0.163098
14 0.175346
15 0.218924
16 0.0628431
17 0.11797
18 0.18608
19 0.0940241
20 0.122173
21 0.156218
22 0.202907
23 0.166083
24 0.12906
25 0.224957
26 0.224359
27 0.197372
28 0.209259
29 0.247354
"[DEBUG]index 70 centroid... "
0 0.129962
1 0.118842
2 0.136568
3 0.181491
4 0.15195
5 0.137346
6 0.144786
7 0.0889514
8 0.132022
9 0.146789
10 0.0835404
11 0.107907
12 0.137471
13 0.161155
14 0.136888
15 0.168325
16 0.147636
17 0.125897
18 0.159092
19 0.187699
20 0.185312
21 0.147312
22 0.178177
23 0.165131
24 0.16654
25 0.17454
26 0.165282
27 0.151817
28 0.167055
29 0.178908
"[DEBUG]index 71 centroid... "
0 0.147233
1 0.156018
2 0.158057
3 0.205462
4 0.155722
5 0.157064
6 0.160723
7 0.102194
8 0.126255
9 0.135936
10 0.153065
11 0.200017
12 0.160515
13 0.161558
14 0.18804
15 0.172019
16 0.18032
17 0.172618
18 0.171448
19 0.188708
20 0.156914
21 0.162756
22 0.160958
23 0.146326
24 0.162438
25 0.164513
26 0.152084
27 0.174755
28 0.177349
29 0.147387
"[DEBUG]index 72 centroid... "
0 0.181962
1 0.150808
2 0.170703
3 0.197529
4 0.16718
5 0.206637
6 0.196923
7 0.165855
8 0.183
9 0.177294
10 0.163364
11 0.118748
12 0.135344
13 0.165273
14 0.149236
15 0.183529
16 0.16124
17 0.144546
18 0.183419
19 0.202849
20 0.250233
21 0.211391
22 0.247396
23 0.252305
24 0.233515
25 0.267604
26 0.25523
27 0.219818
28 0.236308
29 0.159963
"[DEBUG]index 73 centroid... "
0 0.230432
1 0.182687
2 0.168708
3 0.232225
4 0.159667
5 0.168968
6 0.105371
7 0.145903
8 0.206634
9 0.126224
10 0.175636
11 0.114812
12 0.171429
13 0.170546
14 0.149106
15 0.185033
16 0.15846
17 0.163469
18 0.0973529
19 0.168693
20 0.232797
21 0.198666
22 0.160365
23 0.219201
24 0.165571
25 0.218842
26 0.2158
27 0.221359
28 0.172776
29 0.178631
"[DEBUG]index 74 centroid... "
0 0.187398
1 0.173602
2 0.18816
3 0.166579
4 0.151603
5 0.180773
6 0.161865
7 0.13001
8 0.172315
9 0.111546
10 0.122575
11 0.161611
12 0.0955247
13 0.130922
14 0.154653
15 0.136448
16 0.18514
17 0.21574
18 0.23028
19 0.209365
20 0.195057
21 0.211571
22 0.251781
23 0.247735
24 0.244259
25 0.233958
26 0.196066
27 0.203846
28 0.18468
29 0.179091
"[DEBUG]index 75 centroid... "
0 0.189654
1 0.195277
2 0.170149
3 0.229583
4 0.204946
5 0.20118
6 0.140714
7 0.127418
8 0.137429
9 0.220843
10 0.171855
11 0.180534
12 0.261437
13 0.172101
14 0.172562
15 0.240637
16 0.232816
17 0.247161
18 0.170438
19 0.0945108
20 0.142774
21 0.113499
22 0.199376
23 0.124648
24 0.223417
25 0.206297
26 0.208303
27 0.254638
28 0.208912
29 0.15668
"[DEBUG]index 76 centroid... "
0 0.218892
1 0.206088
2 0.230314
3 0.244821
4 0.22676
5 0.239748
6 0.216032
7 0.225413
8 0.243986
9 0.210381
10 0.138811
11 0.128352
12 0.159942
13 0.108913
14 0.0717185
15 0.0910089
16 0.0611093
17 0.177285
18 0.212016
19 0.169545
20 0.252019
21 0.24498
22 0.245561
23 0.267045
24 0.281379
25 0.315355
26 0.291605
27 0.295501
28 0.326616
29 0.298737
"[DEBUG]index 77 centroid... "
0 0.186595
1 0.197033
2 0.163224
3 0.190409
4 0.156952
5 0.176419
6 0.164511
7 0.140857
8 0.225366
9 0.131789
10 0.132843
11 0.196711
12 0.161364
13 0.134869
14 0.228604
15 0.148769
16 0.156241
17 0.20897
18 0.144115
19 0.186013
20 0.159599
21 0.144448
22 0.154013
23 0.159604
24 0.149308
25 0.196322
26 0.197603
27 0.223271
28 0.208419
29 0.189025
"[DEBUG]index 78 centroid... "
0 0.157875
1 0.18077
2 0.192204
3 0.189359
4 0.14294
5 0.158734
6 0.119993
7 0.135419
8 0.166928
9 0.122893
10 0.11074
11 0.103502
12 0.0646055
13 0.0863723
14 0.103231
15 0.0932002
16 0.122217
17 0.143289
18 0.163411
19 0.197057
20 0.203503
21 0.204326
22 0.203397
23 0.228504
24 0.242043
25 0.255448
26 0.245849
27 0.22767
28 0.23022
29 0.208267
"[DEBUG]index 79 centroid... "
0 0.186075
1 0.188202
2 0.214275
3 0.300326
4 0.205117
5 0.229877
6 0.121162
7 0.140649
8 0.201326
9 0.229817
10 0.194601
11 0.22387
12 0.171581
13 0.274054
14 0.267821
15 0.222472
16 0.247598
17 0.228902
18 0.220418
19 0.291815
20 0.311374
21 0.250019
22 0.271488
23 0.243345
24 0.34372
25 0.231692
26 0.240199
27 0.220388
28 0.159299
29 0.224293
"[DEBUG]index 80 centroid... "
0 0.155492
1 0.169576
2 0.180678
3 0.196373
4 0.148521
5 0.177581
6 0.157785
7 0.137567
8 0.210191
9 0.175556
10 0.187899
11 0.165872
12 0.17512
13 0.203576
14 0.156821
15 0.157152
16 0.128097
17 0.178866
18 0.212
19 0.19698
20 0.245717
21 0.246563
22 0.243067
23 0.20071
24 0.254098
25 0.240407
26 0.255813
27 0.219786
28 0.207324
29 0.198739
"[DEBUG]index 81 centroid... "
0 0.0973347
1 0.151449
2 0.136823
3 0.168701
4 0.128802
5 0.145085
6 0.109179
7 0.119801
8 0.178578
9 0.11671
10 0.119653
11 0.131252
12 0.106396
13 0.184012
14 0.0940009
15 0.170225
16 0.112976
17 0.112976
18 0.205779
19 0.0773138
20 0.130117
21 0.137791
22 0.13709
23 0.186353
24 0.181127
25 0.173986
26 0.168152
27 0.187474
28 0.196324
29 0.201108
"[DEBUG]index 82 centroid... "
0 0.103717
1 0.204643
2 0.178652
3 0.166695
4 0.17692
5 0.176964
6 0.183523
7 0.158969
8 0.153792
9 0.151036
10 0.20297
11 0.110028
12 0.0960192
13 0.159923
14 0.170898
15 0.171944
16 0.0776819
17 0.0995121
18 0.131999
19 0.132402
20 0.143021
21 0.119775
22 0.153399
23 0.209509
24 0.147372
25 0.134875
26 0.165989
27 0.183555
28 0.160368
29 0.167912
"[DEBUG]index 83 centroid... "
0 0.144996
1 0.127347
2 0.190027
3 0.197571
4 0.190993
5 0.149399
6 0.18134
7 0.125594
8 0.154667
9 0.0998024
10 0.146405
11 0.164047
12 0.145559
13 0.15115
14 0.162999
15 0.14647
16 0.217998
17 0.193609
18 0.20499
19 0.173855
20 0.238191
21 0.219359
22 0.147559
23 0.174754
24 0.166029
25 0.157828
26 0.178655
27 0.193853
28 0.198742
29 0.17022
"[DEBUG]index 84 centroid... "
0 0.184222
1 0.167741
2 0.189108
3 0.206782
4 0.21184
5 0.204227
6 0.163783
7 0.142753
8 0.165853
9 0.128226
10 0.148566
11 0.178553
12 0.157092
13 0.233378
14 0.181839
15 0.20799
16 0.265921
17 0.242392
18 0.288414
19 0.314403
20 0.3013
21 0.352218
22 0.299392
23 0.278952
24 0.261148
25 0.207296
26 0.250106
27 0.237341
28 0.220433
29 0.195235
"[DEBUG]index 85 centroid... "
0 0.147808
1 0.155542
2 0.161031
3 0.158521
4 0.185385
5 0.174137
6 0.166277
7 0.1033
8 0.135835
9 0.116114
10 0.0910099
11 0.162829
12 0.161366
13 0.135096
14 0.17595
15 0.129945
16 0.127534
17 0.166548
18 0.166021
19 0.164076
20 0.161468
21 0.178227
22 0.147935
23 0.179723
24 0.170522
25 0.155872
26 0.171297
27 0.153293
28 0.158855
29 0.175502
"[DEBUG]index 86 centroid... "
0 0.131238
1 0.136155
2 0.147995
3 0.181494
4 0.125676
5 0.150782
6 0.116666
7 0.0844215
8 0.110256
9 0.0974506
10 0.123397
11 0.135681
12 0.155361
13 0.23003
14 0.284811
15 0.269791
16 0.255143
17 0.269532
18 0.266298
19 0.306513
20 0.311894
21 0.260759
22 0.256116
23 0.20919
24 0.168077
25 0.170718
26 0.165095
27 0.162377
28 0.145283
29 0.134476
"[DEBUG]index 87 centroid... "
0 0.192602
1 0.19537
2 0.147528
3 0.172867
4 0.171286
5 0.155696
6 0.114896
7 0.11597
8 0.244696
9 0.139099
10 0.11502
11 0.152454
12 0.150387
13 0.167824
14 0.187189
15 0.163
16 0.0730238
17 0.0804694
18 0.177684
19 0.175173
20 0.169059
21 0.18589
22 0.204236
23 0.168899
24 0.185735
25 0.197125
26 0.156969
27 0.180207
28 0.195314
29 0.195927
"[DEBUG]index 88 centroid... "
0 0.140108
1 0.16286
2 0.169131
3 0.184698
4 0.147541
5 0.176279
6 0.132214
7 0.123985
8 0.128859
9 0.0751029
10 0.105133
11 0.141148
12 0.145633
13 0.175564
14 0.166069
15 0.155089
16 0.158677
17 0.157551
18 0.114723
19 0.175229
20 0.172409
21 0.167598
22 0.183292
23 0.180317
24 0.184118
25 0.177019
26 0.169322
27 0.177042
28 0.178132
29 0.178759
"[DEBUG]index 89 centroid... "
0 0.146651
1 0.156562
2 0.175193
3 0.188848
4 0.185609
5 0.162229
6 0.156824
7 0.111134
8 0.129805
9 0.145625
10 0.102606
11 0.163021
12 0.103245
13 0.148818
14 0.175454
15 0.154448
16 0.171926
17 0.192305
18 0.152029
19 0.236087
20 0.230783
21 0.218593
22 0.232253
23 0.218427
24 0.204745
25 0.217633
26 0.19016
27 0.219668
28 0.191682
29 0.169028
"[DEBUG]index 90 centroid... "
0 0.213493
1 0.200419
2 0.192943
3 0.191741
4 0.1788
5 0.198572
6 0.166113
7 0.146989
8 0.15058
9 0.168187
10 0.16789
11 0.138248
12 0.109016
13 0.121653
14 0.185514
15 0.183072
16 0.201797
17 0.179146
18 0.1726
19 0.112664
20 0.158951
21 0.226578
22 0.187881
23 0.185407
24 0.190775
25 0.206942
26 0.224496
27 0.220108
28 0.215253
29 0.189983
"[DEBUG]index 91 centroid... "
0 0.199182
1 0.187521
2 0.202772
3 0.202508
4 0.156731
5 0.19191
6 0.146851
7 0.128147
8 0.23075
9 0.131711
10 0.150554
11 0.149139
12 0.144813
13 0.209243
14 0.171332
15 0.171619
16 0.109794
17 0.144259
18 0.146765
19 0.204163
20 0.155518
21 0.125249
22 0.170856
23 0.156101
24 0.187013
25 0.146006
26 0.153194
27 0.177527
28 0.146122
29 0.20536
"[DEBUG]index 92 centroid... "
0 0.195316
1 0.209746
2 0.223199
3 0.207482
4 0.181415
5 0.166539
6 0.144501
7 0.125158
8 0.196417
9 0.106083
10 0.149298
11 0.205014
12 0.120457
13 0.152157
14 0.131897
15 0.0904895
16 0.147325
17 0.126692
18 0.12977
19 0.17674
20 0.161632
21 0.182918
22 0.198585
23 0.182939
24 0.213393
25 0.210264
26 0.195994
27 0.233875
28 0.204317
29 0.210535
"[DEBUG]index 93 centroid... "
0 0.237866
1 0.21446
2 0.214149
3 0.190808
4 0.194916
5 0.22226
6 0.214402
7 0.184051
8 0.232663
9 0.179197
10 0.163844
11 0.204065
12 0.165534
13 0.169875
14 0.190579
15 0.233273
16 0.153206
17 0.182942
18 0.149426
19 0.15789
20 0.207835
21 0.199287
22 0.229526
23 0.195449
24 0.188596
25 0.214354
26 0.241381
27 0.266701
28 0.26134
29 0.230537
"[DEBUG]index 94 centroid... "
0 0.170587
1 0.189731
2 0.201555
3 0.215811
4 0.179431
5 0.173039
6 0.142283
7 0.135118
8 0.193752
9 0.0972195
10 0.147946
11 0.168563
12 0.13037
13 0.188967
14 0.176076
15 0.138362
16 0.145137
17 0.172953
18 0.198383
19 0.23525
20 0.270546
21 0.257784
22 0.258948
23 0.268208
24 0.276914
25 0.28326
26 0.251448
27 0.258515
28 0.232647
29 0.202776
"[DEBUG]index 95 centroid... "
0 0.128883
1 0.141223
2 0.170081
3 0.144563
4 0.156588
5 0.2016
6 0.162555
7 0.104346
8 0.162557
9 0.0450697
10 0.13367
11 0.169877
12 0.125017
13 0.164507
14 0.128206
15 0.117859
16 0.112794
17 0.0900159
18 0.102349
19 0.127643
20 0.140437
21 0.142606
22 0.177626
23 0.123203
24 0.160385
25 0.162297
26 0.14241
27 0.113223
28 0.174715
29 0.144907
"[DEBUG]index 96 centroid... "
0 0.152318
1 0.154726
2 0.211985
3 0.194252
4 0.141594
5 0.178671
6 0.155862
7 0.153913
8 0.167722
9 0.189359
10 0.189781
11 0.166872
12 0.201097
13 0.171757
14 0.174022
15 0.179419
16 0.192441
17 0.141202
18 0.15769
19 0.213979
20 0.144264
21 0.162074
22 0.220588
23 0.154003
24 0.181319
25 0.193801
26 0.182221
27 0.195517
28 0.182468
29 0.183272
"[DEBUG]index 97 centroid... "
0 0.16194
1 0.159724
2 0.157478
3 0.183153
4 0.158638
5 0.176279
6 0.182517
7 0.106354
8 0.199533
9 0.0939842
10 0.11725
11 0.17402
12 0.12545
13 0.18941
14 0.161761
15 0.163564
16 0.150087
17 0.134567
18 0.154734
19 0.199193
20 0.11998
21 0.156301
22 0.151997
23 0.139292
24 0.151716
25 0.164574
26 0.160418
27 0.149664
28 0.127362
29 0.132704
"[DEBUG]index 98 centroid... "
0 0.226912
1 0.227294
2 0.241115
3 0.182162
4 0.198313
5 0.227461
6 0.178572
7 0.188183
8 0.23918
9 0.14442
10 0.225188
11 0.199451
12 0.202902
13 0.176664
14 0.1782
15 0.245841
16 0.122863
17 0.181521
18 0.10969
19 0.172194
20 0.202895
21 0.198858
22 0.164045
23 0.23477
24 0.204844
25 0.215666
26 0.231323
27 0.266975
28 0.250812
29 0.272655
"[DEBUG]index 99 centroid... "
0 0.171218
1 0.155317
2 0.180195
3 0.19924
4 0.178616
5 0.193254
6 0.17721
7 0.146002
8 0.159141
9 0.141055
10 0.121037
11 0.168353
12 0.181563
13 0.166256
14 0.148578
15 0.186636
16 0.170717
17 0.132159
18 0.209774
19 0.149696
20 0.163206
21 0.193131
22 0.159248
23 0.157559
24 0.180607
25 0.12918
26 0.150063
27 0.198479
28 0.19276
29 0.182195
