correlation level (red against blue): 
-0.600979
-0.733577
0.104898
-0.258682
0.470738
0.0192016
-0.105132
-0.157033
0.109096
-0.0789241
0.129811
-0.281851
-0.0559376
-0.322378
0.168183
-0.237167
0.148243
0.222314
-0.084983
-0.157229
0.198268
-0.0505308
0.146236
-0.255899
0.0732387
-0.38689
-0.0578422
-0.461069
-0.0471729
-0.0637977
0.319205
-0.396336
0.0466258
-0.41955
0.15538
0.237481
-0.496813
-0.266153
0.150365
0.0469646
-0.333726
-0.492487
-0.174495
0.245359
-0.321284
0.0942199
0.181871
0.0461457
-0.31909
0.0535207
0.343719
0.136007
0.104539
-0.0645938
-0.482064
-0.083748
-0.00671677
-0.13896
0.207773
0.0810775
-0.360906
-0.206942
0.156332
-0.63972
-0.14211
-0.193986
0.0392562
0.112818
-0.394226
-0.0625475
-0.134859
-0.359031
-0.287376
0.100918
-0.31169
-0.101743
-0.623368
0.367522
-0.513147
-0.147322
-0.0284558
0.254666
0.0952776
0.089492
-0.496977
-0.343673
-0.356264
0.386827
-0.45161
-0.325654
-0.216554
0.385153
-0.275784
0.0687189
-0.240028
-0.0123559
0.166498
0.465396
-0.180889
0.186708
