"[DEBUG]index 0 centroid... "
0 1.98372
1 2.12558
2 1.86047
3 2.06512
4 1.96977
5 2.28837
6 2.81628
7 2.44651
8 5.82093
9 7.03488
10 8.63256
11 13.2395
12 15.5256
13 17.1419
14 23.8442
15 23.1605
16 16.293
17 15.886
18 11.7558
19 9.59535
20 8.4
21 5.22093
22 4.71395
23 3.43256
24 2.81395
25 2.69767
26 2.8186
27 2.60465
28 2.45349
29 2.39302
"[DEBUG]index 1 centroid... "
0 16.5061
1 13.622
2 12
3 14.8476
4 12.7866
5 9.42683
6 9.11585
7 5.77439
8 16.8415
9 8.78049
10 5.31707
11 3.78049
12 2.67683
13 1.66463
14 1.29878
15 0.920732
16 1.33537
17 1.29878
18 1.57927
19 2.03659
20 3.04878
21 3.08537
22 3.87195
23 4.03659
24 5.15854
25 5.35976
26 5.32927
27 6.32927
28 8.10976
29 8.11585
"[DEBUG]index 2 centroid... "
0 3.10435
1 2.88199
2 2.48447
3 2.51553
4 2.58012
5 2.76273
6 2.82857
7 2.47826
8 10.5056
9 4.74783
10 2.65714
11 1.73665
12 0.996273
13 1.07329
14 1.48571
15 3.06584
16 6.04472
17 9.40248
18 19.2037
19 8.77019
20 5.55404
21 3.20248
22 1.49565
23 3.21988
24 3.1118
25 3.02112
26 3.23727
27 3.60994
28 3.38137
29 2.9441
"[DEBUG]index 3 centroid... "
0 12.1806
1 8.90278
2 9.04167
3 8.34722
4 10.5556
5 7.23611
6 9.875
7 4.29167
8 24.8333
9 5.875
10 8.625
11 2.70833
12 3.01389
13 6.125
14 10.2917
15 13
16 15.3472
17 5.77778
18 3.68056
19 4
20 0.944444
21 1.63889
22 2.23611
23 6.72222
24 7.45833
25 4.52778
26 6.95833
27 4.84722
28 6.69444
29 4.59722
"[DEBUG]index 4 centroid... "
0 3.83497
1 3.80554
2 3.03924
3 3.48702
4 3.18927
5 3.82574
6 4.55626
7 2.85113
8 23.1829
9 5.61512
10 3.93133
11 2.25274
12 4.28159
13 3.25043
14 8.59031
15 8.88229
16 3.41085
17 2.05424
18 4.26024
19 3.36065
20 7.10271
21 26.146
22 8.57415
23 4.78881
24 4.78881
25 3.88459
26 3.618
27 3.55164
28 3.53318
29 3.96365
"[DEBUG]index 5 centroid... "
0 4.64855
1 4.16078
2 3.99275
3 4.05027
4 4.83696
5 3.86594
6 4.79801
7 3.15806
8 25.3247
9 7.625
10 5.27582
11 8.20879
12 26.9882
13 5.32563
14 4.36458
15 2.4769
16 2.6567
17 4.74457
18 5.54755
19 26.3718
20 7.87862
21 5.1567
22 4.09964
23 4.1096
24 3.94158
25 3.65489
26 3.75679
27 3.64629
28 3.57518
29 3.29076
"[DEBUG]index 6 centroid... "
0 3.72384
1 3.94626
2 3.56263
3 3.71815
4 3.22242
5 3.45018
6 3.73594
7 3.21708
8 20.9904
9 4.92349
10 18.7114
11 20.0964
12 5.83665
13 3.58754
14 1.86584
15 3.12705
16 6.71317
17 6.25765
18 3.17331
19 1.73025
20 2.77972
21 5.72598
22 2.35836
23 2.88078
24 2.47367
25 2.85979
26 2.57189
27 2.55231
28 2.73238
29 2.63772
"[DEBUG]index 7 centroid... "
0 3.74733
1 3.66548
2 3.89324
3 3.90036
4 3.72242
5 4.01779
6 3.76157
7 3.18861
8 13.9466
9 4.58363
10 7.7758
11 4.83986
12 13.7829
13 12.6584
14 4.73665
15 2.74377
16 1.44128
17 0.818505
18 0.790036
19 1.3274
20 1.60498
21 2.3879
22 5.59431
23 2.88612
24 3.08541
25 3.43416
26 3.14947
27 2.91815
28 2.57295
29 2.63345
"[DEBUG]index 8 centroid... "
0 5.24761
1 5.10714
2 4.10548
3 4.67274
4 4.64202
5 5.15743
6 5.71377
7 4.01166
8 42.9876
9 8.0706
10 5.03925
11 4.97199
12 4.39588
13 12.6429
14 3.56414
15 15.9034
16 3.59756
17 15.6138
18 4.5455
19 4.12651
20 12.2244
21 4.02103
22 2.1717
23 4.56966
24 3.80237
25 3.98865
26 3.68003
27 3.92607
28 3.67316
29 3.69065
"[DEBUG]index 9 centroid... "
0 5.48535
1 5.11308
2 4.53735
3 4.88733
4 4.93438
5 4.50887
6 5.13454
7 4.19728
8 33.1317
9 6.72555
10 11.7144
11 12.4651
12 4.24804
13 2.2175
14 2.85184
15 13.3273
16 3.37722
17 2.00784
18 3.35328
19 12.1989
20 2.93108
21 1.83863
22 3.37722
23 3.97813
24 3.43376
25 3.35493
26 3.35906
27 3.7012
28 3.45027
29 3.46389
"[DEBUG]index 10 centroid... "
0 3.24977
1 3.703
2 3.05904
3 3.29882
4 3.12352
5 3.33152
6 3.85559
7 2.55767
8 21.5377
9 5.95731
10 3.25704
11 1.68302
12 2.47321
13 9.19982
14 2.39146
15 1.43052
16 2.97094
17 9.39873
18 8.18529
19 2.80472
20 1.59855
21 2.57312
22 10.0354
23 2.75023
24 3.41508
25 3.12443
26 3.1317
27 2.96094
28 3.0545
29 3.23978
"[DEBUG]index 11 centroid... "
0 2.86794
1 3.06801
2 2.49514
3 2.72472
4 2.30694
5 2.62325
6 3.0385
7 2.60777
8 12.4674
9 4.01187
10 13.6387
11 5.80461
12 3.25873
13 3.19503
14 1.71357
15 2.91616
16 5.89385
17 3.26772
18 7.38647
19 9.8557
20 30.2443
21 10.3224
22 6.18568
23 3.60741
24 3.15761
25 2.81504
26 2.93055
27 2.84023
28 2.87909
29 3.009
"[DEBUG]index 12 centroid... "
0 4.65377
1 4.47076
2 3.73314
3 3.8892
4 4.2971
5 4.14959
6 5.31003
7 3.77979
8 30.8907
9 7.34941
10 4.5745
11 4.31768
12 10.1151
13 4.16799
14 4.67197
15 7.3519
16 35.1138
17 9.60354
18 4.64989
19 10.7097
20 4.40471
21 3.84921
22 8.43137
23 3.88641
24 4.72827
25 4.10722
26 3.84026
27 3.79013
28 3.47454
29 3.61657
"[DEBUG]index 13 centroid... "
0 6.04549
1 4.90753
2 5.04847
3 5.14243
4 5.34452
5 5.34377
6 6.75913
7 4.3915
8 25.8829
9 5.65474
10 27.695
11 6.90082
12 28.0567
13 6.81059
14 10.5802
15 5.12453
16 4.37136
17 8.84787
18 8.57047
19 3.4258
20 2.47651
21 1.40045
22 1.85981
23 3.97017
24 2.73453
25 3.21402
26 2.93885
27 2.84191
28 3.66741
29 2.83147
"[DEBUG]index 14 centroid... "
0 4.45614
1 5.02982
2 3.56491
3 4.02281
4 4.08772
5 4.04211
6 4.8614
7 3.37544
8 17.7053
9 5.82105
10 3.18772
11 1.75439
12 0.766667
13 1.70877
14 1.67193
15 2.98421
16 11.3456
17 3.40702
18 1.74737
19 1.5386
20 3.31053
21 2.19123
22 9.10702
23 3.82807
24 4.28596
25 3.83509
26 3.6193
27 3.93333
28 3.63509
29 3.91754
"[DEBUG]index 15 centroid... "
0 2.9607
1 3.03674
2 2.74153
3 2.75016
4 2.92428
5 3.05176
6 4.00926
7 3.32332
8 13.8137
9 29.8112
10 11.0847
11 7.07955
12 3.66038
13 6.18818
14 15.0198
15 5.55208
16 3.07827
17 5.95751
18 2.33099
19 6.10224
20 2.43291
21 5.69808
22 4.68115
23 2.39872
24 2.48147
25 2.43195
26 2.21981
27 2.1476
28 1.98818
29 2.15815
"[DEBUG]index 16 centroid... "
0 4.36899
1 4.05828
2 3.56741
3 3.59571
4 3.98448
5 3.76704
6 4.24361
7 2.8731
8 29.4974
9 6.57928
10 3.16494
11 1.77845
12 1.67483
13 2.70466
14 3.43016
15 1.31999
16 3.29017
17 1.53545
18 2.96668
19 12.1852
20 2.2115
21 3.21607
22 1.34099
23 3.37142
24 3.08719
25 3.07638
26 3.28256
27 3.2885
28 3.33658
29 3.23615
"[DEBUG]index 17 centroid... "
0 4.00519
1 3.92479
2 3.61048
3 3.72251
4 3.4668
5 3.71162
6 3.6945
7 3.03942
8 24.8589
9 7.6722
10 3.73496
11 13.0659
12 3.4528
13 1.67272
14 1.67324
15 3.49948
16 1.57313
17 3.12344
18 11.0145
19 3.63952
20 3.4362
21 10.4549
22 10.9144
23 3.28008
24 4.62085
25 3.40041
26 3.6945
27 3.42064
28 3.40923
29 3.4751
"[DEBUG]index 18 centroid... "
0 4.21657
1 4.02115
2 3.35389
3 3.6791
4 3.68878
5 4.45034
6 4.70921
7 3.48548
8 24.3069
9 9.42453
10 4.1176
11 10.593
12 4.49552
13 4.36931
14 9.84905
15 4.54321
16 8.52958
17 30.853
18 9.8218
19 5.56687
20 9.01972
21 29.0882
22 7.60846
23 4.86734
24 4.79634
25 4.82288
26 4.60201
27 4.22947
28 4.17354
29 4.58767
"[DEBUG]index 19 centroid... "
0 3.14019
1 3.78972
2 2.50467
3 3.13201
4 2.93925
5 3.23481
6 3.83528
7 2.79439
8 15.5152
9 5.58061
10 3.67407
11 2.04556
12 3.74065
13 5.68341
14 20.6273
15 6.77453
16 4.70093
17 7.2465
18 16.4568
19 18.3797
20 6.78154
21 3.67757
22 8.98014
23 3.58995
24 4.04322
25 3.20678
26 3.40654
27 3.32243
28 3.16122
29 3.01869
"[DEBUG]index 20 centroid... "
0 7.82963
1 6.47901
2 6.7037
3 6.73827
4 5.26914
5 6.95062
6 6.37778
7 4.16543
8 21.9432
9 10.6494
10 4.0963
11 4.75062
12 6.06667
13 2.11605
14 1.35062
15 1.61481
16 4.00988
17 14.316
18 3.4
19 4.58272
20 2.08889
21 0.911111
22 1.77778
23 4.93827
24 4.91111
25 4.8
26 4.44691
27 4.86173
28 4.27407
29 4.27407
"[DEBUG]index 21 centroid... "
0 4.90153
1 4.7317
2 4.13891
3 4.45097
4 4.59648
5 4.6926
6 5.3087
7 3.68221
8 44.3839
9 10.0052
10 4.19837
11 15.2705
12 4.44216
13 3.60765
14 3.72962
15 1.78972
16 3.2701
17 3.77417
18 1.84604
19 3.73931
20 10.3212
21 2.75889
22 3.3875
23 3.59131
24 3.28728
25 3.21692
26 3.16291
27 3.30657
28 3.51205
29 3.29651
"[DEBUG]index 22 centroid... "
0 5.6863
1 5.40676
2 4.40676
3 5.33217
4 4.94981
5 5.2642
6 6.28477
7 4.05437
8 31.7361
9 8.52318
10 4.3252
11 10.5772
12 11.3893
13 4.52492
14 8.27954
15 35.6047
16 7.66678
17 4.40781
18 2.53294
19 2.46114
20 3.50854
21 8.21506
22 3.11816
23 5.01847
24 3.98606
25 3.73998
26 3.83374
27 3.52248
28 3.46846
29 3.36772
"[DEBUG]index 23 centroid... "
0 4.81049
1 4.88136
2 3.98235
3 4.75909
4 4.76064
5 4.66641
6 5.52622
7 3.8554
8 27.162
9 7.18795
10 4.52882
11 5.21521
12 10.729
13 7.26791
14 31.5177
15 7.01298
16 4.34735
17 2.23936
18 3.01791
19 8.16147
20 2.81205
21 3.32996
22 1.74922
23 3.78375
24 2.86994
25 3.24818
26 3.09917
27 2.92965
28 2.7757
29 2.78011
"[DEBUG]index 24 centroid... "
0 5.83997
1 5.75593
2 4.63081
3 5.27827
4 5.09273
5 5.15325
6 6.51167
7 4.78234
8 41.7535
9 10.0034
10 5.07092
11 16.5353
12 3.68591
13 12.963
14 3.5863
15 15.5745
16 4.27746
17 4.1025
18 11.8725
19 3.98507
20 2.19486
21 3.85498
22 3.52985
23 4.13181
24 3.93758
25 3.7903
26 3.77058
27 3.53745
28 3.41967
29 3.4763
"[DEBUG]index 25 centroid... "
0 6.44035
1 6.2373
2 5.43036
3 5.94325
4 5.66395
5 5.66516
6 6.09592
7 4.6388
8 44.7343
9 8.4967
10 17.3473
11 4.10543
12 2.34451
13 1.7107
14 3.25536
15 3.63776
16 1.57633
17 3.44761
18 3.53482
19 1.41706
20 2.95663
21 2.88957
22 1.38062
23 3.16307
24 2.88925
25 3.15476
26 3.6255
27 3.37933
28 3.63389
29 3.37675
"[DEBUG]index 26 centroid... "
0 4.08889
1 4.56944
2 3.91389
3 4.18333
4 4.275
5 4.21667
6 3.94167
7 2.73611
8 17.4333
9 5.75278
10 2.96111
11 1.86111
12 3.49444
13 10.9667
14 2.59167
15 1.59167
16 0.872222
17 1.48889
18 3.76944
19 2.64722
20 10.675
21 2.96111
22 9.99444
23 3.125
24 4.675
25 3.69444
26 3.42222
27 3.49167
28 3.67222
29 3.16111
"[DEBUG]index 27 centroid... "
0 3.26617
1 3.18541
2 3.09147
3 3.42604
4 2.70499
5 3.11125
6 3.65801
7 3.30326
8 15.796
9 5.6337
10 14.9452
11 14.6333
12 6.10342
13 4.16316
14 7.56077
15 3.75814
16 7.78945
17 9.56819
18 34.8026
19 12.1207
20 7.26988
21 3.50062
22 7.26452
23 2.91965
24 2.91224
25 3.10136
26 2.99341
27 2.62176
28 3.08076
29 2.72435
"[DEBUG]index 28 centroid... "
0 3.98497
1 4.15961
2 4.01253
3 4.22626
4 3.92082
5 4.32248
6 5.00125
7 3.86294
8 26.5272
9 7.0649
10 11.6785
11 11.1962
12 8.29692
13 31.2493
14 8.2438
15 4.17364
16 10.7993
17 3.02581
18 10.313
19 3.31245
20 10.4956
21 3.18767
22 9.04836
23 3.63443
24 3.8429
25 3.57555
26 3.30218
27 3.38737
28 3.23277
29 3.01779
"[DEBUG]index 29 centroid... "
0 4.39682
1 4.28433
2 3.99263
3 4.30411
4 3.9616
5 4.00078
6 4.99651
7 4.63305
8 23.2987
9 5.11908
10 23.5272
11 8.09542
12 4.7436
13 4.83243
14 8.63926
15 6.93832
16 24.7184
17 8.40147
18 4.15206
19 8.24282
20 7.75252
21 3.26222
22 2.02715
23 3.46315
24 3.16563
25 3.51901
26 2.94026
27 3.13072
28 2.88285
29 2.92708
"[DEBUG]index 30 centroid... "
0 3.77961
1 3.885
2 3.34741
3 3.46962
4 3.51631
5 3.5757
6 4.13766
7 2.75832
8 25.7865
9 7.12942
10 3.53793
11 1.80501
12 4.27188
13 1.46756
14 3.60316
15 1.53656
16 3.69173
17 11.4806
18 2.99588
19 10.99
20 10.1682
21 2.73052
22 11.449
23 3.77206
24 4.09097
25 4.10367
26 3.65637
27 4.10985
28 3.86783
29 4.00549
"[DEBUG]index 31 centroid... "
0 7.44622
1 6.80176
2 5.86416
3 6.24855
4 6.68478
5 6.23366
6 6.99179
7 4.60424
8 52.732
9 10.4961
10 6.22382
11 5.25329
12 20.1939
13 3.72979
14 2.37302
15 4.4477
16 4.20211
17 2.09716
18 3.91054
19 2.12351
20 4.00112
21 3.30961
22 1.96029
23 4.1756
24 3.85284
25 3.65756
26 3.76522
27 3.78601
28 3.90534
29 3.8772
"[DEBUG]index 32 centroid... "
0 3.45231
1 3.26073
2 2.52782
3 2.90541
4 3.00159
5 3.05882
6 3.68919
7 2.72893
8 17.8124
9 4.66852
10 3.06439
11 1.72655
12 1.70747
13 3.16137
14 5.08585
15 17.4253
16 16.163
17 5.36566
18 8.61526
19 2.907
20 6.96979
21 6.41415
22 2.77345
23 3.51192
24 3.53418
25 3.31081
26 3.21065
27 2.92766
28 2.94833
29 2.97218
"[DEBUG]index 33 centroid... "
0 3.65008
1 3.54912
2 3.45723
3 3.73237
4 3.19388
5 3.3297
6 4.0788
7 2.78007
8 21.5959
9 4.07258
10 23.0769
11 6.7027
12 3.32906
13 3.64632
14 2.99235
15 1.55806
16 1.61016
17 1.28642
18 3.02125
19 6.74158
20 2.24844
21 6.71825
22 2.53253
23 2.89476
24 2.57543
25 2.54886
26 2.65928
27 2.58774
28 2.62766
29 2.65889
"[DEBUG]index 34 centroid... "
0 4.63791
1 4.40735
2 4.28698
3 4.11578
4 4.05051
5 4.85635
6 5.81961
7 4.26664
8 25.9544
9 7.42998
10 3.98426
11 2.65792
12 4.04428
13 8.00131
14 29.4647
15 9.2814
16 4.43162
17 10.2007
18 3.47721
19 2.06396
20 4.34962
21 3.22958
22 8.97507
23 4.17711
24 4.6471
25 4.34438
26 4.46933
27 3.43621
28 3.91604
29 3.74943
"[DEBUG]index 35 centroid... "
0 3.70204
1 4.00499
2 3.19501
3 3.62993
4 3.61134
5 3.4898
6 4.22132
7 3.01043
8 24.0209
9 6.86077
10 10.3596
11 7.00408
12 27.2685
13 7.63039
14 4.25624
15 8.65941
16 3.4059
17 9.83673
18 3.46803
19 10.3134
20 6.9551
21 24.5519
22 7.78231
23 4.00635
24 4.01451
25 4.06531
26 3.72109
27 3.46531
28 3.58141
29 3.52472
"[DEBUG]index 36 centroid... "
0 4.30011
1 4.24205
2 3.99658
3 4.00384
4 3.88431
5 4.11889
6 4.84546
7 3.39552
8 20.4073
9 24.4651
10 7.72295
11 3.58058
12 10.7165
13 2.70523
14 1.80171
15 1.63351
16 2.72593
17 3.0555
18 1.48815
19 3.10779
20 1.44312
21 2.59658
22 6.41601
23 2.47983
24 3.10011
25 2.94514
26 2.65998
27 2.69925
28 2.56585
29 2.82753
"[DEBUG]index 37 centroid... "
0 4.69546
1 4.77297
2 3.87339
3 4.2317
4 4.20376
5 4.55459
6 5.37503
7 3.72761
8 28.9044
9 9.14391
10 4.07271
11 4.26374
12 4.25824
13 3.84838
14 9.44131
15 4.11585
16 9.01298
17 32.0234
18 7.34791
19 4.20447
20 2.38006
21 3.43336
22 1.93827
23 3.49427
24 3.44131
25 3.49006
26 3.46271
27 3.18518
28 3.25696
29 3.11936
"[DEBUG]index 38 centroid... "
0 4.55969
1 4.30733
2 3.85875
3 4.1909
4 4.0393
5 4.15928
6 5.10963
7 3.38593
8 31.9288
9 6.48256
10 4.112
11 2.02246
12 3.9273
13 1.70774
14 3.53664
15 15.0612
16 3.73788
17 3.78871
18 12.0585
19 3.63061
20 1.8159
21 3.36554
22 11.7139
23 3.85609
24 4.36643
25 4.36939
26 4.46217
27 4.11879
28 3.75148
29 3.78487
"[DEBUG]index 39 centroid... "
0 4.59692
1 4.45582
2 3.7878
3 4.10688
4 4.05849
5 4.04714
6 4.94851
7 3.56876
8 30.7817
9 8.13768
10 4.82607
11 11.3863
12 3.62819
13 10.1805
14 3.72449
15 10.183
16 11.1265
17 4.6649
18 9.10579
19 35.7183
20 7.71858
21 4.56549
22 4.1663
23 4.12803
24 3.80165
25 3.48398
26 3.6523
27 3.80445
28 3.59956
29 3.39857
"[DEBUG]index 40 centroid... "
0 10.7705
1 10.8629
2 9.92095
3 10.2505
4 8.96476
5 9.54095
6 10.0486
7 6.35048
8 28.5019
9 13.3743
10 5.13429
11 18.7114
12 5.66381
13 5.36952
14 5.47905
15 2.58095
16 1.30381
17 2.13714
18 1.97619
19 4.21048
20 1.89333
21 1.15714
22 1.82667
23 3.87238
24 3.54571
25 3.74571
26 4.03905
27 4.2219
28 4.57238
29 4.72095
"[DEBUG]index 41 centroid... "
0 3.93544
1 4.49134
2 4.22629
3 4.12412
4 4.06007
5 4.04788
6 4.80747
7 4.29162
8 13.7996
9 29.101
10 8.11115
11 30.815
12 12.0589
13 7.11346
14 6.78514
15 5.89745
16 3.31113
17 2.20832
18 2.96406
19 2.7329
20 4.53626
21 2.70376
22 1.74907
23 2.4735
24 2.34655
25 2.22642
26 2.23912
27 2.25003
28 2.20639
29 2.31934
"[DEBUG]index 42 centroid... "
0 4.6718
1 4.42971
2 4.16839
3 4.13969
4 3.58479
5 3.89849
6 5.16632
7 3.26517
8 21.4522
9 25.069
10 7.33945
11 3.9559
12 10.2554
13 2.74342
14 3.87038
15 1.96212
16 3.17993
17 10.3468
18 8.31607
19 3.03315
20 8.82332
21 3.17757
22 1.46049
23 3.29565
24 3.10299
25 3.07103
26 3.01687
27 3.11986
28 2.96597
29 2.8612
"[DEBUG]index 43 centroid... "
0 4.9339
1 5.08244
2 4.79094
3 4.6658
4 4.95395
5 4.78426
6 5.63721
7 4.25733
8 27.9521
9 7.69179
10 3.55217
11 4.87746
12 1.88377
13 3.98775
14 13.0835
15 3.64204
16 2.19384
17 2.07798
18 1.65615
19 4.40772
20 1.70256
21 3.78054
22 12.1315
23 3.76309
24 4.27739
25 4.27367
26 4.36131
27 4.11994
28 3.94727
29 3.92945
"[DEBUG]index 44 centroid... "
0 3.90069
1 3.68114
2 3.14066
3 3.31194
4 3.17751
5 3.2519
6 4.07907
7 2.77872
8 28.8856
9 5.78201
10 10.2175
11 3.5372
12 1.77872
13 3.36332
14 1.47958
15 3.97249
16 2.84585
17 12.0311
18 2.61349
19 11.4713
20 2.63702
21 10.5834
22 2.6718
23 3.50571
24 3.43581
25 3.19239
26 3.1474
27 3.18772
28 3.15606
29 3.30035
"[DEBUG]index 45 centroid... "
0 4.38607
1 4.27271
2 4.07462
3 4.33263
4 3.89771
5 4.46317
6 5.17366
7 3.78168
8 33.6353
9 5.76698
10 12.4615
11 4.22061
12 4.01221
13 12.558
14 2.85153
15 13.1448
16 3.34905
17 4.12309
18 2.04122
19 3.70076
20 11.8821
21 3.07748
22 12.4672
23 4.42366
24 4.34714
25 3.99771
26 3.47156
27 3.67786
28 3.6605
29 3.42042
"[DEBUG]index 46 centroid... "
0 4.50706
1 4.44987
2 3.87437
3 4.1949
4 4.24619
5 4.13345
6 5.21314
7 3.18214
8 39.508
9 8.20066
10 4.45508
11 4.21383
12 13.7685
13 2.7176
14 12.5286
15 3.49047
16 2.16418
17 3.99931
18 10.7352
19 3.68852
20 3.73131
21 10.8698
22 3.19366
23 4.10012
24 3.71307
25 3.76725
26 3.81621
27 3.44274
28 3.67261
29 3.72706
"[DEBUG]index 47 centroid... "
0 4.5932
1 4.5488
2 3.75982
3 4.36356
4 4.2784
5 4.34832
6 4.88955
7 3.73445
8 35.6487
9 8.74656
10 4.08599
11 11.7283
12 3.70521
13 2.30006
14 4.17198
15 3.19768
16 14.2099
17 3.58965
18 14.7941
19 3.24866
20 11.8923
21 3.42196
22 3.99671
23 4.31464
24 3.92035
25 3.99061
26 3.97908
27 3.95742
28 4.24965
29 3.64443
"[DEBUG]index 48 centroid... "
0 4.40761
1 4.32907
2 3.55804
3 3.94523
4 4.47939
5 4.46277
6 5.49332
7 3.93548
8 62.587
9 7.78397
10 4.5312
11 4.5588
12 3.8969
13 9.08302
14 3.85035
15 3.80294
16 10.9335
17 3.76875
18 3.96906
19 4.08199
20 3.07825
21 8.71952
22 3.09355
23 3.88097
24 3.70851
25 3.50113
26 3.37102
27 3.24068
28 3.44017
29 3.32155
"[DEBUG]index 49 centroid... "
0 6.82814
1 6.74673
2 6.33367
3 6.44422
4 6.2191
5 6.46935
6 6.93065
7 4.94774
8 29.4553
9 8.51859
10 4.20402
11 2.12161
12 4.69548
13 3.01206
14 15.8915
15 3.43317
16 4.47538
17 2.02111
18 1.07638
19 1.55176
20 3.51558
21 3.2191
22 1.49849
23 4.09246
24 3.37387
25 3.70251
26 3.77789
27 3.86131
28 3.75176
29 3.70151
"[DEBUG]index 50 centroid... "
0 5.10991
1 5.34883
2 4.84951
3 5.92645
4 5.28593
5 5.02401
6 6.24755
7 4.00643
8 41.8279
9 10.7163
10 4.57085
11 15.2435
12 16.8422
13 3.51268
14 15.6299
15 4.59452
16 4.34799
17 13.5862
18 3.5443
19 4.77156
20 2.60974
21 3.75008
22 11.3255
23 4.11109
24 4.70139
25 5.24856
26 4.24467
27 3.82956
28 3.91444
29 3.92408
"[DEBUG]index 51 centroid... "
0 3.51891
1 3.74522
2 3.08703
3 3.52887
4 3.28691
5 3.36905
6 4.47336
7 3.13847
8 29.2649
9 5.36051
10 11.9797
11 3.53741
12 2.02359
13 3.1037
14 10.1102
15 2.67527
16 4.20049
17 2.81497
18 12.8367
19 2.54656
20 10.5521
21 2.44998
22 10.6364
23 3.27979
24 3.63583
25 3.44347
26 3.46076
27 3.33347
28 3.50874
29 3.15352
"[DEBUG]index 52 centroid... "
0 7.21625
1 7.30014
2 5.87563
3 6.45098
4 6.31807
5 6.26555
6 7.11569
7 4.793
8 37.1017
9 11.7982
10 4.74566
11 16.8779
12 5.1388
13 2.43431
14 5.50238
15 3.83277
16 15.1779
17 4.56793
18 2.3395
19 5.00756
20 1.62899
21 3.98151
22 1.78025
23 4.90154
24 4.38754
25 4.06891
26 4.20504
27 4.17227
28 3.93207
29 3.90714
"[DEBUG]index 53 centroid... "
0 4.22785
1 3.48101
2 2.79747
3 3.53165
4 3.25949
5 3.03797
6 3.22152
7 2.33861
8 13.9494
9 5.43671
10 3.13291
11 1.75633
12 0.727848
13 0.781646
14 1.0981
15 3.24684
16 1.19937
17 1.64873
18 2.89241
19 4.60759
20 14.2627
21 5.52215
22 2.89557
23 3.78481
24 3.23101
25 3.17405
26 3.24684
27 3.47468
28 3.97468
29 3.83228
"[DEBUG]index 54 centroid... "
0 9.38164
1 7.59903
2 7.83092
3 9.13527
4 7.92271
5 7.36715
6 7.31884
7 5.40097
8 18.8406
9 9.37681
10 3.76328
11 12.6957
12 4.29952
13 2.84541
14 2.24155
15 6.77778
16 1.87923
17 2.24638
18 1.05797
19 0.797101
20 1.31401
21 2.43961
22 4.38647
23 3.88406
24 4.54589
25 4.85024
26 3.91787
27 4.87923
28 4.80193
29 4.95169
"[DEBUG]index 55 centroid... "
0 3.27763
1 3.85984
2 3.41779
3 3.60916
4 3.24259
5 3.48518
6 4.04313
7 2.30728
8 15.779
9 6.49326
10 2.61186
11 8.12938
12 7.73585
13 2.73315
14 1.39084
15 3.26146
16 1.43935
17 0.684636
18 1.65499
19 2.91914
20 7.42588
21 16.1267
22 6.47978
23 3.32345
24 3.99461
25 3.23989
26 3.36658
27 3.11321
28 3.27493
29 3.49865
"[DEBUG]index 56 centroid... "
0 6.43161
1 6.18549
2 5.19845
3 5.75233
4 5.39663
5 5.64326
6 7.10959
7 4.57435
8 34.8228
9 11.5927
10 5.09404
11 16.3451
12 3.65751
13 14.864
14 5.25078
15 4.64067
16 13.8212
17 15.4399
18 4.16839
19 2.30311
20 4.21839
21 1.61788
22 4.28394
23 3.91503
24 4.18964
25 4.17694
26 3.67073
27 3.86373
28 3.57876
29 3.52176
"[DEBUG]index 57 centroid... "
0 3.30945
1 3.54976
2 3.33261
3 3.27977
4 3.38762
5 3.01665
6 4.00036
7 3.43359
8 12.6931
9 28.1759
10 10.1071
11 6.55338
12 3.58342
13 2.05936
14 3.01303
15 5.33008
16 16.4578
17 5.08252
18 6.59464
19 3.14405
20 1.75715
21 2.61419
22 4.98227
23 2.65689
24 3.3355
25 2.90481
26 2.73073
27 2.49294
28 2.52515
29 2.34745
"[DEBUG]index 58 centroid... "
0 5.06909
1 5.25833
2 4.61989
3 5.20699
4 4.80564
5 5.23118
6 5.98414
7 3.96048
8 35.5817
9 6.5621
10 5.02823
11 2.29866
12 4.28763
13 11.3336
14 3.75806
15 15.0629
16 15.603
17 3.57419
18 15.5411
19 3.5957
20 4.88871
21 1.91075
22 3.84516
23 4.77231
24 4.48306
25 4.03898
26 4.35242
27 4.18468
28 3.775
29 3.74731
"[DEBUG]index 59 centroid... "
0 4.02267
1 4.11608
2 3.48826
3 3.68312
4 3.94309
5 3.87379
6 4.60627
7 2.56109
8 27.9305
9 7.41704
10 4.38794
11 4.18778
12 11.6461
13 3.39325
14 8.84325
15 3.29646
16 10.8976
17 4.27395
18 4.68248
19 7.46752
20 31.6767
21 8.30788
22 4.22122
23 4.39405
24 4.34566
25 3.6
26 3.559
27 3.38473
28 3.95193
29 3.27379
"[DEBUG]index 60 centroid... "
0 4.30776
1 3.95955
2 4.06741
3 4.10181
4 4.06369
5 4.30497
6 5.0874
7 4.10414
8 20.1948
9 5.05625
10 21.7982
11 7.36774
12 7.92887
13 20.5565
14 5.73315
15 21.0958
16 6.41702
17 7.30404
18 3.49605
19 2.19293
20 1.94003
21 2.87122
22 5.40353
23 2.88703
24 3.09159
25 3.17015
26 2.89633
27 2.43887
28 2.65225
29 2.76755
"[DEBUG]index 61 centroid... "
0 3.13468
1 3.07977
2 2.43172
3 2.68606
4 2.56687
5 2.92023
6 3.66635
7 2.51619
8 18.1314
9 5.9695
10 3.10511
11 2.41577
12 3.39418
13 6.94557
14 3.52604
15 1.93383
16 3.76161
17 3.40873
18 6.82356
19 21.2534
20 4.94603
21 21.2745
22 7.35523
23 4.39934
24 3.74566
25 3.54669
26 3.80009
27 3.66307
28 3.75364
29 3.82027
"[DEBUG]index 62 centroid... "
0 5.29639
1 5.01017
2 4.16141
3 4.62023
4 4.5061
5 4.82359
6 5.33045
7 3.46035
8 29.9636
9 7.60041
10 4.51932
11 2.08007
12 4.91129
13 1.80402
14 3.79639
15 13.9977
16 3.38765
17 13.4054
18 3.17946
19 12.82
20 2.9634
21 2.01474
22 1.91764
23 4.04143
24 4.33604
25 4.03991
26 4.21022
27 4.35638
28 3.85994
29 3.67387
"[DEBUG]index 63 centroid... "
0 2.51771
1 2.30995
2 2.1342
3 2.34946
4 1.97752
5 2.75068
6 2.91417
7 2.65191
8 10.6069
9 5.28951
10 3.88624
11 3.7139
12 5.69414
13 5.62125
14 3.27112
15 6.11717
16 10.4707
17 23.7262
18 19.0988
19 16.6846
20 23.2922
21 10.6662
22 7.2936
23 3.8515
24 3.71322
25 3.37466
26 3.08856
27 3.13283
28 3.43256
29 3.13351
"[DEBUG]index 64 centroid... "
0 4.74673
1 4.47861
2 3.86697
3 4.25767
4 4.19535
5 4.29977
6 5.24845
7 3.71977
8 41.1282
9 7.16935
10 15.0034
11 3.55111
12 14.9326
13 4.15683
14 3.83822
15 12.1472
16 3.59169
17 13.2075
18 12.5101
19 3.68111
20 13.499
21 3.45261
22 11.9071
23 4.64672
24 4.46114
25 4.41092
26 4.18943
27 3.97537
28 3.86367
29 3.77232
"[DEBUG]index 65 centroid... "
0 3.55139
1 3.59078
2 3.50672
3 3.73823
4 3.05139
5 3.26321
6 4.04851
7 3.00048
8 18.5317
9 4.12008
10 20.3775
11 5.56868
12 3.25744
13 1.82565
14 2.51585
15 7.86023
16 2.73967
17 1.50865
18 1.61335
19 1.53602
20 2.40394
21 5.76369
22 6.7147
23 2.90202
24 3.18732
25 2.95917
26 2.60999
27 2.72478
28 2.64073
29 2.66282
"[DEBUG]index 66 centroid... "
0 4.39672
1 4.32394
2 3.72066
3 4.1212
4 4.23475
5 3.71026
6 5.43146
7 3.4725
8 36.9193
9 6.28865
10 14.4922
11 3.93461
12 15.3291
13 3.29576
14 13.07
15 2.92859
16 13.186
17 3.33187
18 12.1535
19 12.9792
20 3.78386
21 10.8536
22 11.5943
23 4.01997
24 4.21067
25 3.75513
26 3.71792
27 3.72476
28 3.65554
29 3.92011
"[DEBUG]index 67 centroid... "
0 4.04138
1 3.84138
2 3.03034
3 3.51034
4 2.8731
5 3.70621
6 3.18207
7 2.71724
8 15.9545
9 5.86897
10 3.02069
11 10.4055
12 2.82897
13 1.16552
14 0.951724
15 1.38483
16 3.29517
17 3.22897
18 5.92414
19 18.0855
20 5.56828
21 3.39586
22 1.36966
23 3.59034
24 3.44552
25 3.38207
26 3.48828
27 3.76828
28 3.97655
29 3.21793
"[DEBUG]index 68 centroid... "
0 5.09259
1 4.96646
2 4.61317
3 4.94179
4 5.10298
5 4.56216
6 5.36992
7 3.75482
8 35.3652
9 9.85586
10 5.82772
11 9.9605
12 40.8261
13 6.53971
14 5.55052
15 4.41511
16 9.32114
17 9.52613
18 3.40776
19 9.51143
20 3.8894
21 3.8377
22 2.09023
23 3.92516
24 3.4657
25 3.42703
26 3.34484
27 3.15884
28 3.32266
29 3.25877
"[DEBUG]index 69 centroid... "
0 3.98113
1 3.79074
2 4.20755
3 3.93825
4 3.86792
5 4.22127
6 5.06003
7 4.8259
8 21.1655
9 5.86621
10 22.3482
11 8.0566
12 5.31732
13 9.90394
14 6.42281
15 24.9614
16 8.64751
17 8.65352
18 24.0377
19 9.34048
20 7.83791
21 23.6389
22 7.38765
23 5.06003
24 4.67324
25 4.54288
26 4.52659
27 3.99828
28 4.17839
29 3.84648
"[DEBUG]index 70 centroid... "
0 3.47513
1 3.54011
2 3.09773
3 3.33017
4 3.005
5 3.25094
6 4.91227
7 3.36666
8 22.0967
9 26.8235
10 7.1907
11 3.87978
12 3.6096
13 7.58385
14 2.83179
15 2.87453
16 1.49663
17 2.91452
18 7.34241
19 7.53887
20 2.50662
21 1.32367
22 2.33892
23 2.2122
24 2.23719
25 2.16096
26 2.22519
27 2.28468
28 2.22294
29 2.35616
"[DEBUG]index 71 centroid... "
0 4.64824
1 4.41065
2 3.85041
3 4.31967
4 4.30437
5 4.11212
6 5.03784
7 3.22137
8 36.2481
9 7.65195
10 3.70528
11 3.83103
12 4.17639
13 1.5109
14 3.67004
15 1.38051
16 3.80775
17 1.48669
18 3.70259
19 1.53213
20 3.45433
21 2.45164
22 12.625
23 3.16507
24 3.91273
25 3.60447
26 3.70815
27 3.42984
28 3.42085
29 3.50552
"[DEBUG]index 72 centroid... "
0 5.90796
1 5.34818
2 5.29117
3 5.28108
4 5.68804
5 5.18369
6 6.52831
7 4.50633
8 35.9123
9 7.28108
10 16.1112
11 4.22704
12 17.4626
13 3.79097
14 13.3729
15 11.7656
16 4.11639
17 2.07977
18 3.64371
19 1.61698
20 3.40519
21 1.39727
22 3.25277
23 3.31928
24 3.39272
25 3.19557
26 3.31057
27 3.03583
28 3.13203
29 2.81948
"[DEBUG]index 73 centroid... "
0 3.66332
1 3.88649
2 3.54749
3 3.64865
4 3.6749
5 3.66873
6 4.39614
7 3.78147
8 18.7127
9 4.38224
10 21.2595
11 7.67259
12 5.17297
13 7.78378
14 20.0131
15 6.31969
16 4.01699
17 2.68958
18 4.01313
19 6.08263
20 18.7598
21 7.56216
22 3.72819
23 3.90347
24 3.48108
25 3.25097
26 3.45946
27 3.17915
28 3.47259
29 3.39228
"[DEBUG]index 74 centroid... "
0 4.088
1 4.06147
2 4.00463
3 4.27789
4 3.73095
5 3.69993
6 4.20253
7 3.37418
8 18.4317
9 5.43242
10 12.9033
11 33.4728
12 11.7885
13 5.88912
14 3.87144
15 2.00182
16 2.10175
17 2.4814
18 5.05193
19 2.77488
20 1.99663
21 2.54947
22 4.63593
23 2.29726
24 2.45754
25 2.34905
26 2.55775
27 2.37754
28 2.37502
29 2.57881
"[DEBUG]index 75 centroid... "
0 5.35538
1 4.64
2 4.24462
3 4.06308
4 3.96923
5 4.01385
6 4.26615
7 2.73846
8 20.5738
9 8.10769
10 3.06462
11 1.88308
12 4.53231
13 1.5
14 0.910769
15 1.62308
16 2.65538
17 11.8446
18 2.98154
19 1.65385
20 3.24308
21 11.3031
22 2.80154
23 4.66462
24 4.26923
25 4.03846
26 4.15538
27 3.96462
28 4.03385
29 4.35538
"[DEBUG]index 76 centroid... "
0 4.75253
1 4.48548
2 4.32386
3 4.63952
4 4.98043
5 4.89394
6 5.53157
7 4.4053
8 16.6029
9 7.21907
10 5.06944
11 7.61301
12 18.8933
13 7.09912
14 13.5019
15 31.0549
16 12.2197
17 7.2822
18 3.75631
19 3.67298
20 2.00379
21 1.23864
22 1.78598
23 2.91162
24 2.81439
25 2.70076
26 2.56439
27 2.57955
28 2.44318
29 2.5101
"[DEBUG]index 77 centroid... "
0 4.54478
1 4.17043
2 3.63185
3 4.33788
4 4.1357
5 4.63012
6 5.20193
7 4.0191
8 37.7465
9 9.82039
10 3.98908
11 14.6152
12 4.83825
13 4.48722
14 11.8179
15 13.4716
16 3.82411
17 14.6321
18 3.55718
19 14.0124
20 12.3674
21 3.70603
22 13.4587
23 4.79608
24 4.61151
25 4.6522
26 4.56636
27 4.0712
28 4.25602
29 3.90573
"[DEBUG]index 78 centroid... "
0 2.99675
1 3.19494
2 3.0831
3 3.18901
4 3.30279
5 3.36682
6 3.82276
7 2.95812
8 13.6148
9 6.08927
10 3.95691
11 7.06882
12 11.409
13 37.1875
14 11.3032
15 6.73811
16 3.416
17 5.99042
18 2.44506
19 2.92323
20 2.45707
21 4.70313
22 2.51104
23 2.66888
24 2.50657
25 2.3669
26 2.13675
27 2.18593
28 2.24395
29 2.3312
"[DEBUG]index 79 centroid... "
0 5.06969
1 5.50664
2 4.39491
3 4.42257
4 4.09181
5 4.00221
6 5.05531
7 2.90819
8 25.2024
9 7.97677
10 3.47898
11 4.1615
12 1.16261
13 3.625
14 1.20354
15 0.714602
16 1.50332
17 3.01991
18 13.6195
19 2.57633
20 3.82633
21 2.9646
22 2.85951
23 3.53319
24 3.68142
25 3.65708
26 4.26549
27 3.6073
28 4.04314
29 3.84071
"[DEBUG]index 80 centroid... "
0 6.98849
1 6.69921
2 6.16786
3 6.04901
4 6.19742
5 6.74087
6 7.20179
7 4.75337
8 34.2544
9 9.24266
10 5.05476
11 2.57004
12 4.56726
13 15.2784
14 3.97321
15 4.41766
16 1.61865
17 4.17361
18 3.37817
19 1.62956
20 1.56786
21 3.23313
22 1.41766
23 3.7998
24 3.43036
25 3.62718
26 3.68294
27 3.65516
28 3.74683
29 3.77659
"[DEBUG]index 81 centroid... "
0 4.72049
1 4.70056
2 6.43383
3 6.88247
4 4.4093
5 4.54216
6 5.50128
7 3.7021
8 22.42
9 9.4885
10 4.8232
11 6.31528
12 7.58099
13 28.3219
14 7.46551
15 4.97598
16 4.67655
17 9.2698
18 28.4655
19 8.26469
20 4.05416
21 4.24323
22 2.00766
23 3.53398
24 3.43894
25 3.72407
26 3.34543
27 3.18804
28 3.01942
29 2.95299
"[DEBUG]index 82 centroid... "
0 4.53125
1 4.67401
2 3.98224
3 4.63352
4 4.05682
5 4.21662
6 4.87358
7 3.66335
8 30.1641
9 5.48509
10 13.5994
11 3.72869
12 2.15199
13 3.49787
14 9.64205
15 12.1357
16 4.00071
17 4.06463
18 12.8423
19 10.7543
20 2.67543
21 4.22372
22 1.59659
23 3.59872
24 3.59446
25 3.80469
26 3.70241
27 2.9858
28 3.1527
29 3.07173
"[DEBUG]index 83 centroid... "
0 5.56238
1 5.9105
2 4.34774
3 4.94881
4 5.23853
5 4.9981
6 5.36822
7 3.48616
8 27.7702
9 7.7645
10 4.22829
11 1.84262
12 4.70686
13 1.8832
14 1.89875
15 3.23815
16 14.884
17 4.02275
18 2.0584
19 3.82632
20 12.0614
21 3.01669
22 1.91923
23 4.80394
24 4.59651
25 4.16875
26 4.27683
27 4.35267
28 4.61282
29 3.89344
"[DEBUG]index 84 centroid... "
0 9.07122
1 9.74797
2 8.43412
3 9.37868
4 7.55011
5 8.3032
6 8.09041
7 6.09254
8 29.6887
9 8.14286
10 16.333
11 5.67249
12 2.76375
13 5.77143
14 2.11045
15 2.11087
16 5.53902
17 1.56802
18 4.55608
19 2.04094
20 1.15096
21 1.88699
22 1.82004
23 3.9322
24 3.68145
25 4.07335
26 4.32281
27 4.26311
28 4.07036
29 4.11684
"[DEBUG]index 85 centroid... "
0 2.35347
1 2.51584
2 2.11386
3 2.33531
4 2.2396
5 2.38515
6 2.9901
7 2.43828
8 11.1964
9 23.3561
10 7.89538
11 5.59373
12 2.71716
13 1.30891
14 2.30759
15 1.18845
16 2.22178
17 4.73531
18 2.60495
19 2.54257
20 4.38878
21 11.0911
22 3.85908
23 2.46139
24 2.60231
25 2.2165
26 2.20297
27 2.2
28 2.30825
29 2.36403
"[DEBUG]index 86 centroid... "
0 7.19588
1 7.18933
2 6.11736
3 6.30579
4 6.69534
5 6.24742
6 6.7803
7 4.98617
8 50.6974
9 10.3272
10 4.25176
11 2.17019
12 1.75219
13 3.35738
14 1.48117
15 3.77448
16 1.4744
17 3.9405
18 1.35106
19 3.34987
20 2.7961
21 1.35851
22 3.18386
23 3.22992
24 3.36523
25 3.70443
26 4.20158
27 4.35806
28 4.30336
29 4.23748
"[DEBUG]index 87 centroid... "
0 3.96854
1 3.52721
2 3.27126
3 3.65051
4 3.60629
5 3.19728
6 4.00255
7 2.26871
8 23.4626
9 6.99915
10 3.32228
11 10.7976
12 10.7126
13 9.10884
14 3.19133
15 1.36735
16 3.12075
17 2.53742
18 3.10289
19 1.3784
20 3.25425
21 9.66837
22 9.7585
23 2.62755
24 3.80102
25 3.32653
26 3.16156
27 2.83673
28 2.85289
29 2.82313
"[DEBUG]index 88 centroid... "
0 4.71998
1 4.44742
2 4.30311
3 4.58112
4 3.95696
5 4.11648
6 5.33812
7 3.6692
8 25.7066
9 5.29723
10 27.2401
11 7.4437
12 4.60666
13 2.11835
14 3.7458
15 2.07273
16 3.72056
17 9.73748
18 2.97117
19 8.42849
20 3.49476
21 1.62014
22 3.15894
23 2.90088
24 3.14001
25 3.09152
26 3.15737
27 3.21618
28 3.07187
29 2.9178
"[DEBUG]index 89 centroid... "
0 4.78863
1 4.88192
2 4.45882
3 4.62063
4 4.01476
5 4.36716
6 5.39249
7 4.16618
8 24.7148
9 30.6574
10 5.73943
11 4.37573
12 2.07999
13 3.21702
14 9.09821
15 2.65415
16 8.66691
17 3.44953
18 1.71501
19 3.00055
20 2.87846
21 1.43021
22 2.49854
23 2.84402
24 2.94752
25 2.86589
26 2.71884
27 2.74216
28 3.11917
29 2.69716
"[DEBUG]index 90 centroid... "
0 4.4604
1 4.02512
2 3.72695
3 3.8753
4 4.17701
5 3.7234
6 5.04433
7 3.16933
8 32.7305
9 6.06353
10 14.1433
11 3.2237
12 15.1377
13 2.90987
14 12.6377
15 3.03723
16 10.9418
17 9.67435
18 3.24054
19 1.97813
20 3.08333
21 8.76803
22 2.84693
23 3.74232
24 3.69858
25 3.42258
26 3.08097
27 3.10136
28 3.00502
29 3.12086
"[DEBUG]index 91 centroid... "
0 4.24212
1 4.33897
2 3.35587
3 3.8328
4 3.67337
5 4.37095
6 4.99772
7 3.68844
8 31.2476
9 6.07492
10 4.09593
11 2.14984
12 4.2042
13 11.4915
14 3.56875
15 14.6153
16 3.15487
17 15.8191
18 3.32024
19 14.1265
20 3.77752
21 11.1471
22 12.074
23 4.54728
24 5.2339
25 4.78392
26 4.31384
27 4.47967
28 4.33577
29 4.4413
"[DEBUG]index 92 centroid... "
0 4.21664
1 4.03043
2 3.6555
3 4.0054
4 4.18296
5 4.22889
6 5.48496
7 4.00216
8 22.4581
9 9.32019
10 4.0515
11 10.242
12 4.3987
13 8.53737
14 27.8705
15 6.25806
16 28.2049
17 7.66288
18 10.0007
19 4.10013
20 4.18657
21 3.70935
22 7.33117
23 3.87556
24 4.16496
25 4.03944
26 3.68828
27 3.39636
28 3.49541
29 3.4711
"[DEBUG]index 93 centroid... "
0 4.65438
1 4.17639
2 3.90809
3 4.39323
4 3.98679
5 4.36324
6 4.97138
7 4.20721
8 25.5242
9 8.25509
10 8.50083
11 30.0996
12 9.96065
13 5.31976
14 8.42735
15 29.407
16 7.74436
17 4.74849
18 9.54403
19 3.55228
20 9.33159
21 3.35443
22 8.4623
23 4.08558
24 4.00165
25 3.71767
26 3.6907
27 3.57265
28 3.5842
29 3.37534
"[DEBUG]index 94 centroid... "
0 5.77603
1 5.73148
2 5.48938
3 5.74737
4 5.52133
5 5.62424
6 6.84597
7 4.34985
8 40.3177
9 8.02746
10 15.1898
11 16.3074
12 4.38214
13 14.2281
14 13.2626
15 3.79088
16 2.25315
17 3.53048
18 3.54792
19 1.68209
20 3.30789
21 3.16146
22 2.7781
23 3.40321
24 3.10516
25 3.06009
26 2.88465
27 2.90951
28 2.90485
29 3.14384
"[DEBUG]index 95 centroid... "
0 4.5677
1 4.46446
2 3.80433
3 4.13744
4 3.64827
5 3.84699
6 4.86324
7 3.56703
8 28.3297
9 5.00609
10 11.7099
11 4
12 1.7891
13 3.63135
14 1.4587
15 3.5044
16 12.3422
17 2.65538
18 11.3551
19 9.93229
20 3.15369
21 1.70887
22 3.47055
23 3.26405
24 3.31754
25 3.16859
26 3.25457
27 3.61205
28 3.38659
29 2.8937
"[DEBUG]index 96 centroid... "
0 4.80404
1 4.67417
2 4.06493
3 4.44253
4 4.7002
5 4.99649
6 5.40889
7 3.52822
8 40.2044
9 7.57648
10 4.95203
11 4.28108
12 14.6508
13 10.6177
14 3.49137
15 14.9067
16 4.09447
17 2.30155
18 3.79292
19 12.9406
20 3.85727
21 3.81018
22 12.9576
23 4.71951
24 4.4826
25 4.21848
26 4.3501
27 3.95701
28 4.0313
29 4.2062
"[DEBUG]index 97 centroid... "
0 3.9458
1 4.1383
2 3.69485
3 3.82579
4 3.68503
5 3.8124
6 4.63038
7 3.35913
8 30.3183
9 7.86861
10 3.99888
11 14.1184
12 3.15994
13 10.9708
14 3.38501
15 3.63953
16 1.91189
17 3.72139
18 3.27459
19 13.2853
20 3.24493
21 11.3292
22 11.275
23 4.30114
24 4.412
25 3.90431
26 3.71202
27 3.77694
28 3.79723
29 3.83493
"[DEBUG]index 98 centroid... "
0 4.39629
1 4.38476
2 3.83547
3 4.20743
4 4.22983
5 4.47951
6 5.02113
7 4.21063
8 21.1472
9 8.34059
10 4.69846
11 9.30218
12 9.67542
13 4.29001
14 8.75736
15 27.8822
16 6.86748
17 23.2516
18 23.2919
19 8.02241
20 8.99232
21 4.7484
22 2.24904
23 4.64085
24 3.8041
25 3.69206
26 4.0096
27 3.77913
28 3.59539
29 3.39949
"[DEBUG]index 99 centroid... "
0 3.76705
1 3.73017
2 3.1441
3 3.36252
4 3.28022
5 3.31069
6 4.15592
7 2.84124
8 25.9653
9 7.63007
10 4.479
11 3.8727
12 8.28307
13 3.3097
14 1.87854
15 4.02292
16 3.79638
17 7.56756
18 29.3083
19 7.57967
20 3.99231
21 9.04058
22 3.28051
23 3.74171
24 3.41862
25 3.44838
26 3.70212
27 3.79126
28 3.51901
29 3.47231
