"[DEBUG]index 0 centroid... "
0 0.285939
1 0.321422
2 0.248043
3 0.222687
4 0.235761
5 0.193104
6 0.167778
7 0.128735
8 0.0964217
9 0.0942
10 0.249787
11 0.130878
12 0.1679
13 0.160161
14 0.0640304
15 0.111856
16 0.131043
17 0.168461
18 0.196222
19 0.0758652
20 0.185626
21 0.233122
22 0.236235
23 0.123174
24 0.120043
25 0.260474
26 0.201026
27 0.268848
28 0.204052
29 0.324517
"[DEBUG]index 1 centroid... "
0 -0.0664325
1 0.266297
2 0.169712
3 0.194414
4 0.169369
5 0.159928
6 -0.129117
7 0.176856
8 -0.0564234
9 0.15891
10 0.205405
11 0.045964
12 0.348694
13 0.237108
14 0.344396
15 0.412135
16 0.503486
17 0.354063
18 0.416486
19 0.252667
20 0.290694
21 0.325856
22 0.287604
23 0.162703
24 0.316153
25 0.0859009
26 0.230631
27 0.160432
28 0.022036
29 0.0656216
"[DEBUG]index 2 centroid... "
0 0.125662
1 0.118924
2 0.0923505
3 0.0900515
4 0.218777
5 0.221048
6 0.214232
7 0.283845
8 0.130827
9 0.232828
10 0.206299
11 0.126314
12 0.145146
13 0.138539
14 0.113148
15 0.135266
16 0.010823
17 0.115412
18 0.0102835
19 0.152936
20 0.0388024
21 0.183182
22 0.136864
23 0.135139
24 0.11429
25 0.157649
26 0.17183
27 0.201273
28 0.234228
29 0.235593
"[DEBUG]index 3 centroid... "
0 0.0123529
1 0.275784
2 0.17502
3 0.284333
4 0.250961
5 -0.295804
6 -0.0887647
7 0.316039
8 0.267392
9 0.240706
10 0.176725
11 -0.130529
12 0.0642353
13 0.088451
14 0.356667
15 0.0094902
16 0.207922
17 0.121745
18 0.182647
19 0.0271373
20 0.0392941
21 -0.00380391
22 0.115863
23 0.0877647
24 0.0480784
25 0.101804
26 0.0669608
27 0.0728627
28 0.0182745
29 0.102118
"[DEBUG]index 4 centroid... "
0 0.174241
1 0.147881
2 0.178316
3 0.125836
4 0.198156
5 0.14874
6 0.167959
7 0.22735
8 0.0983946
9 0.124546
10 0.171964
11 0.153432
12 0.180314
13 0.166338
14 0.210572
15 0.167483
16 0.152497
17 0.200412
18 0.103205
19 0.151958
20 0.157966
21 0.068531
22 0.163109
23 0.166118
24 0.160207
25 0.179482
26 0.227222
27 0.201857
28 0.111395
29 0.181811
"[DEBUG]index 5 centroid... "
0 0.188686
1 0.192132
2 0.197351
3 0.191495
4 0.22087
5 0.162092
6 0.178884
7 0.21617
8 0.129952
9 0.161468
10 0.218077
11 0.128162
12 0.116322
13 0.189652
14 0.126136
15 0.218428
16 0.156641
17 0.108524
18 0.195375
19 0.0891351
20 0.161518
21 0.147575
22 0.11808
23 0.217859
24 0.204863
25 0.163452
26 0.21557
27 0.165842
28 0.16227
29 0.202886
"[DEBUG]index 6 centroid... "
0 0.18237
1 0.171208
2 0.195197
3 0.157891
4 0.199754
5 0.147571
6 0.174557
7 0.210967
8 0.00548395
9 0.19145
10 0.0972342
11 0.0640219
12 0.235161
13 0.0709488
14 0.174117
15 0.165568
16 0.176342
17 0.173262
18 0.0941065
19 0.150171
20 0.196267
21 0.149182
22 0.173975
23 0.169537
24 0.22383
25 0.220379
26 0.207409
27 0.178835
28 0.186823
29 0.236532
"[DEBUG]index 7 centroid... "
0 0.185426
1 0.143
2 0.277618
3 0.172197
4 0.265503
5 0.175787
6 0.11276
7 0.222339
8 0.139634
9 0.20841
10 0.140831
11 0.125781
12 0.103093
13 0.0541913
14 0.251241
15 0.174831
16 0.148705
17 0.194574
18 0.0848306
19 0.212224
20 0.222596
21 0.386076
22 0.306382
23 0.353929
24 0.433869
25 0.240328
26 0.362967
27 0.260563
28 0.214328
29 0.224224
"[DEBUG]index 8 centroid... "
0 0.155924
1 0.179083
2 0.194355
3 0.16383
4 0.227665
5 0.104035
6 0.137256
7 0.227279
8 0.0345587
9 0.208453
10 0.154334
11 0.139416
12 0.175681
13 0.14289
14 0.175342
15 0.105011
16 0.199448
17 0.0834736
18 0.17946
19 0.21064
20 0.0562984
21 0.198249
22 0.181363
23 0.127454
24 0.191598
25 0.175594
26 0.193513
27 0.193909
28 0.192554
29 0.195072
"[DEBUG]index 9 centroid... "
0 0.219994
1 0.162561
2 0.204697
3 0.154279
4 0.226209
5 0.140023
6 0.178675
7 0.237609
8 0.0779683
9 0.25756
10 0.176928
11 0.140527
12 0.223795
13 0.183545
14 0.221494
15 0.136534
16 0.195243
17 0.244494
18 0.224371
19 0.155042
20 0.289493
21 0.279621
22 0.189146
23 0.271912
24 0.231812
25 0.244235
26 0.241305
27 0.232234
28 0.219018
29 0.235954
"[DEBUG]index 10 centroid... "
0 0.17521
1 0.181451
2 0.164353
3 0.173023
4 0.258201
5 0.0840681
6 0.0966403
7 0.20738
8 0.0294877
9 0.177202
10 0.156722
11 0.194365
12 0.170277
13 0.085358
14 0.12112
15 0.173117
16 0.156987
17 0.11927
18 0.102492
19 0.0644118
20 0.14434
21 0.173631
22 0.0767195
23 0.18519
24 0.248758
25 0.0810673
26 0.229764
27 0.193542
28 0.17301
29 0.174847
"[DEBUG]index 11 centroid... "
0 0.188984
1 0.177918
2 0.174536
3 0.154525
4 0.150901
5 0.0859837
6 0.129763
7 0.153602
8 0.057441
9 0.210728
10 0.0559813
11 0.185394
12 0.121408
13 0.109891
14 0.211266
15 0.21927
16 0.148048
17 0.132478
18 0.113481
19 0.140977
20 0.0931825
21 0.126768
22 0.122745
23 0.158456
24 0.165845
25 0.147603
26 0.124327
27 0.108307
28 0.133683
29 0.152077
"[DEBUG]index 12 centroid... "
0 0.157249
1 0.154169
2 0.164913
3 0.156114
4 0.197839
5 0.0997069
6 0.119713
7 0.213332
8 0.0446792
9 0.13828
10 0.172666
11 0.103565
12 0.173988
13 0.118799
14 0.136633
15 0.177996
16 0.0204927
17 0.162642
18 0.171552
19 0.0450706
20 0.208267
21 0.173622
22 0.122711
23 0.198815
24 0.158487
25 0.160528
26 0.180566
27 0.160132
28 0.180399
29 0.164829
"[DEBUG]index 13 centroid... "
0 0.153268
1 0.177358
2 0.205255
3 0.149073
4 0.250706
5 0.142527
6 0.187632
7 0.21753
8 0.14808
9 0.286435
10 0.147867
11 0.23456
12 0.0939512
13 0.134356
14 0.213867
15 0.172172
16 0.240751
17 0.107031
18 0.215625
19 0.181442
20 0.12056
21 0.177653
22 0.187347
23 0.273358
24 0.254141
25 0.215328
26 0.286583
27 0.208378
28 0.255397
29 0.196546
"[DEBUG]index 14 centroid... "
0 0.118903
1 0.0995863
2 0.0930264
3 0.0994503
4 0.168116
5 0.0630385
6 0.116008
7 0.131089
8 0.0490933
9 0.101274
10 0.168513
11 0.0784077
12 0.160828
13 0.0343002
14 0.194716
15 0.171146
16 0.0363935
17 0.196436
18 0.190684
19 0.1094
20 0.178785
21 0.129558
22 -0.0129736
23 0.129189
24 0.207606
25 0.0903387
26 0.144284
27 0.0859027
28 0.21255
29 0.230183
"[DEBUG]index 15 centroid... "
0 0.226275
1 0.19257
2 0.203706
3 0.165331
4 0.191167
5 0.177344
6 0.16573
7 0.187158
8 0.155946
9 0.0978492
10 0.160347
11 0.101006
12 0.146994
13 0.174649
14 0.0508051
15 0.19513
16 0.117533
17 0.132267
18 0.169492
19 0.0946565
20 0.181005
21 0.1884
22 0.170769
23 0.194971
24 0.216485
25 0.167738
26 0.231285
27 0.216858
28 0.205938
29 0.187627
"[DEBUG]index 16 centroid... "
0 0.135623
1 0.127463
2 0.151874
3 0.120031
4 0.174105
5 0.110428
6 0.0846105
7 0.173631
8 0.043245
9 0.143004
10 0.137113
11 0.101218
12 0.178504
13 0.106519
14 0.152924
15 0.206635
16 0.0701211
17 0.195681
18 0.188077
19 0.0911185
20 0.187205
21 0.154793
22 0.1274
23 0.173421
24 0.122302
25 0.177556
26 0.144326
27 0.158753
28 0.12327
29 0.15613
"[DEBUG]index 17 centroid... "
0 0.125162
1 0.154653
2 0.153558
3 0.111245
4 0.225488
5 0.0966487
6 0.127706
7 0.257939
8 -0.0322104
9 0.165052
10 0.186812
11 0.0666172
12 0.1597
13 0.183809
14 0.194225
15 0.133375
16 0.187816
17 0.194049
18 0.0105554
19 0.16668
20 0.213637
21 0.0674002
22 0.14577
23 0.178489
24 0.105678
25 0.160961
26 0.149032
27 0.139816
28 0.127037
29 0.16761
"[DEBUG]index 18 centroid... "
0 0.240482
1 0.202103
2 0.223812
3 0.195018
4 0.255228
5 0.168105
6 0.199503
7 0.274022
8 0.0882069
9 0.227442
10 0.240541
11 0.108944
12 0.255448
13 0.237173
14 0.0577262
15 0.220531
16 0.222059
17 0.134802
18 0.189576
19 0.212646
20 0.198619
21 0.16344
22 0.227813
23 0.191502
24 0.163799
25 0.212966
26 0.203375
27 0.170166
28 0.2357
29 0.235371
"[DEBUG]index 19 centroid... "
0 0.228847
1 0.1821
2 0.186298
3 0.229302
4 0.257288
5 0.189007
6 0.205242
7 0.262019
8 0.10999
9 0.24764
10 0.238226
11 0.164379
12 0.274298
13 0.279649
14 0.209922
15 0.200355
16 0.222456
17 0.177307
18 0.194021
19 0.129155
20 0.127693
21 0.171463
22 0.11059
23 0.235928
24 0.203285
25 0.252429
26 0.264962
27 0.268732
28 0.263386
29 0.225732
"[DEBUG]index 20 centroid... "
0 0.140034
1 0.277266
2 0.260746
3 0.256254
4 0.279126
5 0.155223
6 0.195245
7 0.356021
8 0.0772875
9 0.211174
10 0.255495
11 0.155492
12 0.123908
13 0.175648
14 0.29171
15 0.31633
16 0.188774
17 0.201462
18 0.424502
19 0.262168
20 0.248755
21 0.338554
22 0.25196
23 0.278859
24 0.322948
25 0.378119
26 0.368547
27 0.266618
28 0.247535
29 0.174657
"[DEBUG]index 21 centroid... "
0 0.181361
1 0.179164
2 0.214048
3 0.166383
4 0.225871
5 0.180438
6 0.149767
7 0.260054
8 0.0552825
9 0.206198
10 0.217526
11 0.0680487
12 0.267053
13 0.207554
14 0.152068
15 0.242184
16 0.212717
17 0.169532
18 0.250372
19 0.215072
20 0.158094
21 0.249851
22 0.202147
23 0.190087
24 0.217782
25 0.188704
26 0.205384
27 0.196808
28 0.178038
29 0.205797
"[DEBUG]index 22 centroid... "
0 0.203671
1 0.22562
2 0.178115
3 0.141117
4 0.209833
5 0.151249
6 0.166983
7 0.211905
8 0.047421
9 0.142773
10 0.207496
11 0.131062
12 0.138156
13 0.187019
14 0.189864
15 0.0430096
16 0.221882
17 0.176342
18 0.109342
19 0.224443
20 0.186572
21 0.151691
22 0.22659
23 0.204243
24 0.211861
25 0.244078
26 0.206467
27 0.228026
28 0.237865
29 0.21454
"[DEBUG]index 23 centroid... "
0 0.165444
1 0.208273
2 0.150111
3 0.148718
4 0.203905
5 0.105856
6 0.108117
7 0.225372
8 0.0858117
9 0.139809
10 0.231025
11 0.0765946
12 0.129711
13 0.145596
14 0.0609498
15 0.159118
16 0.118128
17 0.124854
18 0.199517
19 0.151671
20 0.219077
21 0.200137
22 0.183124
23 0.206612
24 0.202851
25 0.23682
26 0.205378
27 0.211975
28 0.20304
29 0.185996
"[DEBUG]index 24 centroid... "
0 0.182936
1 0.176012
2 0.183024
3 0.140518
4 0.215967
5 0.121425
6 0.131825
7 0.256416
8 0.0156693
9 0.200061
10 0.187096
11 0.0813617
12 0.205524
13 0.105858
14 0.201878
15 0.0973703
16 0.170302
17 0.233642
18 0.0734532
19 0.224313
20 0.201899
21 0.161771
22 0.203034
23 0.221076
24 0.198096
25 0.20598
26 0.221495
27 0.201312
28 0.208435
29 0.201527
"[DEBUG]index 25 centroid... "
0 0.175659
1 0.173176
2 0.193846
3 0.156806
4 0.225315
5 0.142058
6 0.134534
7 0.184233
8 0.0711226
9 0.175296
10 0.129954
11 0.165071
12 0.190337
13 0.204452
14 0.204569
15 0.183869
16 0.271182
17 0.222744
18 0.224457
19 0.28738
20 0.242134
21 0.238265
22 0.289635
23 0.226899
24 0.209022
25 0.202216
26 0.218659
27 0.193658
28 0.182896
29 0.186538
"[DEBUG]index 26 centroid... "
0 0.166092
1 0.144457
2 0.143128
3 0.116128
4 0.341418
5 0.116408
6 0.19151
7 0.326267
8 0.123842
9 0.165974
10 0.0701842
11 0.197855
12 0.160408
13 0.0611678
14 0.249872
15 0.149464
16 0.0295526
17 0.168694
18 0.126102
19 0.140263
20 0.0554671
21 0.232332
22 0.138072
23 0.145553
24 0.169345
25 0.123026
26 0.200122
27 0.105868
28 0.0306644
29 0.190977
"[DEBUG]index 27 centroid... "
0 0.197589
1 0.167369
2 0.17172
3 0.202081
4 0.195237
5 0.170094
6 0.183482
7 0.178169
8 0.024697
9 0.155635
10 0.138567
11 0.0727702
12 0.191436
13 0.133373
14 0.156005
15 0.124477
16 0.149403
17 0.145673
18 0.122287
19 0.155474
20 0.154044
21 0.248269
22 0.149498
23 0.234387
24 0.232459
25 0.164066
26 0.199824
27 0.231166
28 0.217023
29 0.238788
"[DEBUG]index 28 centroid... "
0 0.199111
1 0.17416
2 0.178443
3 0.167563
4 0.229514
5 0.121226
6 0.154782
7 0.239674
8 0.00964406
9 0.237726
10 0.0935408
11 0.0986747
12 0.214436
13 -0.0117234
14 0.22917
15 0.132812
16 0.0615706
17 0.192273
18 0.118559
19 0.175323
20 0.137544
21 0.182695
22 0.174232
23 0.184968
24 0.213984
25 0.202577
26 0.209091
27 0.202689
28 0.201666
29 0.204559
"[DEBUG]index 29 centroid... "
0 0.257739
1 0.198077
2 0.209413
3 0.214176
4 0.220272
5 0.164468
6 0.221821
7 0.227706
8 0.101674
9 0.255421
10 0.103075
11 0.114726
12 0.186749
13 0.112621
14 0.165654
15 0.1888
16 0.0807624
17 0.181588
18 0.219855
19 0.143644
20 0.179555
21 0.224587
22 0.193147
23 0.20546
24 0.225915
25 0.261158
26 0.253289
27 0.206302
28 0.229765
29 0.259228
"[DEBUG]index 30 centroid... "
0 0.182678
1 0.156087
2 0.189057
3 0.148746
4 0.198405
5 0.164931
6 0.128546
7 0.228412
8 0.114751
9 0.131834
10 0.196188
11 0.171985
12 0.16793
13 0.219463
14 0.125848
15 0.190913
16 0.144148
17 0.0163994
18 0.178672
19 0.0768339
20 0.0709165
21 0.256611
22 0.0599641
23 0.213663
24 0.169674
25 0.12342
26 0.148591
27 0.145243
28 0.202168
29 0.195778
"[DEBUG]index 31 centroid... "
0 0.190375
1 0.182669
2 0.197688
3 0.162744
4 0.212993
5 0.176844
6 0.142664
7 0.229361
8 0.151355
9 0.182168
10 0.234393
11 0.224768
12 0.171179
13 0.213102
14 0.243833
15 0.17597
16 0.228013
17 0.233235
18 0.175745
19 0.23973
20 0.22028
21 0.209133
22 0.240734
23 0.210332
24 0.233948
25 0.223764
26 0.200417
27 0.213225
28 0.182988
29 0.196002
"[DEBUG]index 32 centroid... "
0 0.127307
1 0.135006
2 0.149751
3 0.172957
4 0.105231
5 0.135912
6 0.11804
7 0.172688
8 -0.0726424
9 0.199768
10 0.103226
11 0.0955172
12 0.17504
13 0.120747
14 0.219013
15 -0.00329658
16 0.0796015
17 0.0963525
18 0.0447085
19 0.194813
20 0.183561
21 0.0990468
22 0.199903
23 0.106801
24 0.134974
25 0.173406
26 0.150499
27 0.191152
28 0.155967
29 0.14087
"[DEBUG]index 33 centroid... "
0 0.158613
1 0.14774
2 0.151775
3 0.156912
4 0.194743
5 0.15437
6 0.186153
7 0.188912
8 0.059363
9 0.164043
10 0.108688
11 0.134811
12 0.206051
13 0.140785
14 0.22456
15 0.222407
16 0.165734
17 0.208154
18 0.181137
19 0.146773
20 0.225749
21 0.103748
22 0.189318
23 0.191293
24 0.147824
25 0.198447
26 0.170244
27 0.175954
28 0.173091
29 0.190958
"[DEBUG]index 34 centroid... "
0 0.165854
1 0.225163
2 0.202913
3 0.153295
4 0.230679
5 0.13628
6 0.159422
7 0.27441
8 0.0883245
9 0.173709
10 0.211622
11 0.14841
12 0.207393
13 0.243162
14 0.0752431
15 0.203977
16 0.228323
17 0.0844561
18 0.267299
19 0.185077
20 0.172478
21 0.223288
22 0.160351
23 0.265571
24 0.208347
25 0.182
26 0.231571
27 0.184386
28 0.193394
29 0.223261
"[DEBUG]index 35 centroid... "
0 0.260359
1 0.247452
2 0.200988
3 0.182881
4 0.270204
5 0.170817
6 0.220725
7 0.241164
8 0.161746
9 0.168287
10 0.186451
11 0.218469
12 0.0809127
13 0.252888
14 0.224706
15 0.173933
16 0.251673
17 0.157864
18 0.282899
19 0.179866
20 0.200673
21 0.136829
22 0.244222
23 0.238118
24 0.211169
25 0.260889
26 0.278657
27 0.243224
28 0.197346
29 0.249766
"[DEBUG]index 36 centroid... "
0 0.183839
1 0.19241
2 0.205234
3 0.204448
4 0.210488
5 0.205878
6 0.136264
7 0.233424
8 0.200943
9 0.0738883
10 0.219384
11 0.181896
12 0.142956
13 0.210261
14 0.224576
15 0.231578
16 0.196317
17 0.209482
18 0.261705
19 0.168035
20 0.267314
21 0.290013
22 0.150967
23 0.257565
24 0.256212
25 0.166144
26 0.237573
27 0.201537
28 0.227005
29 0.193615
"[DEBUG]index 37 centroid... "
0 0.151293
1 0.168032
2 0.178312
3 0.122717
4 0.167727
5 0.10491
6 0.113748
7 0.216704
8 0.0510099
9 0.173829
10 0.196809
11 0.0942682
12 0.202254
13 0.215338
14 0.0710512
15 0.1767
16 0.176049
17 0.0463479
18 0.185179
19 0.142244
20 0.127036
21 0.177641
22 0.208485
23 0.185806
24 0.175026
25 0.182701
26 0.189703
27 0.202635
28 0.185124
29 0.187603
"[DEBUG]index 38 centroid... "
0 0.142431
1 0.16166
2 0.171565
3 0.15751
4 0.189957
5 0.134825
6 0.179278
7 0.252431
8 0.0730166
9 0.175643
10 0.16287
11 0.199771
12 0.131795
13 0.169613
14 0.265009
15 0.0621397
16 0.215889
17 0.218358
18 0.0743996
19 0.194751
20 0.171689
21 0.173533
22 0.121763
23 0.230103
24 0.206389
25 0.14172
26 0.218466
27 0.179291
28 0.148201
29 0.197072
"[DEBUG]index 39 centroid... "
0 0.196906
1 0.195698
2 0.172876
3 0.159974
4 0.203611
5 0.133111
6 0.130089
7 0.232562
8 0.040256
9 0.19677
10 0.178749
11 0.0875819
12 0.231751
13 0.106778
14 0.195727
15 0.155966
16 0.0357012
17 0.198498
18 0.14125
19 0.0383931
20 0.212504
21 0.134836
22 0.168114
23 0.236613
24 0.188382
25 0.187841
26 0.241907
27 0.183065
28 0.221952
29 0.228979
"[DEBUG]index 40 centroid... "
0 0.265657
1 0.240214
2 0.2231
3 0.179075
4 0.271663
5 0.141278
6 0.20963
7 0.352742
8 0.0574104
9 0.24419
10 0.328764
11 0.01273
12 0.318731
13 0.231624
14 0.160921
15 0.289051
16 0.30139
17 0.257134
18 0.350019
19 0.404802
20 0.32878
21 0.36833
22 0.356535
23 0.358779
24 0.304761
25 0.322885
26 0.266716
27 0.200739
28 0.272147
29 0.209504
"[DEBUG]index 41 centroid... "
0 0.193024
1 0.181454
2 0.195963
3 0.178814
4 0.180886
5 0.202116
6 0.147861
7 0.194387
8 0.132498
9 0.100662
10 0.186419
11 0.0949244
12 0.147506
13 0.188885
14 0.123706
15 0.180333
16 0.194761
17 0.181847
18 0.197122
19 0.204523
20 0.203696
21 0.207519
22 0.260135
23 0.258925
24 0.246603
25 0.250555
26 0.245388
27 0.251826
28 0.20651
29 0.230727
"[DEBUG]index 42 centroid... "
0 0.241446
1 0.192522
2 0.201647
3 0.193563
4 0.204833
5 0.231423
6 0.115936
7 0.23081
8 0.209008
9 0.0537502
10 0.244323
11 0.195373
12 0.134132
13 0.233029
14 0.161724
15 0.202612
16 0.251615
17 0.0799892
18 0.16627
19 0.213811
20 0.142073
21 0.219424
22 0.229726
23 0.17199
24 0.213495
25 0.210202
26 0.179813
27 0.210261
28 0.20666
29 0.21875
"[DEBUG]index 43 centroid... "
0 0.202551
1 0.155351
2 0.166853
3 0.158964
4 0.210154
5 0.107772
6 0.123669
7 0.232906
8 0.0187845
9 0.206024
10 0.231358
11 0.0363225
12 0.218513
13 0.187321
14 0.0679846
15 0.206992
16 0.149705
17 0.14645
18 0.191824
19 0.108037
20 0.23635
21 0.200163
22 0.0692321
23 0.209695
24 0.140956
25 0.133532
26 0.194617
27 0.168901
28 0.197481
29 0.172686
"[DEBUG]index 44 centroid... "
0 0.120145
1 0.130794
2 0.166782
3 0.139454
4 0.183487
5 0.083205
6 0.125087
7 0.165663
8 0.0327986
9 0.136291
10 0.114761
11 0.159411
12 0.148389
13 0.120833
14 0.152617
15 0.15473
16 0.125361
17 0.106483
18 0.16203
19 0.0557297
20 0.188121
21 0.0941732
22 0.136865
23 0.183962
24 0.133757
25 0.160745
26 0.154134
27 0.142212
28 0.130876
29 0.153978
"[DEBUG]index 45 centroid... "
0 0.174008
1 0.147125
2 0.169243
3 0.116813
4 0.237791
5 0.116074
6 0.17401
7 0.212348
8 0.0646772
9 0.208499
10 0.0710615
11 0.173087
12 0.193774
13 0.0794521
14 0.241109
15 0.0807779
16 0.169525
17 0.1374
18 0.201791
19 0.183434
20 0.115653
21 0.238451
22 0.126294
23 0.197127
24 0.218848
25 0.142797
26 0.194421
27 0.197477
28 0.190263
29 0.186965
"[DEBUG]index 46 centroid... "
0 0.21115
1 0.18499
2 0.201896
3 0.179541
4 0.240102
5 0.1847
6 0.161972
7 0.276571
8 0.142863
9 0.175787
10 0.25133
11 0.185066
12 0.175389
13 0.262163
14 0.176815
15 0.168932
16 0.223696
17 0.220695
18 0.120213
19 0.234826
20 0.228098
21 0.122431
22 0.213857
23 0.189119
24 0.172484
25 0.212794
26 0.206573
27 0.200165
28 0.182869
29 0.206791
"[DEBUG]index 47 centroid... "
0 0.172952
1 0.163683
2 0.214242
3 0.153909
4 0.2218
5 0.129465
6 0.146904
7 0.24001
8 0.0145209
9 0.187783
10 0.205966
11 0.0403983
12 0.2353
13 0.17358
14 0.175465
15 0.160357
16 0.128917
17 0.196315
18 0.105436
19 0.196398
20 0.15715
21 0.178189
22 0.218306
23 0.15517
24 0.208853
25 0.153758
26 0.168686
27 0.178692
28 0.179064
29 0.214597
"[DEBUG]index 48 centroid... "
0 0.159955
1 0.170018
2 0.169305
3 0.134314
4 0.211988
5 0.123021
6 0.105404
7 0.196342
8 0.0366667
9 0.158642
10 0.128631
11 0.102828
12 0.212742
13 0.0763052
14 0.17591
15 0.181466
16 0.0710124
17 0.189532
18 0.132306
19 0.139113
20 0.200285
21 0.129993
22 0.181254
23 0.18116
24 0.160074
25 0.175354
26 0.175374
27 0.172019
28 0.16216
29 0.169838
"[DEBUG]index 49 centroid... "
0 0.182986
1 0.201719
2 0.192722
3 0.187007
4 0.234532
5 0.151043
6 0.151761
7 0.276941
8 0.178821
9 0.234838
10 0.291514
11 0.220706
12 0.245127
13 0.297034
14 0.0579504
15 0.285885
16 0.220801
17 0.196815
18 0.296148
19 0.183694
20 0.287691
21 0.272585
22 0.292028
23 0.243562
24 0.301014
25 0.253903
26 0.196959
27 0.247155
28 0.221222
29 0.227834
"[DEBUG]index 50 centroid... "
0 0.206012
1 0.205149
2 0.214706
3 0.191228
4 0.231735
5 0.147972
6 0.179313
7 0.294252
8 0.0845731
9 0.175136
10 0.290282
11 0.099006
12 0.22134
13 0.283185
14 0.0651672
15 0.243579
16 0.237354
17 0.119125
18 0.251056
19 0.153634
20 0.178674
21 0.232074
22 0.135483
23 0.261805
24 0.22697
25 0.207699
26 0.231755
27 0.210297
28 0.210527
29 0.236315
"[DEBUG]index 51 centroid... "
0 0.140619
1 0.175984
2 0.182899
3 0.141246
4 0.199204
5 0.100603
6 0.143247
7 0.190605
8 0.0490303
9 0.182989
10 0.132233
11 0.143638
12 0.200574
13 0.126989
14 0.165207
15 0.176987
16 0.207841
17 0.172542
18 0.159764
19 0.211111
20 0.130176
21 0.172932
22 0.138137
23 0.203015
24 0.231702
25 0.187466
26 0.209081
27 0.181794
28 0.174828
29 0.175474
"[DEBUG]index 52 centroid... "
0 0.176498
1 0.174801
2 0.195173
3 0.148248
4 0.208394
5 0.152275
6 0.143558
7 0.255485
8 0.00090069
9 0.208045
10 0.246261
11 0.0030455
12 0.253329
13 0.185066
14 0.131731
15 0.2285
16 0.0711111
17 0.25862
18 0.216848
19 0.157804
20 0.25961
21 0.174377
22 0.204934
23 0.237406
24 0.197309
25 0.211146
26 0.201365
27 0.228819
28 0.212769
29 0.206819
"[DEBUG]index 53 centroid... "
0 0.0905271
1 0.173025
2 0.23798
3 0.187369
4 0.26865
5 0.204241
6 0.251246
7 0.342163
8 0.183724
9 0.133611
10 0.284143
11 0.220305
12 0.25999
13 0.274394
14 0.209192
15 0.251611
16 0.172793
17 0.206187
18 0.0613005
19 0.174778
20 0.246768
21 0.238079
22 0.22334
23 0.36598
24 0.263512
25 0.426133
26 0.316773
27 0.161266
28 0.110498
29 0.206547
"[DEBUG]index 54 centroid... "
0 0.188866
1 0.402252
2 0.216836
3 0.421369
4 0.149503
5 0.162234
6 0.237018
7 0.337947
8 0.00291228
9 0.247292
10 0.265941
11 -0.0421403
12 0.312368
13 0.281316
14 0.203561
15 0.356421
16 0.278298
17 0.275105
18 0.468298
19 0.361538
20 0.367596
21 0.337819
22 0.29007
23 0.30731
24 0.277655
25 0.174093
26 0.22593
27 0.371708
28 0.390053
29 0.28652
"[DEBUG]index 55 centroid... "
0 0.257906
1 0.113558
2 0.183914
3 0.111282
4 0.190552
5 0.137812
6 0.09121
7 0.153362
8 0.015953
9 0.296425
10 0.246373
11 0.165829
12 0.253409
13 0.168856
14 0.202332
15 0.238685
16 0.250959
17 0.230033
18 0.138345
19 0.0973315
20 0.294901
21 0.12016
22 0.205975
23 0.205887
24 0.159901
25 0.0751879
26 0.24021
27 0.166641
28 0.0430525
29 0.286227
"[DEBUG]index 56 centroid... "
0 0.221683
1 0.207536
2 0.215833
3 0.199236
4 0.304734
5 0.137804
6 0.154094
7 0.287504
8 0.00655442
9 0.23561
10 0.214047
11 0.0675454
12 0.296407
13 0.105177
14 0.132062
15 0.296832
16 0.106196
17 0.15561
18 0.229173
19 0.183454
20 0.153954
21 0.265336
22 0.211515
23 0.221251
24 0.285859
25 0.213159
26 0.26179
27 0.198622
28 0.216937
29 0.221701
"[DEBUG]index 57 centroid... "
0 0.199027
1 0.159496
2 0.132284
3 0.196903
4 0.174108
5 0.195296
6 0.0799105
7 0.149278
8 0.121816
9 0.0409924
10 0.158907
11 0.116404
12 0.138361
13 0.0854061
14 0.127939
15 0.124824
16 0.0558959
17 0.154104
18 0.108883
19 0.100162
20 0.132605
21 0.133689
22 0.1093
23 0.190257
24 0.209898
25 0.163863
26 0.181859
27 0.154306
28 0.176894
29 0.165855
"[DEBUG]index 58 centroid... "
0 0.183227
1 0.159349
2 0.145869
3 0.116215
4 0.197091
5 0.095872
6 0.108441
7 0.178031
8 0.0110906
9 0.171302
10 0.0962734
11 0.127166
12 0.188879
13 0.0796034
14 0.236138
15 0.0381337
16 0.0962789
17 0.212744
18 -0.0552003
19 0.17636
20 0.129229
21 0.128264
22 0.140189
23 0.119893
24 0.146961
25 0.176966
26 0.191841
27 0.197942
28 0.185572
29 0.173022
"[DEBUG]index 59 centroid... "
0 0.197931
1 0.17001
2 0.208892
3 0.171737
4 0.228421
5 0.167597
6 0.160318
7 0.236827
8 0.149835
9 0.157701
10 0.188113
11 0.156959
12 0.166679
13 0.158838
14 0.144471
15 0.191196
16 0.205762
17 0.152257
18 0.209018
19 0.221822
20 0.130005
21 0.224457
22 0.195023
23 0.172926
24 0.226687
25 0.15773
26 0.211033
27 0.183147
28 0.165143
29 0.211928
"[DEBUG]index 60 centroid... "
0 0.200968
1 0.205261
2 0.176118
3 0.203443
4 0.28169
5 0.158901
6 0.241062
7 0.209753
8 0.0397868
9 0.204975
10 0.0374729
11 0.138663
12 0.183488
13 0.0516354
14 0.202208
15 0.0867699
16 0.182991
17 0.13151
18 0.142272
19 0.231792
20 0.224907
21 0.249302
22 0.207828
23 0.251665
24 0.250811
25 0.170686
26 0.195849
27 0.249364
28 0.226623
29 0.214009
"[DEBUG]index 61 centroid... "
0 0.187124
1 0.184945
2 0.166064
3 0.143833
4 0.216321
5 0.120764
6 0.127357
7 0.249779
8 0.0996918
9 0.157739
10 0.148859
11 0.187372
12 0.207043
13 0.106348
14 0.204557
15 0.190254
16 0.0873167
17 0.231036
18 0.1132
19 0.0874277
20 0.183928
21 0.0639748
22 0.141125
23 0.210077
24 0.14417
25 0.193307
26 0.163087
27 0.141421
28 0.157887
29 0.173567
"[DEBUG]index 62 centroid... "
0 0.140601
1 0.13407
2 0.176351
3 0.127697
4 0.233317
5 0.141845
6 0.102255
7 0.235953
8 0.0717789
9 0.185399
10 0.230259
11 0.175313
12 0.163326
13 0.232214
14 0.165078
15 0.131224
16 0.21802
17 0.120399
18 0.17995
19 0.144941
20 0.159317
21 0.196753
22 0.150762
23 0.165406
24 0.165768
25 0.20373
26 0.167456
27 0.170619
28 0.169346
29 0.145502
"[DEBUG]index 63 centroid... "
0 0.267338
1 0.221792
2 0.226391
3 0.214571
4 0.204797
5 0.198426
6 0.167043
7 0.243654
8 0.0808426
9 0.206097
10 0.188322
11 0.252077
12 0.220754
13 0.12785
14 0.195962
15 0.17147
16 0.122959
17 0.0644943
18 0.10512
19 0.159907
20 0.106843
21 0.150607
22 0.124697
23 0.179585
24 0.236927
25 0.191388
26 0.203562
27 0.210342
28 0.26117
29 0.228422
"[DEBUG]index 64 centroid... "
0 0.156341
1 0.137913
2 0.141137
3 0.133378
4 0.213958
5 0.132747
6 0.141894
7 0.185292
8 0.119715
9 0.144911
10 0.145664
11 0.218483
12 0.0850742
13 0.151773
14 0.20383
15 0.0264077
16 0.212672
17 0.0653618
18 0.104757
19 0.164507
20 0.075984
21 0.197612
22 0.102373
23 0.165405
24 0.165931
25 0.142966
26 0.22109
27 0.190875
28 0.1566
29 0.180064
"[DEBUG]index 65 centroid... "
0 0.219044
1 0.176981
2 0.194336
3 0.208273
4 0.217102
5 0.121337
6 0.220399
7 0.197443
8 0.104907
9 0.180755
10 0.116318
11 0.174822
12 0.194609
13 0.162638
14 0.195652
15 0.115071
16 0.175953
17 0.16808
18 0.147536
19 0.166458
20 0.213555
21 0.189547
22 0.150242
23 0.231145
24 0.178529
25 0.228941
26 0.193907
27 0.169849
28 0.147736
29 0.194634
"[DEBUG]index 66 centroid... "
0 0.1972
1 0.212097
2 0.214765
3 0.162703
4 0.275713
5 0.145476
6 0.182145
7 0.238473
8 0.14894
9 0.220252
10 0.172094
11 0.206764
12 0.20541
13 0.177418
14 0.196802
15 0.233475
16 0.113742
17 0.217073
18 0.194019
19 0.122558
20 0.272149
21 0.148134
22 0.12668
23 0.218791
24 0.183509
25 0.209356
26 0.244744
27 0.193529
28 0.22161
29 0.192637
"[DEBUG]index 67 centroid... "
0 0.100787
1 0.157796
2 0.098526
3 0.134018
4 0.217198
5 0.0447608
6 0.0923068
7 0.158946
8 0.0176304
9 0.14394
10 0.211801
11 0.054477
12 0.189293
13 0.120173
14 0.125808
15 0.188801
16 0.0711258
17 0.146118
18 0.132471
19 0.104899
20 0.148442
21 0.130652
22 0.115532
23 0.158575
24 0.103865
25 0.108873
26 0.238449
27 0.088638
28 0.141008
29 0.133411
"[DEBUG]index 68 centroid... "
0 0.208552
1 0.172287
2 0.19693
3 0.169451
4 0.241698
5 0.201531
6 0.202483
7 0.241934
8 0.168331
9 0.190186
10 0.235248
11 0.161496
12 0.162263
13 0.219345
14 0.17647
15 0.208991
16 0.159763
17 0.181508
18 0.237719
19 0.151014
20 0.203685
21 0.204962
22 0.223693
23 0.245771
24 0.237892
25 0.243611
26 0.210275
27 0.248232
28 0.243598
29 0.221081
"[DEBUG]index 69 centroid... "
0 0.256889
1 0.202278
2 0.267894
3 0.268394
4 0.27784
5 0.154685
6 0.179609
7 0.196393
8 0.0612284
9 0.225672
10 0.0809169
11 0.221914
12 0.255844
13 0.163347
14 0.292778
15 0.0371281
16 0.166601
17 0.20526
18 0.0102445
19 0.246536
20 0.262093
21 0.0428639
22 0.22754
23 0.238181
24 0.16948
25 0.237484
26 0.206582
27 0.207745
28 0.259573
29 0.219777
"[DEBUG]index 70 centroid... "
0 0.196525
1 0.173191
2 0.199113
3 0.130915
4 0.187724
5 0.190346
6 0.125524
7 0.241053
8 0.126952
9 0.10702
10 0.205396
11 0.133301
12 0.176567
13 0.154208
14 0.173311
15 0.134139
16 0.148357
17 0.176399
18 0.172424
19 0.144881
20 0.168052
21 0.195849
22 0.168008
23 0.179271
24 0.199337
25 0.192218
26 0.216082
27 0.213086
28 0.181135
29 0.161664
"[DEBUG]index 71 centroid... "
0 0.175321
1 0.170876
2 0.187613
3 0.15788
4 0.217078
5 0.134485
6 0.102247
7 0.191956
8 0.0773329
9 0.177916
10 0.193098
11 0.122177
12 0.197207
13 0.181297
14 0.157127
15 0.18893
16 0.183379
17 0.19193
18 0.192439
19 0.150051
20 0.168148
21 0.194582
22 0.0951969
23 0.200555
24 0.158043
25 0.122568
26 0.198934
27 0.14813
28 0.156167
29 0.17355
"[DEBUG]index 72 centroid... "
0 0.22671
1 0.208867
2 0.188454
3 0.18911
4 0.245194
5 0.12955
6 0.205531
7 0.245122
8 0.190779
9 0.164559
10 0.184027
11 0.227255
12 0.150096
13 0.204307
14 0.19983
15 0.151514
16 0.246177
17 0.195297
18 0.216752
19 0.272539
20 0.20569
21 0.264756
22 0.265629
23 0.254371
24 0.265546
25 0.243386
26 0.259931
27 0.24763
28 0.233141
29 0.230591
"[DEBUG]index 73 centroid... "
0 0.199443
1 0.232158
2 0.226854
3 0.171303
4 0.180058
5 0.0927828
6 0.163873
7 0.215074
8 0.0533127
9 0.170722
10 0.128354
11 0.135523
12 0.224035
13 0.145749
14 0.179347
15 0.207314
16 0.186723
17 0.144986
18 0.217509
19 0.195277
20 0.133438
21 0.240406
22 0.165177
23 0.197377
24 0.166409
25 0.192347
26 0.174006
27 0.232278
28 0.233609
29 0.219147
"[DEBUG]index 74 centroid... "
0 0.1703
1 0.174678
2 0.194173
3 0.182071
4 0.178192
5 0.134738
6 0.173256
7 0.223409
8 0.0251568
9 0.162759
10 0.168578
11 0.0297064
12 0.188613
13 0.116785
14 0.0955134
15 0.177329
16 0.170749
17 0.197967
18 0.167108
19 0.198403
20 0.196509
21 0.198555
22 0.18397
23 0.244025
24 0.211409
25 0.207118
26 0.235853
27 0.210963
28 0.2033
29 0.189231
"[DEBUG]index 75 centroid... "
0 0.151873
1 0.180797
2 0.243494
3 0.0582762
4 0.232365
5 0.185256
6 0.128862
7 0.18991
8 0.198357
9 0.21595
10 0.315731
11 0.257827
12 0.214238
13 0.160777
14 0.224527
15 0.236459
16 0.169958
17 0.155742
18 0.264888
19 0.317974
20 0.23021
21 0.216433
22 0.256506
23 0.179468
24 0.158591
25 0.206387
26 0.218457
27 0.172755
28 0.163483
29 0.220192
"[DEBUG]index 76 centroid... "
0 0.214221
1 0.180947
2 0.17099
3 0.17052
4 0.193919
5 0.196615
6 0.130541
7 0.198926
8 0.129322
9 0.135264
10 0.174613
11 0.109629
12 0.0723521
13 0.150418
14 0.0986244
15 0.0633114
16 0.169823
17 0.162734
18 0.205898
19 0.202073
20 0.241409
21 0.289454
22 0.285273
23 0.244458
24 0.288389
25 0.243107
26 0.284
27 0.310347
28 0.237322
29 0.224947
"[DEBUG]index 77 centroid... "
0 0.23116
1 0.215368
2 0.243971
3 0.171269
4 0.252115
5 0.133666
6 0.156853
7 0.299415
8 0.0473511
9 0.222788
10 0.259134
11 0.0964972
12 0.236095
13 0.242971
14 0.0956084
15 0.234187
16 0.253313
17 0.0456354
18 0.268355
19 0.160949
20 0.163801
21 0.256981
22 0.0670362
23 0.223447
24 0.221587
25 0.146528
26 0.255322
27 0.168775
28 0.175192
29 0.236129
"[DEBUG]index 78 centroid... "
0 0.190915
1 0.193597
2 0.169397
3 0.171618
4 0.198283
5 0.132576
6 0.175467
7 0.207496
8 0.105654
9 0.179164
10 0.135889
11 0.102265
12 0.150343
13 0.100471
14 0.119659
15 0.126384
16 0.142568
17 0.179884
18 0.165028
19 0.173633
20 0.199719
21 0.202262
22 0.224146
23 0.237991
24 0.220391
25 0.255395
26 0.250495
27 0.216536
28 0.217791
29 0.201061
"[DEBUG]index 79 centroid... "
0 0.184632
1 0.10998
2 0.158711
3 0.0954775
4 0.237645
5 0.0246906
6 0.111826
7 0.208346
8 -0.00217232
9 0.171156
10 0.132859
11 0.0375645
12 0.15144
13 0.121222
14 0.176541
15 0.144563
16 0.233271
17 0.14272
18 0.112449
19 0.198497
20 0.174626
21 0.112757
22 0.178435
23 0.0860325
24 0.202909
25 0.0953758
26 0.0868968
27 0.139235
28 0.150376
29 0.147095
"[DEBUG]index 80 centroid... "
0 0.152608
1 0.162717
2 0.190229
3 0.162957
4 0.234982
5 0.115916
6 0.131523
7 0.242629
8 0.063293
9 0.181346
10 0.116621
11 0.171717
12 0.20407
13 0.101769
14 0.186465
15 0.153735
16 0.217865
17 0.196117
18 0.168743
19 0.25456
20 0.211933
21 0.216415
22 0.272473
23 0.260378
24 0.225207
25 0.236131
26 0.207765
27 0.209248
28 0.189049
29 0.179054
"[DEBUG]index 81 centroid... "
0 0.155007
1 0.140056
2 0.185846
3 0.147401
4 0.248245
5 0.0853791
6 0.178934
7 0.212643
8 0.0641581
9 0.202689
10 0.141586
11 0.210062
12 0.210616
13 0.0773792
14 0.211794
15 0.153653
16 0.182502
17 0.225974
18 0.00312205
19 0.197195
20 0.158232
21 0.0980485
22 0.178917
23 0.154744
24 0.149902
25 0.159041
26 0.162271
27 0.197801
28 0.123649
29 0.197118
"[DEBUG]index 82 centroid... "
0 0.193088
1 0.204423
2 0.169357
3 0.150313
4 0.266291
5 0.171477
6 0.169429
7 0.242701
8 0.0969958
9 0.216485
10 0.133487
11 0.13334
12 0.144428
13 0.199654
14 0.237791
15 0.110097
16 0.183287
17 0.182232
18 0.0995274
19 0.192711
20 0.254668
21 0.126176
22 0.231622
23 0.155312
24 0.180196
25 0.208997
26 0.229749
27 0.208118
28 0.17335
29 0.202777
"[DEBUG]index 83 centroid... "
0 0.177242
1 0.18817
2 0.215536
3 0.149504
4 0.240447
5 0.121382
6 0.1537
7 0.229772
8 0.0890488
9 0.178711
10 0.182724
11 0.150285
12 0.204773
13 0.13214
14 0.200443
15 0.235772
16 0.120563
17 0.16742
18 0.244591
19 0.202965
20 0.199563
21 0.249587
22 0.253088
23 0.145469
24 0.209641
25 0.185337
26 0.192884
27 0.174372
28 0.169257
29 0.217657
"[DEBUG]index 84 centroid... "
0 0.185841
1 0.170129
2 0.188182
3 0.168083
4 0.231156
5 0.152926
6 0.201312
7 0.177445
8 0.116818
9 0.219902
10 0.107801
11 0.169288
12 0.290319
13 0.121158
14 0.274934
15 0.274304
16 0.203652
17 0.333587
18 0.266231
19 0.343449
20 0.29597
21 0.253593
22 0.326765
23 0.252305
24 0.247424
25 0.263579
26 0.247612
27 0.200295
28 0.188868
29 0.207676
"[DEBUG]index 85 centroid... "
0 0.179818
1 0.164294
2 0.205278
3 0.197328
4 0.163686
5 0.168956
6 0.154608
7 0.166424
8 0.116165
9 0.108225
10 0.179668
11 0.148691
12 0.138203
13 0.178792
14 0.100284
15 0.159913
16 0.15176
17 0.150614
18 0.137982
19 0.187895
20 0.166883
21 0.131281
22 0.190581
23 0.134924
24 0.178359
25 0.20977
26 0.151712
27 0.15094
28 0.15899
29 0.14849
"[DEBUG]index 86 centroid... "
0 0.143866
1 0.153291
2 0.149303
3 0.135761
4 0.184858
5 0.105801
6 0.106393
7 0.170868
8 0.0546259
9 0.166024
10 0.13056
11 0.137714
12 0.218802
13 0.185904
14 0.21871
15 0.239053
16 0.272108
17 0.2369
18 0.273583
19 0.240048
20 0.234933
21 0.298494
22 0.182646
23 0.221405
24 0.207274
25 0.159093
26 0.166722
27 0.164766
28 0.165008
29 0.163052
"[DEBUG]index 87 centroid... "
0 0.152823
1 0.181696
2 0.20748
3 0.168339
4 0.208399
5 0.182482
6 0.141671
7 0.239717
8 0.0393836
9 0.123588
10 0.220729
11 -0.0228712
12 0.162334
13 0.0555162
14 0.178633
15 0.129465
16 0.136461
17 0.146734
18 0.124633
19 0.164703
20 0.207663
21 0.131756
22 0.17418
23 0.233064
24 0.153746
25 0.0814572
26 0.189831
27 0.101871
28 0.186064
29 0.202915
"[DEBUG]index 88 centroid... "
0 0.18731
1 0.159455
2 0.189297
3 0.158908
4 0.205997
5 0.112612
6 0.189773
7 0.163904
8 0.0682123
9 0.189374
10 0.0707732
11 0.136295
12 0.186727
13 0.161537
14 0.144997
15 0.218624
16 0.156687
17 0.115127
18 0.224662
19 0.109524
20 0.171533
21 0.214743
22 0.139231
23 0.199849
24 0.172023
25 0.159711
26 0.168431
27 0.182106
28 0.183871
29 0.163459
"[DEBUG]index 89 centroid... "
0 0.168544
1 0.168159
2 0.168935
3 0.144835
4 0.172456
5 0.139441
6 0.0975063
7 0.20336
8 0.077013
9 0.0823548
10 0.198041
11 0.0579542
12 0.163078
13 0.146487
14 0.108868
15 0.215087
16 0.0973138
17 0.148817
18 0.211054
19 0.157347
20 0.221444
21 0.220891
22 0.18955
23 0.199803
24 0.219153
25 0.197386
26 0.203053
27 0.180402
28 0.176476
29 0.182616
"[DEBUG]index 90 centroid... "
0 0.24037
1 0.254823
2 0.200798
3 0.187533
4 0.263084
5 0.195435
6 0.186356
7 0.230786
8 0.153172
9 0.188108
10 0.208381
11 0.18184
12 0.166569
13 0.209995
14 0.155251
15 0.192722
16 0.195057
17 0.137279
18 0.207942
19 0.202357
20 0.249254
21 0.170181
22 0.228446
23 0.217949
24 0.194209
25 0.229965
26 0.201602
27 0.24939
28 0.233996
29 0.277355
"[DEBUG]index 91 centroid... "
0 0.181868
1 0.143731
2 0.191567
3 0.185565
4 0.236923
5 0.0648773
6 0.095269
7 0.185567
8 0.0268537
9 0.195218
10 0.126638
11 0.146779
12 0.0961293
13 0.0980229
14 0.152857
15 0.0792539
16 0.169051
17 0.188136
18 0.153993
19 0.0404934
20 0.181423
21 0.134178
22 0.036208
23 0.187981
24 0.137671
25 0.1708
26 0.176438
27 0.161456
28 0.200507
29 0.169172
"[DEBUG]index 92 centroid... "
0 0.215495
1 0.189967
2 0.248405
3 0.170647
4 0.223423
5 0.145994
6 0.164037
7 0.252869
8 0.0847959
9 0.207275
10 0.240701
11 0.0235214
12 0.232288
13 0.157713
14 0.0658257
15 0.207538
16 0.0902406
17 0.173083
18 0.177264
19 0.15509
20 0.227259
21 0.19858
22 0.172937
23 0.215165
24 0.221236
25 0.194583
26 0.222494
27 0.224348
28 0.228611
29 0.232358
"[DEBUG]index 93 centroid... "
0 0.23079
1 0.185748
2 0.198251
3 0.209955
4 0.222878
5 0.182845
6 0.183235
7 0.250414
8 0.042874
9 0.202262
10 0.222711
11 0.0367522
12 0.183079
13 0.226088
14 0.180202
15 0.140792
16 0.25348
17 0.170584
18 0.119893
19 0.219779
20 0.180802
21 0.22381
22 0.182733
23 0.200866
24 0.210789
25 0.20596
26 0.244632
27 0.234357
28 0.214581
29 0.205442
"[DEBUG]index 94 centroid... "
0 0.246268
1 0.213936
2 0.21171
3 0.184107
4 0.26024
5 0.157563
6 0.169416
7 0.258918
8 0.0418232
9 0.209067
10 0.163543
11 0.0598286
12 0.251046
13 0.128125
14 0.112429
15 0.232106
16 0.182659
17 0.163509
18 0.213013
19 0.247534
20 0.260107
21 0.242389
22 0.290579
23 0.265689
24 0.260311
25 0.289985
26 0.262148
27 0.245562
28 0.263871
29 0.259854
"[DEBUG]index 95 centroid... "
0 0.15594
1 0.164672
2 0.188873
3 0.162558
4 0.198611
5 0.146938
6 0.121933
7 0.207745
8 0.0509395
9 0.185549
10 0.125015
11 0.126989
12 0.242846
13 0.0496431
14 0.234649
15 0.182055
16 0.0302944
17 0.233744
18 0.122569
19 0.0743556
20 0.194948
21 0.170911
22 0.158206
23 0.201215
24 0.152675
25 0.148993
26 0.220137
27 0.180107
28 0.20413
29 0.164266
"[DEBUG]index 96 centroid... "
0 0.174188
1 0.209415
2 0.205858
3 0.205532
4 0.266396
5 0.178549
6 0.138527
7 0.252696
8 0.108086
9 0.193163
10 0.198133
11 0.23287
12 0.157731
13 0.141532
14 0.246099
15 0.131896
16 0.137444
17 0.21611
18 0.221517
19 0.0840509
20 0.208815
21 0.215472
22 0.104684
23 0.222223
24 0.191254
25 0.15692
26 0.230019
27 0.18912
28 0.164894
29 0.192288
"[DEBUG]index 97 centroid... "
0 0.172928
1 0.178296
2 0.154043
3 0.142417
4 0.185916
5 0.113204
6 0.142487
7 0.196102
8 -0.0222057
9 0.19409
10 0.173492
11 0.0169022
12 0.229805
13 0.0793045
14 0.149897
15 0.18684
16 0.0903332
17 0.145073
18 0.153843
19 0.0451087
20 0.159108
21 0.102055
22 0.0688464
23 0.199763
24 0.114887
25 0.131084
26 0.140748
27 0.138022
28 0.124879
29 0.166179
"[DEBUG]index 98 centroid... "
0 0.216614
1 0.207659
2 0.199229
3 0.201389
4 0.240619
5 0.130928
6 0.144118
7 0.272039
8 0.0420648
9 0.219863
10 0.196163
11 0.176151
12 0.141401
13 0.266068
14 0.188413
15 0.00543028
16 0.24337
17 0.138059
18 0.0758705
19 0.233153
20 0.17902
21 0.178057
22 0.201081
23 0.166387
24 0.200655
25 0.251216
26 0.230406
27 0.228898
28 0.185108
29 0.228758
"[DEBUG]index 99 centroid... "
0 0.18129
1 0.158882
2 0.200743
3 0.181918
4 0.208519
5 0.137951
6 0.172758
7 0.253493
8 0.122508
9 0.18307
10 0.226468
11 0.176598
12 0.188934
13 0.178231
14 0.246133
15 0.0870904
16 0.201807
17 0.230105
18 0.0585179
19 0.213193
20 0.21103
21 0.108265
22 0.205945
23 0.177684
24 0.144031
25 0.178505
26 0.161037
27 0.164488
28 0.154145
29 0.176321
