correlation level (red against blue): 
-0.528351
-0.7274
-0.436015
0.36992
-0.572819
-0.567551
-0.705694
-0.386647
-0.72177
-0.705751
-0.586877
-0.489762
-0.728159
-0.445906
-0.491879
-0.578428
-0.567559
-0.787336
-0.568217
-0.467221
-0.506942
-0.709701
-0.782982
-0.595727
-0.779084
-0.672212
-0.249608
-0.587462
-0.814095
-0.752256
-0.602611
-0.490988
-0.749332
-0.724081
-0.649084
-0.750767
-0.595572
-0.680335
-0.651504
-0.729024
-0.761155
-0.760005
-0.587477
-0.649218
-0.740155
-0.67214
-0.49321
-0.765742
-0.604374
-0.482594
-0.628644
-0.674187
-0.78388
-0.0950585
-0.628505
-0.24765
-0.73313
-0.59626
-0.684098
-0.416826
-0.872173
-0.646742
-0.586678
-0.76755
-0.485049
-0.586994
-0.482315
-0.429962
-0.501093
-0.877446
-0.515825
-0.590376
-0.449712
-0.503764
-0.743609
-0.171758
-0.736384
-0.676232
-0.563282
-0.484651
-0.661869
-0.653095
-0.495191
-0.53406
-0.690479
-0.474874
-0.552719
-0.588561
-0.761198
-0.610573
-0.542711
-0.594098
-0.743137
-0.820687
-0.789993
-0.666977
-0.601339
-0.778996
-0.811462
-0.566393
