"[DEBUG]index 0 centroid... "
0 0.973913
1 1.32174
2 1.28261
3 1.26522
4 1.14348
5 1.48261
6 1.32609
7 1.61304
8 2.97391
9 3.83478
10 4.25217
11 7.63043
12 8.67826
13 10.2609
14 13.8348
15 14.3783
16 9.65652
17 7.03913
18 8.13913
19 4.49565
20 3.95652
21 2.56087
22 2.33478
23 1.29565
24 1.36087
25 1.15652
26 1.17826
27 1.30435
28 1.46957
29 1.3
"[DEBUG]index 1 centroid... "
0 7.38739
1 7.82883
2 6.45045
3 6.54955
4 7.52252
5 6.83784
6 7.09009
7 4.23423
8 10.955
9 5.18919
10 3.18018
11 2.41441
12 1.61261
13 1.30631
14 0.873874
15 0.558559
16 0.900901
17 1.18018
18 0.981982
19 1.40541
20 2.42342
21 2.26126
22 3.7027
23 3.51351
24 4.02703
25 4.51351
26 4.07207
27 5.74775
28 5.14414
29 5.4955
"[DEBUG]index 2 centroid... "
0 3.311
1 3.30928
2 2.5945
3 2.33849
4 2.37285
5 2.19931
6 2.69931
7 2.42612
8 9.5756
9 4.40893
10 2.39691
11 1.59794
12 0.82646
13 0.986254
14 1.31443
15 3.11168
16 5.13574
17 7.84192
18 17.9605
19 8.77148
20 4.92096
21 2.71821
22 1.25945
23 2.77663
24 2.74742
25 2.86426
26 2.98282
27 3.19244
28 3.07045
29 2.31615
"[DEBUG]index 3 centroid... "
0 5.98039
1 6.15686
2 4.84314
3 6.5098
4 6.23529
5 5.37255
6 7.31373
7 4.29412
8 16.1961
9 6.29412
10 4.07843
11 2.39216
12 2.13725
13 3.47059
14 9.13725
15 7.94118
16 10.098
17 3.80392
18 2.27451
19 1.23529
20 0.882353
21 1.11765
22 2.09804
23 5.62745
24 5.33333
25 3.45098
26 4.17647
27 4.15686
28 3.09804
29 5.70588
"[DEBUG]index 4 centroid... "
0 3.73262
1 3.38663
2 2.64813
3 2.90374
4 2.89786
5 3.25134
6 3.81444
7 2.42781
8 20.9583
9 5.58021
10 3.13529
11 1.79305
12 3.5246
13 2.75829
14 7.67433
15 8.21123
16 3.08342
17 1.74813
18 3.79091
19 2.99037
20 5.88128
21 23.861
22 7.54171
23 3.80321
24 4.29091
25 3.82834
26 3.14385
27 3.31497
28 3.40374
29 3.75294
"[DEBUG]index 5 centroid... "
0 3.90245
1 4.12686
2 3.57524
3 3.96894
4 3.87752
5 3.80752
6 4.34514
7 2.91601
8 20.6479
9 7.30271
10 4.04156
11 7.36046
12 24.3478
13 4.18898
14 3.18854
15 2.05162
16 2.0385
17 3.26728
18 4.75109
19 22.3141
20 7.01706
21 3.53718
22 3.63911
23 3.39983
24 3.22878
25 3.41645
26 3.56562
27 3.40464
28 3.27515
29 3.11111
"[DEBUG]index 6 centroid... "
0 3.53922
1 3.4541
2 3.21212
3 3.24332
4 2.75446
5 3.13458
6 3.30125
7 2.63725
8 18.9902
9 4.47772
10 16.32
11 17.9973
12 4.90731
13 2.918
14 1.7607
15 2.84403
16 5.92112
17 5.93137
18 2.83111
19 1.45811
20 2.81952
21 5.17291
22 2.06283
23 2.68939
24 2.41266
25 2.49688
26 2.32932
27 2.30526
28 2.44029
29 2.40597
"[DEBUG]index 7 centroid... "
0 3.39891
1 2.77049
2 2.65574
3 2.62842
4 3.14208
5 2.67213
6 3.13115
7 2.02186
8 10.1585
9 4.00546
10 5.52459
11 3.97268
12 11.3661
13 9.87432
14 4.25683
15 2.06557
16 1.49727
17 0.836066
18 0.530055
19 1.15301
20 0.956284
21 2.01639
22 5.66667
23 2.01639
24 2.0765
25 3.2459
26 2.06557
27 2.56831
28 2.2459
29 1.91257
"[DEBUG]index 8 centroid... "
0 4.5526
1 4.36239
2 3.82793
3 4.03061
4 3.85729
5 4.86613
6 4.48674
7 3.5985
8 40.9012
9 6.96112
10 3.8294
11 4.08876
12 3.77227
13 10.4636
14 3.14203
15 13.914
16 3.22489
17 13.5365
18 3.76275
19 3.28384
20 11.5738
21 3.37384
22 1.82997
23 4.2903
24 3.51848
25 3.64917
26 3.51349
27 3.50963
28 3.545
29 3.41068
"[DEBUG]index 9 centroid... "
0 4.95041
1 4.77773
2 4.40452
3 4.7351
4 4.18791
5 4.51675
6 4.59939
7 3.69639
8 31.5737
9 7.02001
10 10.1183
11 11.8351
12 3.8856
13 1.86211
14 2.82645
15 12.515
16 3.5498
17 1.71292
18 3.30448
19 11.6842
20 2.69595
21 1.59635
22 3.24402
23 3.85037
24 3.33319
25 3.36277
26 3.35407
27 3.31535
28 3.29883
29 3.0348
"[DEBUG]index 10 centroid... "
0 3.74169
1 4.20034
2 3.26343
3 3.3376
4 3.20801
5 3.90111
6 3.71014
7 2.91816
8 25.1824
9 5.94629
10 3.42455
11 1.90452
12 2.40835
13 10.4561
14 2.9318
15 1.55158
16 2.83546
17 10.2881
18 9.27025
19 2.97016
20 1.60358
21 2.85763
22 11.6411
23 3.07076
24 3.63853
25 3.60102
26 3.48764
27 2.91134
28 3.0682
29 3.39983
"[DEBUG]index 11 centroid... "
0 2.81025
1 2.89699
2 2.63332
3 2.70281
4 2.13948
5 2.86397
6 3.01577
7 2.71858
8 12.3953
9 4.47758
10 13.5954
11 5.94431
12 2.99458
13 3.23509
14 1.66289
15 2.68507
16 6.18137
17 3.59882
18 6.85461
19 9.6964
20 30.0207
21 9.96106
22 6.60375
23 3.49088
24 3.44308
25 3.10498
26 2.85362
27 3.25481
28 3.23953
29 2.89847
"[DEBUG]index 12 centroid... "
0 4.24544
1 3.99355
2 3.34279
3 3.45727
4 3.78661
5 4.03942
6 4.28624
7 3.52772
8 28.1713
9 6.67701
10 3.68134
11 3.75732
12 8.28725
13 3.58814
14 3.74507
15 6.5105
16 32.8645
17 7.83984
18 3.72509
19 9.52275
20 3.74498
21 3.09062
22 7.92227
23 3.6096
24 4.162
25 3.97863
26 3.4849
27 3.49051
28 3.28974
29 3.35329
"[DEBUG]index 13 centroid... "
0 3.96477
1 4.29133
2 3.88618
3 4.32927
4 3.81572
5 3.91057
6 4.41057
7 3.25068
8 18.7168
9 5.09214
10 20.5962
11 5.00271
12 21.4553
13 5.2439
14 6.80759
15 3.34146
16 3.02033
17 5.84959
18 5.71003
19 2.53794
20 1.6084
21 1.02304
22 1.35637
23 2.38347
24 2.38211
25 2.26287
26 2.2561
27 2.20325
28 2.39295
29 2.06911
"[DEBUG]index 14 centroid... "
0 4.49899
1 4.88235
2 3.86613
3 3.45436
4 3.9574
5 4.24746
6 4.33874
7 3.88032
8 19.4767
9 6.29615
10 3.23732
11 1.81744
12 0.782961
13 1.85396
14 1.82961
15 3.28195
16 12.3022
17 4.11968
18 1.44016
19 1.59432
20 3.31237
21 2.31237
22 10.9554
23 3.77282
24 4.32454
25 4.38134
26 3.99797
27 3.38945
28 3.66734
29 4.10345
"[DEBUG]index 15 centroid... "
0 2.63468
1 2.5302
2 2.34605
3 2.46795
4 2.25046
5 2.53538
6 3.25824
7 2.5754
8 11.8055
9 26.8125
10 8.74064
11 5.43275
12 2.95924
13 4.96036
14 12.698
15 4.48648
16 2.26788
17 4.55465
18 2.05817
19 4.59948
20 1.9259
21 4.63838
22 3.92479
23 2.01112
24 2.01334
25 2.01112
26 1.91256
27 1.98481
28 1.70174
29 1.91034
"[DEBUG]index 16 centroid... "
0 4.43891
1 4.45241
2 3.54015
3 3.72032
4 3.83229
5 3.84926
6 3.92523
7 3.01886
8 32.568
9 7.10107
10 3.11146
11 1.91035
12 1.8207
13 2.88404
14 3.46816
15 1.40879
16 3.60263
17 1.54794
18 3.02959
19 13.2316
20 2.46902
21 3.1208
22 1.50104
23 3.4884
24 3.32468
25 3.30633
26 3.52336
27 3.54396
28 3.54188
29 3.17982
"[DEBUG]index 17 centroid... "
0 4.04159
1 4.42113
2 3.85277
3 4.35946
4 3.71702
5 4.52533
6 4.27581
7 3.25478
8 28.6941
9 8.77629
10 3.50669
11 14.249
12 3.53824
13 1.95268
14 1.76004
15 4.03059
16 1.76673
17 3.79302
18 13.5292
19 3.99665
20 3.54924
21 11.9383
22 11.4708
23 3.30975
24 4.30163
25 4.00287
26 4.44503
27 4.02342
28 3.90057
29 4.03776
"[DEBUG]index 18 centroid... "
0 3.9943
1 3.93067
2 3.44065
3 3.63216
4 3.20481
5 4.13454
6 4.22824
7 3.22001
8 22.5942
9 8.64451
10 3.30168
11 8.91168
12 3.48243
13 3.67553
14 8.45489
15 3.69516
16 7.41595
17 27.5147
18 8.67996
19 4.37069
20 8.34283
21 25.3564
22 6.63596
23 4.07186
24 4.55935
25 4.18234
26 4.2314
27 3.87053
28 3.99747
29 4.24818
"[DEBUG]index 19 centroid... "
0 3.39676
1 2.9292
2 2.74041
3 2.61799
4 2.98673
5 3.0354
6 3.32153
7 2.56047
8 15.8392
9 4.76401
10 3.0826
11 2.06047
12 3.24484
13 4.51917
14 19.531
15 6.0885
16 3.55605
17 6.40413
18 17.3437
19 16.1888
20 5.82596
21 3.36431
22 8.60324
23 3.49558
24 3.0295
25 3.67994
26 3.29941
27 3.69027
28 3.29646
29 3.03982
"[DEBUG]index 20 centroid... "
0 6.66055
1 5.88379
2 5.25688
3 5.14679
4 5.01529
5 5.81651
6 5.30887
7 3.80122
8 21.578
9 9.82875
10 3.70948
11 4.88379
12 5.29358
13 1.79511
14 1.13761
15 1.54434
16 3.50459
17 13.4954
18 3.25688
19 4.33028
20 1.74618
21 0.877676
22 1.69113
23 4.57187
24 4.27217
25 4.0581
26 4.61162
27 4.11315
28 4.00612
29 4.04281
"[DEBUG]index 21 centroid... "
0 4.58318
1 4.43674
2 3.97263
3 4.13311
4 4.05679
5 4.57177
6 4.29552
7 3.61711
8 44.3578
9 8.79663
10 3.89185
11 14.7262
12 3.9375
13 3.09491
14 3.73386
15 1.66017
16 3.09433
17 3.84397
18 1.70854
19 3.62732
20 10.3349
21 2.77875
22 3.11996
23 3.77875
24 3.21081
25 3.04984
26 3.19454
27 3.25713
28 3.35467
29 3.35512
"[DEBUG]index 22 centroid... "
0 5.23726
1 4.56132
2 4.00958
3 4.54433
4 4.08959
5 4.49737
6 5.04294
7 3.47668
8 29.8894
9 6.9827
10 3.42972
11 8.70158
12 9.74421
13 3.55175
14 7.10504
15 34.198
16 6.4739
17 3.68273
18 2.30738
19 2.09886
20 3.27124
21 7.54618
22 3.2317
23 4.85357
24 3.90485
25 3.64535
26 3.27433
27 3.23633
28 3.18906
29 3.26753
"[DEBUG]index 23 centroid... "
0 4.39571
1 4.22831
2 3.78155
3 3.86771
4 4.00551
5 3.98259
6 4.82565
7 3.51523
8 26.6841
9 6.45112
10 3.97882
11 4.5219
12 8.93182
13 6.2962
14 31.2457
15 6.95648
16 3.5982
17 1.99942
18 2.97186
19 6.92863
20 2.78793
21 2.94401
22 1.74151
23 3.302
24 3.01828
25 2.94546
26 3.17784
27 2.76791
28 2.69017
29 2.69046
"[DEBUG]index 24 centroid... "
0 5.10718
1 5.27547
2 4.21549
3 4.57617
4 4.23306
5 4.83682
6 5.05967
7 3.9811
8 41.5266
9 8.39093
10 4.35302
11 14.5414
12 3.36078
13 10.0756
14 3.26627
15 14.5711
16 3.61653
17 3.59579
18 11.7152
19 3.50169
20 1.87432
21 3.74885
22 3.23582
23 3.81578
24 3.53213
25 3.62409
26 3.55982
27 3.3146
28 3.26096
29 3.23807
"[DEBUG]index 25 centroid... "
0 5.2802
1 5.098
2 4.69008
3 4.53936
4 4.55054
5 4.44956
6 4.73824
7 3.89762
8 38.2669
9 7.49734
10 14.0638
11 3.58398
12 1.93461
13 1.47601
14 3.01733
15 3.36004
16 1.39478
17 3.28281
18 3.48477
19 1.27294
20 2.67881
21 2.69939
22 1.2612
23 2.89772
24 2.84276
25 2.819
26 3.12361
27 2.92706
28 3.01947
29 2.93908
"[DEBUG]index 26 centroid... "
0 3.86184
1 3.56908
2 4.10197
3 3.11184
4 3.44408
5 4.35855
6 4.18092
7 3.07895
8 17.8158
9 5.47039
10 2.80592
11 1.44737
12 3.17434
13 10.7368
14 2.60197
15 1.36513
16 0.832237
17 1.35197
18 3.01974
19 2.54276
20 10.9638
21 2.5
22 9.24671
23 3.84868
24 3.56908
25 3.83224
26 3.31579
27 3.3125
28 3.52303
29 3.28289
"[DEBUG]index 27 centroid... "
0 3.24453
1 3.34792
2 3.53829
3 3.15208
4 2.6395
5 3.02298
6 3.32877
7 3.07221
8 14.4825
9 5.17177
10 14.5886
11 14.267
12 5.62527
13 3.04103
14 6.43435
15 3.26586
16 6.15317
17 10.204
18 32.1761
19 10.1712
20 5.81729
21 2.95788
22 6.78009
23 2.83589
24 2.82002
25 2.91193
26 3.03775
27 2.99125
28 2.88895
29 2.7128
"[DEBUG]index 28 centroid... "
0 3.53244
1 3.96997
2 3.69485
3 3.52354
4 3.40304
5 3.76752
6 3.87356
7 3.05821
8 23.861
9 5.68001
10 9.91806
11 9.53356
12 7.22989
13 30.1016
14 7.21765
15 3.31924
16 9.34075
17 2.64924
18 8.20838
19 3.0482
20 9.12421
21 2.8858
22 8.23545
23 3.3274
24 3.11865
25 3.18576
26 3.14831
27 2.98517
28 3.09232
29 2.94401
"[DEBUG]index 29 centroid... "
0 3.91402
1 3.61581
2 3.62276
3 3.85388
4 3.33002
5 3.60537
6 4.06809
7 3.92893
8 20.337
9 4.67744
10 21.2048
11 6.83499
12 3.39463
13 4.23062
14 7.02087
15 5.61829
16 21.8141
17 7.16998
18 3.27187
19 6.95229
20 6.81213
21 2.80417
22 1.80815
23 2.92097
24 2.94682
25 2.97167
26 2.99851
27 2.74901
28 2.69085
29 2.59443
"[DEBUG]index 30 centroid... "
0 3.31678
1 3.53756
2 3.03214
3 3.02045
4 2.91987
5 3.19073
6 3.52922
7 2.57763
8 24.4332
9 7.52796
10 2.84391
11 1.64274
12 3.70075
13 1.3222
14 3.24583
15 1.36394
16 3.35392
17 10.8043
18 2.2884
19 9.83306
20 8.87813
21 2.2475
22 10.4424
23 3.17195
24 3.27963
25 3.7404
26 3.15192
27 3.61811
28 3.66736
29 3.46828
"[DEBUG]index 31 centroid... "
0 6.27413
1 5.88675
2 5.12621
3 4.97128
4 5.33227
5 5.20336
6 5.41308
7 3.78534
8 48.9175
9 9.83923
10 4.86312
11 4.57263
12 18.9759
13 3.08947
14 1.9563
15 4.0754
16 3.5961
17 1.98986
18 3.70548
19 1.91818
20 3.80275
21 3.1681
22 1.83859
23 3.83907
24 3.65722
25 3.38707
26 3.48009
27 3.48099
28 3.66523
29 3.47212
"[DEBUG]index 32 centroid... "
0 3.5472
1 3.15038
2 2.71345
3 2.84294
4 2.66165
5 3.19632
6 3.71679
7 2.91061
8 18.7627
9 4.23726
10 3.16708
11 1.80869
12 1.6249
13 2.97661
14 4.50627
15 19.1445
16 15.9181
17 4.77778
18 7.76023
19 2.57644
20 7.30326
21 6.19215
22 2.5447
23 3.79114
24 3.42439
25 3.18713
26 3.08521
27 3.02089
28 3.04845
29 2.89307
"[DEBUG]index 33 centroid... "
0 3.64417
1 3.44863
2 3.28816
3 3.33037
4 3.05146
5 3.16553
6 3.53061
7 2.65899
8 21.2773
9 4.53742
10 23.2541
11 6.24211
12 3.21873
13 3.37712
14 2.70626
15 1.38932
16 1.56742
17 1.31467
18 3.0539
19 6.50131
20 2.34676
21 6.52381
22 2.43433
23 2.76539
24 2.42822
25 2.48334
26 2.43066
27 2.49102
28 2.49834
29 2.57439
"[DEBUG]index 34 centroid... "
0 4.08204
1 4.20603
2 3.69236
3 3.5895
4 3.8872
5 4.37197
6 4.21411
7 3.62617
8 24.7107
9 6.10099
10 3.36047
11 2.43661
12 3.40771
13 6.22654
14 28.3763
15 7.8729
16 3.29273
17 9.50963
18 3.05998
19 1.85177
20 3.56184
21 2.72654
22 8.77564
23 3.812
24 3.78527
25 3.6821
26 3.25544
27 3.30236
28 3.14077
29 3.3325
"[DEBUG]index 35 centroid... "
0 3.43569
1 3.63385
2 3.44246
3 3.44492
4 3.10277
5 3.41969
6 3.66154
7 2.74954
8 20.5089
9 6.99077
10 8.09538
11 6.95754
12 24.9218
13 5.93108
14 3.46031
15 7.41046
16 2.94708
17 7.89908
18 3.19754
19 8.20492
20 6.67815
21 22.6714
22 6.81292
23 3.41108
24 3.71754
25 3.41354
26 2.82031
27 3.112
28 2.91815
29 3.11077
"[DEBUG]index 36 centroid... "
0 3.91064
1 3.78325
2 3.45637
3 3.22492
4 3.20719
5 3.48577
6 4.09006
7 2.68269
8 18.9025
9 22.6682
10 6.45357
11 3.05926
12 9.27345
13 2.43327
14 1.38241
15 1.45077
16 2.41601
17 2.63602
18 1.28278
19 2.90784
20 1.27998
21 2.35931
22 5.9727
23 2.28605
24 2.67009
25 2.68782
26 2.26808
27 2.5035
28 2.29141
29 2.54503
"[DEBUG]index 37 centroid... "
0 4.21666
1 4.42433
2 3.65589
3 3.80052
4 3.57761
5 4.21438
6 4.50501
7 3.35753
8 27.6401
9 8.03345
10 3.37767
11 3.85617
12 3.42012
13 3.34012
14 8.5594
15 3.43696
16 8.11539
17 30.8218
18 6.78038
19 3.41579
20 2.20721
21 3.13496
22 1.85446
23 3.41375
24 3.42774
25 3.37198
26 3.55041
27 3.23782
28 3.03061
29 3.08352
"[DEBUG]index 38 centroid... "
0 5.21892
1 4.89401
2 4.08717
3 4.26895
4 4.35488
5 4.62085
6 4.89079
7 3.56018
8 35.6303
9 7.16716
10 4.04284
11 2.18821
12 3.90466
13 1.77266
14 3.56909
15 16.6072
16 3.73477
17 3.91035
18 12.8868
19 3.85339
20 1.87048
21 3.81129
22 12.2605
23 4.01436
24 4.55176
25 4.81476
26 4.21223
27 4.23972
28 3.89574
29 4.16246
"[DEBUG]index 39 centroid... "
0 4.08879
1 4.0522
2 3.45485
3 3.69822
4 3.47331
5 3.94444
6 4.1477
7 3.19084
8 28.7842
9 7.06479
10 4.04851
11 9.50822
12 3.17506
13 8.26116
14 3.20963
15 8.9713
16 10.1296
17 4.12806
18 7.5423
19 34.0656
20 7.50235
21 3.63813
22 3.94982
23 3.61917
24 3.53642
25 3.5339
26 3.44914
27 3.88922
28 3.50722
29 3.15676
"[DEBUG]index 40 centroid... "
0 9.04011
1 8.11898
2 8.18048
3 8.49332
4 6.18717
5 8.00134
6 7.23663
7 5.54412
8 23.6765
9 9.75936
10 4.19385
11 15.1952
12 4.41043
13 4.49198
14 5.20989
15 2.1885
16 1.23396
17 2.28743
18 1.94251
19 4.41578
20 1.56818
21 1.15107
22 1.55481
23 4.12433
24 3.48663
25 3.66711
26 4.04679
27 3.93048
28 4.01337
29 4.79144
"[DEBUG]index 41 centroid... "
0 3.00875
1 3.13212
2 3.06672
3 3.15161
4 2.80578
5 3.01074
6 3.26573
7 2.74533
8 10.091
9 21.8469
10 6.14715
11 23.6751
12 9.09182
13 4.71016
14 4.9341
15 4.28803
16 2.36416
17 1.62725
18 2.16367
19 2.19785
20 3.42097
21 2.14682
22 1.30751
23 1.99438
24 1.95623
25 1.78464
26 1.75078
27 1.8834
28 1.8877
29 1.93361
"[DEBUG]index 42 centroid... "
0 4.48768
1 4.31307
2 3.94231
3 3.80355
4 3.36607
5 3.80324
6 5.11225
7 2.88587
8 22.3486
9 26.207
10 7.3271
11 3.62613
12 10.2516
13 2.79763
14 3.51356
15 1.913
16 3.21172
17 10.4708
18 8.60025
19 2.95073
20 9.55441
21 3.26567
22 1.66698
23 3.46648
24 3.40848
25 3.37668
26 3.24758
27 3.44871
28 3.12067
29 3.11038
"[DEBUG]index 43 centroid... "
0 4.74859
1 4.76162
2 4.74331
3 4.42606
4 4.44965
5 5.17711
6 5.00106
7 4.04507
8 30.4961
9 7.60211
10 3.31338
11 4.65845
12 1.76338
13 3.52923
14 14.2116
15 3.23873
16 1.96901
17 2.10211
18 1.75458
19 4.25141
20 1.62958
21 3.58063
22 11.9232
23 3.90282
24 4.1493
25 4.23204
26 3.92254
27 3.43627
28 3.74789
29 4.01162
"[DEBUG]index 44 centroid... "
0 3.20457
1 3.14822
2 2.88071
3 2.90102
4 2.81269
5 2.98883
6 3.13959
7 2.72208
8 27.4612
9 5.52234
10 8.78833
11 3.25964
12 1.53452
13 2.85406
14 1.28782
15 3.0967
16 2.51218
17 11.3893
18 2.64898
19 10.1284
20 2.31624
21 9.01954
22 2.39924
23 3.2665
24 3.10228
25 3.09975
26 3.01371
27 2.88274
28 2.91142
29 2.88376
"[DEBUG]index 45 centroid... "
0 3.87178
1 3.98845
2 3.68141
3 3.70548
4 3.52739
5 3.79808
6 4.03881
7 3.34242
8 31.9027
9 5.51191
10 11.1516
11 3.43773
12 3.51265
13 10.0101
14 2.63326
15 11.5311
16 3.13412
17 3.26627
18 1.73569
19 2.93196
20 11.2154
21 2.5775
22 11.0862
23 3.88529
24 3.38222
25 3.4817
26 3.05576
27 3.37534
28 3.32695
29 3.03611
"[DEBUG]index 46 centroid... "
0 4.51014
1 4.33222
2 3.81982
3 3.92638
4 4.05788
5 4.13937
6 4.78154
7 3.12657
8 42.1132
9 8.59082
10 4.20445
11 4.39357
12 13.811
13 2.63324
14 12.5068
15 3.57562
16 1.95666
17 3.7442
18 11.0818
19 3.45706
20 3.42465
21 11.1332
22 3.30675
23 3.76367
24 3.95025
25 3.37743
26 3.50587
27 3.45719
28 3.57735
29 3.59309
"[DEBUG]index 47 centroid... "
0 4.69175
1 4.74011
2 3.98617
3 4.17845
4 3.78915
5 4.41842
6 4.30196
7 3.61176
8 37.0526
9 8.73856
10 3.78247
11 12.3611
12 3.66428
13 2.14392
14 3.84409
15 3.39385
16 13.1909
17 3.61756
18 14.484
19 3.44231
20 11.5546
21 3.37615
22 3.78654
23 4.1769
24 3.88364
25 3.91779
26 4.08647
27 3.74504
28 4.0589
29 3.46455
"[DEBUG]index 48 centroid... "
0 4.18302
1 4.19997
2 3.42291
3 3.58254
4 4.03951
5 4.17404
6 4.48976
7 3.6875
8 61.4582
9 7.42596
10 3.97642
11 3.92841
12 3.50889
13 8.19815
14 3.40467
15 3.43469
16 10.3186
17 3.47149
18 3.51212
19 3.56056
20 2.94132
21 7.9511
22 2.96495
23 3.58426
24 3.58157
25 3.27623
26 3.15944
27 3.13476
28 3.16752
29 3.09341
"[DEBUG]index 49 centroid... "
0 5.70011
1 6.65614
2 5.78129
3 5.62796
4 5.354
5 5.32131
6 6.07779
7 4.21195
8 28.7554
9 7.17587
10 3.4363
11 1.9177
12 4.20857
13 3.12514
14 14.8749
15 3.12965
16 4.28072
17 1.8929
18 0.907554
19 1.6257
20 3.63247
21 3.36528
22 1.41037
23 3.95152
24 3.80947
25 3.51973
26 3.67531
27 3.76437
28 3.60992
29 3.75197
"[DEBUG]index 50 centroid... "
0 4.93627
1 4.55111
2 4.30733
3 4.44628
4 4.25335
5 4.75118
6 4.70207
7 3.66342
8 40.6047
9 9.20442
10 3.63869
11 13.3472
12 14.2561
13 3.05276
14 12.7336
15 4.08619
16 3.7759
17 12.0475
18 2.89674
19 4.14017
20 2.05206
21 3.42138
22 11.8889
23 3.90528
24 4.07975
25 4.16716
26 3.64914
27 3.46108
28 3.41529
29 3.4536
"[DEBUG]index 51 centroid... "
0 3.81476
1 3.63874
2 3.2556
3 3.27009
4 3.11515
5 3.40132
6 4.0643
7 3.02714
8 31.6485
9 5.37813
10 11.3942
11 3.37154
12 1.71673
13 3.18287
14 9.85534
15 2.75336
16 3.90619
17 3.39526
18 12.5668
19 2.65165
20 10.22
21 2.6332
22 11.4817
23 3.35099
24 3.54519
25 3.55705
26 3.42978
27 2.90145
28 3.17339
29 3.21476
"[DEBUG]index 52 centroid... "
0 6.33917
1 6.35368
2 5.33707
3 5.53187
4 5.23803
5 5.47561
6 5.46559
7 4.31074
8 34.4087
9 10.089
10 3.95392
11 15.687
12 4.14841
13 2.07765
14 4.54488
15 3.60099
16 13.9294
17 3.93223
18 2.12388
19 4.50748
20 1.60218
21 3.58812
22 1.66472
23 4.45347
24 4.51257
25 3.77902
26 3.90485
27 4.02379
28 3.58438
29 3.75748
"[DEBUG]index 53 centroid... "
0 4.38424
1 3.10345
2 3.33005
3 3.37931
4 2.68966
5 3.34975
6 3.49754
7 1.9064
8 13.6897
9 4.5665
10 2.52217
11 1.44828
12 0.665025
13 0.817734
14 0.985222
15 2.99507
16 1.08867
17 1.53202
18 2.95567
19 5.30049
20 13.936
21 5.27094
22 2.58128
23 4.55665
24 3.2266
25 2.79803
26 3.69458
27 3.96059
28 3.18227
29 3.52709
"[DEBUG]index 54 centroid... "
0 7.97661
1 6.5731
2 7.02339
3 8.05848
4 5.67251
5 5.88889
6 5.50877
7 4.36257
8 16.1345
9 7.08187
10 3.4152
11 11.8187
12 3.80702
13 2.02924
14 1.98246
15 5.8538
16 1.65497
17 2.46199
18 1.27485
19 0.695906
20 1.06433
21 1.91228
22 3.88889
23 3.87719
24 3.77778
25 3.72515
26 3.81287
27 4.88889
28 4.19883
29 3.90058
"[DEBUG]index 55 centroid... "
0 3.32597
1 3.62983
2 3.24033
3 3.90331
4 2.72928
5 3.03315
6 3.34807
7 2.10497
8 15.4972
9 6.72652
10 2.26796
11 8.19337
12 7.10221
13 2.44751
14 1.35359
15 3.47238
16 1.55525
17 0.842541
18 1.50552
19 2.5221
20 6.20166
21 16.5166
22 5.85635
23 3.40608
24 3.57459
25 3.38398
26 3.08287
27 3.23204
28 3.14917
29 3.63812
"[DEBUG]index 56 centroid... "
0 5.50996
1 5.57345
2 4.85339
3 4.86522
4 4.50534
5 5.31804
6 5.32035
7 3.98932
8 32.7758
9 9.40491
10 4.32237
11 13.5472
12 3.03059
13 11.7729
14 4.14892
15 3.48167
16 12.8104
17 14.3709
18 3.19885
19 1.93824
20 3.77922
21 1.48196
22 3.65079
23 4.02713
24 3.72439
25 4.31861
26 3.52352
27 3.52294
28 3.1544
29 3.31833
"[DEBUG]index 57 centroid... "
0 3.06465
1 3.54017
2 3.13581
3 2.95486
4 2.8531
5 2.94644
6 3.44147
7 2.86802
8 10.9629
9 27.148
10 8.45448
11 5.4277
12 3.07536
13 1.70237
14 2.41928
15 4.69663
16 14.9285
17 4.43229
18 5.59564
19 2.58646
20 1.48164
21 2.31752
22 4.49694
23 2.24751
24 2.70161
25 2.70926
26 2.56618
27 2.34698
28 2.07728
29 2.15073
"[DEBUG]index 58 centroid... "
0 5.02998
1 4.70807
2 4.48731
3 4.61252
4 4.27381
5 5.00297
6 5.42702
7 3.96409
8 35.4405
9 6.24349
10 4.20297
11 2.18847
12 3.87117
13 10.6399
14 3.40692
15 15.3012
16 15.0224
17 3.13476
18 14.6702
19 3.46491
20 4.12982
21 1.88633
22 3.7341
23 4.55783
24 4.43624
25 4.59341
26 4.54926
27 4.05239
28 3.79967
29 3.65898
"[DEBUG]index 59 centroid... "
0 3.9089
1 3.88415
2 3.54314
3 3.31746
4 3.92248
5 3.91045
6 4.11275
7 2.52699
8 29.2944
9 6.8649
10 3.83396
11 4.13561
12 10.5241
13 3.29752
14 8.16449
15 3.28584
16 9.9957
17 4.1614
18 4.1485
19 6.80956
20 32.9342
21 7.9835
22 3.89051
23 4.35235
24 4.20248
25 3.47748
26 4.20815
27 3.79942
28 4.01736
29 3.29031
"[DEBUG]index 60 centroid... "
0 3.29442
1 3.14975
2 3.09898
3 3.522
4 3.15144
5 3.41709
6 3.7978
7 2.93401
8 15.6717
9 4.01354
10 16.7005
11 6.1286
12 6.03299
13 16.5135
14 5.00931
15 16.3697
16 5.63706
17 6.10491
18 2.99662
19 1.70305
20 1.50931
21 2.54061
22 5.27834
23 2.88663
24 2.77919
25 2.84518
26 2.49831
27 2.40863
28 2.17851
29 2.27919
"[DEBUG]index 61 centroid... "
0 3.01144
1 2.99085
2 2.68325
3 2.7976
4 2.58948
5 3.14065
6 3.66152
7 2.88679
8 19.6815
9 6.0566
10 3.40652
11 2.24814
12 3.20183
13 7.72499
14 3.54374
15 2.0566
16 3.88107
17 3.3825
18 6.47684
19 21.9949
20 4.96398
21 22.1721
22 7.55975
23 4.14866
24 3.65409
25 3.76215
26 3.58148
27 3.66552
28 3.90909
29 3.77587
"[DEBUG]index 62 centroid... "
0 5.42123
1 5.02273
2 4.34402
3 4.26993
4 4.35181
5 4.77771
6 4.74907
7 3.45984
8 33.1161
9 8.43836
10 4.07254
11 2.09589
12 4.73537
13 1.75529
14 3.5165
15 15.0162
16 3.4203
17 13.6778
18 3.38138
19 12.8752
20 3.14913
21 2.0934
22 1.92186
23 4.05729
24 3.9698
25 4.5
26 4.25436
27 4.27366
28 3.63792
29 3.75311
"[DEBUG]index 63 centroid... "
0 2.56526
1 2.1977
2 1.92802
3 1.84165
4 1.87332
5 2.61036
6 2.71785
7 2.37044
8 9.02303
9 4.62092
10 3.06046
11 2.70633
12 4.76679
13 4.59405
14 2.60653
15 5.29559
16 9.19194
17 19.6919
18 15.5979
19 13.8436
20 19.691
21 8.9453
22 4.86852
23 3.32534
24 2.80422
25 2.82534
26 2.71401
27 2.97313
28 3.19002
29 2.9405
"[DEBUG]index 64 centroid... "
0 4.40431
1 4.36065
2 3.91441
3 4.10117
4 4.04636
5 3.84305
6 4.29448
7 3.31006
8 40.9009
9 7.50779
10 13.1512
11 3.52279
12 14.2764
13 3.51779
14 3.42777
15 11.7036
16 3.26909
17 12.5809
18 11.976
19 3.39488
20 11.9535
21 3.32776
22 10.6076
23 4.54991
24 3.89671
25 4.01616
26 3.92422
27 3.84535
28 3.57626
29 3.4774
"[DEBUG]index 65 centroid... "
0 3.2154
1 3.15339
2 3.35901
3 3.43211
4 2.64099
5 3.06658
6 3.29178
7 2.79634
8 16.9661
9 3.86031
10 18.7996
11 4.71475
12 2.6893
13 1.48042
14 2.40796
15 7.63055
16 2.52611
17 1.43995
18 1.55091
19 1.37076
20 2.20757
21 5.78394
22 6.38903
23 2.45627
24 2.87598
25 2.5594
26 2.44974
27 2.41971
28 2.42559
29 2.40535
"[DEBUG]index 66 centroid... "
0 4.20025
1 4.33597
2 3.3751
3 3.68901
4 3.73022
5 3.59492
6 4.51957
7 3.12656
8 36.7573
9 6.72898
10 13.1628
11 3.70358
12 13.9184
13 2.90966
14 11.0487
15 2.86969
16 11.4971
17 2.99084
18 11.2952
19 13.0641
20 3.3418
21 10.1366
22 11.9471
23 3.57619
24 3.90341
25 3.95878
26 3.23272
27 3.65154
28 3.64613
29 3.56578
"[DEBUG]index 67 centroid... "
0 3.77454
1 3.76227
2 3.14877
3 3.21933
4 3.49387
5 3.55368
6 3.28528
7 2.65951
8 16.7009
9 5.55061
10 2.82515
11 10.1764
12 2.60429
13 1.17025
14 0.838957
15 1.28374
16 3.09969
17 3.28221
18 5.4908
19 17.9601
20 5.70399
21 3.39264
22 1.56442
23 3.08436
24 3.07822
25 3.37117
26 3.43252
27 3.48773
28 3.41411
29 3.25
"[DEBUG]index 68 centroid... "
0 4.38879
1 4.71063
2 3.9563
3 4.26908
4 4.20493
5 4.12159
6 4.35851
7 3.12486
8 32.8795
9 8.60793
10 4.7701
11 8.39894
12 38.6448
13 5.8781
14 4.16014
15 3.82301
16 8.6073
17 7.91135
18 3.03434
19 8.42719
20 3.62151
21 3.45997
22 2.08928
23 3.57281
24 3.39925
25 3.23193
26 3.13891
27 3.20119
28 3.02528
29 2.85438
"[DEBUG]index 69 centroid... "
0 3.63668
1 3.38408
2 3.55825
3 3.2376
4 3.26067
5 3.62514
6 3.89043
7 3.68743
8 18.9158
9 5.25029
10 20.075
11 6.94925
12 3.83852
13 8.09227
14 5.44867
15 19.248
16 6.97809
17 6.72549
18 23.6378
19 7.07728
20 7.29412
21 20.3945
22 6.35986
23 3.82007
24 4.188
25 3.88812
26 3.9308
27 3.59631
28 3.60554
29 3.54095
"[DEBUG]index 70 centroid... "
0 3.31055
1 3.14323
2 2.94239
3 3.06782
4 2.75648
5 3.21707
6 3.6088
7 2.66955
8 19.6072
9 24.5216
10 6.04844
11 3.17177
12 2.81618
13 6.86462
14 1.87903
15 2.61953
16 1.40089
17 2.28437
18 6.81042
19 6.31579
20 2.30113
21 1.25268
22 2.19324
23 2.22126
24 2.27206
25 2.13747
26 2.28018
27 2.18696
28 2.2299
29 2.07646
"[DEBUG]index 71 centroid... "
0 4.17826
1 4.09137
2 3.53744
3 3.55793
4 3.72428
5 3.77839
6 3.99676
7 3.00229
8 35.5565
9 6.95875
10 3.28497
11 3.59003
12 3.7822
13 1.3509
14 3.28182
15 1.41559
16 3.48609
17 1.55097
18 3.38805
19 1.56145
20 3.06688
21 2.50667
22 12.7311
23 3.09613
24 3.46656
25 3.48952
26 3.46494
27 3.13253
28 3.26515
29 3.31098
"[DEBUG]index 72 centroid... "
0 5.31745
1 4.94628
2 4.50744
3 4.40273
4 4.58513
5 4.58392
6 5.09408
7 3.71897
8 34.3445
9 6.48376
10 14.0923
11 3.69712
12 15.5624
13 3.27102
14 11.1557
15 11.5748
16 3.64431
17 1.85615
18 3.45857
19 1.53475
20 3.18877
21 1.478
22 3.02337
23 3.59272
24 3.09014
25 2.89924
26 3.15994
27 2.84431
28 2.89226
29 2.61093
"[DEBUG]index 73 centroid... "
0 3.17766
1 3.65584
2 3.75431
3 3.44975
4 2.90558
5 3.39289
6 3.4467
7 3.04772
8 16.7594
9 3.70558
10 18.5553
11 6.60203
12 3.64365
13 6.59695
14 19.0508
15 4.99492
16 3.21929
17 2.08934
18 3.16041
19 5.61218
20 15.9949
21 5.70355
22 2.95127
23 3.32589
24 3.26802
25 3.15533
26 2.80508
27 2.73604
28 3.11777
29 2.73401
"[DEBUG]index 74 centroid... "
0 3.44211
1 3.30241
2 3.57394
3 3.47669
4 3.06391
5 3.10976
6 3.11006
7 2.74714
8 16.5506
9 4.60744
10 10.6536
11 30.6431
12 10.5892
13 4.46697
14 3.28203
15 1.6945
16 1.74174
17 2.22939
18 4.80133
19 2.50062
20 1.68709
21 2.44551
22 4.00232
23 2.15684
24 2.20485
25 2.29932
26 2.35952
27 2.2527
28 2.31862
29 2.35211
"[DEBUG]index 75 centroid... "
0 4.46777
1 4.36832
2 3.57827
3 3.68877
4 3.5046
5 3.72376
6 3.77348
7 2.13996
8 19.6096
9 6.83057
10 2.4954
11 1.61878
12 4.01289
13 1.09945
14 0.786372
15 1.5488
16 2.02947
17 10.5727
18 3.0442
19 1.26704
20 3.43094
21 10.5525
22 2.41068
23 3.4291
24 4.44567
25 3.62799
26 3.28729
27 3.55249
28 3.80663
29 4.32413
"[DEBUG]index 76 centroid... "
0 3.69756
1 3.52683
2 3.32683
3 3.39268
4 3.81545
5 3.88293
6 4.18211
7 3.30732
8 13.4366
9 5.92276
10 3.43008
11 5.70488
12 15.5724
13 5.15041
14 11.0081
15 26.8829
16 10.0008
17 5.64309
18 3.37398
19 3.03577
20 1.64065
21 1.06829
22 1.66748
23 2.63902
24 2.7748
25 2.59512
26 2.42033
27 2.22195
28 2.29837
29 2.25203
"[DEBUG]index 77 centroid... "
0 4.08837
1 3.98244
2 3.74727
3 3.72596
4 3.60593
5 4.37277
6 4.14105
7 3.65141
8 34.9338
9 7.92775
10 3.3437
11 12.3993
12 3.79447
13 3.52015
14 10.8751
15 11.3506
16 3.26857
17 12.7032
18 3.0593
19 11.1707
20 10.3687
21 3.01871
22 11.8854
23 4.20006
24 3.73057
25 3.73633
26 3.48877
27 3.65717
28 3.50662
29 3.5426
"[DEBUG]index 78 centroid... "
0 2.60451
1 2.57659
2 2.61734
3 2.52434
4 2.59498
5 2.73165
6 2.85927
7 2.22732
8 11.1049
9 4.82267
10 2.92954
11 5.26985
12 9.2142
13 31.1919
14 8.65676
15 4.98708
16 2.66384
17 4.61224
18 2.00057
19 2.25788
20 2.12865
21 3.90653
22 2.11573
23 2.23099
24 2.03594
25 2.00726
26 1.87144
27 1.91785
28 1.92992
29 1.98566
"[DEBUG]index 79 centroid... "
0 4.93623
1 4.9905
2 3.72456
3 3.69878
4 4.01628
5 3.48847
6 3.95522
7 2.66079
8 23.3501
9 6.77069
10 3.16011
11 3.81818
12 1.04749
13 3.3555
14 1.1479
15 0.610583
16 1.34057
17 2.75441
18 12.3989
19 2.34193
20 3.35142
21 2.80597
22 2.57531
23 3.39484
24 3.64858
25 3.37585
26 3.66214
27 3.57123
28 3.86567
29 3.60651
"[DEBUG]index 80 centroid... "
0 6.08847
1 6.26635
2 5.20729
3 5.41035
4 5.28565
5 5.92376
6 5.94329
7 4.08212
8 33.1506
9 8.56635
10 4.33741
11 2.16141
12 3.86024
13 14.4052
14 3.62047
15 3.84306
16 1.50588
17 4.00565
18 3.51153
19 1.43224
20 1.55576
21 2.94447
22 1.41835
23 3.89412
24 3.55365
25 3.42047
26 3.53953
27 3.44988
28 3.62753
29 3.71012
"[DEBUG]index 81 centroid... "
0 4.36137
1 4.58768
2 3.91173
3 4.12737
4 4.16054
5 4.30924
6 4.66884
7 3.69135
8 22.1386
9 6.96742
10 4.44194
11 4.42121
12 6.65047
13 24.3211
14 6.44668
15 3.83116
16 4.40521
17 6.9064
18 26.6736
19 6.76836
20 3.91588
21 3.62145
22 1.95557
23 3.33116
24 3.05213
25 3.62618
26 3.3122
27 3.06931
28 2.81161
29 2.90462
"[DEBUG]index 82 centroid... "
0 4.18421
1 4.38964
2 3.6528
3 3.89134
4 3.19779
5 3.63922
6 4.2275
7 3.27165
8 29.8531
9 5.34975
10 11.4007
11 3.14686
12 1.64346
13 2.90407
14 9.99066
15 11.0297
16 3.32343
17 3.51273
18 11.2666
19 10.0832
20 2.43633
21 3.51358
22 1.25467
23 3.49491
24 3.32937
25 2.97199
26 3.24448
27 3.02886
28 3.16638
29 2.79966
"[DEBUG]index 83 centroid... "
0 5.3608
1 5.21164
2 4.14018
3 4.04334
4 4.44943
5 4.47755
6 4.91058
7 3.12183
8 27.4244
9 6.51542
10 3.74971
11 1.61617
12 4.04373
13 1.83093
14 1.72901
15 3.25498
16 14.4471
17 3.99102
18 1.83405
19 3.46076
20 12.2632
21 2.74463
22 1.67942
23 4.57517
24 4.62749
25 3.97696
26 4.0695
27 4.0531
28 4.37798
29 3.63452
"[DEBUG]index 84 centroid... "
0 9.37595
1 8.8098
2 6.94593
3 7.6374
4 6.62023
5 6.58715
6 7.10369
7 5.55534
8 26.1698
9 7.45865
10 14.2036
11 4.65649
12 2.22583
13 4.99364
14 1.84288
15 2.06489
16 5.41921
17 1.66858
18 3.80662
19 2.01145
20 1.04198
21 1.59097
22 1.78308
23 3.77417
24 3.45356
25 3.47646
26 3.77735
27 3.65458
28 3.94911
29 3.51145
"[DEBUG]index 85 centroid... "
0 2.52494
1 2.46431
2 2.07905
3 2.25748
4 1.86723
5 2.39639
6 2.74597
7 2.12932
8 10.6362
9 24.348
10 7.70721
11 4.94705
12 2.46546
13 1.23753
14 2.40637
15 1.15771
16 2.0165
17 4.83653
18 2.41404
19 2.1251
20 4.29931
21 10.4313
22 3.58097
23 2.41942
24 2.56408
25 2.10246
26 2.00384
27 2.08826
28 2.24866
29 2.28319
"[DEBUG]index 86 centroid... "
0 6.09373
1 6.01342
2 5.10918
3 4.91416
4 5.4766
5 5.39521
6 5.3809
7 4.33683
8 45.6363
9 8.77248
10 3.42999
11 2.00064
12 1.64683
13 2.89279
14 1.47189
15 3.63595
16 1.43851
17 3.58241
18 1.3168
19 2.91937
20 2.7265
21 1.23604
22 2.91282
23 3.31496
24 3.10162
25 3.51094
26 3.65376
27 3.86398
28 3.65007
29 3.6769
"[DEBUG]index 87 centroid... "
0 4.33874
1 4.03531
2 3.61641
3 3.30153
4 4.93321
5 3.27767
6 4.10019
7 3.35496
8 26.9866
9 6.91794
10 3.28721
11 13.3903
12 10.7414
13 10.313
14 3.41508
15 1.71756
16 3.53149
17 2.68416
18 2.99714
19 1.27195
20 3.55534
21 10.8073
22 9.76145
23 2.98855
24 3.16412
25 3.15553
26 2.9542
27 2.76431
28 3.28531
29 2.72233
"[DEBUG]index 88 centroid... "
0 4.23137
1 4.33071
2 4.10059
3 3.93782
4 3.44417
5 3.7965
6 4.44256
7 3.50045
8 25.0213
9 5.42451
10 26.9859
11 6.94765
12 4.02376
13 2.07915
14 3.60086
15 1.91853
16 3.57031
17 9.91192
18 2.88672
19 7.91799
20 3.49473
21 1.53832
22 3.24906
23 3.05539
24 3.07701
25 3.41272
26 3.43827
27 3.10559
28 3.06771
29 2.8358
"[DEBUG]index 89 centroid... "
0 4.48946
1 4.26591
2 3.85013
3 3.89944
4 3.34655
5 4.01199
6 4.57745
7 3.5935
8 22.9041
9 28.5011
10 4.97293
11 3.6082
12 1.89228
13 2.649
14 7.77954
15 2.34055
16 8.24386
17 3.33765
18 1.55366
19 2.61497
20 2.48018
21 1.39354
22 2.42448
23 2.87449
24 2.88861
25 2.75962
26 2.64997
27 2.69348
28 2.53916
29 2.6434
"[DEBUG]index 90 centroid... "
0 4.29105
1 4.04151
2 3.67528
3 3.84825
4 3.74031
5 4.11347
6 4.5572
7 3.04889
8 31.5046
9 5.99631
10 12.4649
11 3.09271
12 12.6056
13 2.89806
14 11.3409
15 2.81458
16 9.7809
17 10.0835
18 2.81458
19 1.77906
20 3.24769
21 8.52721
22 2.56411
23 3.66836
24 3.77952
25 3.1905
26 3.03137
27 3.08579
28 2.99539
29 3.15544
"[DEBUG]index 91 centroid... "
0 3.95604
1 3.45144
2 3.29921
3 3.52559
4 3.57087
5 3.90486
6 3.96325
7 3.30643
8 28.9882
9 5.7979
10 3.22375
11 2.08399
12 3.11614
13 9.24541
14 2.9101
15 14.0787
16 3.24606
17 13.3104
18 3.20669
19 12.3051
20 3.02034
21 10.6024
22 10.6483
23 3.83858
24 4.28018
25 4.29003
26 3.76837
27 4.02625
28 3.77756
29 3.59908
"[DEBUG]index 92 centroid... "
0 3.84197
1 3.82446
2 3.55516
3 3.70216
4 3.38993
5 3.98369
6 4.06163
7 3.3964
8 19.8165
9 6.7506
10 3.35276
11 8.56619
12 3.37626
13 7.39281
14 23.8741
15 4.92998
16 24.418
17 6.51391
18 7.68058
19 3.44365
20 3.57986
21 3.16211
22 6.68609
23 3.49209
24 3.85204
25 3.42446
26 3.30048
27 2.97746
28 3.25468
29 3.22734
"[DEBUG]index 93 centroid... "
0 3.92073
1 3.7859
2 3.55036
3 3.87102
4 3.57635
5 4.05003
6 4.10754
7 3.3603
8 23.3415
9 6.71313
10 6.69266
11 27.6589
12 8.2141
13 3.91455
14 6.95127
15 26.1446
16 6.14977
17 3.56563
18 7.35835
19 3.22742
20 7.2206
21 2.90936
22 7.74886
23 3.81124
24 3.67446
25 3.5078
26 3.33106
27 3.27323
28 3.18908
29 3.18161
"[DEBUG]index 94 centroid... "
0 4.95217
1 5.13987
2 4.69507
3 4.65919
4 4.16229
5 4.74653
6 4.98313
7 3.70169
8 33.6348
9 6.67286
10 12.4922
11 13.7087
12 3.26329
13 11.0568
14 12.3493
15 3.05894
16 1.8202
17 3.39932
18 3.05894
19 1.5236
20 2.90369
21 3.08477
22 2.60175
23 3.17168
24 2.82212
25 2.72411
26 2.85672
27 2.6199
28 2.70105
29 2.67564
"[DEBUG]index 95 centroid... "
0 4.23468
1 4.82079
2 3.69317
3 4.20636
4 3.62219
5 3.54771
6 4.42824
7 3.14624
8 27.3282
9 4.98759
10 11.469
11 3.79635
12 1.63576
13 3.42979
14 1.39953
15 3.32312
16 12.4888
17 2.57448
18 11.3957
19 10.0112
20 2.88984
21 1.82816
22 3.69822
23 3.39333
24 3.38906
25 3.64895
26 3.48371
27 3.62684
28 3.28704
29 3.32002
"[DEBUG]index 96 centroid... "
0 4.83193
1 4.71365
2 3.9382
3 4.07075
4 4.27964
5 4.66275
6 5.02824
7 3.5028
8 40.2257
9 7.35375
10 4.37947
11 4.17785
12 14.5324
13 9.89122
14 3.29446
15 14.137
16 4.04614
17 1.9561
18 3.51286
19 12.8688
20 3.56432
21 3.58641
22 12.9922
23 4.05565
24 3.74972
25 4.2226
26 4.10067
27 4.14374
28 3.88842
29 3.86773
"[DEBUG]index 97 centroid... "
0 4.31174
1 3.812
2 3.67716
3 3.7541
4 3.64569
5 4.01824
6 3.79773
7 3.28794
8 30.3382
9 7.43152
10 3.78821
11 13.1991
12 3.00899
13 10.4151
14 3.41036
15 2.97673
16 1.84532
17 3.33712
18 3.24511
19 12.8017
20 2.69751
21 10.3012
22 11.0455
23 3.77737
24 3.79825
25 3.77393
26 3.51137
27 3.54045
28 3.51031
29 3.86383
"[DEBUG]index 98 centroid... "
0 3.6413
1 3.89977
2 3.42577
3 3.61718
4 3.13715
5 4.24642
6 3.84024
7 3.3474
8 17.9103
9 6.81085
10 3.04069
11 7.50113
12 6.93142
13 3.13564
14 6.9902
15 23.6526
16 4.94047
17 19.6993
18 19.4408
19 5.93971
20 7.15674
21 3.83346
22 1.92766
23 3.79955
24 3.54107
25 3.36247
26 3.38282
27 3.45516
28 3.39714
29 2.91861
"[DEBUG]index 99 centroid... "
0 3.90214
1 3.74656
2 3.25954
3 3.29641
4 3.20579
5 3.56559
6 3.6721
7 2.75691
8 26.4738
9 7.59367
10 4.25245
11 3.86541
12 8.51581
13 3.2628
14 1.81917
15 4.08821
16 3.50659
17 7.16324
18 30.2347
19 7.14324
20 3.62161
21 9.22039
22 3.16636
23 3.47341
24 3.58148
25 3.61835
26 3.74727
27 3.72401
28 3.34364
29 3.37498
