"[DEBUG]index 0 centroid... "
0 0.375684
1 0.342326
2 0.288673
3 0.272408
4 0.147775
5 0.25801
6 0.0691021
7 0.0776429
8 0.360143
9 0.427694
10 0.125122
11 0.244153
12 0.318888
13 0.231214
14 0.195357
15 0.279969
16 0.187184
17 0.0347143
18 0.0867551
19 0.207061
20 0.227541
21 0.107102
22 0.0555
23 0.194173
24 0.132806
25 0.259112
26 0.338571
27 0.265276
28 0.241418
29 0.270429
"[DEBUG]index 1 centroid... "
0 0.136224
1 0.0922164
2 0.0293209
3 0.0834179
4 0.037209
5 0.0727388
6 0.163619
7 0.0212686
8 0.0746866
9 0.0781567
10 0.0586866
11 0.140485
12 0.12747
13 0.203955
14 0.274336
15 0.282373
16 0.143851
17 0.348873
18 0.264157
19 0.305799
20 0.272231
21 0.264261
22 0.261343
23 0.174254
24 0.0960075
25 0.092209
26 -0.0112686
27 0.0124328
28 0.066112
29 -0.022791
"[DEBUG]index 2 centroid... "
0 0.130472
1 0.180757
2 0.131414
3 0.196389
4 0.167913
5 0.161362
6 0.124183
7 0.192876
8 0.101666
9 0.0767672
10 0.104998
11 0.0955328
12 0.173631
13 0.150286
14 0.213916
15 0.147842
16 0.167314
17 0.083016
18 0.0160586
19 0.166194
20 0.112643
21 0.179964
22 0.0955524
23 0.146256
24 0.0800249
25 0.0906021
26 0.130172
27 0.119592
28 0.117991
29 0.117098
"[DEBUG]index 3 centroid... "
0 -0.0351429
1 0.14681
2 0.0209524
3 0.0499048
4 0.364167
5 0.152952
6 -0.31281
7 0.0964524
8 -0.0215238
9 0.0577143
10 0.138071
11 0.044381
12 0.0951904
13 0.0221905
14 -0.153071
15 -0.215643
16 -0.112643
17 0.202476
18 -0.00252382
19 0.0241667
20 0.058
21 0.198667
22 0.0665
23 0.361048
24 0.0618095
25 0.154929
26 -0.00635716
27 0.118119
28 0.109619
29 0.0462381
"[DEBUG]index 4 centroid... "
0 0.108834
1 0.117826
2 0.117379
3 0.126284
4 0.0912406
5 0.0868517
6 0.162476
7 0.141383
8 0.0556644
9 0.0878568
10 0.0917014
11 0.150244
12 0.115181
13 0.147811
14 0.084826
15 0.113672
16 0.158305
17 0.140456
18 0.131765
19 0.200223
20 0.120978
21 0.0341829
22 0.123965
23 0.136102
24 0.137782
25 0.133348
26 0.111898
27 0.132772
28 0.134613
29 0.116599
"[DEBUG]index 5 centroid... "
0 0.118885
1 0.0954378
2 0.0575603
3 0.115944
4 0.142453
5 0.111073
6 0.118658
7 0.16683
8 0.0822706
9 0.0882134
10 0.148977
11 0.0767533
12 0.0470976
13 0.144063
14 0.148744
15 0.145059
16 0.113626
17 0.167663
18 0.0974363
19 0.031879
20 0.133703
21 0.137643
22 0.135342
23 0.128375
24 0.117306
25 0.0924118
26 0.0828085
27 0.10687
28 0.12191
29 0.101818
"[DEBUG]index 6 centroid... "
0 0.129734
1 0.123453
2 0.144014
3 0.121329
4 0.141639
5 0.111969
6 0.168677
7 0.093946
8 0.073473
9 0.153636
10 0.060875
11 0.0357946
12 0.131247
13 0.134429
14 0.153237
15 0.13268
16 0.0813687
17 0.142849
18 0.17733
19 0.214116
20 0.131065
21 0.147149
22 0.193981
23 0.204363
24 0.190865
25 0.173387
26 0.182443
27 0.167705
28 0.170295
29 0.165749
"[DEBUG]index 7 centroid... "
0 0.116077
1 0.0406463
2 0.196039
3 0.102276
4 0.135498
5 0.10208
6 0.253132
7 0.183029
8 0.10319
9 0.138913
10 0.116379
11 0.120203
12 0.180006
13 0.162994
14 0.220392
15 0.129013
16 0.254453
17 0.0964437
18 0.124264
19 0.170569
20 0.303418
21 0.163948
22 0.232177
23 0.202331
24 0.249733
25 0.23217
26 0.22146
27 0.185177
28 0.334209
29 0.296486
"[DEBUG]index 8 centroid... "
0 0.127154
1 0.130992
2 0.137024
3 0.14286
4 0.146798
5 0.107465
6 0.155208
7 0.123797
8 0.0320419
9 0.122327
10 0.154743
11 0.153242
12 0.140676
13 0.106008
14 0.095646
15 0.0705321
16 0.0959896
17 0.0933459
18 0.158061
19 0.15478
20 0.0913096
21 0.133345
22 0.164658
23 0.11793
24 0.122623
25 0.127567
26 0.128245
27 0.137646
28 0.139032
29 0.149442
"[DEBUG]index 9 centroid... "
0 0.125101
1 0.11395
2 0.112238
3 0.151138
4 0.136639
5 0.110208
6 0.127333
7 0.129785
8 0.0383039
9 0.113956
10 0.14305
11 0.086047
12 0.140614
13 0.185803
14 0.158518
15 0.0840997
16 0.13351
17 0.199204
18 0.121838
19 0.0919678
20 0.156532
21 0.185744
22 0.150186
23 0.1503
24 0.196541
25 0.141117
26 0.136946
27 0.177106
28 0.139816
29 0.144667
"[DEBUG]index 10 centroid... "
0 0.135606
1 0.130183
2 0.136109
3 0.146638
4 0.125264
5 0.106461
6 0.162235
7 0.129649
8 0.0420503
9 0.0825411
10 0.1467
11 0.16639
12 0.138439
13 0.0635812
14 0.128612
15 0.163845
16 0.153637
17 0.0637187
18 0.0834496
19 0.0997471
20 0.146738
21 0.120249
22 0.0762357
23 0.158036
24 0.142824
25 0.122263
26 0.132403
27 0.138264
28 0.127923
29 0.129877
"[DEBUG]index 11 centroid... "
0 0.120569
1 0.125366
2 0.0603528
3 0.0885694
4 0.077148
5 0.112523
6 0.145671
7 0.0883032
8 0.065786
9 0.0403871
10 0.0753567
11 0.139084
12 0.101894
13 0.102077
14 0.083401
15 0.0815642
16 0.068796
17 0.0954856
18 0.0949884
19 0.0366784
20 -0.00794887
21 0.110583
22 0.135302
23 0.0884942
24 0.140863
25 0.105724
26 0.12278
27 0.087282
28 0.0882774
29 0.120488
"[DEBUG]index 12 centroid... "
0 0.116407
1 0.115336
2 0.11946
3 0.113761
4 0.12004
5 0.103092
6 0.145325
7 0.139244
8 0.0351858
9 0.0856817
10 0.160489
11 0.131059
12 0.120855
13 0.136225
14 0.155392
15 0.0790382
16 0.0221189
17 0.142198
18 0.147879
19 0.0946058
20 0.156485
21 0.133401
22 0.086242
23 0.112114
24 0.126286
25 0.109165
26 0.1251
27 0.121548
28 0.143474
29 0.133101
"[DEBUG]index 13 centroid... "
0 0.144654
1 0.143069
2 0.143318
3 0.159678
4 0.166459
5 0.0897108
6 0.154339
7 0.144388
8 0.0567991
9 0.066272
10 0.0329284
11 0.0463392
12 0.00570317
13 0.115696
14 0.144215
15 0.172577
16 0.167104
17 0.0833155
18 0.082254
19 0.142533
20 0.169069
21 0.184601
22 0.160154
23 0.161986
24 0.222245
25 0.273984
26 0.246863
27 0.267343
28 0.230248
29 0.222911
"[DEBUG]index 14 centroid... "
0 0.12134
1 0.0760579
2 0.0889898
3 0.0906497
4 0.180964
5 0.102194
6 0.143187
7 0.0422272
8 -0.000978285
9 0.0772778
10 0.147213
11 0.0985659
12 0.115549
13 0.154683
14 0.180945
15 0.125001
16 0.0402909
17 0.069026
18 0.110255
19 0.134339
20 0.201438
21 0.0818885
22 0.0393893
23 0.065916
24 0.101243
25 0.0711577
26 0.0614269
27 0.0730984
28 0.0856034
29 0.0801563
"[DEBUG]index 15 centroid... "
0 0.158382
1 0.150797
2 0.116444
3 0.126477
4 0.130332
5 0.141879
6 0.142739
7 0.198217
8 0.0973258
9 0.0268522
10 0.0937696
11 0.12499
12 0.112486
13 0.0874914
14 0.0604707
15 0.150359
16 0.110304
17 0.102411
18 0.106255
19 0.128502
20 0.146315
21 0.123464
22 0.125017
23 0.143617
24 0.149526
25 0.126087
26 0.154705
27 0.136081
28 0.173683
29 0.192534
"[DEBUG]index 16 centroid... "
0 0.112053
1 0.102404
2 0.114469
3 0.130454
4 0.131959
5 0.110904
6 0.141065
7 0.120179
8 0.0334006
9 0.095899
10 0.146366
11 0.103656
12 0.132066
13 0.0927226
14 0.107772
15 0.137594
16 0.144303
17 0.173075
18 0.137551
19 0.0858588
20 0.139069
21 0.157663
22 0.141251
23 0.142883
24 0.126324
25 0.127643
26 0.121207
27 0.096308
28 0.124685
29 0.113563
"[DEBUG]index 17 centroid... "
0 0.135487
1 0.101336
2 0.107926
3 0.123188
4 0.105405
5 0.0788478
6 0.15258
7 0.119828
8 0.0442913
9 0.130316
10 0.176507
11 0.056151
12 0.130097
13 0.1509
14 0.113217
15 0.0961158
16 0.184877
17 0.131192
18 0.077597
19 0.146989
20 0.191763
21 0.0512997
22 0.102635
23 0.216407
24 0.129081
25 0.121942
26 0.0868651
27 0.0989074
28 0.0983947
29 0.126074
"[DEBUG]index 18 centroid... "
0 0.154361
1 0.134618
2 0.171147
3 0.157716
4 0.163429
5 0.141052
6 0.18598
7 0.165908
8 0.0642425
9 0.175852
10 0.182286
11 0.115676
12 0.18248
13 0.139475
14 0.132299
15 0.19337
16 0.159095
17 0.0902588
18 0.148753
19 0.218519
20 0.154852
21 0.107854
22 0.178786
23 0.184713
24 0.115249
25 0.145277
26 0.15814
27 0.109126
28 0.12101
29 0.154624
"[DEBUG]index 19 centroid... "
0 0.140068
1 0.140605
2 0.182011
3 0.146106
4 0.156387
5 0.111102
6 0.192526
7 0.165673
8 0.0207607
9 0.0886707
10 0.146039
11 0.103635
12 0.183875
13 0.121561
14 0.0281988
15 0.106709
16 0.17276
17 0.131124
18 0.0827813
19 0.0553432
20 0.159509
21 0.152921
22 0.108215
23 0.159689
24 0.141882
25 0.106567
26 0.120556
27 0.114412
28 0.130698
29 0.126521
"[DEBUG]index 20 centroid... "
0 0.0405053
1 0.0972293
2 0.0942229
3 0.0911083
4 0.116338
5 0.166643
6 0.207351
7 0.0970255
8 0.117639
9 0.159223
10 0.252227
11 0.158289
12 0.14769
13 0.225737
14 0.239431
15 0.17907
16 0.173161
17 0.132652
18 0.158546
19 0.174592
20 0.21759
21 0.15651
22 0.24307
23 0.10131
24 0.129856
25 0.158936
26 0.200104
27 0.147732
28 0.1789
29 0.112374
"[DEBUG]index 21 centroid... "
0 0.142014
1 0.144441
2 0.155836
3 0.154923
4 0.157528
5 0.134408
6 0.164125
7 0.1372
8 0.0436216
9 0.145703
10 0.191626
11 0.114366
12 0.151404
13 0.159278
14 0.143616
15 0.155209
16 0.131599
17 0.150591
18 0.190373
19 0.166453
20 0.135207
21 0.180839
22 0.17815
23 0.177791
24 0.165315
25 0.158355
26 0.169979
27 0.149231
28 0.151926
29 0.160898
"[DEBUG]index 22 centroid... "
0 0.14459
1 0.135605
2 0.140609
3 0.139696
4 0.132064
5 0.141135
6 0.179827
7 0.155599
8 0.0169866
9 0.142458
10 0.193572
11 0.119648
12 0.103537
13 0.201556
14 0.134257
15 0.030817
16 0.118591
17 0.166646
18 0.130803
19 0.162909
20 0.141412
21 0.117079
22 0.140133
23 0.162007
24 0.158772
25 0.173448
26 0.165779
27 0.163673
28 0.143441
29 0.174533
"[DEBUG]index 23 centroid... "
0 0.152802
1 0.146197
2 0.124013
3 0.145733
4 0.128717
5 0.113182
6 0.146314
7 0.145787
8 0.0527783
9 0.0803122
10 0.168198
11 0.121389
12 0.128845
13 0.0964085
14 0.0168536
15 0.13092
16 0.122302
17 0.128367
18 0.140352
19 0.092793
20 0.141539
21 0.176436
22 0.163704
23 0.168228
24 0.149693
25 0.16951
26 0.16734
27 0.181586
28 0.19286
29 0.190005
"[DEBUG]index 24 centroid... "
0 0.133784
1 0.133782
2 0.127025
3 0.132197
4 0.142015
5 0.103334
6 0.159958
7 0.13069
8 0.0334015
9 0.139436
10 0.16615
11 0.111023
12 0.0998463
13 0.114862
14 0.0958238
15 0.0651869
16 0.141296
17 0.148524
18 0.0586401
19 0.131013
20 0.161017
21 0.126168
22 0.135411
23 0.150148
24 0.141426
25 0.128786
26 0.15668
27 0.152589
28 0.155933
29 0.168781
"[DEBUG]index 25 centroid... "
0 0.123373
1 0.116838
2 0.126761
3 0.138133
4 0.144324
5 0.129336
6 0.162133
7 0.13254
8 0.0150507
9 0.034342
10 0.0772417
11 0.12774
12 0.165327
13 0.137016
14 0.121615
15 0.141761
16 0.19704
17 0.179618
18 0.175014
19 0.19915
20 0.182049
21 0.179161
22 0.218821
23 0.197787
24 0.18967
25 0.188039
26 0.195302
27 0.17248
28 0.16789
29 0.167465
"[DEBUG]index 26 centroid... "
0 0.168632
1 0.0565522
2 0.114056
3 0.109971
4 0.142664
5 0.0620086
6 0.105476
7 0.139717
8 0.0284964
9 0.104557
10 0.113149
11 0.156835
12 0.0485136
13 0.027651
14 0.0136295
15 0.0663033
16 0.139785
17 0.132449
18 0.161801
19 0.0857668
20 0.0237554
21 0.0582089
22 0.0720501
23 0.0965252
24 0.145561
25 0.0874794
26 0.0924565
27 0.108366
28 0.0697869
29 0.0490415
"[DEBUG]index 27 centroid... "
0 0.136166
1 0.130756
2 0.135577
3 0.105187
4 0.142043
5 0.097098
6 0.153494
7 0.0901086
8 0.0342788
9 0.135196
10 0.0843832
11 0.0624982
12 0.126869
13 0.141935
14 0.101503
15 0.146819
16 0.115549
17 0.064738
18 0.0660643
19 0.0972775
20 0.190897
21 0.173672
22 0.101547
23 0.134635
24 0.129357
25 0.100936
26 0.176684
27 0.150015
28 0.120989
29 0.155302
"[DEBUG]index 28 centroid... "
0 0.156586
1 0.136161
2 0.143205
3 0.135923
4 0.119837
5 0.116918
6 0.137061
7 0.125138
8 0.0429098
9 0.113678
10 0.120754
11 0.115805
12 0.111221
13 0.00469686
14 0.158589
15 0.130602
16 0.0893165
17 0.121207
18 0.112603
19 0.104278
20 0.105039
21 0.131078
22 0.1211
23 0.15465
24 0.165299
25 0.14378
26 0.153477
27 0.164645
28 0.163401
29 0.175696
"[DEBUG]index 29 centroid... "
0 0.138485
1 0.124429
2 0.128044
3 0.119576
4 0.124877
5 0.13982
6 0.171051
7 0.10205
8 0.0699981
9 0.0842704
10 0.0399369
11 0.112122
12 0.150718
13 0.109865
14 0.143177
15 0.102186
16 0.0705286
17 0.130738
18 0.194211
19 0.0824027
20 0.10135
21 0.171458
22 0.178812
23 0.117479
24 0.146723
25 0.151924
26 0.124952
27 0.138117
28 0.170115
29 0.171137
"[DEBUG]index 30 centroid... "
0 0.118992
1 0.116477
2 0.1172
3 0.139135
4 0.135103
5 0.108081
6 0.146916
7 0.139816
8 0.0171869
9 0.0735124
10 0.122545
11 0.12364
12 0.102357
13 0.0930915
14 0.120563
15 0.171143
16 0.0912164
17 0.0746599
18 0.173661
19 0.11499
20 0.12279
21 0.142979
22 0.0876998
23 0.111027
24 0.128567
25 0.0982181
26 0.112925
27 0.087995
28 0.0921703
29 0.0812113
"[DEBUG]index 31 centroid... "
0 0.139323
1 0.121189
2 0.131462
3 0.147761
4 0.151473
5 0.126059
6 0.17584
7 0.176166
8 0.0748618
9 0.12094
10 0.20312
11 0.150624
12 0.116914
13 0.183309
14 0.191282
15 0.113982
16 0.127626
17 0.152431
18 0.150009
19 0.154907
20 0.163094
21 0.179061
22 0.188249
23 0.174529
24 0.177952
25 0.182322
26 0.176664
27 0.173123
28 0.16671
29 0.171914
"[DEBUG]index 32 centroid... "
0 0.132109
1 0.157208
2 0.161499
3 0.0716512
4 0.0631964
5 0.0568285
6 0.0510646
7 0.0972551
8 -0.015739
9 0.069478
10 0.136937
11 0.0789445
12 0.106726
13 0.107084
14 0.111476
15 -0.0196578
16 -0.0252792
17 0.136516
18 0.0686164
19 0.0952246
20 0.0549992
21 0.176304
22 0.0817324
23 0.0729263
24 0.042135
25 0.0871269
26 0.122112
27 0.0830994
28 0.10095
29 0.0781359
"[DEBUG]index 33 centroid... "
0 0.135118
1 0.128083
2 0.123509
3 0.114624
4 0.145567
5 0.111834
6 0.132607
7 0.119186
8 0.0144773
9 0.000893055
10 0.0146321
11 0.0935517
12 0.149383
13 0.118484
14 0.115505
15 0.114556
16 0.114639
17 0.166051
18 0.128064
19 0.127836
20 0.198362
21 0.125967
22 0.153633
23 0.183543
24 0.151259
25 0.167705
26 0.149024
27 0.150469
28 0.145697
29 0.133905
"[DEBUG]index 34 centroid... "
0 0.0832848
1 0.104066
2 0.0938919
3 0.118538
4 0.0953825
5 0.0914383
6 0.123028
7 0.100586
8 0.0109789
9 0.101836
10 0.119119
11 0.113019
12 0.138707
13 0.0826041
14 0.0252534
15 0.127147
16 0.147719
17 0.0674852
18 0.117737
19 0.137659
20 0.107491
21 0.0834841
22 0.0776105
23 0.0889947
24 0.129723
25 0.0779168
26 0.101049
27 0.116279
28 0.105494
29 0.13843
"[DEBUG]index 35 centroid... "
0 0.153169
1 0.13435
2 0.134886
3 0.125474
4 0.144315
5 0.120899
6 0.147046
7 0.122497
8 0.060139
9 0.110861
10 0.134993
11 0.0812382
12 0.0833999
13 0.1672
14 0.169666
15 0.132117
16 0.100614
17 0.112428
18 0.104034
19 0.115666
20 0.087449
21 0.0446255
22 0.144797
23 0.192455
24 0.13531
25 0.142637
26 0.153583
27 0.13609
28 0.14474
29 0.129082
"[DEBUG]index 36 centroid... "
0 0.137872
1 0.109007
2 0.100623
3 0.132769
4 0.135356
5 0.122682
6 0.139873
7 0.199795
8 0.0478111
9 0.0407159
10 0.195772
11 0.18713
12 0.0942446
13 0.146645
14 0.161055
15 0.118867
16 0.129359
17 0.156077
18 0.18521
19 0.14893
20 0.197983
21 0.203164
22 0.170142
23 0.211995
24 0.215654
25 0.185338
26 0.177404
27 0.199639
28 0.178673
29 0.163482
"[DEBUG]index 37 centroid... "
0 0.128269
1 0.124598
2 0.139951
3 0.135359
4 0.111748
5 0.101894
6 0.14497
7 0.123415
8 0.0351309
9 0.100918
10 0.147385
11 0.12523
12 0.150873
13 0.118103
14 0.0949963
15 0.16563
16 0.105915
17 0.0476764
18 0.124278
19 0.1707
20 0.139907
21 0.123086
22 0.142252
23 0.130356
24 0.10394
25 0.131513
26 0.159593
27 0.158294
28 0.140539
29 0.155027
"[DEBUG]index 38 centroid... "
0 0.111508
1 0.107079
2 0.091712
3 0.132345
4 0.141443
5 0.0838934
6 0.156596
7 0.121875
8 0.0166801
9 0.077553
10 0.155102
11 0.120044
12 0.131122
13 0.172099
14 0.136109
15 0.0594676
16 0.15765
17 0.148637
18 0.0498685
19 0.112608
20 0.17755
21 0.0907129
22 0.0791922
23 0.122819
24 0.125134
25 0.102082
26 0.107634
27 0.124501
28 0.109627
29 0.093002
"[DEBUG]index 39 centroid... "
0 0.145219
1 0.132712
2 0.121565
3 0.155896
4 0.13944
5 0.130209
6 0.1638
7 0.141637
8 0.0316182
9 0.140572
10 0.168949
11 0.112244
12 0.120997
13 0.102609
14 0.149261
15 0.0887241
16 0.100288
17 0.193167
18 0.0883383
19 0.0244718
20 0.132028
21 0.173863
22 0.123963
23 0.123151
24 0.129721
25 0.127013
26 0.114929
27 0.129731
28 0.157375
29 0.165549
"[DEBUG]index 40 centroid... "
0 0.156071
1 0.130844
2 0.185643
3 0.166321
4 0.156215
5 0.144374
6 0.202971
7 0.218086
8 0.108332
9 0.195882
10 0.210056
11 0.113886
12 0.116951
13 0.185032
14 0.12442
15 0.145969
16 0.224207
17 0.227775
18 0.18319
19 0.209187
20 0.257968
21 0.298526
22 0.268648
23 0.208348
24 0.233516
25 0.233343
26 0.212674
27 0.221696
28 0.228388
29 0.158404
"[DEBUG]index 41 centroid... "
0 0.161076
1 0.146288
2 0.135295
3 0.143683
4 0.128056
5 0.149377
6 0.170064
7 0.178908
8 0.0976455
9 0.0863918
10 0.135351
11 0.0631528
12 0.0909912
13 0.136194
14 0.0975836
15 0.0862618
16 0.145044
17 0.155602
18 0.208124
19 0.252784
20 0.267429
21 0.256699
22 0.255517
23 0.270722
24 0.291828
25 0.278312
26 0.302462
27 0.296591
28 0.302426
29 0.269527
"[DEBUG]index 42 centroid... "
0 0.149192
1 0.13676
2 0.129728
3 0.155615
4 0.130688
5 0.121797
6 0.151267
7 0.208158
8 0.0638704
9 0.0218924
10 0.183862
11 0.152495
12 0.0931779
13 0.0998701
14 0.129513
15 0.159205
16 0.143357
17 0.0946883
18 0.157808
19 0.178311
20 0.116112
21 0.15654
22 0.183545
23 0.176402
24 0.129349
25 0.157892
26 0.154582
27 0.151565
28 0.179774
29 0.161819
"[DEBUG]index 43 centroid... "
0 0.0743902
1 0.0851101
2 0.0982127
3 0.122387
4 0.111313
5 0.0985181
6 0.120042
7 0.0896814
8 -7.03657e-05
9 0.111491
10 0.150497
11 0.10355
12 0.146505
13 0.119597
14 0.0457563
15 0.086258
16 0.14769
17 0.108292
18 0.0720037
19 0.0861595
20 0.13295
21 0.0995027
22 0.0388185
23 0.125708
24 0.11375
25 0.105636
26 0.112593
27 0.0700184
28 0.100648
29 0.0948144
"[DEBUG]index 44 centroid... "
0 0.110285
1 0.100528
2 0.108818
3 0.132583
4 0.120603
5 0.11143
6 0.166293
7 0.097552
8 0.0116066
9 0.0403376
10 0.0832791
11 0.130532
12 0.12869
13 0.111872
14 0.102063
15 0.113026
16 0.110641
17 0.0768471
18 0.068752
19 0.0849667
20 0.0911315
21 0.0753533
22 0.128607
23 0.132945
24 0.116845
25 0.13282
26 0.0901283
27 0.0991023
28 0.114621
29 0.114317
"[DEBUG]index 45 centroid... "
0 0.143289
1 0.134934
2 0.116695
3 0.129004
4 0.151751
5 0.11027
6 0.146022
7 0.0889991
8 0.00260359
9 0.0396333
10 0.0832629
11 0.147297
12 0.142574
13 0.0942585
14 0.101801
15 0.0877671
16 0.105104
17 0.137832
18 0.155342
19 0.118615
20 0.110343
21 0.136192
22 0.084789
23 0.138868
24 0.157498
25 0.132593
26 0.121287
27 0.10666
28 0.117367
29 0.124993
"[DEBUG]index 46 centroid... "
0 0.139105
1 0.135179
2 0.138735
3 0.142167
4 0.154917
5 0.131537
6 0.184495
7 0.162602
8 0.0549184
9 0.105427
10 0.171701
11 0.115639
12 0.13009
13 0.16092
14 0.099442
15 0.131366
16 0.19336
17 0.137752
18 0.110587
19 0.185879
20 0.175312
21 0.0990834
22 0.141655
23 0.161002
24 0.136917
25 0.143678
26 0.151472
27 0.141781
28 0.137983
29 0.156584
"[DEBUG]index 47 centroid... "
0 0.108766
1 0.10783
2 0.127577
3 0.133174
4 0.127379
5 0.102934
6 0.157906
7 0.128727
8 0.0284514
9 0.13018
10 0.174806
11 0.0957311
12 0.144336
13 0.151858
14 0.134459
15 0.104889
16 0.091963
17 0.0881979
18 0.0589777
19 0.0764733
20 0.0943743
21 0.121625
22 0.140324
23 0.111656
24 0.118214
25 0.0994636
26 0.117275
27 0.12775
28 0.127064
29 0.140321
"[DEBUG]index 48 centroid... "
0 0.117983
1 0.118911
2 0.124166
3 0.126336
4 0.125033
5 0.0956957
6 0.126386
7 0.0966229
8 -0.00287378
9 0.0753467
10 0.127372
11 0.118534
12 0.122176
13 0.0916661
14 0.135182
15 0.124501
16 0.0874841
17 0.129985
18 0.127709
19 0.13128
20 0.134013
21 0.104341
22 0.136074
23 0.145028
24 0.130723
25 0.13023
26 0.129626
27 0.124108
28 0.125766
29 0.130904
"[DEBUG]index 49 centroid... "
0 0.108076
1 0.143387
2 0.123775
3 0.130306
4 0.13451
5 0.0979224
6 0.135435
7 0.104638
8 0.0125258
9 0.0983384
10 0.150544
11 0.141337
12 0.145982
13 0.0947644
14 0.0613384
15 0.131154
16 0.154064
17 0.157933
18 0.168101
19 0.135442
20 0.102818
21 0.105225
22 0.164015
23 0.116164
24 0.119703
25 0.154761
26 0.14732
27 0.147471
28 0.144862
29 0.163477
"[DEBUG]index 50 centroid... "
0 0.151901
1 0.144746
2 0.132429
3 0.13671
4 0.128739
5 0.114936
6 0.181474
7 0.152728
8 0.0377379
9 0.106713
10 0.214179
11 0.0842149
12 0.114974
13 0.185002
14 0.108125
15 0.14161
16 0.155205
17 0.0956564
18 0.120287
19 0.141476
20 0.179085
21 0.14271
22 0.101523
23 0.175353
24 0.182056
25 0.139703
26 0.166599
27 0.148628
28 0.153632
29 0.168952
"[DEBUG]index 51 centroid... "
0 0.120416
1 0.107151
2 0.111013
3 0.130924
4 0.146825
5 0.112281
6 0.150149
7 0.11762
8 0.0250436
9 0.0642838
10 0.0888897
11 0.127117
12 0.159202
13 0.112714
14 0.0946554
15 0.132363
16 0.144705
17 0.0991697
18 0.0947473
19 0.101194
20 0.0678523
21 0.0722931
22 0.0913788
23 0.127695
24 0.126871
25 0.116175
26 0.108906
27 0.103814
28 0.11626
29 0.121016
"[DEBUG]index 52 centroid... "
0 0.109216
1 0.103194
2 0.118577
3 0.122677
4 0.126184
5 0.107254
6 0.12295
7 0.115422
8 0.0195116
9 0.113612
10 0.192136
11 0.0851246
12 0.130211
13 0.135784
14 0.108969
15 0.0879349
16 0.05025
17 0.126349
18 0.138256
19 0.0836439
20 0.129062
21 0.129808
22 0.144106
23 0.133024
24 0.110565
25 0.145973
26 0.155434
27 0.126419
28 0.146054
29 0.145635
"[DEBUG]index 53 centroid... "
0 0.178255
1 0.202945
2 0.208233
3 0.193335
4 0.240233
5 0.122097
6 0.141235
7 0.134094
8 0.111
9 0.192704
10 0.174701
11 0.239066
12 0.190562
13 0.17467
14 0.116839
15 0.0630997
16 0.135125
17 0.176604
18 0.269158
19 0.224931
20 0.0729501
21 0.221479
22 0.25231
23 0.141213
24 0.207357
25 0.192333
26 0.180443
27 0.202479
28 0.225903
29 0.196693
"[DEBUG]index 54 centroid... "
0 0.154216
1 0.303238
2 0.211634
3 0.131011
4 0.15619
5 0.133007
6 0.149293
7 0.149447
8 0.0848572
9 0.128843
10 0.283102
11 0.175436
12 0.178121
13 0.214293
14 0.230641
15 0.068392
16 0.20426
17 0.217656
18 0.179476
19 0.255916
20 0.287952
21 0.202092
22 0.263971
23 0.12574
24 0.231128
25 0.238253
26 0.18267
27 0.250062
28 0.237718
29 0.251978
"[DEBUG]index 55 centroid... "
0 0.0889838
1 0.0583835
2 0.0755413
3 0.0772743
4 0.103122
5 0.0670442
6 0.153384
7 0.167956
8 0.0207242
9 0.11858
10 0.201226
11 0.135667
12 0.0936136
13 0.168397
14 -0.0011814
15 0.0665605
16 0.091466
17 0.158086
18 0.140636
19 0.240438
20 0.108385
21 0.0596283
22 0.158661
23 0.139264
24 0.153379
25 0.155625
26 0.106639
27 0.102919
28 0.0962877
29 0.104267
"[DEBUG]index 56 centroid... "
0 0.158686
1 0.144586
2 0.146497
3 0.154108
4 0.166308
5 0.150169
6 0.17354
7 0.173577
8 0.0461853
9 0.149853
10 0.174118
11 0.119202
12 0.141851
13 0.110957
14 0.155302
15 0.181323
16 0.0819349
17 0.0834014
18 0.189136
19 0.165484
20 0.135697
21 0.150294
22 0.160591
23 0.146661
24 0.179963
25 0.17466
26 0.170092
27 0.162322
28 0.175704
29 0.197447
"[DEBUG]index 57 centroid... "
0 0.0845898
1 0.0963585
2 0.0916227
3 0.0991433
4 0.131741
5 0.105829
6 0.122385
7 0.171084
8 0.0366247
9 0.00750126
10 0.067816
11 0.139023
12 0.149666
13 0.0860576
14 0.105869
15 0.00966839
16 0.00369173
17 0.0674373
18 0.0959884
19 0.0506579
20 0.119194
21 0.105337
22 0.097887
23 0.125713
24 0.109976
25 0.115337
26 0.130115
27 0.0969676
28 0.0648667
29 0.112871
"[DEBUG]index 58 centroid... "
0 0.0989252
1 0.124412
2 0.0998967
3 0.105917
4 0.129049
5 0.111358
6 0.140689
7 0.0968962
8 -0.0132814
9 0.0799092
10 0.133154
11 0.130608
12 0.0934812
13 0.093167
14 0.195973
15 0.0880871
16 0.0864308
17 0.143658
18 0.0455383
19 0.088029
20 0.1249
21 0.10226
22 0.109406
23 0.0780976
24 0.0790207
25 0.101387
26 0.127222
27 0.14908
28 0.114938
29 0.124827
"[DEBUG]index 59 centroid... "
0 0.122538
1 0.124926
2 0.141391
3 0.132664
4 0.129913
5 0.119081
6 0.166467
7 0.156262
8 0.0589501
9 0.120029
10 0.169256
11 0.130463
12 0.132648
13 0.121987
14 0.108175
15 0.126699
16 0.118239
17 0.144272
18 0.168186
19 0.10279
20 0.0744446
21 0.17926
22 0.15694
23 0.138973
24 0.145235
25 0.133825
26 0.150611
27 0.114621
28 0.133655
29 0.15716
"[DEBUG]index 60 centroid... "
0 0.112444
1 0.0982657
2 0.107874
3 0.105497
4 0.140418
5 0.136872
6 0.144251
7 0.0744914
8 0.0229973
9 0.0569855
10 0.0533329
11 0.147101
12 0.145551
13 0.0578534
14 0.056521
15 0.0364962
16 0.10321
17 0.0943335
18 0.0799811
19 0.0986046
20 0.0651741
21 0.126987
22 0.154754
23 0.15585
24 0.187157
25 0.165154
26 0.193157
27 0.194969
28 0.204019
29 0.170102
"[DEBUG]index 61 centroid... "
0 0.0934939
1 0.150869
2 0.120005
3 0.147427
4 0.14323
5 0.118899
6 0.141571
7 0.139006
8 0.0374813
9 0.0791981
10 0.132977
11 0.131542
12 0.0994633
13 0.0523326
14 0.134742
15 0.139827
16 0.124486
17 0.163967
18 0.0600389
19 0.0268182
20 0.0840379
21 0.0182419
22 0.109901
23 0.121539
24 0.131533
25 0.111981
26 0.100154
27 0.100793
28 0.106537
29 0.106915
"[DEBUG]index 62 centroid... "
0 0.104372
1 0.091121
2 0.109728
3 0.113487
4 0.12229
5 0.101136
6 0.151545
7 0.112711
8 0.0239077
9 0.0818885
10 0.140509
11 0.115634
12 0.135076
13 0.182328
14 0.139123
15 0.0611705
16 0.0477574
17 0.049323
18 0.0788374
19 0.0710828
20 0.110903
21 0.131803
22 0.125292
23 0.105584
24 0.0986412
25 0.0948629
26 0.128862
27 0.110907
28 0.105914
29 0.112569
"[DEBUG]index 63 centroid... "
0 0.206529
1 0.245662
2 0.259474
3 0.251301
4 0.201033
5 0.288052
6 0.250813
7 0.18863
8 0.130764
9 0.222575
10 0.212165
11 0.170767
12 0.134899
13 0.0974709
14 0.110514
15 0.115668
16 0.050326
17 0.0164983
18 0.110291
19 0.0857663
20 0.0947926
21 0.116263
22 0.0991898
23 0.12299
24 0.094696
25 0.0769901
26 0.150799
27 0.133029
28 0.246678
29 0.188593
"[DEBUG]index 64 centroid... "
0 0.128234
1 0.110508
2 0.109508
3 0.122911
4 0.126598
5 0.131164
6 0.187777
7 0.142948
8 0.0457386
9 0.0592891
10 0.0845573
11 0.103223
12 0.104982
13 0.151952
14 0.143115
15 0.101051
16 0.146941
17 0.102433
18 0.12066
19 0.1185
20 0.0865143
21 0.112285
22 0.0693085
23 0.11143
24 0.141358
25 0.123063
26 0.130349
27 0.123845
28 0.126902
29 0.145205
"[DEBUG]index 65 centroid... "
0 0.0959221
1 0.119046
2 0.090896
3 0.12407
4 0.124122
5 0.117007
6 0.167715
7 0.105553
8 0.0389063
9 0.0293818
10 0.0396106
11 0.0897947
12 0.138005
13 0.146275
14 0.103681
15 0.0853461
16 0.0956734
17 0.141688
18 0.0971602
19 0.146081
20 0.184064
21 0.0661341
22 0.0683014
23 0.132802
24 0.145782
25 0.118839
26 0.133619
27 0.137669
28 0.123197
29 0.104193
"[DEBUG]index 66 centroid... "
0 0.130409
1 0.0990624
2 0.100666
3 0.120079
4 0.11461
5 0.101041
6 0.153856
7 0.107327
8 0.0158888
9 0.0417583
10 0.0693798
11 0.0841115
12 0.0993991
13 0.0772801
14 0.0771537
15 0.0499264
16 0.0651493
17 0.157881
18 0.0676731
19 0.10666
20 0.179084
21 0.0716138
22 0.0685686
23 0.118113
24 0.117943
25 0.0985545
26 0.0939936
27 0.10773
28 0.111977
29 0.114861
"[DEBUG]index 67 centroid... "
0 0.106075
1 0.03881
2 0.0861353
3 0.116379
4 0.151987
5 0.114537
6 0.199259
7 0.197271
8 0.15158
9 0.15987
10 0.170706
11 0.122422
12 0.0975144
13 0.123576
14 0.0999002
15 0.131841
16 0.0824634
17 0.146725
18 0.115779
19 0.0655307
20 0.119373
21 0.185341
22 0.198628
23 0.15703
24 0.157991
25 0.134727
26 0.145276
27 0.0932678
28 0.133399
29 0.178103
"[DEBUG]index 68 centroid... "
0 0.143338
1 0.143216
2 0.136892
3 0.137675
4 0.119227
5 0.112928
6 0.165244
7 0.175208
8 0.0766738
9 0.105807
10 0.185529
11 0.113057
12 0.0633961
13 0.153584
14 0.175944
15 0.130432
16 0.0958076
17 0.125051
18 0.146628
19 0.11247
20 0.127094
21 0.154022
22 0.15257
23 0.151755
24 0.153492
25 0.175767
26 0.172319
27 0.173944
28 0.181414
29 0.180256
"[DEBUG]index 69 centroid... "
0 0.178757
1 0.172424
2 0.118815
3 0.176667
4 0.130074
5 0.107203
6 0.211587
7 0.144078
8 0.115832
9 0.131585
10 0.0526442
11 0.190739
12 0.175158
13 0.110567
14 0.144028
15 0.0515229
16 0.184248
17 0.0841219
18 0.0824813
19 0.190899
20 0.13339
21 0.0425055
22 0.140686
23 0.128194
24 0.109592
25 0.120789
26 0.148356
27 0.182873
28 0.166149
29 0.194999
"[DEBUG]index 70 centroid... "
0 0.114751
1 0.11273
2 0.0944926
3 0.0897554
4 0.127104
5 0.11965
6 0.135493
7 0.182356
8 0.0343973
9 0.0156773
10 0.115264
11 0.133052
12 0.0862881
13 0.0648343
14 0.121801
15 0.126519
16 0.111889
17 0.104523
18 0.0909646
19 0.082111
20 0.153162
21 0.149577
22 0.117859
23 0.113829
24 0.153232
25 0.153564
26 0.122762
27 0.137211
28 0.142217
29 0.143075
"[DEBUG]index 71 centroid... "
0 0.110147
1 0.107097
2 0.111853
3 0.131293
4 0.117992
5 0.0944353
6 0.129393
7 0.119928
8 0.0172203
9 0.0908617
10 0.163255
11 0.122527
12 0.127978
13 0.135169
14 0.104943
15 0.0906202
16 0.109491
17 0.127944
18 0.117168
19 0.114117
20 0.144221
21 0.104854
22 0.0649022
23 0.126809
24 0.130426
25 0.10417
26 0.136859
27 0.113814
28 0.105035
29 0.113176
"[DEBUG]index 72 centroid... "
0 0.104543
1 0.107184
2 0.102256
3 0.118828
4 0.12133
5 0.0957162
6 0.134855
7 0.126617
8 0.0229014
9 0.0291412
10 0.0685991
11 0.0868912
12 0.0856952
13 0.131074
14 0.0846896
15 0.0745268
16 0.154671
17 0.157354
18 0.105733
19 0.10963
20 0.153179
21 0.165099
22 0.148019
23 0.169382
24 0.18104
25 0.191121
26 0.170096
27 0.167605
28 0.173428
29 0.187616
"[DEBUG]index 73 centroid... "
0 0.12693
1 0.110264
2 0.152573
3 0.122804
4 0.138725
5 0.0960085
6 0.142231
7 0.104992
8 0.0485674
9 0.0884291
10 0.053276
11 0.109447
12 0.162095
13 0.1233
14 0.0705794
15 0.166376
16 0.133215
17 0.10489
18 0.135391
19 0.107729
20 0.129163
21 0.179046
22 0.202574
23 0.184484
24 0.193434
25 0.186747
26 0.116722
27 0.109354
28 0.13645
29 0.121961
"[DEBUG]index 74 centroid... "
0 0.147259
1 0.141687
2 0.0950635
3 0.0954216
4 0.098545
5 0.113714
6 0.136316
7 0.111045
8 0.0505558
9 0.136145
10 0.0963765
11 -0.00290766
12 0.074433
13 0.117506
14 0.0888025
15 0.102807
16 0.117735
17 0.163398
18 0.163643
19 0.216984
20 0.265205
21 0.227206
22 0.188162
23 0.257885
24 0.251656
25 0.231209
26 0.276334
27 0.267109
28 0.217613
29 0.215898
"[DEBUG]index 75 centroid... "
0 0.0970319
1 0.185035
2 0.180403
3 0.181675
4 0.17565
5 0.18676
6 0.185873
7 0.167379
8 0.0964848
9 0.132917
10 0.223642
11 0.209251
12 0.195178
13 0.189508
14 0.221751
15 0.204774
16 0.222335
17 0.116319
18 0.172006
19 0.242651
20 0.157079
21 0.142867
22 0.205089
23 0.21662
24 0.150619
25 0.174519
26 0.193029
27 0.178016
28 0.18547
29 0.175047
"[DEBUG]index 76 centroid... "
0 0.140574
1 0.148422
2 0.156401
3 0.130479
4 0.096682
5 0.114602
6 0.180614
7 0.15139
8 0.0400457
9 0.116821
10 0.219468
11 0.137765
12 0.116291
13 0.181576
14 0.133278
15 0.0705942
16 0.0803762
17 0.10564
18 0.122836
19 0.134267
20 0.153668
21 0.157445
22 0.160722
23 0.20004
24 0.25182
25 0.229851
26 0.26177
27 0.28824
28 0.277098
29 0.235605
"[DEBUG]index 77 centroid... "
0 0.162687
1 0.140804
2 0.149969
3 0.163328
4 0.143582
5 0.143385
6 0.195977
7 0.143748
8 0.0571064
9 0.150572
10 0.208164
11 0.118453
12 0.170344
13 0.205119
14 0.0735719
15 0.113445
16 0.133457
17 0.105527
18 0.143813
19 0.0864025
20 0.146625
21 0.180201
22 0.107992
23 0.130644
24 0.143495
25 0.129792
26 0.128738
27 0.119334
28 0.152621
29 0.163883
"[DEBUG]index 78 centroid... "
0 0.128309
1 0.133753
2 0.103183
3 0.128858
4 0.140762
5 0.0959553
6 0.136431
7 0.142409
8 0.0637577
9 0.116259
10 0.141261
11 0.125867
12 0.0471657
13 0.0397233
14 0.0800813
15 0.115091
16 0.10797
17 0.0989778
18 0.117801
19 0.150473
20 0.172353
21 0.168304
22 0.187681
23 0.173433
24 0.178066
25 0.230978
26 0.219476
27 0.216786
28 0.227748
29 0.228457
"[DEBUG]index 79 centroid... "
0 0.115415
1 0.148402
2 0.168966
3 0.162053
4 0.170154
5 0.122065
6 0.172133
7 0.161975
8 0.0685063
9 0.111687
10 0.175435
11 0.142046
12 0.159532
13 0.102887
14 0.118305
15 0.148531
16 0.137705
17 0.132171
18 0.0877465
19 0.130053
20 0.213718
21 0.162035
22 0.182966
23 0.180152
24 0.125696
25 0.14882
26 0.112063
27 0.128195
28 0.125524
29 0.149138
"[DEBUG]index 80 centroid... "
0 0.101094
1 0.102454
2 0.124726
3 0.130299
4 0.123527
5 0.0914105
6 0.137758
7 0.114576
8 0.0372589
9 0.0909951
10 0.146064
11 0.15057
12 0.120422
13 0.0545043
14 0.105777
15 0.129451
16 0.110509
17 0.0891211
18 0.102678
19 0.144702
20 0.154477
21 0.151338
22 0.173615
23 0.142101
24 0.128937
25 0.145995
26 0.146273
27 0.15591
28 0.163037
29 0.138277
"[DEBUG]index 81 centroid... "
0 0.106532
1 0.117725
2 0.126124
3 0.132391
4 0.108308
5 0.0918166
6 0.12431
7 0.101211
8 0.0204554
9 0.117007
10 0.128758
11 0.150698
12 0.119277
13 0.0461731
14 0.136167
15 0.122854
16 0.154793
17 0.0444534
18 0.0507428
19 0.143295
20 0.154995
21 0.141674
22 0.113928
23 0.129627
24 0.110377
25 0.112373
26 0.139253
27 0.13384
28 0.135985
29 0.113608
"[DEBUG]index 82 centroid... "
0 0.11549
1 0.138681
2 0.113057
3 0.151425
4 0.139855
5 0.127507
6 0.149959
7 0.122183
8 -0.0186726
9 0.0478339
10 0.0746848
11 0.103224
12 0.12302
13 0.110402
14 0.0775991
15 0.0805433
16 0.17734
17 0.164689
18 0.066903
19 0.0761891
20 0.134241
21 0.100845
22 0.0889679
23 0.0956985
24 0.110735
25 0.103337
26 0.115543
27 0.108914
28 0.131042
29 0.1542
"[DEBUG]index 83 centroid... "
0 0.133514
1 0.132589
2 0.138733
3 0.138952
4 0.144222
5 0.13111
6 0.147505
7 0.137127
8 0.0670028
9 0.100223
10 0.15584
11 0.135233
12 0.116847
13 0.128572
14 0.187616
15 0.127546
16 0.0769531
17 0.146695
18 0.21417
19 0.142612
20 0.103902
21 0.196406
22 0.174763
23 0.121702
24 0.132877
25 0.169538
26 0.136413
27 0.134237
28 0.148561
29 0.163848
"[DEBUG]index 84 centroid... "
0 0.122397
1 0.10008
2 0.116456
3 0.107531
4 0.128439
5 0.128607
6 0.145577
7 0.144778
8 0.0400331
9 0.0432588
10 0.0734897
11 0.148772
12 0.169917
13 0.108952
14 0.155509
15 0.152004
16 0.125581
17 0.158239
18 0.133162
19 0.182754
20 0.189305
21 0.173059
22 0.202902
23 0.167153
24 0.159914
25 0.174975
26 0.202708
27 0.183504
28 0.154329
29 0.161527
"[DEBUG]index 85 centroid... "
0 0.116193
1 0.108644
2 0.101762
3 0.128762
4 0.159016
5 0.121945
6 0.150854
7 0.160741
8 0.0839118
9 0.0252628
10 0.136237
11 0.157421
12 0.18015
13 0.145806
14 0.092357
15 0.105398
16 0.122781
17 0.0988748
18 0.155091
19 0.179503
20 0.122195
21 0.10782
22 0.162956
23 0.126628
24 0.113133
25 0.133699
26 0.0992539
27 0.116854
28 0.115146
29 0.113263
"[DEBUG]index 86 centroid... "
0 0.109492
1 0.11641
2 0.12347
3 0.136077
4 0.12863
5 0.105625
6 0.121407
7 0.104353
8 0.0209256
9 0.0749761
10 0.13932
11 0.122385
12 0.116441
13 0.125086
14 0.154295
15 0.173327
16 0.196197
17 0.200141
18 0.204388
19 0.180743
20 0.20988
21 0.245567
22 0.196439
23 0.198273
24 0.186725
25 0.159106
26 0.151622
27 0.149721
28 0.142891
29 0.12348
"[DEBUG]index 87 centroid... "
0 0.113134
1 0.137742
2 0.108262
3 0.129132
4 0.131204
5 0.116392
6 0.169963
7 0.185219
8 0.0105413
9 0.146329
10 0.193414
11 0.11492
12 0.050598
13 0.0888097
14 0.107744
15 0.118636
16 0.107302
17 0.0677584
18 0.0928589
19 0.171038
20 0.168197
21 0.0509826
22 0.105961
23 0.171276
24 0.193271
25 0.156641
26 0.140631
27 0.147859
28 0.133319
29 0.138564
"[DEBUG]index 88 centroid... "
0 0.114369
1 0.117331
2 0.125131
3 0.115455
4 0.127224
5 0.101041
6 0.165457
7 0.126637
8 0.0399813
9 0.0399857
10 0.0497227
11 0.122642
12 0.164235
13 0.142012
14 0.137498
15 0.143098
16 0.125086
17 0.0785716
18 0.112749
19 0.0950746
20 0.128549
21 0.167331
22 0.135996
23 0.11769
24 0.131725
25 0.134476
26 0.128211
27 0.115408
28 0.115554
29 0.127168
"[DEBUG]index 89 centroid... "
0 0.0983816
1 0.0998597
2 0.097689
3 0.0922954
4 0.116225
5 0.132183
6 0.126503
7 0.180745
8 0.0235209
9 0.013985
10 0.11667
11 0.100558
12 0.10723
13 0.102601
14 0.0540354
15 0.0982417
16 0.0922032
17 0.125957
18 0.146873
19 0.116178
20 0.10932
21 0.189006
22 0.158674
23 0.149833
24 0.167597
25 0.158502
26 0.152738
27 0.128111
28 0.148965
29 0.185327
"[DEBUG]index 90 centroid... "
0 0.12003
1 0.126873
2 0.121618
3 0.114146
4 0.128019
5 0.112131
6 0.174756
7 0.120887
8 0.0343233
9 0.0300344
10 0.0842152
11 0.0914683
12 0.0915006
13 0.0714211
14 0.0892803
15 0.155201
16 0.112406
17 0.10951
18 0.142999
19 0.160323
20 0.10029
21 0.081042
22 0.135708
23 0.145265
24 0.110169
25 0.14972
26 0.153431
27 0.118674
28 0.141653
29 0.142166
"[DEBUG]index 91 centroid... "
0 0.0744245
1 0.0614711
2 0.106364
3 0.110464
4 0.103165
5 0.0900914
6 0.159287
7 0.0979319
8 0.0039377
9 0.0543779
10 0.123258
11 0.144725
12 0.0956085
13 0.0891135
14 0.0471173
15 0.0335363
16 0.0141257
17 0.0153819
18 0.00831444
19 0.0370095
20 0.108651
21 0.0615275
22 0.0580143
23 0.141139
24 0.0992178
25 0.0906234
26 0.0791451
27 0.100971
28 0.109675
29 0.102789
"[DEBUG]index 92 centroid... "
0 0.136275
1 0.138375
2 0.133289
3 0.128551
4 0.133565
5 0.10684
6 0.148442
7 0.115617
8 0.0357313
9 0.126722
10 0.143985
11 0.100338
12 0.163656
13 0.0950486
14 0.0599528
15 0.0823592
16 0.00859755
17 0.105927
18 0.11891
19 0.112381
20 0.152992
21 0.126183
22 0.0798482
23 0.113605
24 0.136804
25 0.135646
26 0.134651
27 0.126504
28 0.12877
29 0.141783
"[DEBUG]index 93 centroid... "
0 0.174917
1 0.170374
2 0.175638
3 0.1719
4 0.128418
5 0.133222
6 0.19972
7 0.166401
8 0.0984302
9 0.213501
10 0.201969
11 0.116946
12 0.163677
13 0.214477
14 0.141866
15 0.0898632
16 0.206272
17 0.191481
18 0.123498
19 0.142973
20 0.141798
21 0.164831
22 0.146391
23 0.167349
24 0.177781
25 0.164519
26 0.159694
27 0.172188
28 0.185176
29 0.192884
"[DEBUG]index 94 centroid... "
0 0.140182
1 0.144998
2 0.160128
3 0.16294
4 0.156056
5 0.133657
6 0.146255
7 0.12817
8 0.0299962
9 0.115061
10 0.0955611
11 0.130646
12 0.214041
13 0.121823
14 0.0684699
15 0.166256
16 0.165599
17 0.116903
18 0.130816
19 0.197845
20 0.218415
21 0.191766
22 0.237595
23 0.234648
24 0.220412
25 0.244401
26 0.255445
27 0.226927
28 0.244849
29 0.248155
"[DEBUG]index 95 centroid... "
0 0.0958176
1 0.10708
2 0.121499
3 0.139745
4 0.160197
5 0.111198
6 0.139216
7 0.0918684
8 0.00181271
9 0.0427829
10 0.0779786
11 0.126523
12 0.156835
13 0.1242
14 0.146035
15 0.0901746
16 0.0894139
17 0.121779
18 0.084425
19 0.0689736
20 0.171229
21 0.140572
22 0.109756
23 0.104907
24 0.108896
25 0.132708
26 0.100756
27 0.0884794
28 0.120047
29 0.117911
"[DEBUG]index 96 centroid... "
0 0.13285
1 0.129962
2 0.124931
3 0.149642
4 0.149067
5 0.11386
6 0.181964
7 0.165803
8 0.0305598
9 0.103916
10 0.200311
11 0.157143
12 0.109274
13 0.157431
14 0.175687
15 0.0944264
16 0.126545
17 0.198288
18 0.113687
19 0.086962
20 0.181779
21 0.149752
22 0.0832823
23 0.142213
24 0.147036
25 0.126962
26 0.121593
27 0.116501
28 0.145714
29 0.134576
"[DEBUG]index 97 centroid... "
0 0.119881
1 0.106951
2 0.103722
3 0.119445
4 0.110783
5 0.113613
6 0.155599
7 0.139127
8 0.0445287
9 0.132456
10 0.148793
11 0.0873665
12 0.102637
13 0.0720048
14 0.0820274
15 0.111542
16 0.0946549
17 0.110786
18 0.0628804
19 0.0702218
20 0.15044
21 0.0901026
22 0.092882
23 0.163669
24 0.139684
25 0.103796
26 0.106242
27 0.0928257
28 0.101174
29 0.108575
"[DEBUG]index 98 centroid... "
0 0.251189
1 0.189761
2 0.180903
3 0.167315
4 0.153216
5 0.160995
6 0.211141
7 0.202485
8 0.0813903
9 0.175765
10 0.266997
11 0.155925
12 0.202617
13 0.286047
14 0.154633
15 0.139584
16 0.260856
17 0.100267
18 0.117391
19 0.211685
20 0.176881
21 0.198923
22 0.195742
23 0.175629
24 0.199377
25 0.213504
26 0.219789
27 0.263273
28 0.242263
29 0.254018
"[DEBUG]index 99 centroid... "
0 0.131867
1 0.111007
2 0.102686
3 0.129817
4 0.12447
5 0.104445
6 0.174384
7 0.150441
8 0.0284551
9 0.110577
10 0.17884
11 0.109191
12 0.105976
13 0.150108
14 0.162265
15 0.112521
16 0.162821
17 0.108942
18 0.0160259
19 0.144611
20 0.173492
21 0.117905
22 0.144465
23 0.15579
24 0.118497
25 0.113193
26 0.131662
27 0.125131
28 0.136846
29 0.140451
