correlation level (red against blue): 
-0.144776
-0.681258
-0.545846
-0.371912
-0.698341
-0.656134
-0.745967
-0.216595
-0.781256
-0.763852
-0.826756
-0.602103
-0.819673
-0.659179
-0.568075
-0.770599
-0.73307
-0.646743
-0.670509
-0.792931
-0.389347
-0.849073
-0.883959
-0.782062
-0.758936
-0.683351
-0.470436
-0.623793
-0.866399
-0.698561
-0.685715
-0.656831
-0.677491
-0.688118
-0.796151
-0.682823
-0.740959
-0.820042
-0.754309
-0.839007
-0.627024
-0.574378
-0.817311
-0.757366
-0.678816
-0.734916
-0.752667
-0.708483
-0.869207
-0.791903
-0.774869
-0.691731
-0.766667
-0.394141
-0.504592
-0.38076
-0.864233
-0.63262
-0.753761
-0.704873
-0.582465
-0.815545
-0.670186
-0.597579
-0.647563
-0.623807
-0.594809
-0.218171
-0.72904
-0.693404
-0.821194
-0.779612
-0.651063
-0.562406
-0.607446
-0.709065
-0.557647
-0.715672
-0.593534
-0.558555
-0.730886
-0.763397
-0.768686
-0.71622
-0.739223
-0.61643
-0.602893
-0.701624
-0.702575
-0.772285
-0.594823
-0.556802
-0.83135
-0.70661
-0.682665
-0.716728
-0.750275
-0.593001
-0.726393
-0.828381
