"[DEBUG]index 0 centroid... "
0 1.07143
1 1.20408
2 1.73469
3 1.4898
4 1.26531
5 2.14286
6 1.66327
7 1.87755
8 2.76531
9 3.23469
10 4.67347
11 7.68367
12 9.05102
13 10.7245
14 12.1224
15 14.6735
16 8.35714
17 10.9082
18 7.22449
19 5.55102
20 4.32653
21 3.46939
22 3.2551
23 1.85714
24 2.2551
25 1.59184
26 2.42857
27 1.82653
28 1.93878
29 1.37755
"[DEBUG]index 1 centroid... "
0 8.27612
1 9.08209
2 7.91791
3 8.01493
4 7.70149
5 7.64179
6 5.8209
7 4.40299
8 12.8657
9 6.29104
10 5.08955
11 2.8806
12 2.10448
13 1.02239
14 1.21642
15 0.574627
16 1
17 1.35075
18 1.48507
19 1.55224
20 2.67164
21 2.57463
22 3.79104
23 4.44776
24 4.43284
25 4.44776
26 6.05224
27 6.13433
28 5.83582
29 6.35821
"[DEBUG]index 2 centroid... "
0 2.72291
1 3.02842
2 2.61989
3 2.90053
4 3.02842
5 2.86679
6 2.83659
7 1.75488
8 10.6128
9 4.31794
10 2.27709
11 1.72114
12 0.767318
13 0.749556
14 1.4103
15 2.62167
16 5.06217
17 8.12256
18 17.9147
19 7.66607
20 5.13321
21 2.57904
22 1.15098
23 3.13144
24 3.15453
25 2.79396
26 3.12966
27 3.7762
28 3.35169
29 2.76732
"[DEBUG]index 3 centroid... "
0 6.2381
1 5.7619
2 5.61905
3 5.11905
4 4.64286
5 4.19048
6 5.35714
7 2.69048
8 17.1667
9 4.78571
10 3.71429
11 0.97619
12 1.7619
13 2.69048
14 9.78571
15 8.78571
16 9.33333
17 4.16667
18 2.09524
19 0.857143
20 0.809524
21 0.809524
22 0.97619
23 3.90476
24 3.14286
25 4.7381
26 3.40476
27 3.04762
28 3.47619
29 2.47619
"[DEBUG]index 4 centroid... "
0 3.647
1 4.12947
2 3.3176
3 3.17863
4 3.78106
5 4.09702
6 3.72271
7 2.05834
8 25.0128
9 4.76205
10 3.44608
11 2.11603
12 4.48804
13 2.49918
14 8.27958
15 10.0115
16 2.73124
17 1.83546
18 5.14716
19 3.0649
20 5.235
21 29.7588
22 7.04523
23 4.1216
24 4.91872
25 5.10849
26 3.65159
27 3.86234
28 4.01213
29 3.62176
"[DEBUG]index 5 centroid... "
0 4.06971
1 4.10054
2 4.08933
3 3.97425
4 4.04694
5 3.96497
6 3.41601
7 2.14381
8 22.5674
9 6.87931
10 3.60186
11 6.25346
12 26.5048
13 3.52233
14 2.75039
15 2.50867
16 2.19951
17 3.07444
18 4.22666
19 24.7259
20 5.73621
21 3.33876
22 4.10755
23 4.61552
24 3.32825
25 3.27763
26 3.39867
27 3.77019
28 3.41023
29 3.42126
"[DEBUG]index 6 centroid... "
0 3.75524
1 4.01094
2 3.75336
3 3.44358
4 3.70209
5 4.14661
6 3.03188
7 3.10972
8 23.4551
9 3.81682
10 17.472
11 20.9806
12 6.06846
13 3.63426
14 2.04501
15 2.92904
16 6.85589
17 6.98343
18 2.8834
19 1.61019
20 3.22788
21 7.16255
22 2.08503
23 3.03345
24 2.99093
25 3.00938
26 2.95155
27 3.09941
28 2.98937
29 2.55799
"[DEBUG]index 7 centroid... "
0 3.36656
1 3.85852
2 4.1254
3 4.05466
4 4.00322
5 3.72347
6 2.62058
7 2.21222
8 14.8489
9 4.28296
10 7.33119
11 4.71704
12 14.9293
13 13.9164
14 4.09646
15 2.94534
16 1.47588
17 0.675241
18 0.70418
19 1.45016
20 1.07395
21 1.66559
22 6.10289
23 2.54662
24 2.91961
25 3.31511
26 2.52412
27 2.69132
28 2.78778
29 2.86817
"[DEBUG]index 8 centroid... "
0 4.66647
1 4.80207
2 4.46871
3 4.35041
4 5.19278
5 5.51927
6 4.58839
7 2.81802
8 43.6998
9 6.13285
10 4.18282
11 4.82545
12 4.43528
13 12.914
14 3.06685
15 14.1996
16 3.03596
17 17.0027
18 3.54011
19 3.18295
20 13.511
21 3.88512
22 1.75598
23 5.13142
24 4.65714
25 4.02085
26 4.08462
27 4.15771
28 4.05854
29 4.04613
"[DEBUG]index 9 centroid... "
0 6.08238
1 5.66507
2 5.95633
3 4.96444
4 5.79427
5 5.79727
6 4.8837
7 3.6253
8 40.8888
9 6.23604
10 11.4449
11 15.0284
12 5.46218
13 1.95108
14 3.23019
15 17.1676
16 3.80462
17 1.93607
18 3.7479
19 16.2098
20 3.45753
21 1.95228
22 4.7614
23 5.65426
24 4.48199
25 4.68097
26 4.79157
27 4.58313
28 4.41942
29 4.45843
"[DEBUG]index 10 centroid... "
0 5.12267
1 4.99214
2 4.77851
3 4.49934
4 5.45374
5 5.76592
6 4.71481
7 2.87759
8 35.1557
9 7.64246
10 4.88991
11 2.34155
12 3.86632
13 16.1484
14 3.99214
15 1.95596
16 3.854
17 14.79
18 12.8705
19 4.18244
20 2.47418
21 3.65767
22 17.6084
23 3.69122
24 4.55937
25 5.39738
26 5.60026
27 4.68414
28 4.75125
29 4.74862
"[DEBUG]index 11 centroid... "
0 2.63848
1 2.77114
2 2.75874
3 2.28824
4 2.38595
5 2.85381
6 3.13115
7 2.40586
8 13.0015
9 3.14769
10 13.8703
11 4.69899
12 2.46787
13 3.18903
14 1.53927
15 2.47952
16 6.70312
17 3.1537
18 5.60616
19 8.43217
20 29.4746
21 7.8215
22 5.92371
23 3.37392
24 3.21721
25 2.69222
26 3.26682
27 3.00902
28 2.86208
29 2.85156
"[DEBUG]index 12 centroid... "
0 4.52891
1 4.49301
2 4.27268
3 4.03918
4 5.41917
5 4.93105
6 4.80205
7 3.03336
8 31.4817
9 6.32092
10 3.76873
11 4.08743
12 13.3924
13 3.86378
14 3.74893
15 6.65915
16 36.541
17 6.31639
18 3.64419
19 12.0309
20 4.54508
21 3.11931
22 9.81475
23 4.10661
24 4.29229
25 4.50668
26 4.51633
27 4.05184
28 3.98894
29 3.78401
"[DEBUG]index 13 centroid... "
0 4.73491
1 4.59179
2 4.78656
3 4.23335
4 5.04107
5 4.40324
6 4.55196
7 2.89359
8 23.4704
9 4.06845
10 24.1257
11 3.80709
12 25.8183
13 4.95955
14 8.82514
15 3.35781
16 3.27069
17 6.41568
18 6.92222
19 2.81021
20 1.81394
21 1.37523
22 1.69571
23 3.23647
24 2.48538
25 2.93902
26 2.89048
27 2.74238
28 2.76913
29 2.83821
"[DEBUG]index 14 centroid... "
0 4.17366
1 4.62518
2 4.07525
3 3.48191
4 4.49494
5 4.14761
6 4.5919
7 2.58321
8 19.9349
9 5.07236
10 3.14906
11 1.62663
12 0.837916
13 2.14761
14 1.37482
15 2.34877
16 13.1939
17 3.44428
18 1.54559
19 1.70622
20 4.44139
21 2.26628
22 11.3632
23 3.91751
24 4.60058
25 4.37627
26 4.53256
27 3.51954
28 4.57164
29 3.45586
"[DEBUG]index 15 centroid... "
0 2.57437
1 2.88271
2 2.9731
3 2.77267
4 2.39117
5 3.8419
6 3.69468
7 2.22582
8 11.4284
9 28.7025
10 8.52388
11 6.84583
12 3.16626
13 5.36215
14 15.6838
15 4.26028
16 2.10732
17 6.2237
18 2.68894
19 5.68017
20 2.16385
21 5.04444
22 4.51511
23 2.3552
24 2.65568
25 2.52237
26 2.53053
27 2.25907
28 2.29716
29 2.17563
"[DEBUG]index 16 centroid... "
0 4.48355
1 4.70539
2 4.08216
3 3.96805
4 4.95599
5 4.92568
6 4.28522
7 2.48243
8 35.2593
9 5.72761
10 3.40389
11 2.03815
12 2.04978
13 3.11841
14 4.0558
15 1.3728
16 3.987
17 1.61609
18 2.97141
19 14.772
20 2.21839
21 3.39959
22 1.60127
23 4.6675
24 3.42895
25 3.57819
26 3.59645
27 3.88951
28 3.73803
29 3.86936
"[DEBUG]index 17 centroid... "
0 4.66948
1 5.03647
2 4.96005
3 4.36052
4 4.59904
5 5.35969
6 4.56224
7 2.97679
8 31.8964
9 7.93071
10 3.15365
11 16.8321
12 4.53191
13 1.65805
14 2.47887
15 5.28046
16 1.69004
17 3.29952
18 15.4991
19 3.86143
20 3.14238
21 12.9973
22 12.9309
23 3.52213
24 5.18979
25 5.14155
26 4.7396
27 4.4676
28 4.6544
29 4.80806
"[DEBUG]index 18 centroid... "
0 3.8679
1 4.18581
2 4.09689
3 3.80217
4 4.02574
5 4.82068
6 4.70421
7 2.93725
8 25.431
9 7.35237
10 3.36726
11 11.0113
12 4.25792
13 4.16741
14 10.3809
15 3.26675
16 5.51021
17 32.3088
18 8.39524
19 4.07541
20 8.1171
21 29.5969
22 6.28632
23 3.99926
24 5.24484
25 5.0702
26 4.61678
27 4.58232
28 4.52351
29 4.31025
"[DEBUG]index 19 centroid... "
0 3.64955
1 3.54924
2 3.2997
3 3.23202
4 4.3142
5 4.10272
6 3.34804
7 2.57764
8 19.0272
9 5.28701
10 3.68399
11 2.75045
12 3.88761
13 4.58308
14 24.5221
15 5.38912
16 3.75347
17 6.66405
18 19.8495
19 19.6495
20 5.31541
21 3.12024
22 10.4302
23 3.73656
24 3.71964
25 3.83867
26 4.23927
27 3.73595
28 3.50514
29 3.64532
"[DEBUG]index 20 centroid... "
0 5.77495
1 5.51592
2 5.73461
3 4.39278
4 4.88535
5 5.58811
6 4.53928
7 3.15499
8 21.0701
9 7.96815
10 2.57537
11 4.32059
12 5.67516
13 1.52442
14 0.861996
15 1.6242
16 2.87686
17 13.0807
18 2.42675
19 3.59236
20 1.51592
21 0.764331
22 1.36518
23 4.36518
24 3.60934
25 3.76433
26 4.0276
27 4.06369
28 4.41189
29 3.96178
"[DEBUG]index 21 centroid... "
0 4.79216
1 4.96205
2 4.80327
3 4.36491
4 5.11346
5 5.50612
6 4.36583
7 3.0187
8 49.7142
9 6.49691
10 3.6216
11 16.7246
12 4.52785
13 3.41007
14 4.3837
15 1.8321
16 3.75655
17 4.71836
18 1.67252
19 3.54994
20 12.305
21 2.81514
22 3.50497
23 4.56952
24 4.1679
25 3.70383
26 3.89583
27 3.8183
28 3.83201
29 3.91144
"[DEBUG]index 22 centroid... "
0 6.31181
1 5.13946
2 4.86858
3 5.18099
4 5.20427
5 5.60838
6 4.95511
7 2.93603
8 32.534
9 6.1325
10 3.2272
11 10.7722
12 12.5726
13 3.06757
14 6.29489
15 37.8928
16 5.06565
17 3.83749
18 3.19887
19 2.30725
20 3.3537
21 9.52964
22 2.63706
23 4.15254
24 4.48248
25 4.19131
26 3.68447
27 3.91491
28 3.56373
29 3.45667
"[DEBUG]index 23 centroid... "
0 4.34973
1 4.63037
2 4.41491
3 4.25501
4 4.85922
5 5.32631
6 4.2325
7 2.55477
8 29.0686
9 5.88368
10 4.06206
11 4.93443
12 10.7078
13 4.82917
14 33.8824
15 5.60461
16 3.92389
17 2.43534
18 3.35246
19 8.88577
20 2.89813
21 2.99532
22 1.78103
23 4.41491
24 3.45732
25 3.36599
26 3.24395
27 3.50937
28 3.19204
29 3.27023
"[DEBUG]index 24 centroid... "
0 5.28682
1 5.42527
2 5.25992
3 5.0146
4 5.70251
5 6.24604
6 5.09205
7 3.44119
8 46.3964
9 7.11517
10 3.8164
11 16.5276
12 4.3422
13 11.0739
14 3.60423
15 17.2529
16 3.30896
17 3.42308
18 13.6726
19 4.02071
20 1.86283
21 4.42082
22 3.94753
23 4.28135
24 4.25781
25 4.18851
26 4.11091
27 4.15924
28 4.05376
29 3.84114
"[DEBUG]index 25 centroid... "
0 5.55435
1 5.43546
2 5.16534
3 4.38998
4 5.57436
5 5.51056
6 4.6215
7 3.07041
8 45.0666
9 5.39539
10 18.4135
11 3.77375
12 2.16116
13 1.89796
14 4.35004
15 3.51207
16 1.47572
17 4.02704
18 4.12623
19 1.38961
20 3.52323
21 3.67273
22 1.39782
23 3.91237
24 3.83604
25 3.53488
26 3.57528
27 3.67309
28 3.68177
29 3.95621
"[DEBUG]index 26 centroid... "
0 4.32904
1 4.1774
2 4.01717
3 4.02718
4 4.24893
5 4.56652
6 3.83405
7 2.09585
8 21.2632
9 6.36052
10 2.82403
11 1.69242
12 3.42918
13 12.4292
14 2.29614
15 1.07582
16 0.914163
17 1.92704
18 3.55651
19 2.20887
20 12.329
21 2.15308
22 11.897
23 3.46352
24 4.12876
25 3.87268
26 3.86838
27 3.44063
28 4
29 4.03577
"[DEBUG]index 27 centroid... "
0 2.8252
1 2.91406
2 3.22945
3 2.81602
4 2.74593
5 3.33292
6 2.80434
7 2.88736
8 15.7822
9 3.98081
10 12.8999
11 13.97
12 4.7305
13 2.88235
14 7.79266
15 3.0242
16 5.31373
17 7.84189
18 32.5995
19 8.76679
20 5.65999
21 2.95953
22 7.77722
23 2.94493
24 2.66124
25 2.90113
26 3.28536
27 3.09637
28 3.0897
29 2.59741
"[DEBUG]index 28 centroid... "
0 4.09558
1 4.57322
2 4.49291
3 4.07155
4 4.4554
5 4.60753
6 3.89469
7 2.87177
8 28.9154
9 6.26549
10 10.7385
11 9.97666
12 7.19575
13 35.0388
14 6.17338
15 2.74312
16 10.6728
17 3.26757
18 9.1167
19 3.38941
20 10.8654
21 2.62476
22 10.2647
23 3.52904
24 4.02626
25 4.01056
26 3.89011
27 3.57502
28 3.72076
29 3.32662
"[DEBUG]index 29 centroid... "
0 4.20465
1 4.37642
2 4.20771
3 3.71976
4 4.27783
5 5.06507
6 4.44741
7 4.08195
8 26.3725
9 3.71275
10 26.1937
11 6.54097
12 4.08589
13 4.89812
14 8.70508
15 4.43252
16 27.7592
17 6.62993
18 2.91937
19 7.56617
20 9.20421
21 2.72656
22 1.92528
23 4.06639
24 3.37226
25 3.43843
26 3.37138
27 3.43383
28 3.35692
29 3.22393
"[DEBUG]index 30 centroid... "
0 3.849
1 4.08946
2 3.77854
3 3.46021
4 4.18272
5 4.51985
6 3.88851
7 2.14606
8 28.4099
9 6.04482
10 3.46648
11 1.79183
12 4.88718
13 1.71377
14 3.65451
15 1.22374
16 3.86382
17 12.9375
18 2.25641
19 11.2731
20 10.4613
21 2.28129
22 13.0017
23 3.89478
24 3.65717
25 4.36372
26 4.33086
27 3.9567
28 4.29193
29 3.88471
"[DEBUG]index 31 centroid... "
0 6.49803
1 6.08529
2 6.00258
3 5.52328
4 6.30117
5 6.31231
6 5.58099
7 2.83568
8 52.8455
9 8.6945
10 4.73552
11 4.64231
12 22.9475
13 2.7571
14 1.92009
15 4.9264
16 4.38865
17 2.08754
18 4.31639
19 2.17387
20 4.39671
21 3.84259
22 2.04067
23 4.62401
24 4.49467
25 3.98188
26 4.18156
27 4.37659
28 4.23203
29 4.19205
"[DEBUG]index 32 centroid... "
0 2.60978
1 2.7208
2 2.40679
3 2.45319
4 2.60315
5 2.92544
6 3.23032
7 2.19304
8 17.1591
9 3.99089
10 2.36537
11 1.62635
12 1.62138
13 2.21292
14 3.39354
15 18.0522
16 13.8252
17 4.96852
18 7.84756
19 2.57001
20 7.0116
21 6.27672
22 2.19884
23 2.7034
24 3.25932
25 2.94615
26 3.05717
27 2.67274
28 2.80365
29 2.5145
"[DEBUG]index 33 centroid... "
0 4.0697
1 4.10631
2 4.04747
3 3.5653
4 4.01731
5 4.16904
6 3.87682
7 2.65649
8 28.2434
9 3.69435
10 31.3963
11 5.67439
12 2.95407
13 4.09046
14 3.88203
15 1.62208
16 1.84615
17 1.56889
18 3.56963
19 7.46801
20 2.10521
21 7.95202
22 2.74593
23 3.40675
24 3.23529
25 3.19347
26 2.95642
27 3.06405
28 3.2193
29 3.05789
"[DEBUG]index 34 centroid... "
0 3.95931
1 4.04852
2 3.85145
3 3.78045
4 4.54126
5 4.88973
6 4.07299
7 2.56602
8 26.8742
9 4.8644
10 3.76807
11 2.68241
12 3.55094
13 5.8755
14 32.1631
15 5.16833
16 2.77931
17 10.8933
18 3.79069
19 1.59661
20 3.8681
21 2.83765
22 8.28813
23 3.55364
24 4.03671
25 3.89769
26 3.8146
27 3.6144
28 3.38219
29 3.58324
"[DEBUG]index 35 centroid... "
0 3.80438
1 3.9204
2 3.73784
3 3.50179
4 3.80164
5 4.008
6 3.70036
7 2.12592
8 26.06
9 5.94125
10 8.32533
11 6.42177
12 29.1463
13 5.31838
14 2.84586
15 8.69573
16 2.94904
17 10.2312
18 3.33144
19 9.61571
20 5.38787
21 25.9212
22 6.47715
23 3.64708
24 4.62097
25 4.34555
26 3.38008
27 3.78564
28 3.79259
29 3.45441
"[DEBUG]index 36 centroid... "
0 4.9817
1 4.89286
2 4.80591
3 4.32655
4 4.11929
5 5.46707
6 4.79333
7 2.8709
8 21.9428
9 26.2916
10 6.18589
11 3.42711
12 13.9466
13 3.14461
14 1.59426
15 1.98258
16 3.62763
17 3.18296
18 1.64696
19 4.3286
20 1.66672
21 2.97468
22 8.2418
23 2.86797
24 3.17594
25 3.52518
26 3.3387
27 3.27957
28 3.33285
29 3.18501
"[DEBUG]index 37 centroid... "
0 4.19173
1 4.53781
2 4.21345
3 3.7997
4 4.3509
5 4.9148
6 4.36785
7 2.5439
8 30.1206
9 6.21656
10 3.63133
11 4.14399
12 3.82953
13 3.75798
14 11.0578
15 3.24341
16 5.5479
17 32.8476
18 6.10717
19 3.2803
20 2.39305
21 4.06914
22 1.64904
23 3.74662
24 3.64161
25 3.36982
26 3.56238
27 3.56727
28 3.43115
29 3.23935
"[DEBUG]index 38 centroid... "
0 4.9932
1 4.80505
2 4.64863
3 4.47852
4 5.5031
5 5.52182
6 5.13558
7 2.83074
8 38.3623
9 6.49613
10 3.52386
11 2.68682
12 5.81254
13 1.63783
14 3.57795
15 18.2579
16 3.46951
17 3.17326
18 15.2701
19 4.67917
20 1.78158
21 3.74679
22 14.8391
23 3.5936
24 4.8304
25 5.36693
26 5.07
27 4.51093
28 4.61512
29 4.33206
"[DEBUG]index 39 centroid... "
0 4.28571
1 4.57792
2 4.34752
3 4.13128
4 4.81636
5 5.00538
6 4.22693
7 2.77284
8 32.7119
9 6.39767
10 3.98717
11 11.0292
12 3.98577
13 9.87706
14 2.97227
15 11.6086
16 11.1308
17 3.86194
18 6.7137
19 38.2561
20 6.27495
21 3.64334
22 4.51184
23 5.26787
24 4.11763
25 3.97559
26 4.09905
27 4.15761
28 3.90803
29 3.79571
"[DEBUG]index 40 centroid... "
0 8.33939
1 8.60754
2 7.89595
3 7.58799
4 7.93156
5 7.97346
6 6.96927
7 4.55237
8 26.1131
9 9.87849
10 3.06075
11 17.1885
12 4.56704
13 4.24441
14 5.47067
15 2.39525
16 0.988128
17 2.08729
18 1.95321
19 4.69972
20 1.5852
21 1.13687
22 1.84846
23 5.13966
24 3.73883
25 4.15503
26 4.69134
27 4.98603
28 4.8757
29 4.78352
"[DEBUG]index 41 centroid... "
0 3.45888
1 4.00404
2 3.86907
3 3.53842
4 3.20876
5 4.31975
6 4.11074
7 2.7188
8 11.6809
9 26.796
10 5.16532
11 28.4006
12 10.2485
13 4.62824
14 5.91838
15 5.3742
16 2.57281
17 1.88375
18 2.59043
19 2.39562
20 4.06779
21 2.31632
22 1.52362
23 2.65945
24 2.57073
25 2.10768
26 2.24951
27 2.3266
28 2.30176
29 2.17193
"[DEBUG]index 42 centroid... "
0 4.21997
1 4.32824
2 4.23843
3 3.85411
4 3.87964
5 5.23387
6 4.49852
7 2.65831
8 21.6759
9 25.8318
10 5.74903
11 3.46638
12 12.1985
13 2.73991
14 3.59357
15 1.80419
16 3.18714
17 10.424
18 8.26556
19 2.28516
20 10.287
21 3.5767
22 1.54798
23 3.78687
24 3.60565
25 3.18008
26 3.28835
27 3.35263
28 3.33736
29 2.97447
"[DEBUG]index 43 centroid... "
0 5.10762
1 5.1054
2 4.84086
3 4.65414
4 5.91171
5 5.9572
6 5.40577
7 3.09051
8 35.1557
9 5.60263
10 3.87336
11 5.33539
12 1.83563
13 3.62958
14 16.284
15 3.2517
16 1.85021
17 2.16833
18 2.15391
19 5.0512
20 1.52576
21 3.13267
22 12.994
23 3.85893
24 4.49517
25 4.87034
26 4.80488
27 4.04501
28 4.14345
29 3.95546
"[DEBUG]index 44 centroid... "
0 3.88663
1 4.04108
2 3.74879
3 3.34171
4 3.93549
5 4.19125
6 3.59425
7 2.35424
8 33.7342
9 4.66047
10 12.4941
11 3.51323
12 1.93511
13 4.1792
14 1.71284
15 3.4973
16 2.51456
17 14.17
18 2.39436
19 11.8124
20 2.37833
21 11.9903
22 2.64102
23 3.92154
24 3.6415
25 3.86311
26 3.45944
27 3.60364
28 3.6045
29 3.61009
"[DEBUG]index 45 centroid... "
0 4.24816
1 4.23661
2 3.99519
3 3.6454
4 4.3456
5 4.618
6 3.68722
7 2.52423
8 37.3999
9 4.92761
10 14.7173
11 3.74325
12 3.70706
13 13.0279
14 2.34448
15 10.8043
16 3.7183
17 3.9773
18 1.7999
19 3.79673
20 11.9195
21 2.17157
22 12.2637
23 4.00419
24 4.26155
25 4.0956
26 4.06677
27 3.65644
28 3.81462
29 3.60501
"[DEBUG]index 46 centroid... "
0 5.11032
1 5.05782
2 5.01912
3 4.58404
4 5.447
5 5.65836
6 4.78115
7 2.36743
8 46.7326
9 7.58442
10 4.4914
11 5.1973
12 16.7307
13 2.37476
14 15.4663
15 4.27405
16 2.04808
17 4.78688
18 14.56
19 3.24339
20 3.61729
21 13.5384
22 3.75494
23 4.76148
24 5.13547
25 4.69142
26 4.42791
27 4.57222
28 4.46254
29 4.32735
"[DEBUG]index 47 centroid... "
0 4.52426
1 4.78064
2 4.39366
3 4.08223
4 4.76678
5 5.09067
6 4.37152
7 2.96031
8 40.1398
9 6.45169
10 3.44639
11 13.5134
12 4.74118
13 1.93135
14 4.56649
15 3.5517
16 14.4837
17 3.07725
18 15.7272
19 2.8594
20 13.9123
21 3.28832
22 3.97595
23 4.46994
24 4.56252
25 3.92361
26 4.33521
27 4.22937
28 4.18644
29 3.89695
"[DEBUG]index 48 centroid... "
0 3.98059
1 4.19404
2 3.85518
3 3.61133
4 5.10763
5 4.84403
6 4.16478
7 2.54361
8 59.9779
9 5.05074
10 4.09791
11 4.08495
12 4.20153
13 10.0154
14 3.1519
15 2.92225
16 10.6939
17 3.61646
18 3.58515
19 3.81504
20 3.06955
21 9.03756
22 2.95353
23 3.72542
24 3.81462
25 3.75535
26 3.43386
27 3.40757
28 3.44266
29 3.35107
"[DEBUG]index 49 centroid... "
0 5.71991
1 5.93622
2 5.48142
3 5.20355
4 6.63561
5 6.37105
6 5.83749
7 3.13367
8 31.2956
9 5.71936
10 3.37049
11 2.23683
12 4.42263
13 2.55463
14 17.3638
15 2.25458
16 4.3949
17 2.11758
18 0.967831
19 1.47476
20 3.91292
21 3.10815
22 1.17748
23 4.48475
24 4.61009
25 3.97948
26 3.96173
27 3.95563
28 3.73045
29 4.12146
"[DEBUG]index 50 centroid... "
0 4.96608
1 5.15959
2 5.1887
3 4.64554
4 5.26786
5 5.85121
6 4.59931
7 2.7804
8 43.9165
9 7.81118
10 3.39678
11 14.5435
12 16.5116
13 2.68826
14 14.1477
15 4.01276
16 3.35686
17 13.5728
18 3.71014
19 4.59175
20 2.26209
21 3.69973
22 12.3527
23 3.89566
24 4.23175
25 4.69548
26 4.87629
27 4.17426
28 4.15976
29 4.01976
"[DEBUG]index 51 centroid... "
0 4.09273
1 4.19594
2 4.17761
3 3.66252
4 4.58895
5 4.70598
6 4.21065
7 2.56949
8 37.3117
9 4.42727
10 14.9596
11 3.84269
12 2.06232
13 3.60329
14 13.5165
15 2.57168
16 3.93406
17 3.39392
18 15.3496
19 2.7431
20 11.8008
21 2.62064
22 13.4183
23 3.60744
24 4.29749
25 4.11657
26 4.43315
27 3.79923
28 3.90086
29 3.80761
"[DEBUG]index 52 centroid... "
0 6.40166
1 6.38758
2 5.90201
3 5.50686
4 6.5445
5 6.836
6 5.86501
7 3.95012
8 38.6852
9 7.54931
10 3.37045
11 18.3884
12 5.11101
13 1.9088
14 5.51719
15 4.10301
16 14.63
17 3.95451
18 1.82701
19 5.42168
20 1.80487
21 4.27147
22 1.77452
23 5.13889
24 4.45911
25 4.42366
26 4.4475
27 4.45628
28 4.25187
29 4.39536
"[DEBUG]index 53 centroid... "
0 4.33241
1 3.90028
2 6.82271
3 4.34903
4 4.27978
5 5.01939
6 5.00831
7 2.20222
8 17.8864
9 4.74238
10 2.57618
11 1.83934
12 0.778393
13 0.770083
14 1.14404
15 8.18006
16 1.90859
17 1.7036
18 3.40997
19 7.99169
20 17.4044
21 7
22 2.93075
23 5.14127
24 4.52632
25 6.8144
26 4.09418
27 7.68144
28 5.0554
29 4.60942
"[DEBUG]index 54 centroid... "
0 8.28205
1 7.71429
2 6.9304
3 8.41392
4 6.16117
5 7.77289
6 5.78755
7 3.38828
8 19.5934
9 7.61538
10 2.73626
11 12.9744
12 5.10623
13 1.9011
14 2.05494
15 6.68864
16 1.27473
17 2.00733
18 1.16484
19 0.842491
20 1.15751
21 1.67766
22 4.72527
23 4.08791
24 4.39927
25 4.23077
26 4.54212
27 4.90476
28 5.54579
29 4.92674
"[DEBUG]index 55 centroid... "
0 3.76401
1 3.72714
2 4.28614
3 4.02212
4 3.9056
5 4.06047
6 3.57965
7 1.74336
8 19.1342
9 6.0944
10 2.14602
11 9.09587
12 9.4941
13 2.0118
14 1.47788
15 4.04425
16 1.54572
17 0.797935
18 1.70354
19 3.02507
20 6.49705
21 19.7301
22 5.91445
23 3.77139
24 4.65634
25 4.55752
26 3.57227
27 3.48673
28 3.92625
29 4.30973
"[DEBUG]index 56 centroid... "
0 5.53387
1 5.5365
2 5.46238
3 4.998
4 5.49593
5 6.36322
6 4.95843
7 3.53938
8 34.8962
9 7.46488
10 4.00639
11 15.567
12 3.41793
13 15.699
14 4.37548
15 2.95393
16 12.2319
17 15.9886
18 2.71278
19 2.2022
20 5.22249
21 1.613
22 4.11381
23 4.22512
24 3.82083
25 4.28296
26 4.41931
27 4.08226
28 3.77764
29 3.92413
"[DEBUG]index 57 centroid... "
0 2.7619
1 3.20519
2 2.80303
3 2.63463
4 2.65411
5 3.27835
6 3.61991
7 2.22641
8 10.2364
9 25.3706
10 7.32251
11 5.04502
12 3.26147
13 1.72121
14 2.271
15 4.04719
16 14.9926
17 2.91255
18 6.14156
19 2.45974
20 1.31126
21 2.24848
22 5.00476
23 2.00952
24 2.42424
25 2.41342
26 2.65541
27 2.2658
28 2.26147
29 2.2658
"[DEBUG]index 58 centroid... "
0 4.75643
1 4.98913
2 4.52175
3 4.72436
4 5.56742
5 5.70515
6 5.00054
7 2.80265
8 33.7204
9 6.32602
10 4.39616
11 1.81443
12 5.03552
13 12.0973
14 2.56198
15 13.6167
16 14.2494
17 2.53008
18 16.2325
19 3.471
20 4.10312
21 1.70116
22 4.29431
23 4.41754
24 4.33092
25 4.31624
26 4.3456
27 4.25082
28 4.09224
29 3.82258
"[DEBUG]index 59 centroid... "
0 4.16611
1 4.27303
2 3.95783
3 3.76742
4 4.22423
5 4.71083
6 4.10239
7 1.9496
8 31.3661
9 6.39583
10 4.14832
11 4.24292
12 13.9684
13 3.08842
14 9.14277
15 3.14104
16 12.1379
17 4.51378
18 4.07961
19 6.08663
20 35.0618
21 6.59945
22 3.91107
23 5.21377
24 5.47652
25 3.91305
26 4.07936
27 4.20228
28 4.13301
29 3.56934
"[DEBUG]index 60 centroid... "
0 3.76562
1 3.99946
2 4.15194
3 3.67619
4 4.22414
5 4.42726
6 4.34806
7 3.118
8 18.7996
9 4.20851
10 20.5889
11 5.56358
12 6.22629
13 20.0797
14 4.57812
15 19.7231
16 5.45528
17 7.11853
18 3.39709
19 2.09052
20 1.69828
21 2.90841
22 6.23922
23 2.66541
24 3.07112
25 3.41864
26 3.29957
27 2.86369
28 2.87662
29 2.75323
"[DEBUG]index 61 centroid... "
0 3.52543
1 3.66423
2 3.11689
3 3.21017
4 3.57095
5 4.29475
6 4.01995
7 2.25119
8 19.864
9 6.57994
10 3.66732
11 2.39702
12 3.9705
13 9.10171
14 3.195
15 1.87721
16 4.93566
17 3.27423
18 6.27255
19 25.9503
20 3.96937
21 24.4049
22 7.66845
23 4.01489
24 4.85867
25 4.42203
26 3.72155
27 3.85558
28 4.18994
29 4.16241
"[DEBUG]index 62 centroid... "
0 5.11218
1 4.66603
2 4.57097
3 4.26373
4 5.26753
5 5.34426
6 4.78593
7 2.79175
8 34.151
9 6.4164
10 3.30142
11 2.40991
12 6.16922
13 1.51247
14 3.29359
15 16.8019
16 2.91321
17 12.7709
18 2.68247
19 15.2032
20 2.93323
21 1.92037
22 1.87362
23 5.40186
24 3.94307
25 4.32547
26 4.22447
27 4.70518
28 4.1586
29 4.15502
"[DEBUG]index 63 centroid... "
0 2.00329
1 2.12294
2 2.12514
3 1.8595
4 1.82766
5 2.63117
6 2.55982
7 1.67838
8 8.46762
9 4.17673
10 2.29089
11 2.23161
12 4.53568
13 3.96268
14 1.9056
15 3.81998
16 8.60703
17 19.1712
18 12.8584
19 14.1262
20 19.0768
21 7.81998
22 4.63447
23 2.66959
24 2.9045
25 2.5236
26 2.81668
27 2.95829
28 2.73216
29 2.3315
"[DEBUG]index 64 centroid... "
0 4.1087
1 4.43518
2 4.26736
3 3.71852
4 4.42199
5 4.50258
6 3.79335
7 2.51962
8 44.048
9 5.38242
10 12.9312
11 3.53652
12 17.7612
13 3.07151
14 3.45725
15 12.1306
16 2.96812
17 11.4093
18 11.8847
19 3.21872
20 13.235
21 3.06369
22 12.0642
23 4.17438
24 4.39926
25 4.48336
26 4.47687
27 4.03069
28 4.14018
29 3.91059
"[DEBUG]index 65 centroid... "
0 3.82428
1 3.92352
2 3.73536
3 3.37724
4 3.46464
5 3.94325
6 3.66313
7 2.41457
8 22.0592
9 2.86495
10 23.8015
11 5.14355
12 3.21062
13 2.0261
14 2.67921
15 9.1308
16 2.61942
17 1.38331
18 2.03156
19 1.6953
20 2.42974
21 6.38088
22 7.30956
23 2.51017
24 3.33991
25 3.53839
26 2.9481
27 2.73171
28 2.82549
29 2.8786
"[DEBUG]index 66 centroid... "
0 4.25359
1 4.16535
2 4.28713
3 3.63936
4 4.50854
5 4.32611
6 4.02042
7 2.42203
8 39.4371
9 5.15272
10 14.5026
11 3.2771
12 16.4256
13 2.82822
14 11.7427
15 2.91473
16 13.0358
17 2.50433
18 12.8694
19 11.8207
20 2.81473
21 9.76089
22 12.9864
23 3.28156
24 4.46349
25 4.69171
26 4.00594
27 3.93923
28 4.21696
29 3.64134
"[DEBUG]index 67 centroid... "
0 4.6737
1 4.91171
2 4.38196
3 3.92802
4 4.34069
5 4.5144
6 4.2025
7 2.61228
8 20.0998
9 7.47505
10 2.51631
11 11.7524
12 3.65259
13 1.24376
14 0.817658
15 1.64203
16 3.77351
17 3.26584
18 5.02207
19 21.7668
20 6.40211
21 3.85797
22 1.71497
23 5.79079
24 3.49712
25 3.6334
26 4.03935
27 4.65643
28 3.74184
29 3.96641
"[DEBUG]index 68 centroid... "
0 4.97217
1 5.20527
2 4.83263
3 4.81105
4 5.13321
5 4.97814
6 4.2591
7 2.6158
8 35.7499
9 8.12831
10 4.47499
11 7.92314
12 41.7562
13 5.29051
14 3.8282
15 4.42
16 10.2014
17 8.67388
18 2.82517
19 9.36789
20 4.00997
21 3.93065
22 2.33456
23 4.64022
24 3.78858
25 3.64656
26 3.82083
27 3.92673
28 3.69093
29 3.68646
"[DEBUG]index 69 centroid... "
0 3.36068
1 3.6918
2 4.00724
3 3.33112
4 3.85826
5 4.11882
6 4.15742
7 3.40109
8 20.7533
9 4.29312
10 21.1327
11 7.22979
12 3.94692
13 7.47346
14 5.48975
15 20.8679
16 5.71351
17 5.84982
18 23.5838
19 6.83776
20 5.05368
21 23.0024
22 6.2117
23 3.22859
24 4.9608
25 4.30458
26 3.99397
27 4.14174
28 4.09228
29 3.50302
"[DEBUG]index 70 centroid... "
0 3.71274
1 3.85831
2 3.86916
3 3.61937
4 3.22891
5 4.56491
6 3.99672
7 2.38595
8 19.7242
9 24.251
10 6.52273
11 3.35524
12 3.08579
13 10.0571
14 2.12879
15 2.94431
16 1.62715
17 2.70025
18 7.71212
19 6.89619
20 2.41585
21 1.42731
22 3.12408
23 3.05057
24 2.54648
25 2.59746
26 2.76556
27 2.85258
28 2.8536
29 2.7371
"[DEBUG]index 71 centroid... "
0 4.74038
1 4.73493
2 4.49537
3 4.16642
4 5.16967
5 5.02814
6 4.61878
7 2.44721
8 42.4243
9 5.79577
10 3.37125
11 4.15218
12 5.39913
13 1.42608
14 3.99185
15 1.56914
16 3.81026
17 1.51608
18 4.59098
19 1.73518
20 3.58756
21 2.46322
22 14.8305
23 2.93599
24 4.0717
25 4.25557
26 4.50513
27 3.7048
28 4.06232
29 3.95446
"[DEBUG]index 72 centroid... "
0 5.66675
1 5.24399
2 5.43278
3 4.57311
4 5.65354
5 5.26238
6 4.95778
7 2.80849
8 36.9879
9 5.5329
10 15.8309
11 3.55307
12 17.7409
13 2.69363
14 12.6225
15 10.9163
16 3.59658
17 1.77476
18 4.08644
19 1.73785
20 3.63561
21 1.37972
22 3.525
23 3.70814
24 3.5533
25 3.39693
26 3.54847
27 3.49552
28 3.36439
29 3.248
"[DEBUG]index 73 centroid... "
0 3.85496
1 3.95339
2 4.03736
3 3.63921
4 4.10968
5 4.33949
6 3.77139
7 2.7726
8 21.2057
9 3.39534
10 22.5255
11 7.23262
12 3.76055
13 6.15428
14 23.495
15 4.52712
16 3.44395
17 2.73443
18 3.58698
19 5.57332
20 19.3315
21 5.49658
22 3.10767
23 4.28887
24 4.2278
25 3.71555
26 3.62113
27 3.75492
28 3.40498
29 3.54962
"[DEBUG]index 74 centroid... "
0 3.59508
1 3.78269
2 3.90869
3 3.46676
4 3.51456
5 3.71957
6 3.12078
7 2.91333
8 19.8813
9 4.51827
10 9.27486
11 32.9551
12 10.8633
13 4.59299
14 3.76529
15 1.93039
16 1.67815
17 2.30908
18 5.41374
19 2.5554
20 1.60691
21 2.60077
22 5.14317
23 2.19086
24 2.59566
25 2.59346
26 2.58626
27 2.53069
28 2.60111
29 2.51781
"[DEBUG]index 75 centroid... "
0 5.4053
1 5.65762
2 5.33444
3 4.78013
4 4.78874
5 5.78742
6 4.80728
7 2.56026
8 27.0364
9 7.93245
10 3.40397
11 1.99404
12 6.46225
13 1.81325
14 1.18079
15 1.76225
16 2.65364
17 14.7775
18 3.49404
19 1.51126
20 4.44371
21 14.5093
22 2.89007
23 4.59139
24 5.47748
25 5.24967
26 5.19669
27 5.1457
28 5.06291
29 5.91656
"[DEBUG]index 76 centroid... "
0 4.49102
1 4.15803
2 4.39507
3 4.26475
4 4.76603
5 5.02925
6 4.57106
7 3.33966
8 15.8374
9 6.56593
10 2.78348
11 7.04669
12 19.6414
13 4.90457
14 10.4618
15 30.1154
16 10.4141
17 6.23807
18 3.79425
19 3.94305
20 1.97896
21 1.24936
22 1.84659
23 3.24936
24 2.90149
25 2.91021
26 3.34428
27 3.17034
28 3.2001
29 3.0472
"[DEBUG]index 77 centroid... "
0 4.41951
1 4.71472
2 4.64406
3 4.34793
4 5.03873
5 5.77038
6 4.47739
7 3.27119
8 42.0054
9 6.55474
10 3.25375
11 16.2279
12 4.68785
13 3.04552
14 12.8269
15 13.4712
16 3.2203
17 14.972
18 3.3013
19 14.3856
20 11.6403
21 3.04075
22 13.2863
23 4.88483
24 4.41292
25 4.8526
26 4.69505
27 4.44607
28 4.38879
29 4.30079
"[DEBUG]index 78 centroid... "
0 3.13437
1 3.42405
2 3.52323
3 3.26453
4 3.60509
5 3.72264
6 3.15054
7 2.33321
8 15.8533
9 5.91308
10 3.52814
11 6.85623
12 9.60345
13 36.629
14 8.36884
15 4.89313
16 2.96516
17 7.33264
18 2.23789
19 2.67142
20 2.40653
21 5.47428
22 2.38259
23 2.87917
24 2.81312
25 2.69436
26 2.46046
27 2.55265
28 2.50435
29 2.41828
"[DEBUG]index 79 centroid... "
0 4.93093
1 4.71429
2 4.92936
3 4.51962
4 4.62245
5 4.88775
6 4.30848
7 2.45918
8 26.489
9 6.72998
10 3.16405
11 4.04239
12 1.0989
13 3.70958
14 1.49922
15 0.637363
16 1.23077
17 2.59105
18 13.9969
19 2.19309
20 3.47802
21 3.30377
22 2.7865
23 3.8438
24 3.96154
25 3.8124
26 3.87598
27 4.0471
28 3.91994
29 3.9168
"[DEBUG]index 80 centroid... "
0 6.53042
1 6.53147
2 6.02034
3 5.55888
4 6.92293
5 6.82179
6 5.78646
7 3.29596
8 36.5644
9 8.09006
10 5.10381
11 2.27972
12 4.34639
13 16.97
14 3.71006
15 3.92675
16 1.55974
17 5.47493
18 3.96008
19 1.61513
20 1.64244
21 3.99102
22 1.53414
23 4.75743
24 4.16321
25 4.15748
26 4.28479
27 4.3759
28 4.29338
29 4.10419
"[DEBUG]index 81 centroid... "
0 4.4763
1 4.8121
2 4.11955
3 4.41272
4 4.83591
5 4.84234
6 4.70136
7 2.92284
8 23.7688
9 7.593
10 4.5418
11 4.14337
12 6.34342
13 26.9252
14 7.14075
15 3.94308
16 4.6723
17 7.37199
18 28.6325
19 5.95713
20 3.41272
21 4.46987
22 2.18314
23 4.40081
24 3.82496
25 3.64182
26 3.59133
27 3.7197
28 3.71184
29 3.52703
"[DEBUG]index 82 centroid... "
0 4.88567
1 4.27788
2 4.50623
3 4.16012
4 5.09003
5 4.79595
6 4.20592
7 2.82804
8 35.6433
9 4.66449
10 15.0243
11 3.74922
12 2.06417
13 3.41682
14 13.2545
15 11.6863
16 3.52648
17 3.59626
18 13.0919
19 11.7523
20 2.43178
21 3.99252
22 1.581
23 5.26386
24 3.88692
25 3.59439
26 3.73832
27 4.17632
28 3.73115
29 3.60249
"[DEBUG]index 83 centroid... "
0 6.13295
1 6.00012
2 5.40875
3 5.28509
4 6.46351
5 6.41321
6 6.17928
7 3.1441
8 35.5147
9 7.44443
10 4.69236
11 2.24545
12 6.74935
13 2.40404
14 1.94648
15 3.70041
16 19.174
17 4.89927
18 2.16045
19 4.67761
20 17.0602
21 3.04361
22 1.9715
23 6.29476
24 6.44542
25 4.80114
26 5.20369
27 5.45286
28 5.38632
29 5.15958
"[DEBUG]index 84 centroid... "
0 7.74657
1 7.27244
2 7.21999
3 6.32101
4 6.95002
5 6.92503
6 6.52376
7 4.38085
8 28.383
9 6.1239
10 16.9373
11 4.18726
12 2.27314
13 6.38508
14 1.99331
15 1.85533
16 5.4685
17 1.36325
18 4.42872
19 1.96938
20 1.06969
21 1.92115
22 1.96023
23 4.51813
24 3.84829
25 4.14185
26 4.52517
27 4.09961
28 4.46638
29 4.86132
"[DEBUG]index 85 centroid... "
0 2.35136
1 2.42965
2 2.47617
3 2.21861
4 1.85628
5 3.14713
6 2.8854
7 1.88162
8 9.77421
9 20.902
10 6.26588
11 4.86876
12 2.49017
13 1.15431
14 2.55938
15 1.06846
16 1.77307
17 5.19024
18 2.48374
19 2.07867
20 3.62292
21 11.1396
22 3.46823
23 1.99773
24 2.6562
25 2.38956
26 2.2171
27 2.36157
28 2.25605
29 2.25756
"[DEBUG]index 86 centroid... "
0 5.99136
1 5.78899
2 5.44828
3 5.11153
4 6.71212
5 6.46409
6 5.77011
7 3.17137
8 49.1402
9 6.31962
10 3.3061
11 2.14788
12 1.90525
13 3.38478
14 1.39837
15 3.87063
16 1.35268
17 4.02316
18 1.27318
19 3.671
20 3.06616
21 1.17178
22 3.33731
23 3.74474
24 3.33018
25 3.77935
26 3.94023
27 3.85933
28 4.03565
29 4.27362
"[DEBUG]index 87 centroid... "
0 4.30702
1 4.08767
2 4.26228
3 4.16843
4 3.86104
5 4.65515
6 3.44962
7 1.98909
8 28.5529
9 6.55657
10 2.66461
11 12.375
12 12.6104
13 10.9985
14 2.78429
15 1.34376
16 3.65478
17 3.72499
18 3.62823
19 1.4558
20 3.39251
21 10.494
22 11.0986
23 3.08985
24 4.23281
25 4.28883
26 3.79884
27 3.55875
28 3.5733
29 3.63332
"[DEBUG]index 88 centroid... "
0 4.5523
1 4.59971
2 4.66573
3 3.89363
4 4.47825
5 4.61148
6 4.58888
7 3.18506
8 30.2319
9 4.15414
10 33.0939
11 5.43209
12 3.36592
13 2.63018
14 4.877
15 1.78278
16 3.82164
17 10.7395
18 2.62002
19 8.42562
20 3.83114
21 1.58969
22 3.91167
23 3.77166
24 3.08237
25 3.39706
26 3.63401
27 3.48178
28 3.45366
29 3.28789
"[DEBUG]index 89 centroid... "
0 4.10973
1 4.17099
2 3.93087
3 3.5759
4 3.58577
5 4.93727
6 4.48811
7 2.58888
8 19.7224
9 23.3371
10 4.95446
11 3.39868
12 1.8184
13 3.05432
14 8.90618
15 1.74634
16 8.53694
17 2.96068
18 1.36101
19 3.16533
20 3.09876
21 1.09126
22 2.52304
23 2.81584
24 2.7414
25 2.68398
26 2.73354
27 2.61576
28 2.76792
29 2.63387
"[DEBUG]index 90 centroid... "
0 5.00616
1 4.76535
2 4.79853
3 4.25079
4 5.07581
5 4.7521
6 4.13287
7 2.63064
8 39.4475
9 5.09693
10 15.6726
11 3.0606
12 17.1864
13 3.10401
14 13.9677
15 2.61962
16 10.6196
17 12.7707
18 3.36333
19 1.99725
20 4.03056
21 11.5711
22 2.8346
23 4.24174
24 4.52164
25 4.52466
26 4.0829
27 4.03804
28 3.90727
29 3.68914
"[DEBUG]index 91 centroid... "
0 3.88488
1 4.2748
2 3.6415
3 3.46143
4 4.44455
5 4.78804
6 3.84056
7 2.68019
8 31.7927
9 5.47855
10 3.72098
11 2.05885
12 3.80961
13 12.4206
14 2.66964
15 14.0947
16 2.75029
17 16.3559
18 2.62884
19 14.4436
20 2.38781
21 11.1461
22 10.5088
23 4.0068
24 4.62462
25 4.79461
26 4.29637
27 4.41641
28 4.07292
29 4.01735
"[DEBUG]index 92 centroid... "
0 3.88156
1 4.22033
2 4.06424
3 3.75456
4 4.11045
5 4.89057
6 4.4385
7 2.95767
8 22.9117
9 5.53389
10 3.40027
11 9.35497
12 3.606
13 5.95984
14 28.5547
15 3.84071
16 26.6221
17 5.46577
18 8.8471
19 3.75947
20 3.95276
21 3.08581
22 7.4029
23 3.38099
24 3.93519
25 3.88886
26 3.97239
27 3.67743
28 3.5081
29 3.35189
"[DEBUG]index 93 centroid... "
0 4.58541
1 4.61764
2 4.63832
3 4.42174
4 4.51479
5 5.35046
6 4.47322
7 3.64943
8 26.8193
9 6.1298
10 5.58893
11 31.5068
12 9.94027
13 3.47641
14 7.58123
15 30.824
16 5.24728
17 3.65306
18 10.1439
19 3.77439
20 9.32945
21 3.30173
22 9.49664
23 4.08745
24 4.30569
25 4.23969
26 4.25553
27 3.92157
28 3.82818
29 3.74326
"[DEBUG]index 94 centroid... "
0 5.35567
1 5.49194
2 5.55947
3 4.79051
4 5.54653
5 5.69564
6 4.14782
7 3.29978
8 39.7795
9 5.69099
10 15.0787
11 14.6342
12 3.22984
13 12.278
14 15.048
15 2.58068
16 1.88693
17 4.48245
18 3.57818
19 1.60207
20 3.34084
21 3.29849
22 3.02898
23 3.58887
24 3.63657
25 3.4583
26 3.37982
27 3.33825
28 3.25666
29 3.32738
"[DEBUG]index 95 centroid... "
0 4.90452
1 4.84683
2 4.19799
3 3.90492
4 4.89829
5 4.72824
6 4.32382
7 2.71899
8 33.078
9 4.50894
10 16.4269
11 3.14171
12 2.12382
13 4.32744
14 1.55357
15 3.41668
16 14.8977
17 2.47759
18 11.599
19 11.8486
20 3.28683
21 1.81025
22 4.45849
23 4.05226
24 3.47839
25 4.08804
26 4.17307
27 4.06593
28 4.09668
29 3.90392
"[DEBUG]index 96 centroid... "
0 5.1401
1 5.27418
2 5.02827
3 4.91534
4 5.46568
5 5.71932
6 4.61981
7 2.69331
8 45.5724
9 7.42728
10 4.69612
11 4.7699
12 18.2455
13 9.46417
14 2.65375
15 15.5723
16 4.78366
17 2.02135
18 4.41038
19 16.755
20 3.30484
21 3.50311
22 14.5722
23 5.03046
24 4.53501
25 5.15632
26 5.14927
27 4.66094
28 4.66142
29 4.3585
"[DEBUG]index 97 centroid... "
0 4.10444
1 4.2327
2 4.46889
3 3.9282
4 4.47487
5 4.85205
6 3.74739
7 2.67124
8 35.2532
9 6.48281
10 3.47095
11 15.1916
12 3.26055
13 12.2925
14 3.21464
15 3.76131
16 1.91754
17 4.10498
18 3.18701
19 14.8749
20 2.54569
21 10.8708
22 11.8082
23 3.92537
24 4.24565
25 4.55537
26 4.0322
27 3.81658
28 4.05081
29 4.00544
"[DEBUG]index 98 centroid... "
0 4.78407
1 4.87689
2 4.49572
3 4.38413
4 4.5948
5 5.30908
6 4.64022
7 3.30974
8 23.5342
9 7.17215
10 3.0655
11 10.4901
12 10.9914
13 2.42791
14 8.70013
15 29.239
16 4.09282
17 23.8733
18 20.6689
19 5.77354
20 9.43614
21 5.07768
22 2.14615
23 4.81106
24 4.7054
25 4.10369
26 4.1208
27 4.48914
28 3.947
29 4.00066
"[DEBUG]index 99 centroid... "
0 4.29627
1 4.25848
2 4.1009
3 4.09109
4 4.12064
5 4.37677
6 4.1071
7 2.36173
8 29.6799
9 7.30662
10 3.8284
11 3.95397
12 12.6737
13 3.15481
14 1.98153
15 5.05349
16 3.90355
17 6.34495
18 33.6306
19 6.61751
20 3.5923
21 11.1076
22 4.0583
23 3.82316
24 4.31468
25 4.29723
26 3.91264
27 4.30427
28 4.01739
29 3.87196
